-5.913410 7.727641 1.137571 17024353986
-5.903604 7.698222 1.049312 17024378990
-5.962444 7.708028 1.029698 17024403953
-6.295870 7.913968 0.853179 17024428986
-6.286063 7.894354 0.755112 17024453993
-6.207610 7.845321 0.725692 17024478986
-6.178190 7.766868 0.755112 17024503975
-6.109544 7.766868 0.784532 17024528981
-6.129157 7.757061 0.706079 17024553980
-6.109544 7.698222 0.774725 17024578972
-6.119350 7.609962 0.853179 17024603982
-6.119350 7.658995 0.804145 17024628974
-6.109544 7.727641 0.755112 17024653981
-6.080123 7.806095 0.813952 17024678966
-6.001670 7.727641 0.931632 17024703985
-6.070317 7.698222 0.951245 17024728981
-6.080123 7.688415 0.912019 17024753977
-6.080123 7.688415 0.951245 17024778980
-5.962444 7.708028 0.951245 17024803980
-5.923217 7.737448 0.951245 17024828978
-5.834958 7.806095 0.970859 17024853986
-5.795731 7.904161 0.951245 17024878975
-5.746698 8.070874 0.882599 17024903975
-5.795731 8.070874 0.823759 17024928971
-5.805537 8.100294 0.833565 17024953976
-5.825150 8.217974 0.833565 17024978968
-5.854571 8.267007 0.823759 17025003965
-5.893797 8.355267 0.882599 17025028981
-5.844764 8.414106 0.794339 17025053985
-5.815344 8.423914 0.745305 17025078977
-5.756504 8.414106 0.608012 17025103976
-5.668244 8.325847 0.519753 17025128980
-5.609405 8.267007 0.519753 17025153977
-5.638824 8.217974 0.686466 17025178977
-5.530951 8.276814 0.362846 17025203978
-5.511338 8.316040 0.254973 17025228977
-5.530951 8.355267 -0.166713 17025253978
-5.472112 8.345461 -0.294200 17025278975
-5.599597 8.394494 -0.470719 17025303978
-5.599597 8.423914 -0.872792 17025328977
-5.403465 8.247394 -1.490611 17025353985
-5.226945 8.149327 -1.696550 17025378984
-5.128879 8.080681 -1.971137 17025403982
-5.128879 7.953194 -2.088817 17025428975
-5.168105 7.668801 -2.029977 17025453988
-5.119072 7.541315 -1.863264 17025478975
-5.021006 7.511894 -1.667131 17025503975
-5.021006 7.384408 -1.372931 17025528988
-4.403186 7.384408 -1.333705 17025553978
-3.873627 7.580542 -1.627904 17025578989
-3.412714 7.992421 -1.922104 17025603968
-2.432050 8.649467 -2.588956 17025628960
-1.833844 8.796566 -2.941995 17025653979
-1.216025 8.973086 -3.785367 17025678967
-0.804145 9.022120 -4.069760 17025703969
-0.274586 8.482754 -4.412993 17025728977
0.166713 8.414106 -4.824872 17025753984
0.460913 8.531787 -5.511338 17025778975
0.872792 8.316040 -5.540758 17025803988
1.529838 8.031648 -6.472390 17025828975
1.794617 7.609962 -6.433163 17025854006
2.137850 7.119628 -6.580263 17025878975
2.991029 6.197803 -7.296148 17025903975
3.471555 5.903604 -7.374601 17025928985
3.893241 5.521145 -7.413828 17025953986
4.334540 5.021006 -7.590348 17025978983
5.266171 3.795174 -8.051261 17026003971
5.638824 3.098902 -8.031648 17026028977
6.011477 2.559536 -8.070874 17026054025
6.315483 2.039783 -8.149327 17026078977
7.109822 1.529838 -8.325847 17026103980
7.335375 1.490611 -8.306233 17026128979
7.521701 1.186605 -8.306233 17026153977
7.727641 0.568786 -8.600433 17026178972
7.806095 0.470719 -8.688693 17026203982
7.747255 0.215746 -8.414106 17026228978
7.502088 -0.147100 -8.355267 17026253983
8.021841 -0.362846 -8.227780 17026278980
8.080681 -0.519753 -7.894354 17026303974
7.992421 -0.804145 -7.786481 17026328971
7.766868 -0.990472 -8.041454 17026353972
7.502088 -1.608291 -8.100294 17026378949
8.110101 -1.216025 -8.237587 17026403982
7.796288 -1.294478 -8.521980 17026428981
8.825986 -0.627626 -7.413828 17026453974
7.580542 -0.676659 -8.737726 17026478979
7.060789 -0.764919 -9.286899 17026503965
6.756783 -1.127765 -9.463418 17026528966
5.717278 -1.980944 -9.237865 17026553954
5.226945 -2.157463 -8.649467 17026578973
5.609405 -2.275143 -7.982615 17026603971
6.021284 -2.167270 -7.953194 17026628981
6.668523 -1.696550 -8.531787 17026653972
6.982336 -1.461191 -8.168941 17026678973
7.041175 -1.108152 -8.178747 17026703965
7.315762 -0.637432 -8.453333 17026728979
6.972529 -1.039505 -9.326125 17026753973
6.658716 -1.608291 -9.316319 17026778978
6.374323 -2.049590 -9.365352 17026803963
6.138963 -2.363403 -9.100572 17026828974
5.717278 -2.392823 -8.502367 17026853967
5.560371 -2.020170 -8.404300 17026878972
5.609405 -1.402351 -8.629853 17026903959
6.099737 -0.304006 -9.002505 17026928978
5.854571 -0.068647 -9.208446 17026953963
5.462305 -0.029420 -9.502645 17026978971
5.236752 -0.088260 -9.875298 17027003968
5.305398 -0.961052 -9.129992 17027028976
5.383852 -0.961052 -8.806373 17027053966
5.727084 -0.598206 -8.727920 17027078966
6.207610 -0.068647 -8.924053 17027103966
7.551122 -0.186326 -8.119907 17027128975
7.874741 0.029420 -8.090487 17027153981
7.727641 0.049033 -8.374881 17027178970
6.962722 -2.196690 -7.090209 17027203975
6.697943 -2.412436 -7.070595 17027228982
6.413549 -1.696550 -8.502367 17027253968
6.580263 -1.745584 -7.472668 17027278984
7.031369 -1.500418 -7.747255 17027303978
7.345181 -1.186605 -8.267007 17027328975
8.316040 -0.470719 -8.306233 17027353978
9.237865 -0.480526 -8.541594 17027378967
7.433442 -2.657602 -6.815622 17027403986
6.796009 -3.324455 -6.325290 17027428975
6.599876 -4.050147 -5.972251 17027453990
6.658716 -4.599319 -6.168384 17027478976
6.541036 -6.011477 -7.070595 17027503983
6.864655 -5.560371 -7.158855 17027528970
6.923496 -4.756226 -7.354988 17027553980
6.688136 -4.216860 -6.688136 17027578972
6.952915 -3.628461 -7.109822 17027603988
6.962722 -3.863821 -7.149048 17027628973
6.815622 -4.265893 -6.943109 17027653978
6.854849 -4.295313 -7.041175 17027678977
6.874462 -4.265893 -7.060789 17027703981
6.854849 -4.197247 -7.041175 17027729007
7.237308 -3.981500 -6.903882 17027753984
6.894075 -3.903047 -7.178468 17027778974
6.501810 -4.138407 -7.119628 17027803987
6.354710 -4.197247 -6.874462 17027828972
6.845042 -3.863821 -6.648909 17027853983
6.933302 -3.677494 -6.825429 17027878964
6.815622 -3.177355 -7.276535 17027903981
6.943109 -2.726249 -7.482475 17027928974
6.746976 -2.226110 -7.325568 17027953987
6.982336 -2.079010 -7.678608 17027978971
6.982336 -2.677216 -7.649189 17028003980
6.874462 -3.765754 -7.482475 17028028973
6.482196 -5.501531 -6.903882 17028053982
6.521423 -6.423357 -6.756783 17028078976
6.688136 -6.697943 -6.688136 17028103992
6.972529 -5.923217 -6.982336 17028128979
6.933302 -4.256087 -7.296148 17028153986
6.943109 -4.128600 -7.354988 17028178967
6.972529 -4.040340 -7.256922 17028203998
6.423357 -4.412993 -7.109822 17028228982
6.521423 -4.403186 -7.129435 17028253983
6.609683 -4.412993 -7.207889 17028278976
6.599876 -4.324733 -7.305955 17028303986
6.462583 -3.599041 -7.011755 17028328989
5.903604 -3.147935 -7.060789 17028353983
5.834958 -3.030255 -7.296148 17028378993
6.305676 -3.285228 -7.305955 17028404011
7.590348 -2.814509 -7.109822 17028428974
7.531508 -2.235916 -7.207889 17028453986
7.247115 -1.853457 -7.266728 17028478986
7.217695 -1.824037 -7.325568 17028503980
6.962722 -2.736056 -7.256922 17028528986
6.805816 -4.050147 -7.217695 17028553986
6.796009 -5.128879 -7.237308 17028578980
6.315483 -4.020727 -7.247115 17028603976
6.148770 -3.216582 -7.109822 17028628991
6.364516 -3.393101 -7.109822 17028653984
6.639102 -4.775839 -7.256922 17028678985
6.599876 -5.334818 -6.796009 17028703987
6.511616 -4.922939 -6.619490 17028728989
6.482196 -4.677773 -7.021562 17028753980
6.521423 -4.010921 -7.433442 17028778975
6.845042 -3.804981 -7.354988 17028803977
6.688136 -4.138407 -7.119628 17028828963
6.570456 -4.854292 -6.894075 17028853970
6.962722 -6.129157 -6.237030 17028878989
7.217695 -6.492003 -6.187996 17028903978
7.060789 -6.335097 -6.178190 17028928982
6.992142 -6.148770 -6.217417 17028953998
7.080402 -6.237030 -6.246837 17028978984
7.041175 -5.687858 -6.393937 17029003972
6.982336 -5.423078 -6.354710 17029028989
6.903882 -5.207332 -6.286063 17029053982
6.766589 -5.109265 -6.305676 17029078979
6.786202 -5.089652 -6.207610 17029103970
6.639102 -5.089652 -6.197803 17029128982
6.727362 -5.030812 -5.982057 17029153987
6.825429 -5.148491 -6.080123 17029178969
6.884269 -5.207332 -6.266450 17029203986
6.835236 -5.207332 -6.070317 17029228984
6.854849 -5.197526 -6.031090 17029253988
6.884269 -5.207332 -6.060511 17029278969
6.903882 -5.246559 -6.070317 17029303989
6.884269 -5.246559 -6.050704 17029328972
6.884269 -5.177912 -6.021284 17029353989
6.933302 -5.148491 -6.011477 17029378984
6.982336 -5.109265 -5.991864 17029403980
7.080402 -5.158298 -5.913410 17029428975
7.080402 -5.226945 -5.864377 17029453987
7.070595 -5.246559 -5.874184 17029478986
7.100015 -5.266171 -5.834958 17029503983
7.109822 -5.226945 -5.776117 17029528963
7.090209 -5.217138 -5.795731 17029553995
7.149048 -5.236752 -5.795731 17029578982
7.198082 -5.236752 -5.825150 17029603978
7.129435 -5.177912 -5.834958 17029628982
7.090209 -5.138685 -5.815344 17029653984
7.070595 -5.148491 -5.844764 17029678984
7.080402 -5.158298 -5.844764 17029703995
7.119628 -5.177912 -5.756504 17029728992
7.119628 -5.207332 -5.707471 17029753992
7.158855 -5.187718 -5.668244 17029778983
7.168662 -5.217138 -5.746698 17029803980
7.168662 -5.266171 -5.697665 17029828987
