2.580000 1.620000 0.900000 17024369256
2.580000 1.620000 0.900000 17024394234
2.820000 1.260000 1.020000 17024419246
3.000000 1.440000 0.960000 17024444258
2.760000 1.440000 0.960000 17024469278
2.820000 1.500000 1.260000 17024494243
2.880000 1.320000 1.320000 17024519251
2.760000 1.560000 1.080000 17024544249
2.880000 1.320000 1.080000 17024569259
2.820000 1.380000 0.900000 17024594263
2.760000 1.440000 1.200000 17024619251
2.820000 1.380000 0.900000 17024644261
2.760000 1.320000 1.200000 17024669253
2.640000 1.560000 1.200000 17024694252
2.520000 1.440000 1.200000 17024719249
2.820000 1.500000 1.020000 17024744266
2.820000 1.740000 1.380000 17024769254
2.520000 1.440000 1.320000 17024794243
2.760000 1.200000 0.960000 17024819241
2.460000 1.620000 0.900000 17024844246
2.580000 1.620000 1.380000 17024869261
2.820000 1.500000 1.140000 17024894239
2.700000 1.260000 1.140000 17024919264
2.520000 1.440000 1.320000 17024944237
2.820000 1.380000 0.900000 17024969276
2.820000 1.500000 1.140000 17024994246
2.400000 1.560000 0.960000 17025019279
2.760000 1.320000 1.320000 17025044243
2.640000 1.320000 1.320000 17025069249
2.760000 1.200000 1.320000 17025094246
2.640000 1.200000 1.080000 17025119253
2.340000 1.380000 1.500000 17025144447
2.820000 1.140000 1.380000 17025169252
2.580000 1.140000 1.500000 17025194253
2.820000 0.900000 1.380000 17025219240
2.820000 0.900000 1.740000 17025244250
2.460000 0.780000 1.740000 17025269276
2.700000 1.260000 1.860000 17025294287
3.180000 1.020000 1.980000 17025319278
2.880000 0.960000 1.920000 17025344258
3.060000 0.300000 2.100000 17025369280
2.880000 0.720000 2.280000 17025394268
2.940000 0.420000 1.980000 17025419265
2.880000 0.720000 2.160000 17025444261
2.940000 0.420000 2.460000 17025469250
2.640000 0.360000 2.520000 17025494245
2.100000 0.660000 2.700000 17025519240
2.400000 0.960000 2.520000 17025544261
2.160000 0.720000 2.760000 17025569272
1.800000 0.360000 2.760000 17025594249
1.680000 0.480000 2.880000 17025619246
1.260000 0.540000 3.180000 17025644241
0.900000 0.300000 3.300000 17025669259
0.900000 0.660000 3.660000 17025694241
0.480000 0.960000 3.840000 17025719241
0.240000 0.720000 3.840000 17025744261
0.120000 0.720000 4.440000 17025769249
0.120000 1.080000 3.960000 17025794258
-0.420000 0.780000 4.020000 17025819249
-0.360000 1.080000 4.320000 17025844343
-0.840000 0.960000 4.320000 17025869285
-1.020000 1.140000 4.380000 17025894250
-1.200000 1.800000 4.440000 17025919256
-1.440000 1.560000 4.560000 17025944272
-1.620000 1.980000 4.860000 17025969245
-2.040000 2.280000 4.680000 17025994279
-2.220000 2.220000 4.620000 17026019257
-2.460000 2.700000 4.500000 17026044259
-2.880000 3.360000 4.560000 17026074722
-2.820000 3.660000 4.740000 17026094270
-2.880000 4.200000 4.560000 17026119278
-3.000000 4.320000 4.560000 17026144262
-3.420000 4.380000 4.620000 17026169258
-3.180000 4.500000 4.860000 17026194266
-3.600000 4.920000 4.440000 17026219272
-3.060000 5.340000 4.620000 17026244251
-3.720000 5.400000 4.680000 17026269267
-3.720000 5.760000 4.560000 17026294258
-3.360000 6.120000 4.800000 17026319254
-3.540000 5.940000 4.740000 17026344281
-3.000000 6.240000 4.920000 17026369248
-3.480000 6.000000 4.680000 17026394254
-3.360000 6.360000 5.160000 17026419271
-3.660000 6.660000 4.980000 17026444246
-3.720000 6.600000 4.920000 17026469261
-3.480000 6.840000 5.280000 17026494245
-3.300000 6.060000 5.220000 17026519244
-3.540000 6.780000 4.980000 17026544254
-3.540000 7.020000 5.100000 17026569258
-3.600000 6.600000 5.160000 17026594247
-3.540000 7.020000 5.580000 17026619283
-3.540000 7.020000 5.340000 17026644247
-3.540000 7.020000 5.460000 17026669259
-3.420000 6.900000 5.580000 17026694239
-3.420000 7.140000 5.820000 17026719260
-3.480000 7.320000 5.880000 17026744256
-3.540000 7.140000 5.580000 17026769258
-3.480000 7.200000 5.640000 17026794257
-3.600000 7.200000 5.520000 17026819260
-3.480000 6.960000 5.520000 17026844256
-3.600000 7.440000 5.640000 17026869267
-3.540000 7.260000 5.700000 17026894342
-3.360000 7.440000 5.520000 17026919251
-3.540000 7.380000 5.940000 17026944348
-3.420000 7.620000 5.820000 17026969244
-3.420000 7.620000 5.940000 17026994252
-3.120000 8.040000 5.760000 17027019274
-3.180000 8.340000 5.820000 17027044264
-3.240000 8.520000 5.280000 17027069270
-3.180000 8.340000 5.460000 17027094250
-3.120000 8.520000 5.040000 17027119241
-2.820000 8.940000 5.100000 17027144389
-2.880000 9.000000 4.920000 17027169276
-2.820000 9.179999 4.980000 17027194258
-2.760000 9.000000 4.320000 17027219250
-2.700000 9.420000 4.620000 17027244248
-2.940000 9.420000 4.380000 17027269246
-2.700000 9.540000 4.380000 17027294264
-2.760000 9.719999 4.440000 17027319263
-2.400000 9.960000 4.560000 17027344275
-2.280000 10.559999 4.320000 17027369251
-2.160000 10.320000 4.080000 17027394252
-1.500000 10.860000 3.900000 17027419260
-1.560000 11.040000 4.080000 17027444271
-1.320000 11.400000 3.840000 17027469263
-1.200000 11.280000 4.200000 17027494252
-0.840000 11.160000 4.320000 17027519250
-1.140000 11.219999 4.380000 17027544268
-1.080000 11.040000 4.320000 17027569259
-0.780000 11.219999 4.260000 17027594295
-0.900000 11.460000 4.500000 17027619268
-0.720000 11.520000 4.200000 17027644263
-0.900000 11.219999 4.500000 17027669253
-1.020000 11.460000 4.620000 17027694255
-1.080000 11.520000 4.320000 17027719267
-1.080000 11.520000 4.320000 17027744261
-1.020000 11.219999 4.380000 17027769248
-0.540000 11.099999 4.260000 17027794248
-0.960000 11.400000 4.200000 17027819268
-0.960000 11.520000 4.560000 17027844257
-0.900000 11.580000 4.140000 17027869287
-0.900000 11.219999 4.380000 17027894256
-0.960000 11.520000 4.440000 17027919248
-1.140000 11.460000 4.380000 17027944299
-0.480000 11.280000 4.680000 17027969277
-0.840000 11.520000 4.440000 17027994274
-1.140000 11.340000 4.140000 17028019261
-0.960000 11.400000 4.320000 17028044257
-0.720000 11.639999 4.560000 17028069247
-0.840000 11.400000 4.320000 17028094251
-0.900000 11.460000 4.380000 17028119245
-0.600000 11.400000 4.200000 17028144487
-0.660000 11.580000 4.380000 17028169255
-1.020000 11.340000 4.260000 17028194250
-0.600000 11.400000 4.200000 17028219274
-0.600000 11.520000 4.320000 17028244308
-0.780000 11.580000 4.380000 17028269269
-0.780000 11.460000 4.740000 17028294393
-0.540000 11.460000 4.260000 17028319259
-0.840000 11.520000 4.680000 17028344395
-0.660000 11.340000 4.620000 17028369262
-0.780000 11.460000 4.260000 17028394248
-0.840000 11.400000 4.440000 17028419278
-1.140000 11.460000 4.260000 17028444373
-1.020000 11.460000 4.140000 17028469271
-1.080000 11.280000 4.200000 17028494385
-0.900000 11.460000 4.380000 17028519278
-1.200000 11.280000 4.080000 17028544369
-1.200000 11.280000 4.560000 17028569262
-0.720000 11.639999 4.320000 17028594365
-0.780000 11.340000 4.380000 17028619271
-0.840000 11.520000 4.320000 17028644383
-0.660000 11.460000 4.380000 17028669251
-0.540000 11.580000 4.260000 17028694395
-0.600000 11.759999 4.200000 17028719246
-0.240000 11.880000 4.080000 17028745159
-0.480000 11.880000 4.320000 17028769997
-0.480000 11.639999 4.440000 17028795140
-0.180000 11.700000 4.260000 17028820274
0.060000 12.179999 4.020000 17028845151
0.060000 12.000000 4.200000 17028869957
0.600000 12.000000 4.200000 17028895180
0.420000 12.179999 3.900000 17028919708
0.480000 12.120000 3.960000 17028944391
0.360000 12.240000 3.840000 17028969282
0.300000 11.700000 3.780000 17028994355
0.300000 11.940000 3.900000 17029019263
0.540000 11.820000 4.020000 17029044361
0.420000 11.940000 4.020000 17029069250
0.540000 12.179999 4.260000 17029094395
0.360000 12.000000 4.080000 17029119236
0.300000 11.700000 3.780000 17029144364
0.300000 11.820000 3.900000 17029169271
0.360000 11.880000 3.840000 17029194386
0.540000 11.940000 4.020000 17029219249
0.120000 11.639999 3.840000 17029244392
0.600000 12.000000 3.840000 17029269249
0.420000 11.700000 4.020000 17029294388
0.300000 11.940000 4.020000 17029319261
0.480000 11.880000 3.960000 17029344402
0.360000 12.000000 3.600000 17029369257
0.180000 11.940000 3.900000 17029394353
0.360000 11.880000 4.080000 17029419248
0.240000 11.880000 3.960000 17029444384
0.060000 11.940000 3.900000 17029469268
0.480000 12.000000 3.720000 17029494372
0.360000 11.759999 3.720000 17029519255
0.240000 12.000000 3.720000 17029544352
0.660000 11.580000 3.540000 17029569265
0.360000 12.000000 3.960000 17029594372
0.120000 12.120000 3.840000 17029619265
0.240000 11.759999 3.960000 17029644368
0.360000 12.000000 3.600000 17029669245
0.300000 11.820000 3.660000 17029694389
0.180000 11.940000 3.900000 17029719259
0.240000 11.759999 3.720000 17029744380
0.240000 12.000000 3.720000 17029769268
0.060000 12.059999 3.780000 17029794369
0.300000 11.580000 3.660000 17029819243
0.420000 12.059999 3.900000 17029844396
