0.696272 3.804981 9.139799 10590928602
0.696272 3.795174 9.080959 10590953582
0.666852 3.755947 9.169219 10590978604
0.627626 3.765754 9.306512 10591003583
0.284393 2.637989 3.981500 10591028591
0.156906 3.128322 7.158855 10591053582
-0.088260 3.765754 10.493117 10591078604
0.039227 3.971694 10.699056 10591103596
0.333426 4.403186 10.640217 10591128601
0.343233 4.265893 10.561764 10591153580
0.294200 4.138407 10.130271 10591178593
0.372653 4.207053 9.718391 10591203593
-0.568786 4.658159 5.962444 10591228604
0.284393 3.314648 6.452776 10591253588
0.686466 2.284950 7.982615 10591278604
0.353039 2.765476 10.198916 10591303594
0.500139 3.422521 10.620603 10591328606
0.745305 3.726527 10.826543 10591353586
0.666852 3.677494 10.630409 10591378605
0.813952 3.677494 8.865212 10591403589
0.725692 3.775561 8.571013 10591428610
0.568786 3.912854 8.610240 10591453580
0.509946 3.952080 8.894632 10591478602
0.637432 3.893241 8.747533 10591503593
0.676659 3.854014 8.659273 10591528597
0.676659 3.873627 8.718113 10591553580
0.657046 3.942274 8.875020 10591578601
0.608012 3.922661 9.120186 10591603614
0.578592 3.863821 9.218252 10591628606
0.647239 3.804981 9.218252 10591653588
