0.122500 1.382500 -0.507500 10590955733
3.325000 3.307500 0.420000 10590980799
5.967500 5.145000 0.507500 10591005955
13.072500 64.662498 3.850000 10591030797
-35.000000 38.587502 -3.552500 10591055724
-36.382500 1.067500 -7.840000 10591080799
-9.660000 -20.737499 -5.372500 10591105925
-2.222500 -0.525000 -1.942500 10591130796
1.627500 -16.344999 -1.750000 10591155729
7.770000 -20.912500 -2.695000 10591180796
17.780001 -15.417500 -0.420000 10591205916
23.660000 -9.590000 19.862499 10591230756
-85.540001 -5.355000 14.087500 10591255754
-92.224998 14.105000 -4.322500 10591280798
-27.545000 14.665000 -3.517500 10591305912
44.590000 22.627501 5.110000 10591330795
76.510002 6.142500 4.147500 10591355722
30.537500 -21.174999 -0.350000 10591380805
-9.712500 -15.715000 -5.967500 10591405917
0.787500 1.085000 -4.357500 10591430801
20.492500 9.677500 -1.050000 10591455736
26.232500 1.592500 1.015000 10591480801
9.030000 -4.585000 -0.280000 10591505919
-5.495000 -3.482500 -1.120000 10591530802
-9.397500 3.780000 -0.542500 10591555727
-0.647500 4.322500 -0.087500 10591580797
0.647500 2.852500 -0.070000 10591605915
-5.022500 1.190000 0.525000 10591630762
-6.370000 -0.070000 0.175000 10591655730
-5.792500 3.377500 -0.525000 10591680796
