0.000000 10590928602
0.000000 10590953582
0.000000 10590978604
0.000000 10591003583
0.000000 10591028591
0.000000 10591053582
0.000000 10591078604
0.000000 10591103596
0.000000 10591128601
0.000000 10591153580
0.000000 10591178593
0.000000 10591203593
0.000000 10591228604
0.000000 10591253588
0.000000 10591278604
0.000000 10591303594
0.000000 10591328606
0.000000 10591353586
0.000000 10591378605
0.000000 10591403589
0.000000 10591428610
0.000000 10591453580
0.000000 10591478602
0.000000 10591503593
0.000000 10591528597
0.000000 10591553580
0.000000 10591578601
0.000000 10591603614
0.000000 10591628606
0.000000 10591653588
