0.127486 0.068647 9.463418 21814952461
0.098067 0.088260 9.502645 21814977464
0.088260 0.078453 9.532065 21815002460
0.088260 0.078453 9.532065 21815027589
0.107873 0.078453 9.443805 21815052590
0.127486 0.078453 9.512452 21815077584
0.147100 0.058840 9.492838 21815102586
0.107873 0.039227 9.502645 21815127590
0.137293 0.049033 9.492838 21815152592
0.137293 0.029420 9.541871 21815177581
0.098067 0.049033 9.590905 21815202579
0.068647 0.049033 9.600712 21815227579
0.107873 0.058840 9.522259 21815252580
0.147100 0.058840 9.522259 21815277584
0.166713 0.039227 9.483032 21815302576
0.147100 0.049033 9.473226 21815327579
0.137293 0.068647 9.463418 21815352583
0.117680 0.049033 9.571292 21815377588
0.127486 0.068647 9.541871 21815402584
0.147100 0.088260 9.522259 21815427575
0.176520 0.107873 9.502645 21815452595
0.117680 0.098067 9.532065 21815477585
0.098067 0.049033 9.404578 21815502583
0.127486 0.088260 9.483032 21815527589
0.137293 0.068647 9.473226 21815552586
0.107873 0.049033 9.551678 21815577585
0.098067 0.088260 9.512452 21815602578
0.107873 0.107873 9.551678 21815627582
0.107873 0.068647 9.492838 21815652590
0.098067 0.088260 9.492838 21815677589
0.088260 0.039227 9.502645 21815702575
0.107873 0.029420 9.492838 21815727580
0.147100 0.049033 9.502645 21815752586
0.156906 0.078453 9.492838 21815777575
0.147100 0.068647 9.483032 21815802594
0.098067 0.049033 9.512452 21815827587
0.098067 0.078453 9.512452 21815852593
0.098067 0.068647 9.502645 21815877586
0.098067 0.078453 9.561485 21815902591
0.088260 0.078453 9.532065 21815927581
0.088260 0.078453 9.522259 21815952591
0.117680 0.068647 9.502645 21815977593
0.088260 0.078453 9.541871 21816002582
0.117680 0.068647 9.532065 21816027571
0.107873 0.078453 9.561485 21816052575
0.107873 0.088260 9.492838 21816077583
0.117680 0.088260 9.512452 21816102577
0.137293 0.058840 9.443805 21816127593
0.137293 0.049033 9.463418 21816152580
0.147100 0.039227 9.483032 21816177594
