2.292500 -5.705000 -0.752500 21814979037
2.660000 -5.827500 -0.630000 21815004036
2.765000 -5.372500 -0.840000 21815029172
2.625000 -5.810000 -0.857500 21815054164
2.415000 -5.967500 -0.752500 21815079162
2.572500 -5.600000 -0.787500 21815104164
2.835000 -5.670000 -0.892500 21815129166
2.467500 -5.845000 -0.525000 21815154162
2.310000 -5.810000 -0.980000 21815179163
2.695000 -5.687500 -0.875000 21815204163
2.922500 -5.810000 -0.875000 21815229161
2.345000 -5.880000 -0.857500 21815254161
2.730000 -5.740000 -0.857500 21815279168
2.730000 -5.617500 -0.892500 21815304162
2.852500 -5.967500 -0.840000 21815329161
2.275000 -6.072500 -0.927500 21815354161
2.660000 -5.687500 -0.700000 21815379163
2.712500 -5.932500 -0.700000 21815404161
2.887500 -5.652500 -0.980000 21815429159
2.450000 -5.722500 -0.840000 21815454161
2.467500 -7.542500 -0.490000 21815479164
2.835000 -5.705000 -0.927500 21815504164
2.555000 -6.125000 -0.770000 21815529161
2.257500 -6.212500 -0.805000 21815554161
2.922500 -5.722500 -0.787500 21815579162
2.695000 -5.512500 -0.927500 21815604165
2.450000 -5.337500 -0.717500 21815629159
2.940000 -5.600000 -1.050000 21815654167
2.467500 -5.617500 -0.962500 21815679162
2.852500 -5.687500 -0.735000 21815704159
2.625000 -5.897500 -0.647500 21815729162
2.502500 -5.880000 -0.822500 21815754161
2.905000 -5.880000 -0.857500 21815779161
2.572500 -5.705000 -0.717500 21815804159
2.520000 -5.582500 -0.787500 21815829164
2.835000 -5.495000 -0.717500 21815854161
2.887500 -5.670000 -0.630000 21815879162
3.115000 -5.740000 -0.875000 21815904163
2.922500 -5.652500 -0.700000 21815929165
2.800000 -5.495000 -0.857500 21815954164
2.485000 -5.880000 -0.752500 21815979168
2.870000 -5.792500 -0.805000 21816004160
2.625000 -5.722500 -0.910000 21816029164
2.940000 -5.845000 -0.542500 21816054161
2.362500 -5.635000 -0.892500 21816079164
2.607500 -5.705000 -0.700000 21816104167
2.747500 -6.072500 -0.962500 21816129161
2.572500 -5.932500 -0.665000 21816154159
3.115000 -5.845000 -0.595000 21816179157
2.887500 -5.442500 -0.770000 21816204161
