3.447500 0.717500 -8.085000 10093561537
3.710000 3.045000 -11.217500 10093586527
3.640000 4.165000 -13.755000 10093611525
10.237500 1.890000 -14.175000 10093636526
12.057500 -8.102500 -7.700000 10093661525
13.300000 -5.775000 -3.780000 10093686527
14.437500 -4.427500 0.122500 10093711524
13.002500 -0.892500 2.485000 10093736521
12.372500 -0.245000 2.485000 10093761518
16.327499 -3.605000 0.315000 10093786535
17.360001 -3.990000 -0.017500 10093811526
18.497499 0.665000 -3.745000 10093836524
19.844999 0.717500 -4.830000 10093861521
23.047501 -2.502500 -1.855000 10093886522
23.205000 -3.290000 -2.992500 10093911523
21.787500 7.665000 -7.980000 10093936523
29.434999 15.925000 -13.335000 10093961520
36.295002 8.820000 -16.502501 10093986522
29.382500 -1.680000 -16.257500 10094011528
28.717501 -0.245000 -13.930000 10094036525
34.387501 -0.140000 -14.157500 10094061527
41.737499 0.822500 -14.700000 10094086523
45.657501 1.470000 -14.105000 10094111527
36.172501 -5.267500 -13.265000 10094136525
33.022499 3.552500 -10.412500 10094161523
38.552502 -1.137500 -9.817500 10094186527
40.722500 6.545000 -11.707500 10094211526
36.889999 4.270000 -16.030001 10094236523
40.092499 2.415000 -12.792500 10094261527
36.872501 5.372500 -10.920000 10094286527
40.845001 9.922500 -13.737500 10094311529
48.002499 17.797501 -13.632500 10094336525
48.755001 8.260000 -11.812500 10094361523
49.035000 4.235000 -9.607500 10094386519
45.045002 2.345000 -9.012500 10094411525
45.482502 8.400000 -7.070000 10094436528
44.957500 9.152500 -10.535000 10094461526
43.382500 12.915000 -8.487500 10094486524
38.692501 2.712500 -0.717500 10094511531
33.792500 -1.312500 0.647500 10094536524
24.430000 -0.297500 -2.240000 10094561523
20.965000 5.390000 1.137500 10094586526
40.442501 17.115000 2.152500 10094611532
50.382500 18.077499 -7.542500 10094636526
43.837502 4.497500 -12.075000 10094661525
30.327499 5.600000 -14.455000 10094686527
30.730000 4.602500 -19.897501 10094714037
26.827499 3.272500 -20.405001 10094736460
26.617500 -0.297500 -15.645000 10094761526
32.724998 -1.960000 -8.225000 10094786503
33.810001 -3.307500 -7.700000 10094811529
25.952499 2.922500 -6.055000 10094836526
20.387501 2.117500 -2.485000 10094861529
23.607500 0.157500 2.205000 10094886527
26.565001 0.280000 2.152500 10094911531
32.865002 1.907500 -0.525000 10094936524
34.650002 3.622500 -3.745000 10094961524
33.915001 7.822500 -6.615000 10094986525
38.342499 8.400000 -3.640000 10095011531
38.587502 -5.985000 -4.392500 10095036526
47.389999 -15.785000 0.420000 10095061531
56.787498 8.330000 3.570000 10095086525
54.564999 18.217501 -17.254999 10095111525
31.395000 10.500000 -19.215000 10095136526
17.797501 -0.700000 -10.412500 10095161524
14.822500 10.237500 -6.195000 10095186525
17.010000 13.667500 -11.672500 10095211523
17.535000 11.497500 -12.600000 10095236529
11.340000 7.262500 -8.417500 10095261527
11.287500 7.560000 -5.057500 10095286526
8.960000 4.847500 -7.752500 10095311529
-1.925000 8.540000 -10.745000 10095336522
-0.822500 8.575000 -0.910000 10095361521
18.969999 8.645000 4.725000 10095386522
25.270000 4.550000 3.395000 10095411521
21.490000 8.855000 -0.787500 10095436522
33.582500 15.995000 -4.007500 10095461524
50.417500 15.820000 0.542500 10095486521
62.107502 4.847500 3.377500 10095511529
62.912498 1.575000 7.385000 10095536523
66.727501 2.677500 6.597500 10095561528
68.022499 2.607500 0.332500 10095586522
63.139999 3.395000 -7.087500 10095611523
55.142502 1.942500 -4.952500 10095636523
51.222500 -1.050000 -6.965000 10095661521
50.259998 -3.535000 -11.865000 10095686514
39.497501 -14.280000 -16.030001 10095711520
27.755001 -9.607500 -12.722500 10095736514
25.112499 -2.625000 -15.487500 10095761528
32.777500 -4.672500 -12.215000 10095786497
32.427502 0.980000 -7.910000 10095811530
20.545000 1.575000 -12.810000 10095836515
12.775000 -8.837500 -14.840000 10095861522
15.015000 -10.850000 -1.102500 10095886512
18.865000 -4.252500 4.690000 10095911521
21.367500 3.132500 4.532500 10095936512
28.630001 3.412500 6.177500 10095961524
33.915001 16.415001 11.252500 10095986512
42.192501 17.219999 4.042500 10096011533
55.755001 13.247500 2.765000 10096036516
55.387501 16.817499 5.687500 10096061527
53.235001 9.590000 -3.430000 10096086515
56.192501 11.952500 -0.665000 10096111520
62.772499 15.260000 0.017500 10096136511
58.012501 15.767500 -4.515000 10096161521
56.560001 7.700000 -5.320000 10096186511
53.742500 9.677500 -3.115000 10096211522
57.207500 -2.502500 -11.095000 10096236513
52.080002 19.040001 -21.297501 10096261532
52.325001 31.412500 -14.052500 10096286517
72.572502 -9.782500 -6.562500 10096311525
58.082500 -22.225000 -21.577499 10096336514
22.434999 -26.372499 -15.855000 10096361523
9.992500 -18.865000 1.085000 10096386512
19.337500 -27.510000 -7.490000 10096411523
19.162500 -38.027500 -27.702499 10096436512
-14.752501 3.727500 -12.092500 10096461521
-5.110000 15.400000 -2.135000 10096486515
21.087500 -23.065001 -2.555000 10096511533
5.985000 -45.220001 1.225000 10096536518
-13.160000 -48.667500 5.232500 10096561528
-11.637500 -31.780001 5.092500 10096586516
17.937500 -32.672501 -4.445000 10096611524
39.742500 -27.160000 -6.405000 10096636517
49.052502 -29.330000 -4.462500 10096661522
39.742500 -35.682499 -4.655000 10096686518
45.325001 -32.777500 -16.135000 10096711526
44.782501 -38.342499 -25.287500 10096736515
42.297501 -30.240000 -11.637500 10096761530
41.737499 20.299999 11.060000 10096786584
51.992500 -12.915000 -2.590000 10096811527
53.619999 -19.004999 -14.350000 10096836516
19.985001 17.290001 -4.410000 10096861522
20.562500 9.275000 -2.240000 10096886511
27.282499 -17.535000 -6.737500 10096911520
23.415001 5.197500 -31.080000 10096936517
7.385000 9.135000 -31.010000 10096961520
18.602501 -20.684999 -22.645000 10096986517
64.627502 -26.022501 -5.950000 10097011527
79.449997 -24.885000 7.962500 10097036517
49.139999 -11.042500 10.552500 10097061530
13.685000 -20.370001 7.682500 10097086513
30.642500 -35.665001 -19.740000 10097111524
52.307499 -24.920000 -20.562500 10097136510
46.077499 -4.392500 -8.627500 10097161524
22.172501 30.047501 13.895000 10097186512
16.327499 -0.455000 21.174999 10097211520
27.860001 3.727500 23.695000 10097236510
21.052500 60.952499 24.587500 10097261529
9.065000 57.610001 27.230000 10097286516
20.650000 -13.772500 19.495001 10097311529
-1.085000 -28.192501 14.052500 10097336515
-3.342500 -37.730000 21.542500 10097361520
0.787500 -44.134998 25.129999 10097386511
9.555000 -42.017502 17.500000 10097411652
9.695000 -40.022499 1.802500 10097436521
19.407499 -42.332500 -8.452500 10097461523
29.557501 -27.264999 -11.042500 10097486512
40.372501 16.292500 -5.827500 10097511540
50.959999 -12.687500 -9.642500 10097536874
49.630001 -13.177500 -8.190000 10097561537
41.037498 26.617500 -6.352500 10097586513
35.017502 22.837500 -6.072500 10097611528
40.145000 -2.537500 -10.552500 10097636514
32.514999 11.392500 1.312500 10097661515
26.809999 4.777500 9.117500 10097686514
12.005000 5.302500 0.472500 10097711504
4.165000 19.582500 -1.277500 10097736466
7.945000 4.707500 -2.765000 10097761459
5.110000 -3.885000 -3.255000 10097786454
-7.962500 -13.317500 18.059999 10097811536
-2.047500 8.015000 32.130001 10097836519
1.295000 14.052500 27.615000 10097861528
3.657500 -15.942500 20.055000 10097886520
3.272500 -12.635000 14.122500 10097911532
1.557500 4.252500 -1.312500 10097936516
9.380000 16.275000 -34.107502 10097961546
24.639999 -2.625000 -38.920002 10097986526
26.110001 -0.315000 -18.042500 10098011535
32.812500 3.080000 11.480000 10098036517
39.654999 8.645000 9.485000 10098061527
40.687500 1.032500 -9.030000 10098086520
45.412498 0.122500 -10.202500 10098111536
47.110001 4.567500 -6.982500 10098136516
43.924999 -2.555000 -25.882500 10098161525
41.982502 -6.195000 -32.935001 10098186512
45.307499 4.672500 -36.872501 10098211525
43.610001 17.447500 -61.022499 10098236517
45.395000 -5.792500 -66.202499 10098261533
48.474998 -10.430000 -43.067501 10098286516
51.677502 -6.597500 -43.382500 10098311527
48.597500 -3.902500 -48.387501 10098336515
64.294998 -6.562500 -44.485001 10098361525
69.510002 -1.820000 -42.262501 10098386516
54.687500 -7.525000 -34.807499 10098411529
49.752499 -11.042500 -29.312500 10098436519
69.824997 -4.147500 -29.662500 10098461525
79.047501 3.377500 -36.084999 10098486518
54.110001 -14.455000 -35.472500 10098511494
33.320000 -21.647501 -33.215000 10098536522
29.942501 -7.560000 -22.767500 10098561525
44.834999 -2.397500 -20.510000 10098586512
49.000000 -15.942500 -24.430000 10098611525
35.875000 -11.602500 -23.222500 10098636509
33.092499 -13.247500 -20.037500 10098661522
30.012501 -16.309999 -22.242500 10098686509
28.052500 -11.130000 -27.335001 10098711524
33.424999 -15.225000 -19.879999 10098736533
18.900000 -10.710000 -7.052500 10098761530
15.015000 -0.752500 5.057500 10098786506
21.139999 -9.607500 9.187500 10098811529
30.344999 -10.850000 5.040000 10098836592
30.712500 -5.722500 -0.122500 10098861525
26.775000 -2.310000 -6.020000 10098886515
41.632500 -9.222500 -4.830000 10098911524
68.775002 -9.695000 -11.900000 10098936499
79.379997 -6.230000 -14.472500 10098961524
73.517502 -13.842500 -16.922501 10098986649
65.379997 -6.142500 -9.345000 10099011539
42.472500 13.737500 1.802500 10099036508
29.155001 34.755001 13.352500 10099061529
20.055000 29.924999 12.145000 10099086523
16.170000 17.552500 11.725000 10099111527
4.235000 16.309999 22.312500 10099136532
-8.190000 14.507500 25.042500 10099161529
1.907500 11.060000 18.375000 10099186565
3.640000 -10.430000 7.647500 10099211526
-0.822500 -27.930000 2.817500 10099236561
3.640000 -28.700001 -0.840000 10099261529
12.547500 -25.795000 7.297500 10099286527
19.792500 -10.097500 18.585001 10099311531
16.467501 -5.547500 29.382500 10099336529
16.485001 -11.130000 20.370001 10099361525
28.402500 -13.755000 10.552500 10099386527
35.297501 -12.162500 4.620000 10099411529
33.477501 -18.637501 2.065000 10099436528
38.447498 -27.195000 -4.427500 10099461522
42.717499 -27.299999 -10.745000 10099486527
30.922501 -31.237499 -16.135000 10099511528
23.170000 -21.472500 -14.507500 10099536523
26.477501 -17.937500 -19.215000 10099561528
23.852501 -15.925000 -25.620001 10099586526
24.955000 -1.767500 -14.735000 10099611525
23.817499 -4.322500 -12.390000 10099636525
22.190001 -9.695000 -8.942500 10099661525
18.585001 -8.785000 -5.915000 10099686523
20.632500 -7.297500 -0.910000 10099711527
34.737499 -1.050000 -1.907500 10099736526
36.610001 -1.820000 -0.507500 10099761525
29.207500 9.520000 0.927500 10099786501
23.940001 0.507500 2.310000 10099811527
27.002501 -6.072500 0.455000 10099836524
30.572500 5.092500 4.200000 10099861522
32.847500 14.630000 6.790000 10099886522
34.107502 19.389999 2.450000 10099911524
26.407499 18.865000 2.940000 10099936525
23.520000 18.777500 -2.800000 10099961520
26.162500 34.685001 10.675000 10099986524
27.632500 30.975000 5.722500 10100011529
20.247499 22.732500 1.855000 10100036523
16.572500 33.634998 5.722500 10100061524
13.755000 29.872499 1.802500 10100086524
13.807500 18.042500 -0.682500 10100111526
6.142500 8.032500 0.122500 10100136521
-0.087500 7.822500 1.697500 10100161523
-1.575000 9.555000 -4.585000 10100186522
-6.702500 -1.085000 -7.280000 10100211524
-14.892500 -23.047501 -8.645000 10100236527
-21.962500 6.247500 6.842500 10100261529
7.770000 -12.862500 2.275000 10100286525
-4.812500 16.502501 11.322500 10100311526
-0.315000 17.027500 10.290000 10100336522
1.540000 -7.980000 -4.987500 10100361528
-10.762500 21.962500 -12.022500 10100386524
-0.087500 42.892502 -28.210001 10100411528
2.450000 51.450001 -46.497501 10100436522
31.097500 28.525000 -40.950001 10100461529
33.547501 25.025000 -34.702499 10100486523
34.562500 14.105000 -41.702499 10100511526
25.795000 4.865000 -44.869999 10100536526
22.120001 5.092500 -34.457500 10100561527
20.370001 6.842500 -37.380001 10100586523
19.040001 6.352500 -44.590000 10100611524
25.427500 1.207500 -34.509998 10100636523
34.212502 9.677500 -26.057501 10100661517
31.237499 15.242500 -25.182501 10100686526
25.532499 9.835000 -31.325001 10100711525
27.947500 5.617500 -36.575001 10100736466
29.014999 -10.027500 -24.902500 10100761518
24.745001 -23.467501 -10.780000 10100786530
22.347500 -7.140000 -13.632500 10100811527
16.799999 -6.300000 -12.932500 10100836521
23.730000 -7.945000 -17.639999 10100861522
27.160000 -8.610000 -21.245001 10100886523
24.657499 -14.507500 -11.690000 10100911526
24.850000 -21.350000 -11.217500 10100936522
23.187500 -7.052500 -12.127500 10100961524
20.895000 -9.432500 -11.305000 10100986522
10.500000 -14.630000 -6.212500 10101011527
-3.640000 -5.950000 -5.442500 10101036521
-4.882500 0.385000 4.585000 10101061523
11.165000 -1.347500 -3.552500 10101086558
8.715000 -15.487500 -20.002501 10101111528
-18.620001 -19.285000 -26.705000 10101136523
-12.162500 -6.982500 -24.605000 10101161528
38.709999 7.280000 -14.227500 10101186523
46.567501 2.537500 -11.217500 10101211524
51.904999 -3.360000 -16.292500 10101236521
57.365002 1.312500 -16.100000 10101261531
49.052502 4.025000 -8.977500 10101286524
34.912498 6.615000 -1.347500 10101311540
35.787498 9.905000 8.487500 10101336525
28.752501 -10.255000 -8.172500 10101361553
1.872500 -3.045000 -8.452500 10101386527
-2.730000 7.157500 3.797500 10101411532
8.032500 4.025000 5.197500 10101436524
7.700000 -0.717500 6.860000 10101461524
15.190001 -7.560000 5.162500 10101486524
53.270000 -14.157500 -1.960000 10101511532
65.590004 -13.195000 2.240000 10101536528
54.582500 -10.237500 6.615000 10101561530
52.832500 -23.782499 2.222500 10101586523
53.445000 -35.384998 -11.357500 10101611525
53.007500 -55.895000 -14.630000 10101636524
53.882500 -47.232502 -12.687500 10101661525
55.177502 -12.722500 -7.350000 10101686523
34.404999 9.642500 -3.342500 10101711522
26.600000 24.920000 9.590000 10101736523
21.070000 17.850000 16.940001 10101761529
17.377501 20.055000 14.000000 10101786526
14.332500 32.130001 17.447500 10101811532
21.542500 41.072498 17.202499 10101836524
23.957500 37.222500 12.617500 10101861523
32.007500 29.627501 11.392500 10101886521
34.632500 10.902500 7.402500 10101911526
30.030001 2.625000 -1.820000 10101936518
19.950001 6.195000 -4.427500 10101961523
24.377501 15.487500 -7.070000 10101986523
36.889999 16.275000 -8.522500 10102011532
62.755001 1.400000 -14.577500 10102036528
68.285004 -20.545000 -22.837500 10102061525
61.775002 -9.800000 -20.632500 10102086522
64.312500 1.645000 -8.207500 10102111524
77.332497 9.380000 3.535000 10102136519
93.677498 -1.872500 3.150000 10102161525
99.120003 -56.630001 -7.647500 10102186519
102.340004 -40.845001 -17.465000 10102211522
85.837502 -8.190000 -18.182501 10102236520
56.000000 5.950000 -7.612500 10102261527
58.677502 9.240000 -0.210000 10102286525
84.122498 -8.697500 0.402500 10102311526
101.307503 -21.542500 -10.867500 10102336519
95.340004 -20.754999 -13.300000 10102361523
81.112503 -30.957500 -10.307500 10102386520
73.989998 -40.775002 -10.202500 10102411533
75.355003 -31.850000 -14.770000 10102436523
51.939999 -9.310000 -20.912500 10102461527
21.910000 -19.004999 -23.957500 10102486524
32.340000 -12.180000 -24.622499 10102511530
41.230000 -7.822500 -21.507500 10102536535
53.952499 -16.502501 -26.424999 10102561534
54.862499 -31.377501 -24.552500 10102586527
45.744999 -30.397501 -17.342501 10102611526
48.492500 -12.215000 -18.165001 10102636524
52.727501 7.017500 -24.290001 10102661523
63.595001 8.225000 -29.172501 10102686522
80.552498 23.992500 -38.990002 10102711526
99.032501 41.947498 -44.415001 10102736526
100.012497 61.267502 -47.915001 10102761528
104.195000 39.375000 -51.064999 10102786526
95.514999 33.932499 -48.369999 10102811533
90.650002 17.587500 -46.637501 10102836528
93.327499 -0.420000 -43.032501 10102861525
84.385002 -3.307500 -37.152500 10102886524
71.750000 5.442500 -31.010000 10102911528
69.930000 -15.452500 -27.597500 10102936526
73.220001 -39.252499 -25.795000 10102961514
68.599998 -28.752501 -21.840000 10102986522
70.402504 -14.017500 -20.597500 10103011519
73.482498 -10.325000 -18.812500 10103036529
70.349998 -16.660000 -18.725000 10103061517
70.297501 -34.755001 -23.205000 10103086525
71.837502 -42.105000 -24.570000 10103111513
62.125000 -24.272501 -19.355000 10103136524
56.035000 6.002500 -14.927500 10103161515
60.007500 5.232500 -16.625000 10103186527
52.587502 -10.430000 -18.847500 10103211513
45.027500 -6.650000 -19.844999 10103236523
43.084999 -1.925000 -19.337500 10103261517
34.895000 5.145000 -18.200001 10103286525
34.685001 6.335000 -18.847500 10103311516
44.310001 -0.595000 -21.402500 10103336522
45.307499 -9.940000 -22.452499 10103361515
52.674999 -10.955000 -26.320000 10103386521
50.977501 -0.192500 -27.790001 10103411514
53.340000 4.690000 -28.035000 10103436521
67.182503 -3.570000 -27.895000 10103461511
67.462502 -6.177500 -27.475000 10103486521
61.267502 -0.840000 -29.645000 10103511523
55.597500 6.720000 -27.264999 10103536525
53.724998 3.517500 -22.190001 10103561519
61.967499 -4.707500 -19.145000 10103586523
62.772499 -12.670000 -16.764999 10103611516
62.090000 -21.997499 -10.937500 10103636523
57.400002 -31.990000 -6.685000 10103661604
51.660000 -10.832500 1.680000 10103686514
46.200001 0.472500 3.867500 10103711518
40.302502 3.955000 1.750000 10103736468
34.352501 6.790000 -2.625000 10103761455
23.835001 15.417500 1.855000 10103786456
24.430000 16.922501 9.135000 10103811521
16.187500 17.202499 18.514999 10103836527
11.777500 5.635000 23.065001 10103861517
5.005000 -8.137500 27.002501 10103886525
-5.862500 -11.217500 25.427500 10103911516
-9.135000 -11.952500 16.905001 10103936527
-10.500000 2.397500 5.145000 10103961535
0.595000 2.187500 -0.892500 10103986526
6.160000 -7.455000 -3.920000 10104011525
4.007500 -0.455000 -2.415000 10104036526
5.040000 7.945000 -3.272500 10104061522
3.920000 15.452500 -2.712500 10104086524
-2.030000 10.342500 -3.482500 10104111517
-1.085000 5.495000 -7.385000 10104136525
2.782500 12.810000 -6.947500 10104161522
10.570000 11.567500 -2.712500 10104186528
17.325001 -0.332500 3.605000 10104211523
11.392500 2.152500 7.000000 10104236529
6.685000 4.410000 9.502500 10104261524
-1.890000 3.500000 12.880000 10104286525
