0.000000 10093524523
0.000000 10093549542
0.000000 10093574527
0.000000 10093599515
0.000000 10093624519
0.000000 10093649550
0.000000 10093674517
0.000000 10093699513
0.000000 10093724530
0.000000 10093749553
0.000000 10093774515
0.000000 10093799518
0.000000 10093824530
0.000000 10093849529
0.000000 10093874517
0.000000 10093899514
0.000000 10093924524
0.000000 10093949550
0.000000 10093974503
0.000000 10093999509
0.000000 10094024522
0.000000 10094049558
0.000000 10094074508
0.000000 10094099518
0.000000 10094124512
0.000000 10094149551
0.000000 10094174500
0.000000 10094199514
0.000000 10094224509
0.000000 10094249549
0.000000 10094274495
0.000000 10094299508
0.000000 10094324503
0.000000 10094349558
0.000000 10094374497
0.000000 10094399512
0.000000 10094424503
0.000000 10094449548
0.000000 10094474494
0.000000 10094499515
0.000000 10094524506
0.000000 10094549553
0.000000 10094574503
0.000000 10094599528
0.000000 10094624503
0.000000 10094649556
0.000000 10094674504
0.000000 10094699528
0.000000 10094724514
0.000000 10094749544
0.000000 10094774503
0.000000 10094799526
0.000000 10094824506
0.000000 10094849550
0.000000 10094874504
0.000000 10094899521
0.000000 10094924498
0.000000 10094949547
0.000000 10094974502
0.000000 10094999514
0.000000 10095024506
0.000000 10095049555
0.000000 10095074500
0.000000 10095099517
0.000000 10095124507
0.000000 10095149551
0.000000 10095174500
0.000000 10095199521
0.000000 10095224491
0.000000 10095249552
0.000000 10095274513
0.000000 10095299527
0.000000 10095324478
0.000000 10095349552
0.000000 10095374569
0.000000 10095399519
0.000000 10095424523
0.000000 10095449534
0.000000 10095474540
0.000000 10095499522
0.000000 10095524504
0.000000 10095549555
0.000000 10095574506
0.000000 10095599526
0.000000 10095624506
0.000000 10095649561
0.000000 10095674524
0.000000 10095699525
0.000000 10095724522
0.000000 10095749552
0.000000 10095774526
0.000000 10095799529
0.000000 10095824526
0.000000 10095849556
0.000000 10095874519
0.000000 10095899518
0.000000 10095924524
0.000000 10095949545
0.000000 10095974523
0.000000 10095999508
0.000000 10096024520
0.000000 10096049547
0.000000 10096074514
0.000000 10096099520
0.000000 10096124525
0.000000 10096149545
0.000000 10096174517
0.000000 10096199513
0.000000 10096224522
0.000000 10096249548
0.000000 10096274524
0.000000 10096299515
0.000000 10096324521
0.000000 10096349543
0.000000 10096374518
0.000000 10096399516
0.000000 10096424510
0.000000 10096449545
0.000000 10096474525
0.000000 10096499512
0.000000 10096524523
0.000000 10096549548
0.000000 10096574519
0.000000 10096599519
0.000000 10096624512
0.000000 10096649547
0.000000 10096674528
0.000000 10096699508
0.000000 10096724525
0.000000 10096749544
0.000000 10096774521
0.000000 10096799520
0.000000 10096824517
0.000000 10096849542
0.000000 10096874517
0.000000 10096899520
0.000000 10096924519
0.000000 10096949540
0.000000 10096974515
0.000000 10096999507
0.000000 10097024518
0.000000 10097049524
0.000000 10097074522
0.000000 10097099512
0.000000 10097124516
0.000000 10097149557
0.000000 10097174509
0.000000 10097199512
0.000000 10097224524
0.000000 10097249561
0.000000 10097274515
0.000000 10097299527
0.000000 10097324512
0.000000 10097349553
0.000000 10097374513
0.000000 10097399514
0.000000 10097424522
0.000000 10097449556
0.000000 10097474512
0.000000 10097499520
0.000000 10097524518
0.000000 10097549562
0.000000 10097574525
0.000000 10097599533
0.000000 10097624525
0.000000 10097649555
0.000000 10097674592
0.000000 10097699517
0.000000 10097724529
0.000000 10097749550
0.000000 10097774507
0.000000 10097799517
0.000000 10097824515
0.000000 10097849555
0.000000 10097874513
0.000000 10097899520
0.000000 10097924509
0.000000 10097949553
0.000000 10097974516
0.000000 10097999521
0.000000 10098024515
0.000000 10098049556
0.000000 10098074519
0.000000 10098099515
0.000000 10098124516
0.000000 10098149551
0.000000 10098174513
0.000000 10098199522
0.000000 10098224515
0.000000 10098249553
0.000000 10098274508
0.000000 10098299516
0.000000 10098324513
0.000000 10098349550
0.000000 10098374511
0.000000 10098399522
0.000000 10098424516
0.000000 10098449553
0.000000 10098474513
0.000000 10098499520
0.000000 10098524532
0.000000 10098549559
0.000000 10098574511
0.000000 10098599519
0.000000 10098624506
0.000000 10098649549
0.000000 10098674509
0.000000 10098699517
0.000000 10098724514
0.000000 10098749555
0.000000 10098774520
0.000000 10098799519
0.000000 10098824511
0.000000 10098849555
0.000000 10098874512
0.000000 10098899523
0.000000 10098924514
0.000000 10098949554
0.000000 10098974509
0.000000 10098999527
0.000000 10099024507
0.000000 10099049554
0.000000 10099074513
0.000000 10099099522
0.000000 10099124510
0.000000 10099149555
0.000000 10099174510
0.000000 10099199520
0.000000 10099224509
0.000000 10099249552
0.000000 10099274516
0.000000 10099299519
0.000000 10099324522
0.000000 10099349553
0.000000 10099374511
0.000000 10099399522
0.000000 10099424518
0.000000 10099449552
0.000000 10099474512
0.000000 10099499524
0.000000 10099524511
0.000000 10099549553
0.000000 10099574512
0.000000 10099599526
0.000000 10099624510
0.000000 10099649556
0.000000 10099674508
0.000000 10099699526
0.000000 10099724511
0.000000 10099749551
0.000000 10099774508
0.000000 10099799519
0.000000 10099824511
0.000000 10099849554
0.000000 10099874507
0.000000 10099899522
0.000000 10099924508
0.000000 10099949556
0.000000 10099974496
0.000000 10099999524
0.000000 10100024513
0.000000 10100049555
0.000000 10100074504
0.000000 10100099526
0.000000 10100124522
0.000000 10100149550
0.000000 10100174534
0.000000 10100199525
0.000000 10100224465
0.000000 10100249449
0.000000 10100274511
0.000000 10100299517
0.000000 10100324517
0.000000 10100349555
0.000000 10100374510
0.000000 10100399525
0.000000 10100424514
0.000000 10100449555
0.000000 10100474515
0.000000 10100499524
0.000000 10100524514
0.000000 10100549554
0.000000 10100574516
0.000000 10100599530
0.000000 10100624527
0.000000 10100649552
0.000000 10100674519
0.000000 10100699527
0.000000 10100724538
0.000000 10100749549
0.000000 10100774526
0.000000 10100799530
0.000000 10100824528
0.000000 10100849554
0.000000 10100874519
0.000000 10100899529
0.000000 10100924522
0.000000 10100949554
0.000000 10100974524
0.000000 10100999515
0.000000 10101024531
0.000000 10101049560
0.000000 10101074562
0.000000 10101099528
0.000000 10101124518
0.000000 10101149563
0.000000 10101174515
0.000000 10101199518
0.000000 10101224515
0.000000 10101249557
0.000000 10101274521
0.000000 10101299530
0.000000 10101324525
0.000000 10101349591
0.000000 10101374534
0.000000 10101399522
0.000000 10101424528
0.000000 10101449547
0.000000 10101474523
0.000000 10101499514
0.000000 10101524527
0.000000 10101549551
0.000000 10101574533
0.000000 10101599521
0.000000 10101624526
0.000000 10101649548
0.000000 10101674527
0.000000 10101699507
0.000000 10101724526
0.000000 10101749548
0.000000 10101774513
0.000000 10101799517
0.000000 10101824529
0.000000 10101849548
0.000000 10101874518
0.000000 10101899506
0.000000 10101924522
0.000000 10101949538
0.000000 10101974537
0.000000 10101999509
0.000000 10102024526
0.000000 10102049534
0.000000 10102074524
0.000000 10102099510
0.000000 10102124523
0.000000 10102149536
0.000000 10102174526
0.000000 10102199506
0.000000 10102224520
0.000000 10102249535
0.000000 10102274522
0.000000 10102299501
0.000000 10102324518
0.000000 10102349532
0.000000 10102374524
0.000000 10102399516
0.000000 10102424530
0.000000 10102449534
0.000000 10102474526
0.000000 10102499508
0.000000 10102524523
0.000000 10102549533
0.000000 10102574510
0.000000 10102599493
0.000000 10102624526
0.000000 10102649533
0.000000 10102674520
0.000000 10102699505
0.000000 10102724528
0.000000 10102749535
0.000000 10102774531
0.000000 10102799511
0.000000 10102824524
0.000000 10102849536
0.000000 10102874527
0.000000 10102899500
0.000000 10102924520
0.000000 10102949533
0.000000 10102974519
0.000000 10102999505
0.000000 10103024519
0.000000 10103049531
0.000000 10103074514
0.000000 10103099505
0.000000 10103124510
0.000000 10103149532
0.000000 10103174513
0.000000 10103199505
0.000000 10103224509
0.000000 10103249614
0.000000 10103274515
0.000000 10103299520
0.000000 10103324516
0.000000 10103349549
0.000000 10103374517
0.000000 10103399507
0.000000 10103424523
0.000000 10103449506
0.000000 10103474505
0.000000 10103499503
0.000000 10103524518
0.000000 10103549531
0.000000 10103574523
0.000000 10103599525
0.000000 10103624520
0.000000 10103649519
0.000000 10103674528
0.000000 10103699520
0.000000 10103724534
0.000000 10103749510
0.000000 10103774524
0.000000 10103799520
0.000000 10103824515
0.000000 10103849527
0.000000 10103874517
0.000000 10103899520
0.000000 10103924510
0.000000 10103949524
0.000000 10103974522
0.000000 10103999522
0.000000 10104024527
0.000000 10104049522
0.000000 10104074499
0.000000 10104099523
0.000000 10104124507
0.000000 10104149523
0.000000 10104174523
0.000000 10104199524
0.000000 10104224529
0.000000 10104249522
