-0.025125 0.198604 10.131211 263050464.000000
-0.025125 0.198604 10.131211 263150512.000000
-0.088534 0.239282 10.122837 263250512.000000
-0.025125 0.191426 10.128819 263350464.000000
-0.008375 0.192622 10.107283 263450448.000000
-0.028714 0.200997 10.134801 263550480.000000
0.021535 0.190229 10.110871 263650464.000000
0.015553 0.229711 10.147961 263750496.000000
-0.032303 0.174676 10.139585 263850480.000000
-0.032303 0.211765 10.150353 263950464.000000
-0.027517 0.208176 10.118051 264050624.000000
-0.031107 0.210568 10.144372 264150560.000000
-0.017946 0.214158 10.098907 264250528.000000
-0.016750 0.234497 10.141978 264350496.000000
-0.028714 0.210568 10.122837 264450672.000000
-0.028714 0.223729 10.112068 264550496.000000
-0.014357 0.199801 10.135997 264650496.000000
0.122034 0.218943 10.086944 264750560.000000
-0.022732 0.090927 10.040283 264850512.000000
0.001196 0.015553 10.030712 264950512.000000
-0.899701 -0.422333 10.798808 265050528.000000
-0.125623 -1.414158 10.022337 265150512.000000
-0.077767 -2.183451 9.698111 265250512.000000
0.171087 -3.529413 9.395418 265350528.000000
-0.294317 -4.150351 8.676375 265450528.000000
0.178265 -4.265206 9.280562 265550512.000000
0.600598 -4.272385 9.457631 265650544.000000
0.897308 -3.960121 8.657232 265750496.000000
1.054038 -3.656233 9.780663 265850528.000000
1.123430 -3.491128 9.877571 265950720.000000
1.481157 -3.506681 9.469595 266050480.000000
1.554138 -4.705486 7.899903 266150512.000000
1.859223 -7.366304 7.328020 266250480.000000
-0.369691 -9.361918 5.157729 266350464.000000
-0.128016 -9.924232 3.285345 266450448.000000
-1.491925 -9.139386 1.015753 266550480.000000
-1.472782 -9.540184 -2.166701 266650624.000000
-1.569692 -8.035098 -4.094120 266750560.000000
-2.041078 -7.684550 -6.116055 266850576.000000
-1.886741 -5.199604 -7.933403 266950528.000000
-2.922833 -3.391826 -9.370294 267050512.000000
-3.231507 1.081556 -8.874979 267150528.000000
-4.695914 1.741975 -9.018548 267250448.000000
-3.347559 3.203990 -9.131011 267350464.000000
-3.068795 4.934000 -7.850852 267450496.000000
-2.736193 6.942775 -6.167500 267550384.000000
-1.316052 8.045866 -6.248857 267650384.000000
-0.629312 8.096116 -3.769892 267750384.000000
0.313460 9.109475 -1.091127 267850384.000000
1.249053 8.506484 1.850848 267950368.000000
1.467997 7.749156 3.710072 268050528.000000
0.671187 6.443871 6.923633 268150368.000000
0.837488 6.483353 7.210771 268250368.000000
1.074377 6.107680 8.401200 268350384.000000
0.859023 4.822734 8.644072 268450432.000000
0.760918 3.198008 8.730213 268550432.000000
0.994218 2.630908 9.352347 268650432.000000
0.455833 1.234696 9.458827 268750688.000000
0.921237 1.018146 10.097712 268850464.000000
0.964308 0.065803 10.171888 268950464.000000
-0.520439 -0.385244 10.567901 269050336.000000
-1.241875 -1.079163 9.215956 269150368.000000
-1.031307 -4.859823 8.662018 269250368.000000
-1.890330 -6.604190 5.938986 269350400.000000
-2.658426 -8.420342 6.600601 269450688.000000
-3.334399 -9.491131 1.106680 269550336.000000
-2.615355 -9.480364 -2.323431 269650368.000000
-2.907279 -9.058030 -4.277170 269750368.000000
-2.708675 -6.106483 -7.045666 269850368.000000
-1.335195 -2.112862 -10.666007 269950368.000000
-3.756732 -0.885344 -14.238490 270050400.000000
0.765703 0.463011 -12.352946 270150368.000000
0.329013 1.300499 -8.660822 270250400.000000
0.167498 5.286942 -4.384847 270350432.000000
1.196411 7.920243 1.222732 270450464.000000
0.019143 8.463413 3.122634 270550400.000000
-0.161516 8.598608 4.218546 270650400.000000
-0.508475 8.646464 5.858827 270750400.000000
0.008375 8.355737 6.501299 270850368.000000
0.421137 7.256234 7.607980 270950400.000000
0.780060 6.786045 7.901100 271050368.000000
0.814756 6.063413 7.354341 271150400.000000
0.360120 5.490332 8.355737 271250464.000000
0.180658 4.612165 8.760124 271350496.000000
-0.039482 4.618148 9.747163 271450368.000000
0.294317 3.920640 9.608379 271550400.000000
0.191426 3.724428 9.424131 271650400.000000
0.351745 3.150151 9.145369 271750464.000000
-0.440279 2.176272 9.951750 271850496.000000
-1.351945 0.008375 8.766105 271950496.000000
-1.530210 -2.761317 10.518847 272050336.000000
-2.489732 -3.515057 7.636694 272150400.000000
-2.514857 -4.715057 7.954939 272250368.000000
-3.236293 -7.057630 5.831308 272350368.000000
-2.855834 -8.989835 3.509074 272450368.000000
-3.109473 -9.337991 0.662812 272550464.000000
-3.202793 -8.696713 -0.875773 272650368.000000
-3.286542 -8.068598 -4.960321 272750368.000000
-2.006382 -5.596812 -6.905686 272850400.000000
-0.805185 -1.445265 -7.499106 272950432.000000
-1.610370 0.896112 -11.547763 273050432.000000
-0.318245 -0.218943 -11.465210 273150400.000000
1.105484 1.140180 -9.477970 273250400.000000
1.800599 2.026721 -10.036695 273350368.000000
1.128216 3.476771 -8.848659 273450496.000000
0.364905 6.344569 -7.835298 273550368.000000
-1.789831 8.286345 -1.695315 273650400.000000
-2.068595 7.415358 0.551546 273750432.000000
-1.016950 5.891129 -0.041874 273850400.000000
0.624527 5.045266 3.665804 273950432.000000
1.095913 3.881158 6.294320 274050400.000000
1.409373 2.197808 10.291530 274150464.000000
0.699901 1.137787 11.035697 274250400.000000
1.383051 0.652044 11.105090 274350400.000000
0.981057 -0.340977 10.943574 274450400.000000
1.049253 -0.017946 9.584452 274550400.000000
1.244268 0.126820 9.945767 274650400.000000
0.745364 -0.250050 9.846465 274750432.000000
0.279960 -0.262014 10.237692 274850400.000000
0.544367 0.022732 10.098907 274950496.000000
0.330210 -0.245264 10.189835 275050400.000000
0.329013 -0.266800 10.177871 275150400.000000
0.284746 -0.321835 10.047462 275250368.000000
0.183051 -0.452243 10.072588 275350400.000000
0.263210 -0.437887 10.202995 275450400.000000
-0.089731 -0.321835 9.958927 275550400.000000
0.290728 -0.319442 10.218549 275650400.000000
0.178265 -0.148355 10.197014 275750400.000000
0.112463 -0.135194 10.291530 275850400.000000
-0.257228 0.461815 11.603992 275950432.000000
-0.078963 1.144966 9.201599 276050368.000000
0.441476 2.379662 10.064213 276150400.000000
-0.709472 3.442075 9.829715 276250432.000000
0.610170 4.461418 7.540981 276350368.000000
-0.281157 6.891330 3.997210 276450592.000000
1.735993 7.702496 -0.680758 276550400.000000
1.627119 6.741778 -4.553542 276650432.000000
1.511067 6.835098 -8.057830 276750400.000000
1.604388 5.687739 -5.880362 276850368.000000
0.238086 2.944368 -8.248059 276950400.000000
-0.531207 2.003989 -9.759127 277050432.000000
-2.666801 -0.978664 -9.840484 277150400.000000
-1.727618 -3.498307 -6.512067 277250368.000000
-0.587438 -9.007781 -9.145369 277350368.000000
-1.150948 -7.719246 -1.173679 277450432.000000
-2.890530 -8.992228 -6.401997 277550400.000000
-0.367298 -10.339387 4.875376 277650400.000000
-2.155933 -8.282756 4.360919 277750400.000000
-0.381655 -7.205985 5.230711 277850400.000000
0.035892 -5.587241 7.414161 277951648.000000
0.902094 -4.258028 8.181061 278050368.000000
0.466600 -1.813759 9.488738 278150368.000000
2.647658 -2.073381 8.696713 278252096.000000
0.544367 -1.686940 12.904492 278350368.000000
0.478565 0.396012 10.460224 278450368.000000
0.960718 2.165504 9.450454 278550368.000000
1.272982 2.234896 8.859426 278650368.000000
0.729811 1.946561 9.328419 278750400.000000
0.409173 3.223132 9.969695 278850464.000000
0.537189 4.662415 9.286544 278950400.000000
0.716650 5.249853 8.366505 279050368.000000
0.947558 5.441278 8.908479 279150368.000000
0.354138 7.197611 7.685746 279250368.000000
-0.183051 8.372486 7.262216 279350400.000000
-2.142773 8.439486 4.067799 279450464.000000
0.393619 9.343972 -0.040678 279550400.000000
0.020339 8.677571 -3.085545 279650432.000000
-0.715454 8.116454 -4.949553 279750432.000000
-1.695315 5.487939 -6.973882 279850400.000000
-1.069592 4.821537 -7.902297 279950400.000000
0.758525 2.608176 -8.366505 280050400.000000
0.575474 0.790828 -9.016156 280150368.000000
0.384048 0.235693 -11.479566 280250368.000000
0.549153 -2.231307 -7.975278 280350400.000000
0.631705 -4.246064 -8.301898 280450368.000000
-0.020339 -6.401997 -8.855836 280550400.000000
0.983450 -10.222138 -7.343572 280650368.000000
0.227318 -9.659825 -1.970490 280750368.000000
-0.068195 -9.856036 3.678965 280850400.000000
2.116452 -9.939785 8.133204 280950688.000000
0.900898 -8.202596 5.721239 281050624.000000
0.888934 -6.258427 6.653243 281150368.000000
0.648455 -4.078567 8.452646 281250592.000000
1.123430 -2.787638 9.695717 281350400.000000
0.695115 -0.951147 11.273784 281450400.000000
0.543171 -0.308674 10.758131 281550336.000000
0.476172 0.040678 9.189635 281650848.000000
1.238286 1.933401 10.467402 281750560.000000
-0.319442 0.618545 9.586843 281850400.000000
-0.731007 0.997807 11.933006 281950400.000000
-0.558724 1.854438 9.830912 282050400.000000
-1.366302 3.804588 9.523434 282150400.000000
-1.262214 4.783253 8.778069 282250432.000000
-0.965504 5.631508 8.737391 282350432.000000
-2.003989 7.581659 3.406183 282450496.000000
-1.473979 7.518249 -2.066202 282550496.000000
1.581656 8.446664 -4.904090 282650400.000000
1.051646 7.584052 -3.661019 282750400.000000
1.325624 5.642276 -4.460221 282850400.000000
0.512064 1.726421 -10.021141 282950432.000000
0.393619 0.634098 -9.298509 283050624.000000
0.290728 0.509671 -7.962118 283150368.000000
-0.260818 -5.830112 -5.327620 283250368.000000
-0.437887 -10.624132 -4.664808 283350368.000000
-0.467797 -11.753544 -3.110669 283450368.000000
-1.592424 -10.213763 -2.734996 283550368.000000
-1.278964 -9.382257 -0.544367 283650368.000000
0.074178 -7.482357 5.770292 283750400.000000
0.795613 -5.261817 6.981060 283850528.000000
-0.727418 -3.582055 9.032906 283950464.000000
-0.707079 -2.511267 9.862019 284050400.000000
-1.345963 -1.155733 11.714063 284150400.000000
-1.226322 -0.641276 9.121440 284250368.000000
-1.714458 0.557528 9.994821 284350336.000000
-0.447458 0.762114 10.240085 284450400.000000
-1.191626 0.559920 9.268599 284550464.000000
-1.196411 1.247857 10.028319 284650464.000000
-0.681954 1.178465 9.655040 284750496.000000
-0.130409 1.219143 10.354939 284850496.000000
0.282353 1.045663 10.389636 284950496.000000
0.248854 0.765703 10.155140 285050400.000000
0.581456 0.780060 9.771091 285150400.000000
0.429512 0.457029 10.222138 285250400.000000
0.211765 0.467797 10.816754 285350432.000000
0.555135 0.792024 9.738789 285450496.000000
0.212961 0.514457 10.347760 285550432.000000
0.072981 0.363709 10.518847 285650400.000000
0.156730 0.497707 10.408779 285750432.000000
0.122034 0.553938 10.498510 285850400.000000
0.210568 0.695115 10.061819 285950400.000000
0.423530 0.610170 9.681360 286050368.000000
0.582652 1.274178 9.899107 286150400.000000
0.696311 1.016950 9.841680 286250400.000000
0.510868 0.675972 10.186246 286350400.000000
0.506082 1.344766 9.899107 286450368.000000
0.447458 1.389034 9.797412 286550400.000000
0.832702 1.010968 9.804591 286650464.000000
0.713061 1.220340 9.810574 286750464.000000
0.848256 1.032503 9.985250 286850400.000000
0.608973 1.148555 10.003194 286950496.000000
0.589831 1.274178 9.413363 287050368.000000
0.535992 1.211965 10.169496 287150368.000000
0.500100 1.235893 10.409975 287250400.000000
0.701097 1.201197 9.870394 287350432.000000
0.659223 0.958325 10.018748 287450496.000000
0.757328 1.256232 10.399208 287550400.000000
1.091127 1.100698 10.247264 287650368.000000
1.323231 0.920040 10.259227 287750400.000000
0.899701 1.097109 9.956534 287850400.000000
0.937986 0.941576 9.961320 287950400.000000
0.814756 1.159323 10.037891 288050432.000000
0.800399 0.973879 9.897911 288150560.000000
0.776471 1.121037 9.990034 288250400.000000
1.033699 1.031307 9.996017 288350400.000000
0.924826 1.333999 10.637293 288450464.000000
0.714258 0.878166 10.243673 288550400.000000
0.227318 1.798206 9.738789 288650400.000000
0.524028 1.203590 10.265208 288750464.000000
0.415155 1.064806 10.058230 288850368.000000
0.489332 1.101895 10.042676 288950368.000000
0.253639 1.060020 10.636096 289050368.000000
0.508475 0.886541 10.259227 289150368.000000
0.757328 0.799203 9.652647 289250336.000000
0.392423 1.074377 10.043874 289350432.000000
0.906880 0.734596 9.696914 289450464.000000
0.558724 1.106680 10.033106 289550464.000000
0.501296 1.140180 9.853643 289650432.000000
0.532403 1.256232 9.677772 289750432.000000
0.346959 1.031307 10.147961 289850400.000000
0.477368 1.189233 11.280963 289950528.000000
-0.122034 1.259821 10.839487 290050400.000000
-0.147159 1.220340 9.981659 290150784.000000
-0.942772 1.696511 11.200804 290250528.000000
-1.238286 1.546960 10.286745 290350528.000000
-1.387837 1.609173 10.677971 290450464.000000
-0.981057 1.893919 10.833504 290550464.000000
-0.144766 1.284946 10.256834 290650496.000000
-0.483350 0.497707 9.023334 290750368.000000
-2.209772 1.392623 10.935200 290850400.000000
-1.814956 1.506282 10.073784 290951296.000000
-1.615155 1.067199 10.115658 291050496.000000
-1.301696 0.786042 9.783055 291150560.000000
-1.062413 0.856631 10.049855 291251104.000000
-0.969093 0.765703 10.061819 291350656.000000
-0.898505 0.729811 10.058230 291451200.000000
-0.799203 0.715454 10.070194 291550528.000000
-0.474975 0.563510 9.966106 291650464.000000
-0.471386 0.363709 10.011569 291750560.000000
-0.405583 0.503689 10.089336 291850368.000000
-0.442672 0.602991 10.137194 291950496.000000
-0.331406 0.447458 10.092925 292050368.000000
-0.553938 0.502493 10.156336 292150368.000000
-0.448654 0.530010 10.083356 292250528.000000
-0.415155 0.591027 10.246067 292350528.000000
-0.418744 0.592224 10.214959 292450592.000000
-0.343370 0.533599 10.017551 292550560.000000
-0.300299 0.467797 10.144372 292650528.000000
-0.228515 0.546760 10.121639 292750656.000000
-0.295514 0.546760 10.224532 292850656.000000
-0.320638 0.500100 10.131211 292951552.000000
-0.283549 0.530010 10.122837 293050976.000000
-0.186640 0.576670 10.272388 293150464.000000
-0.345763 0.533599 10.054641 293250464.000000
-0.391227 0.614955 10.421940 293350496.000000
-0.279960 0.545564 10.329816 293450624.000000
-0.171087 0.498904 10.164711 293551072.000000
-0.270389 0.592224 10.156336 293650688.000000
-0.212961 0.606581 10.139585 293750560.000000
-0.166301 0.565903 10.152746 293850592.000000
-0.208176 0.546760 10.201799 293950624.000000
-0.178265 0.571885 10.223334 294050496.000000
-0.198604 0.534796 10.258030 294150592.000000
-0.165105 0.553938 10.204191 294250592.000000
-0.083749 0.540778 10.121639 294350528.000000
-0.066999 0.571885 10.201799 294450560.000000
-0.089731 0.588634 10.206585 294550464.000000
-0.108873 0.577867 10.214959 294650496.000000
-0.247657 0.672383 10.283154 294750656.000000
-0.049053 0.512064 10.102496 294851104.000000
-0.107677 0.561117 10.199407 294950688.000000
-0.064606 0.581456 10.039087 295051136.000000
-0.173480 0.593420 10.110871 295150752.000000
-0.175872 0.611366 10.301102 295250624.000000
-0.063410 0.583849 10.214959 295350816.000000
-0.111266 0.538385 10.104890 295450720.000000
-0.193819 0.575474 10.225728 295550816.000000
-0.110070 0.698704 10.322637 295650688.000000
-0.217747 0.600598 10.165908 295750848.000000
-0.391227 0.813560 10.204191 295850720.000000
-1.240679 0.711865 10.179067 295951008.000000
-0.581456 0.360120 10.110871 296050752.000000
-1.129412 1.014557 9.801002 296150656.000000
-1.147358 0.563510 9.151351 296250816.000000
-1.143769 0.592224 10.350154 296350464.000000
-1.363909 0.793221 10.115658 296450592.000000
-1.605584 0.807578 9.626326 296550688.000000
-1.185644 0.849452 10.246067 296650432.000000
-1.239482 0.567099 10.479367 296750528.000000
-1.704886 0.837488 9.736395 296850528.000000
-2.870191 0.775275 9.623933 296950624.000000
-3.890730 0.382852 8.102098 297050816.000000
-6.021538 0.978664 8.663215 297150720.000000
-6.997809 0.198604 6.226124 297250816.000000
-10.249657 0.594616 6.226124 297350432.000000
-9.576077 0.646062 -1.871187 297450432.000000
-8.446664 1.235893 -2.382055 297550400.000000
-7.301698 0.354138 -2.389233 297650496.000000
-7.581659 0.041874 -5.718846 297750464.000000
-6.550352 0.474975 -7.911868 297850400.000000
-5.666204 1.752743 -8.139186 297950400.000000
-4.412365 1.479961 -7.940581 298050368.000000
-4.108476 1.842474 -7.739585 298150400.000000
-2.622534 1.777867 -9.470792 298250400.000000
-1.958525 1.680958 -9.436096 298350400.000000
1.852045 1.947758 -8.195417 298450336.000000
4.596612 2.042274 -8.073383 298550496.000000
8.768498 1.996810 -4.474578 298650560.000000
12.338590 1.990828 -3.730411 298750528.000000
9.528220 0.936790 4.651647 298850720.000000
8.581859 1.337588 5.285746 298950624.000000
6.618547 0.491725 8.787642 299050336.000000
4.773681 0.366102 8.635696 299150336.000000
4.077370 0.014357 9.763913 299250368.000000
3.073581 1.423729 11.595619 299350496.000000
0.792024 1.460818 9.694521 299450528.000000
0.585045 1.994418 10.674382 299550592.000000
-0.479761 1.767099 10.019944 299650336.000000
-0.701097 1.293321 10.656436 299750528.000000
-0.646062 1.422533 10.180264 299850528.000000
-1.051646 0.984646 9.609575 299950528.000000
-2.097309 0.904487 8.912067 300050752.000000
-2.225325 1.061217 8.425128 300150496.000000
-5.060820 1.489532 8.878569 300250624.000000
-6.586244 1.475175 7.268199 300350464.000000
-8.070991 1.564906 5.483152 300450912.000000
-8.901299 1.686940 3.505485 300550368.000000
-8.781659 1.801795 1.854438 300650368.000000
-9.195618 1.621137 0.173480 300750400.000000
-9.448060 1.549353 -2.080559 300850432.000000
-8.537591 2.099702 -3.718446 300950496.000000
-7.228717 1.904687 -5.095516 301050560.000000
-7.432107 2.225325 -6.195018 301150464.000000
-6.020342 1.404587 -6.382854 301250624.000000
-5.155336 1.631905 -8.193025 301350400.000000
-5.076373 1.569692 -7.545766 301450400.000000
-5.544170 1.575674 -7.555337 301550400.000000
-4.955536 1.621137 -7.503892 301650400.000000
-3.346362 1.808974 -8.065009 301751360.000000
-2.158326 2.513660 -9.103494 301850432.000000
-0.857827 2.848655 -9.810574 301950464.000000
3.407379 2.461018 -8.994620 302050464.000000
5.850451 1.841277 -6.294320 302150528.000000
8.639286 0.812363 -2.828316 302250528.000000
9.367901 1.526621 1.269392 302350688.000000
8.981460 0.731007 3.584448 302450496.000000
8.072187 1.131805 5.113462 302550720.000000
8.236095 1.087538 6.970293 302650560.000000
5.906683 1.010968 8.021938 302750752.000000
5.469993 1.842474 8.457432 302850560.000000
3.657429 1.825724 9.227921 302950752.000000
2.883351 1.531406 9.675378 303050560.000000
1.278964 1.641476 9.401401 303150720.000000
0.364905 1.356731 9.793823 303250496.000000
0.110070 1.221536 10.058230 303350688.000000
0.500100 1.304088 9.707682 303450624.000000
0.059821 2.388037 11.194820 303550688.000000
-0.619741 1.727618 10.202995 303650496.000000
-1.277767 1.445265 9.623933 303750784.000000
-1.652244 1.479961 10.063015 303850496.000000
-1.493121 1.411765 10.078569 303950752.000000
-2.682354 1.560120 9.583255 304050496.000000
-4.118048 1.153341 7.807780 304150784.000000
-4.015156 1.237089 9.098708 304250592.000000
-5.944968 1.611566 6.556334 304350720.000000
-7.591230 1.580459 6.202196 304450496.000000
-10.470992 1.464408 3.707679 304550720.000000
-10.284351 1.002593 -0.001196 304650496.000000
-9.166903 3.213561 -2.772085 304750752.000000
-8.199007 1.657030 -4.939982 304850784.000000
-6.953543 1.491925 -4.837091 304950432.000000
-7.322037 1.390230 -5.516653 305050400.000000
-7.272985 1.030110 -7.167700 305150368.000000
-6.223732 1.362713 -6.837491 305250624.000000
-5.185246 0.892523 -9.454042 305350432.000000
-3.156133 1.319642 -9.762716 305450400.000000
-1.435694 2.681158 -9.695717 305550400.000000
1.659423 1.360320 -10.086944 305650368.000000
4.368098 1.429712 -8.707481 305750720.000000
6.731010 1.952543 -4.570292 305850528.000000
8.176274 1.983650 0.145962 305950720.000000
9.018548 1.822134 0.446261 306050464.000000
9.275777 1.732404 2.646462 306150720.000000
7.479963 1.454836 3.687340 306250464.000000
7.177271 1.600798 6.302694 306350720.000000
5.809773 1.306481 7.807780 306450592.000000
5.004589 1.676172 8.312666 306550720.000000
3.609573 1.992025 9.132208 306650432.000000
2.126023 2.293520 10.250853 306750720.000000
0.826720 2.038685 10.439885 306850464.000000
0.074178 1.996810 10.711470 306950720.000000
0.285942 1.670190 10.254441 307050464.000000
0.228515 1.624727 10.534401 307150784.000000
0.516850 1.706082 9.924232 307250528.000000
0.403191 1.515853 10.161121 307350688.000000
0.166301 0.987039 9.960124 307450464.000000
0.198604 0.885344 10.176675 307550752.000000
0.032303 0.777667 10.357333 307650528.000000
-0.084945 0.673580 10.398011 307750784.000000
-0.228515 0.503689 10.256834 307850496.000000
-0.343370 0.538385 10.250853 307950976.000000
-0.171087 0.592224 9.805787 308051264.000000
-0.567099 0.391227 10.159925 308150496.000000
-0.397209 0.442672 10.104890 308250560.000000
-0.392423 0.528814 10.161121 308350720.000000
-0.385244 0.464208 10.063015 308450496.000000
-0.492921 0.482154 10.267602 308550688.000000
-0.376870 0.491725 10.153944 308650496.000000
-0.308674 0.522832 9.970891 308750752.000000
-0.281157 0.508475 10.029516 308850496.000000
-0.370888 0.500100 10.301102 308950688.000000
-0.013161 0.717847 10.624132 309050528.000000
-0.070588 1.033699 9.987641 309150752.000000
0.453440 0.835095 9.763913 309250496.000000
1.178465 0.777667 9.979266 309350752.000000
3.351148 1.088734 8.422735 309450688.000000
5.155336 0.265603 7.342376 309550720.000000
6.604190 0.230907 8.239685 309650528.000000
8.885747 0.585045 6.201000 309750720.000000
8.447861 -0.599402 6.491727 309850592.000000
9.026923 -0.830309 2.228914 309950688.000000
9.424131 -0.585045 -0.634098 310050464.000000
9.815358 -0.494118 -2.877369 310150752.000000
7.613962 -0.267996 -8.650054 310250496.000000
3.877569 -0.404387 -9.126225 310350720.000000
0.692722 0.088534 -8.912067 310450464.000000
-2.999403 -0.519243 -8.295916 310550784.000000
-5.769095 -0.021535 -8.432307 310650528.000000
-8.090133 0.226122 -6.086144 310750400.000000
-9.407382 -0.366102 -4.278367 310850528.000000
-9.707682 1.647458 0.573081 310950560.000000
-10.202995 0.344566 1.251446 311050432.000000
-8.355737 1.219143 3.281756 311150464.000000
-8.746964 2.730211 5.394619 311250464.000000
-7.881958 2.976671 4.133601 311350528.000000
-6.289535 1.479961 6.446264 311450624.000000
-7.014560 1.347159 6.937990 311550464.000000
-5.215157 1.921437 8.394022 311650688.000000
-3.527020 2.800799 9.558130 311750528.000000
-2.912065 0.856631 9.099905 311850656.000000
0.111266 0.069392 9.984053 311950528.000000
1.603191 -0.197408 8.804391 312050688.000000
0.248854 0.222532 10.244871 312150464.000000
1.462015 0.721436 9.692128 312250720.000000
2.136791 0.611366 7.117451 312350496.000000
2.279164 1.067199 8.986245 312450944.000000
3.326023 1.776671 8.957531 312550560.000000
5.578866 1.333999 8.226524 312650720.000000
5.892326 0.859023 7.000203 312750528.000000
7.524230 1.377069 6.248857 312850720.000000
8.447861 1.727618 5.099105 312950464.000000
8.977871 3.463611 3.523431 313050752.000000
9.541381 2.556731 2.220540 313150432.000000
9.250652 1.396212 1.162912 313250688.000000
10.162319 1.532603 -0.841077 313350432.000000
5.468796 2.006382 -7.680960 313450688.000000
3.355934 0.887737 -8.562716 313550432.000000
-1.538585 0.790828 -8.583055 313650400.000000
-4.942375 0.416351 -7.086344 313750432.000000
-7.244271 0.311067 -7.948956 313850432.000000
-7.942975 0.016750 -6.362515 313950528.000000
-7.881958 0.076570 -4.383651 314050400.000000
-10.053445 -0.227318 -1.971686 314150464.000000
-10.018748 -0.579063 -1.165305 314250400.000000
-9.994821 -1.927419 1.125823 314350400.000000
-5.314459 -2.038685 6.873383 314450624.000000
-5.984450 -0.120838 9.209974 314550432.000000
-3.196811 -0.031107 9.729217 314650400.000000
-1.287339 -0.616152 11.571690 314750400.000000
-0.129212 -0.899701 13.055241 314850624.000000
2.644069 0.329013 7.706085 314950528.000000
4.308277 1.324427 8.563912 315050752.000000
6.065805 1.251446 8.606983 315150752.000000
6.221339 -0.620937 8.185846 315250400.000000
7.097112 -0.139980 7.424929 315350400.000000
8.082954 0.291924 7.829315 315450464.000000
8.642875 -0.137587 5.587241 315550432.000000
8.851050 0.495314 3.882355 315650528.000000
9.513863 0.183051 -0.174676 315750464.000000
8.785248 0.692722 -4.286742 315850368.000000
4.954339 1.501496 -10.609775 315950368.000000
0.105284 0.903291 -10.567901 316050368.000000
-4.067799 0.660419 -14.154741 316150400.000000
-5.040481 0.291924 -8.116454 316250464.000000
-5.984450 0.305085 -8.268399 316350400.000000
-7.434500 0.300299 -6.319445 316450464.000000
-8.939585 -0.929612 -5.691329 316550368.000000
-9.775877 1.118645 -2.615355 316650400.000000
-10.104890 0.099302 -1.439283 316750400.000000
-8.653644 0.771685 0.741775 316850432.000000
-9.444471 0.412762 2.012364 316950464.000000
-8.200203 0.894916 3.156133 317050368.000000
-9.233903 0.569492 4.596612 317150656.000000
-6.520442 0.728615 5.800202 317250688.000000
-6.104091 1.542174 8.624929 317350496.000000
-3.174079 1.457229 9.676575 317450688.000000
-1.698904 1.557728 10.347760 317550752.000000
1.184447 1.396212 10.521241 317650528.000000
1.324427 1.318445 10.567901 317750688.000000
1.452443 1.231107 10.159925 317850496.000000
1.462015 0.890130 10.539186 317950720.000000
1.383051 0.963111 10.323833 318050432.000000
1.514657 0.831506 9.693325 318150688.000000
1.162912 0.685544 9.771091 318250496.000000
1.256232 0.837488 9.839286 318350688.000000
1.265803 0.995414 10.007980 318450592.000000
1.179662 1.025324 10.125229 318550752.000000
1.089931 0.880559 9.972089 318650496.000000
1.225125 0.970290 10.094121 318750752.000000
1.104288 0.954736 10.071390 318850400.000000
1.112662 0.975075 10.152746 318950720.000000
1.097109 0.934397 10.037891 319050464.000000
1.049253 0.976272 10.103694 319150720.000000
1.077967 1.010968 10.109675 319250496.000000
1.081556 0.941576 9.998409 319350720.000000
1.040878 0.928415 9.984053 319450496.000000
1.082752 0.954736 10.048658 319550720.000000
1.063610 1.025324 10.108479 319650464.000000
0.942772 0.976272 10.065409 319750784.000000
1.039681 1.002593 9.933804 319850496.000000
0.911665 0.833899 9.661021 319950752.000000
0.800399 0.873380 9.706485 320050688.000000
0.650848 0.837488 9.724431 320150464.000000
0.836291 1.103091 10.079765 320250752.000000
0.384048 1.434497 10.307084 320350528.000000
1.272982 1.013360 10.912467 320450400.000000
1.410569 0.290728 10.733006 320550368.000000
1.663012 0.653241 11.764312 320650400.000000
0.703490 -0.150748 10.095319 320750464.000000
1.345963 0.197408 10.601401 320850496.000000
2.043471 0.015553 11.602797 320950496.000000
1.076770 -0.270389 9.724431 321050752.000000
0.385244 -0.393619 9.755538 321150688.000000
0.340977 -0.744168 9.751948 321250496.000000
0.358923 -0.118445 10.342977 321350688.000000
0.282353 0.033500 10.493724 321450560.000000
0.376870 -0.171087 10.089336 321550688.000000
0.293121 0.386441 10.197014 321650464.000000
0.165105 0.230907 10.124033 321750752.000000
-0.026321 0.191426 10.144372 321850496.000000
0.813560 0.087338 10.240085 321950688.000000
-0.049053 0.192622 10.420743 322050464.000000
-0.122034 0.174676 10.597812 322150720.000000
-0.031107 0.214158 10.188639 322250528.000000
0.002393 0.216550 10.104890 322350720.000000
-0.019143 0.179462 10.187442 322450560.000000
-0.019143 0.227318 10.210175 322550752.000000
-0.013161 0.203390 10.137194 322650528.000000
-0.021535 0.204586 10.236496 322750752.000000
-0.001196 0.179462 10.179067 322850560.000000
0.004786 0.214158 10.177871 322950912.000000
0.011964 0.209372 10.208978 323050496.000000
-0.016750 0.198604 10.216157 323150720.000000
-0.027517 0.224925 10.189835 323250496.000000
0.002393 0.226122 10.139585 323350752.000000
-0.011964 0.169890 10.168301 323450464.000000
-0.016750 0.244068 10.195816 323550752.000000
-0.014357 0.195015 10.161121 323650496.000000
-0.002393 0.212961 10.135997 323750752.000000
-0.002393 0.208176 10.186246 323850464.000000
0.009571 0.250050 10.156336 323950688.000000
-0.041874 0.199801 10.181459 324050464.000000
1.304088 0.020339 10.121639 324150720.000000
0.744168 0.263210 10.077373 324250528.000000
1.036092 -0.070588 10.250853 324350688.000000
3.451647 -0.288335 9.964910 324450624.000000
0.611366 -0.446261 10.242477 324550688.000000
-0.130409 -0.616152 10.258030 324650560.000000
0.361316 0.514457 10.323833 324750688.000000
1.013360 -0.445065 9.832108 324850464.000000
-0.407976 -0.514457 10.268798 324950688.000000
0.514457 0.345763 10.253245 325050464.000000
0.995414 -0.244068 10.474581 325150688.000000
0.110070 0.196211 10.268798 325250432.000000
0.325424 -0.358923 9.653843 325350688.000000
-1.913062 0.781257 11.015360 325450496.000000
0.160319 -0.424726 10.055838 325550688.000000
0.515653 1.594816 10.070194 325650432.000000
-0.855434 0.687937 10.740184 325750784.000000
1.252643 1.709672 11.042876 325850432.000000
4.845466 -2.441875 11.167303 325950912.000000
-2.250450 0.096909 10.126426 326050496.000000
-1.920240 -0.015553 10.284351 326150720.000000
0.072981 -0.007178 10.186246 326250496.000000
0.009571 0.009571 10.201799 326350688.000000
0.047856 -0.008375 10.193424 326450496.000000
0.014357 0.023928 10.156336 326550720.000000
0.175872 -0.001196 10.082158 326650464.000000
0.082552 -0.260818 10.314261 326750720.000000
0.525225 -0.538385 10.040283 326850560.000000
0.701097 -0.625723 10.268798 326950752.000000
-0.143569 -1.252643 10.340584 327050528.000000
-0.581456 -0.820738 10.204191 327150720.000000
-0.074178 -0.539581 10.424332 327250496.000000
0.014357 -0.291924 9.802197 327350752.000000
-0.311067 0.216550 10.342977 327450560.000000
1.316052 -1.178465 9.962516 327550752.000000
-1.617548 1.296910 10.432706 327650400.000000
0.569492 0.205783 10.147961 327750432.000000
0.575474 0.179462 10.156336 327850528.000000
0.563510 0.209372 10.137194 327950528.000000
0.571885 0.198604 10.120443 328050496.000000
0.570688 0.187837 10.137194 328150656.000000
0.571885 0.180658 10.155140 328250496.000000
0.577867 0.208176 10.127622 328350560.000000
0.568295 0.172283 10.153944 328450496.000000
-0.508475 0.436690 10.210175 328550720.000000
1.568495 0.162712 10.035499 328650592.000000
1.593620 0.045464 10.147961 328750752.000000
1.143769 -0.367298 10.191031 328850464.000000
0.122034 -0.652044 10.018748 328950592.000000
0.303888 -0.429512 9.955338 329050368.000000
1.752743 -1.150948 9.914660 329150368.000000
1.932204 -0.045464 9.986445 329250592.000000
0.661615 -0.035892 9.938589 329350624.000000
-1.209572 0.162712 10.046266 329450528.000000
-0.924826 -0.168694 9.482756 329550592.000000
1.092324 -0.025125 10.102496 329650688.000000
-2.232504 0.587438 10.125229 329750528.000000
0.037089 0.265603 10.186246 329850720.000000
1.374677 0.951147 9.567701 329950496.000000
-1.079163 -0.818345 10.118051 330050752.000000
-1.929811 -1.152144 9.919446 330150592.000000
-2.160719 0.664008 10.677971 330250752.000000
1.928615 0.423530 10.536794 330350592.000000
-0.415155 0.027517 10.144372 330450912.000000
-0.911665 0.205783 10.134801 330550464.000000
0.142373 0.369691 10.188639 330650720.000000
1.432104 0.016750 10.061819 330750464.000000
0.550349 0.267996 10.201799 330850720.000000
0.569492 0.288335 10.182656 330950560.000000
0.567099 0.300299 10.174281 331050720.000000
1.402194 0.856631 10.023535 331150496.000000
1.551746 0.604188 10.079765 331250720.000000
1.545763 -0.648455 10.155140 331350496.000000
0.522832 1.103091 10.187442 331450688.000000
3.705286 0.958325 10.232906 331550432.000000
0.658026 -1.360320 11.124231 331650688.000000
2.901298 -0.366102 10.211370 331750528.000000
2.187040 -1.561317 10.472188 331850720.000000
0.745364 -0.654437 10.176675 331950624.000000
-0.628116 0.008375 10.478169 332050688.000000
0.784846 1.337588 10.085747 332150496.000000
-0.599402 0.655633 10.235298 332250688.000000
-0.668794 0.177069 10.109675 332350560.000000
0.037089 -0.348156 10.079765 332450720.000000
0.401994 -0.266800 10.132407 332550560.000000
-0.801596 -0.821935 10.006784 332650752.000000
0.589831 -0.789631 10.285547 332750464.000000
-1.951347 0.088534 10.080962 332850784.000000
-0.078963 -1.598405 9.501899 332950592.000000
1.143769 -0.203390 10.364511 333050752.000000
-1.910669 0.624527 10.070194 333150816.000000
0.524028 0.057428 9.743573 333250368.000000
0.406780 -0.019143 9.613165 333350624.000000
0.250050 0.015553 9.969695 333450720.000000
0.186640 -0.021535 10.177871 333550688.000000
0.180658 0.004786 10.144372 333650496.000000
0.161516 0.002393 10.202995 333750752.000000
1.667797 -0.271585 11.005787 333850464.000000
4.722236 -0.636491 9.826126 333950720.000000
-0.935594 0.437887 10.348958 334050528.000000
0.510868 -0.705883 9.877571 334150752.000000
1.953740 -0.585045 9.933804 334250464.000000
-0.397209 -0.751346 10.232906 334350784.000000
-1.624727 0.500100 17.347965 334450496.000000
-0.534796 -0.762114 9.795020 334550752.000000
1.438086 -0.379262 9.722038 334650528.000000
0.589831 -0.473779 10.137194 334750816.000000
0.823131 -0.300299 10.180264 334850560.000000
0.476172 -0.135194 12.108878 334951008.000000
0.863809 0.892523 10.508080 335050496.000000
0.184247 1.200001 9.153743 335150752.000000
0.452243 -0.565903 14.194223 335250592.000000
0.861416 -0.276371 10.242477 335350720.000000
0.232104 -1.380659 10.328619 335450560.000000
-0.617348 0.922433 10.650455 335550720.000000
-1.069592 -0.128016 10.113264 335650464.000000
0.215354 -0.052642 10.118051 335750752.000000
0.291924 0.002393 10.220942 335850464.000000
0.253639 -0.022732 10.164711 335950752.000000
0.250050 -0.043071 10.162319 336050560.000000
0.198604 -0.041874 10.135997 336150752.000000
0.058624 0.074178 10.115658 336250496.000000
0.039482 -0.999003 10.036695 336350720.000000
2.585445 -1.738386 10.303494 336450560.000000
0.157926 -0.199801 10.004392 336550720.000000
-0.703490 -0.470190 10.286745 336650496.000000
0.763310 -1.320838 10.185050 336750720.000000
1.651048 -1.763510 10.218549 336850560.000000
-1.277767 0.102891 9.574880 336950752.000000
-0.179462 -0.558724 9.736395 337050464.000000
-1.045663 -0.415155 9.933804 337150720.000000
-1.055235 -0.997807 10.189835 337250464.000000
-2.349752 -0.648455 10.413565 337350720.000000
-0.768096 -0.459422 9.388239 337450496.000000
0.454636 -1.079163 9.988838 337550720.000000
1.217947 1.088734 10.170692 337650528.000000
-0.423530 -0.133998 10.382458 337750752.000000
-1.048056 0.095713 10.392029 337850464.000000
-0.367298 0.050249 10.094121 337950912.000000
0.434297 0.165105 10.158729 338050432.000000
0.282353 0.233300 10.083356 338150720.000000
0.284746 0.278764 9.686146 338250432.000000
0.259621 0.210568 10.175477 338350688.000000
-0.707079 0.358923 10.497313 338450496.000000
0.421137 0.154337 10.152746 338550752.000000
0.661615 0.192622 8.780463 338650432.000000
0.637687 0.196211 8.654840 338750816.000000
0.507278 0.185444 8.939585 338850464.000000
0.351745 0.204586 9.281759 338950752.000000
-0.095713 0.212961 11.072786 339050592.000000
-0.156730 0.232104 10.789237 339150752.000000
0.276371 0.220140 9.428917 339250592.000000
-0.007178 0.196211 10.328619 339350688.000000
-0.040678 0.208176 10.423136 339450624.000000
0.099302 0.216550 10.025927 339550752.000000
0.039482 0.191426 10.210175 339650560.000000
0.035892 0.230907 10.159925 339750784.000000
0.033500 0.208176 10.108479 339850528.000000
0.050249 0.222532 10.186246 339950752.000000
0.032303 0.229711 10.168301 340050464.000000
0.044267 0.185444 10.159925 340150720.000000
0.029910 0.203390 10.074981 340250496.000000
-0.072981 0.214158 10.325029 340350688.000000
0.047856 0.190229 10.147961 340450560.000000
-0.045464 0.218943 10.182656 340550720.000000
0.004786 0.214158 10.146765 340650496.000000
-0.017946 0.204586 10.167104 340750784.000000
0.037089 0.197408 10.176675 340850496.000000
0.046660 0.223729 10.124033 340950976.000000
-0.016750 0.200997 10.224532 341050432.000000
0.020339 0.206979 10.278370 341150720.000000
0.070588 0.210568 10.071390 341250528.000000
-0.052642 0.222532 10.097712 341350752.000000
0.014357 0.329013 10.220942 341450464.000000
-1.534996 0.478565 9.993625 341550688.000000
0.933201 -0.610170 9.860823 341650464.000000
1.550549 -0.805185 10.234102 341750752.000000
0.614955 -0.318245 10.320245 341850464.000000
-1.883151 0.856631 10.095319 341950720.000000
1.889133 -1.177269 9.487542 342050496.000000
1.836491 0.130409 9.631111 342150720.000000
0.223729 0.203390 9.432507 342250528.000000
-0.250050 0.230907 10.887343 342350720.000000
0.220140 0.230907 9.527023 342450624.000000
-0.135194 0.235693 10.730613 342550720.000000
-0.362513 0.209372 11.721242 342650496.000000
-3.911068 -0.449851 9.884750 342750464.000000
-2.520839 2.070988 9.957731 342850400.000000
-4.135994 1.326820 9.929017 342950464.000000
-0.421137 -0.783649 10.526026 343050848.000000
-1.940579 1.398605 9.854840 343150784.000000
-0.238086 0.105284 10.231709 343250624.000000
-0.474975 -0.424726 10.080962 343350496.000000
-1.278964 -1.573281 7.324430 343450720.000000
1.380659 -0.915255 10.426724 343550528.000000
-0.985843 -1.068395 9.639486 343650688.000000
-2.908476 -1.013360 10.071390 343750464.000000
-2.965904 1.048056 12.246466 343850688.000000
2.545963 1.155733 19.601404 343950560.000000
1.841277 -0.784846 10.255639 344050688.000000
-0.232104 0.220140 10.134801 344150560.000000
-0.189033 0.224925 10.135997 344250688.000000
-0.202193 0.236889 10.176675 344350496.000000
-0.202193 0.234497 10.128819 344450688.000000
-2.176272 0.733400 10.017551 344550400.000000
0.419940 -0.735793 10.168301 344650432.000000
-1.456033 -0.459422 10.023535 344750464.000000
0.386441 -0.744168 10.265208 344850816.000000
-0.345763 0.094516 10.271191 344950464.000000
-0.823131 0.934397 10.107283 345050656.000000
0.142373 0.010768 8.876175 345150464.000000
0.440279 -1.637887 10.322637 345250656.000000
-0.089731 -1.365105 9.850054 345350464.000000
2.104487 -1.806581 10.071390 345450848.000000
-0.927219 0.238086 9.964910 345550496.000000
-1.049253 0.230907 10.213763 345650688.000000
2.494518 -1.070788 10.441081 345750528.000000
-2.300699 0.530010 10.663614 345850688.000000
1.494318 -0.020339 10.402797 345950496.000000
-0.364905 0.100499 10.317852 346050752.000000
-0.299103 0.059821 10.204191 346150432.000000
-0.296710 0.059821 10.130014 346250752.000000
-0.314656 0.066999 10.177871 346350432.000000
-0.324227 0.081356 10.165908 346450688.000000
0.514457 0.260818 8.664411 346551008.000000
-2.309074 -0.387637 9.879964 346650400.000000
0.368495 0.448654 10.128819 346750464.000000
-0.934397 -0.369691 10.175477 346850528.000000
-0.247657 0.089731 9.845268 346950816.000000
2.298306 0.458226 11.186446 347050464.000000
-3.457629 -0.039482 9.934999 347150720.000000
-0.842274 0.649651 9.688539 347250464.000000
-0.043071 0.535992 9.979266 347350688.000000
-2.469393 0.687937 9.664611 347450464.000000
1.509871 -3.064009 10.009177 347550752.000000
-2.835495 1.540978 9.854840 347650528.000000
-1.951347 -1.025324 10.045070 347750784.000000
-3.396612 -0.077767 10.018748 347850528.000000
-0.884148 -0.699901 8.374879 347950752.000000
0.174676 0.344566 10.346564 348050560.000000
2.694318 -0.137587 11.040483 348150752.000000
0.955933 0.501296 7.849655 348250560.000000
-0.137587 0.221336 10.055838 348350720.000000
-0.095713 0.248854 10.183852 348450656.000000
-0.129212 0.244068 10.176675 348550720.000000
-2.143969 0.602991 9.868000 348650400.000000
-0.598206 0.277567 9.656236 348750624.000000
-0.634098 1.155733 9.879964 348850464.000000
0.092124 0.640080 10.185050 348950432.000000
-0.988236 0.413958 10.317852 349050496.000000
-2.414358 0.660419 10.162319 349150496.000000
-1.855634 0.874577 10.351351 349250496.000000
-2.796013 2.157130 12.528819 349350624.000000
-1.453640 -1.050449 8.165507 349450528.000000
0.155533 0.885344 9.653843 349550688.000000
-1.245464 0.407976 9.610772 349650496.000000
-0.844666 0.350549 10.457830 349750752.000000
0.859023 -0.762114 9.781858 349850496.000000
-0.034696 0.248854 10.200603 349950944.000000
0.474975 -0.312263 10.112068 350050528.000000
0.725025 -0.447458 10.151550 350150720.000000
0.964308 -0.284746 10.025927 350250528.000000
1.160519 -0.631705 10.192227 350350720.000000
0.331406 0.198604 10.284351 350450464.000000
-0.784846 0.591027 10.004392 350550720.000000
-0.470190 0.381655 10.145569 350650464.000000
1.441676 -0.568295 10.041479 350750752.000000
0.192622 0.025125 10.202995 350850528.000000
-1.311267 -0.380459 10.201799 350950752.000000
0.921237 -0.532403 9.883554 351050560.000000
-0.984646 0.323031 10.054641 351150752.000000
1.757528 -0.917647 10.212566 351250560.000000
-2.888137 -0.062213 10.131211 351350752.000000
0.751346 -0.238086 10.271191 351450528.000000
0.996611 -1.456033 10.438687 351550720.000000
-0.096909 -0.046660 10.149158 351650464.000000
-0.076570 -0.052642 10.118051 351750720.000000
-0.095713 -0.028714 10.175477 351850560.000000
-0.096909 -0.061017 10.197014 351950720.000000
-0.072981 -0.033500 10.157533 352050464.000000
-0.714258 0.003589 10.286745 352150688.000000
-0.678365 -0.155533 10.058230 352250432.000000
0.334995 -0.166301 10.278370 352350720.000000
-0.273978 -0.618545 9.960124 352450432.000000
-0.818345 0.023928 10.133603 352550720.000000
-0.068195 -0.392423 10.085747 352650464.000000
1.435694 -0.704686 9.865608 352750720.000000
-0.131605 -0.046660 10.224532 352850432.000000
-0.117248 -0.038285 10.207782 352950912.000000
-0.166301 -0.033500 10.176675 353050432.000000
-0.289532 -0.139980 9.963714 353150752.000000
-4.383651 0.999003 9.925428 353250464.000000
1.914258 -0.014357 10.561919 353350496.000000
-0.128016 -1.184447 10.363315 353450528.000000
0.088534 -1.299303 9.863215 353550496.000000
-1.670190 0.126820 11.261820 353650656.000000
-1.063610 0.308674 9.615558 353750400.000000
-1.192822 0.240479 9.399008 353850816.000000
-2.221736 -0.687937 8.733803 353950464.000000
-2.286342 -0.924826 10.077373 354050720.000000
1.896312 0.132802 7.356733 354150464.000000
1.813759 -0.476172 8.388040 354250720.000000
0.702293 0.232104 8.572287 354350560.000000
0.640080 0.229711 8.522038 354450912.000000
0.537189 0.260818 8.773284 354550400.000000
-0.885344 0.374477 8.398808 354650400.000000
1.366302 0.082552 8.883354 354750400.000000
0.390030 0.221336 9.140583 354850432.000000
0.177069 0.203390 9.890733 354950432.000000
0.392423 0.217747 9.108279 355050496.000000
-0.697508 0.344566 10.675578 355150688.000000
-0.017946 0.208176 10.352547 355250528.000000
-0.533599 1.255035 10.130014 355350752.000000
-2.798406 0.291924 10.068997 355450400.000000
-2.673979 1.179662 8.712267 355550432.000000
-1.007378 1.125823 10.250853 355650624.000000
1.560120 0.184247 10.687543 355750496.000000
2.112862 -0.078963 10.289137 355850688.000000
-0.224925 -0.064606 10.549955 355950624.000000
-0.112463 -1.149751 10.341780 356050752.000000
-0.495314 -1.306481 9.729217 356150464.000000
-0.786042 -3.865605 9.318848 356250720.000000
-0.034696 -3.905087 8.409575 356350560.000000
0.918844 -5.276174 10.003194 356450720.000000
-0.430708 -5.352744 9.291330 356550432.000000
0.502493 -5.974878 8.179864 356650752.000000
1.361516 -5.943772 8.388040 356750464.000000
3.211168 -3.421736 8.539984 356850720.000000
-0.118445 -4.426722 9.098708 356950368.000000
-2.605784 -2.921637 11.251052 357050752.000000
-2.675175 -3.237489 9.451650 357150400.000000
0.221336 -4.698307 10.329816 357250688.000000
-3.046063 -2.652444 8.867801 357350496.000000
-0.908076 -2.756532 15.212369 357450848.000000
-3.284149 -0.935594 6.890133 357550464.000000
-1.336391 -0.553938 9.298509 357650528.000000
-0.427119 -0.167498 8.739785 357750432.000000
0.920040 -0.088534 11.015360 357850528.000000
0.838684 -0.993021 11.563314 357950432.000000
0.149551 -1.518246 11.961720 358050336.000000
2.032703 -0.762114 10.220942 358150368.000000
1.377069 -1.338784 9.582059 358252896.000000
1.201197 -0.105284 10.376474 358350368.000000
0.838684 0.160319 10.091729 358450368.000000
1.505085 -0.488136 10.124033 358550368.000000
0.368495 0.026321 8.534002 358650368.000000
0.056231 0.051446 9.705289 358760096.000000
-0.016750 0.066999 10.197014 358880096.000000
-0.013161 0.050249 10.207782 358995168.000000
-0.020339 0.063410 10.144372 359099808.000000
-0.051446 0.068195 10.214959 359215104.000000
-0.040678 0.066999 10.183852 359315424.000000
-0.041874 0.047856 10.244871 359415680.000000
-0.044267 0.052642 10.174281 359534016.000000
-0.022732 0.059821 10.199407 359630432.000000
-0.016750 0.035892 10.193424 359732192.000000
-0.043071 0.055035 10.176675 359830464.000000
-0.026321 0.049053 10.200603 359945088.000000
-0.016750 0.049053 10.150353 360045440.000000
-0.043071 0.035892 10.191031 360145376.000000
-0.040678 0.040678 10.206585 360245344.000000
-0.034696 0.035892 10.197014 360345536.000000
-0.026321 0.075374 10.173084 360445504.000000
-0.027517 0.032303 10.191031 360545472.000000
-0.013161 0.071785 10.180264 360645536.000000
-0.063410 0.053839 10.179067 360745408.000000
-0.045464 0.043071 10.169496 360845536.000000
-0.026321 0.062213 10.188639 360945376.000000
-0.049053 0.071785 10.163515 361045440.000000
-0.044267 0.057428 10.175477 361145504.000000
0.080160 0.046660 9.650253 361245408.000000
-0.013161 0.044267 10.208978 361345472.000000
-0.017946 0.080160 10.236496 361445440.000000
-0.040678 0.068195 10.181459 361545504.000000
-0.029910 0.061017 10.169496 361645440.000000
-0.041874 0.034696 10.181459 361745344.000000
-0.034696 0.029910 10.180264 361845504.000000
-0.021535 0.009571 10.193424 361945376.000000
-0.029910 0.059821 10.131211 362045568.000000
-0.044267 0.020339 10.174281 362145408.000000
-0.032303 0.051446 10.205389 362245632.000000
-0.020339 0.044267 10.171888 362345472.000000
-0.051446 0.057428 10.205389 362445344.000000
-0.029910 0.019143 10.170692 362545504.000000
-0.041874 0.032303 10.199407 362645376.000000
-0.021535 0.070588 10.186246 362745536.000000
-0.008375 0.040678 10.185050 362845344.000000
-0.016750 0.058624 10.201799 362945504.000000
-0.026321 0.058624 10.180264 363045408.000000
-0.026321 0.078963 10.195816 363145568.000000
-0.037089 0.080160 10.180264 363245376.000000
-0.023928 0.053839 10.162319 363345504.000000
-0.031107 0.031107 10.205389 363445376.000000
-0.017946 0.034696 10.197014 363545696.000000
-0.057428 0.026321 10.213763 363645344.000000
-0.061017 0.065803 10.199407 363745504.000000
-0.035892 0.071785 10.195816 363845376.000000
-0.041874 0.063410 10.201799 363945504.000000
-0.028714 0.056231 10.210175 364045344.000000
-0.019143 0.039482 10.186246 364145472.000000
-0.020339 0.045464 10.181459 364245376.000000
-0.021535 0.049053 10.158729 364345536.000000
-0.044267 0.061017 10.170692 364445376.000000
-0.029910 0.062213 10.186246 364545504.000000
-0.039482 0.031107 10.165908 364645504.000000
-0.011964 0.056231 10.200603 364745408.000000
-0.037089 0.043071 10.174281 364845472.000000
0.005982 0.056231 10.173084 364945408.000000
-0.050249 0.041874 10.188639 365045568.000000
-0.047856 0.057428 10.163515 365145440.000000
-0.028714 0.037089 10.183852 365245600.000000
-0.038285 0.049053 10.175477 365345376.000000
-0.032303 0.050249 10.217353 365445344.000000
-0.038285 0.045464 10.155140 365545344.000000
-0.023928 0.050249 10.193424 365645408.000000
-0.052642 0.056231 10.194620 365745344.000000
-0.009571 0.072981 10.187442 365845344.000000
-0.013161 0.028714 10.168301 365945728.000000
-0.015553 0.084945 10.171888 366050624.000000
-0.009571 0.046660 10.200603 366150784.000000
-0.043071 0.053839 10.161121 366256064.000000
-0.033500 0.038285 10.167104 366355680.000000
-0.014357 0.039482 10.191031 366455808.000000
-0.053839 0.050249 10.197014 366555776.000000
-0.016750 0.058624 10.162319 366655904.000000
-0.009571 0.059821 10.175477 366756160.000000
-0.005982 0.044267 10.168301 366856128.000000
-0.039482 0.051446 10.183852 366956704.000000
-0.038285 0.070588 10.182656 367055872.000000
-0.014357 0.049053 10.188639 367156352.000000
-0.045464 0.063410 10.206585 367261312.000000
-0.045464 0.047856 10.180264 367361312.000000
-0.021535 0.022732 10.213763 367461312.000000
-0.034696 0.049053 10.202995 367561344.000000
-0.023928 0.037089 10.191031 367660928.000000
-0.043071 0.080160 10.205389 367761344.000000
-0.037089 0.056231 10.194620 367861376.000000
-0.034696 0.034696 10.181459 367961216.000000
-0.029910 0.035892 10.200603 368061504.000000
-0.053839 0.047856 10.195816 368160992.000000
-0.043071 0.056231 10.168301 368260928.000000
-0.017946 0.056231 10.167104 368361376.000000
-0.065803 0.051446 10.197014 368460864.000000
-0.055035 0.035892 10.179067 368560928.000000
-0.086142 0.056231 10.218549 368660672.000000
-0.015553 0.038285 10.187442 368760640.000000
-0.043071 0.043071 10.186246 368860640.000000
-0.025125 0.046660 10.204191 368960896.000000
-0.025125 0.050249 10.198210 369060928.000000
-0.019143 0.039482 10.211370 369160928.000000
-0.027517 0.038285 10.195816 369260960.000000
-0.040678 0.072981 10.188639 369360672.000000
-0.040678 0.033500 10.222138 369460736.000000
-0.033500 0.077767 10.174281 369561472.000000
-0.031107 0.041874 10.177871 369661024.000000
-0.015553 0.040678 10.182656 369760864.000000
-0.028714 0.029910 10.186246 369860928.000000
-0.037089 0.057428 10.177871 369960864.000000
-0.032303 0.046660 10.195816 370060928.000000
-0.020339 0.057428 10.210175 370160896.000000
-0.022732 0.059821 10.212566 370260896.000000
-0.057428 0.051446 10.194620 370361408.000000
-0.034696 0.020339 10.168301 370460864.000000
-0.040678 0.045464 10.193424 370561632.000000
-0.035892 0.022732 10.225728 370660928.000000
-0.040678 0.051446 10.193424 370760864.000000
-0.029910 0.059821 10.193424 370860960.000000
-0.019143 0.052642 10.206585 370960896.000000
-0.034696 0.044267 10.197014 371060992.000000
-0.051446 0.053839 10.211370 371160992.000000
-0.027517 0.046660 10.200603 371260896.000000
-0.019143 0.035892 10.230514 371360896.000000
-0.051446 0.046660 10.220942 371460896.000000
-0.063410 0.078963 10.232906 371560864.000000
-0.028714 0.055035 10.213763 371660640.000000
-0.045464 0.037089 10.216157 371770720.000000
-0.026321 0.071785 10.187442 371871296.000000
-0.029910 0.050249 10.200603 371971392.000000
-0.001196 0.053839 10.193424 372071072.000000
-0.025125 0.047856 10.205389 372171456.000000
-0.038285 0.049053 10.200603 372271456.000000
-0.028714 0.050249 10.220942 372371424.000000
-0.041874 0.065803 10.223334 372475712.000000
-0.029910 0.052642 10.180264 372575808.000000
