1.890000 0.472500 -0.472500 263060416.000000
-1.522500 0.682500 -33.250000 263160528.000000
-4.620000 0.262500 2.502500 263260592.000000
-4.602500 0.332500 2.257500 263360592.000000
-4.655000 -0.192500 2.257500 263460576.000000
-4.637500 -0.227500 2.275000 263560672.000000
-4.620000 -0.052500 2.240000 263660544.000000
-4.602500 0.087500 2.275000 263760576.000000
-4.602500 0.577500 2.240000 263860656.000000
-4.655000 0.402500 2.240000 263960560.000000
-4.655000 0.332500 2.257500 264060528.000000
-4.637500 0.227500 2.240000 264160608.000000
-4.672500 0.052500 2.257500 264260528.000000
-4.637500 -0.122500 2.257500 264360544.000000
-4.655000 0.052500 2.275000 264460592.000000
-4.637500 0.367500 2.257500 264560608.000000
-4.655000 -0.017500 2.275000 264660512.000000
-4.812500 -1.487500 0.315000 264760592.000000
-7.840000 1.067500 1.837500 264860512.000000
-11.445000 5.967500 0.315000 264960528.000000
-38.500000 49.822498 -4.882500 265060608.000000
-68.757500 -43.382500 13.772500 265160528.000000
-64.102501 -15.557500 0.665000 265260512.000000
-55.422501 -15.242500 -4.917500 265360592.000000
-65.660004 -4.217500 -1.925000 265460528.000000
-56.682499 -15.907500 1.680000 265560528.000000
11.725000 -5.477500 3.220000 265660720.000000
34.755001 -2.047500 -5.670000 265760592.000000
10.797500 -0.262500 -6.440000 265860592.000000
-4.462500 -10.237500 -9.765000 265960608.000000
-15.207500 -22.067499 -5.827500 266060624.000000
-55.720001 -28.612499 18.375000 266160512.000000
-168.122498 -8.242500 56.577499 266260672.000000
-182.384995 11.252500 42.070000 266360560.000000
-197.645004 51.747501 83.667503 266460592.000000
-184.397507 42.402500 45.692501 266567712.000000
-152.722504 20.352501 18.077499 266665488.000000
-149.134995 24.447500 35.857502 266765504.000000
-140.682495 16.747499 38.132500 266865552.000000
-180.214996 -3.517500 39.707500 266965504.000000
-212.152496 -5.967500 18.952499 267065552.000000
-193.199997 -14.892500 12.617500 267165840.000000
-89.144997 5.267500 -7.857500 267265648.000000
-104.842499 -18.077499 29.627501 267365712.000000
-144.830002 9.782500 30.467501 267465600.000000
-200.479996 39.462502 21.805000 267565568.000000
-122.220001 22.557501 23.642500 267665376.000000
-132.562500 47.897499 31.990000 267765584.000000
-172.235001 2.712500 51.485001 267865392.000000
-211.417496 14.927500 71.680000 267965376.000000
-169.942505 1.032500 33.582500 268065408.000000
-139.247498 -43.032501 2.835000 268165680.000000
-104.772499 29.837500 7.472500 268265392.000000
-99.312500 -2.397500 -3.185000 268365392.000000
-96.092499 10.027500 -3.500000 268465408.000000
-81.742500 5.127500 -9.940000 268565376.000000
-74.830002 -8.172500 -0.210000 268665408.000000
-74.567497 12.477500 11.655000 268765376.000000
-74.305000 4.847500 16.012501 268865824.000000
-68.215004 -2.677500 12.810000 268965408.000000
-20.510000 73.832497 11.917500 269065408.000000
-74.812500 37.117500 -5.810000 269165408.000000
-149.292496 46.252499 12.215000 269265408.000000
-184.677505 30.957500 -27.107500 269365728.000000
-220.062500 58.152500 -21.647501 269465408.000000
-216.422501 23.152500 13.737500 269565344.000000
-235.479996 79.012497 48.509998 269665376.000000
-231.822495 103.302498 25.725000 269765408.000000
-268.607513 136.237503 20.737499 269865376.000000
-229.722504 72.887497 30.257500 269965568.000000
-129.430008 -32.777500 10.710000 270065408.000000
-88.934998 118.772499 -18.252501 270165376.000000
-230.947495 58.642502 -78.120003 270265408.000000
-354.130005 91.472504 -77.525002 270366336.000000
-303.135010 -25.077499 -49.840000 270465376.000000
-234.692505 35.052502 -13.230000 270565472.000000
-132.422501 29.942501 0.525000 270665376.000000
-93.572502 5.372500 2.205000 270765408.000000
-68.459999 12.022500 12.897500 270865376.000000
-75.687500 4.042500 24.570000 270965408.000000
-52.797501 -0.717500 24.080000 271065376.000000
-36.522499 8.942500 7.385000 271165376.000000
-48.877499 -7.752500 -6.177500 271265376.000000
-49.490002 -3.727500 -5.390000 271365408.000000
-53.252499 -5.792500 1.697500 271465376.000000
-46.095001 13.037500 7.665000 271565504.000000
-25.270000 0.927500 3.447500 271665376.000000
-52.220001 -2.397500 13.387500 271765408.000000
-74.760002 43.137501 22.434999 271866016.000000
-96.687500 71.977501 35.472500 271965728.000000
-170.292496 55.177502 32.095001 272065408.000000
-115.815002 26.407499 -7.315000 272165376.000000
-156.589996 3.272500 -8.557500 272265408.000000
-169.330002 7.997500 12.232500 272365440.000000
-219.012497 22.942499 19.565001 272465408.000000
-213.867508 39.077499 17.377501 272565440.000000
-192.937500 51.572498 19.932501 272665472.000000
-207.217499 68.617500 2.992500 272765408.000000
-245.000000 97.947502 3.360000 272865408.000000
-233.467499 60.462502 6.545000 272965408.000000
-132.422501 22.102501 -8.505000 273065408.000000
-71.959999 28.612499 0.805000 273165408.000000
-50.067501 66.202499 -37.974998 273265408.000000
-61.180000 56.227501 -32.742500 273365344.000000
-172.690002 -20.597500 -62.387501 273465408.000000
-231.437500 -8.102500 -77.805000 273565472.000000
-246.277496 -54.792500 -78.434998 273665376.000000
-238.070007 -31.342501 -26.880001 273765408.000000
-215.425003 -55.912498 62.580002 273865376.000000
-205.747498 -10.097500 45.465000 273965376.000000
-216.177505 -42.927502 45.867500 274065376.000000
-121.992500 20.212500 29.610001 274165376.000000
-69.212502 -8.837500 29.872499 274265376.000000
-32.165001 -14.507500 2.432500 274365408.000000
0.140000 12.232500 12.495000 274465376.000000
-6.317500 7.017500 6.352500 274565376.000000
-9.292500 8.942500 7.612500 274665376.000000
-9.065000 12.337500 4.182500 274765376.000000
-6.492500 7.122500 5.617500 274865408.000000
-7.682500 -0.087500 4.305000 274965376.000000
-7.560000 2.957500 5.582500 275065472.000000
-5.670000 7.787500 5.197500 275165376.000000
-7.735000 8.487500 4.112500 275265408.000000
-5.880000 -4.287500 5.967500 275365376.000000
-0.490000 2.292500 8.225000 275465376.000000
-1.085000 -0.507500 8.767500 275565376.000000
-4.445000 -4.532500 12.232500 275665376.000000
-2.975000 3.727500 5.582500 275765376.000000
-2.135000 2.362500 3.465000 275865408.000000
11.865000 0.262500 3.517500 275965376.000000
69.702499 8.137500 -16.975000 276065376.000000
68.617500 2.432500 -4.235000 276165376.000000
83.142502 20.212500 0.822500 276265408.000000
141.627502 -12.512500 28.437500 276365408.000000
219.257507 -2.607500 24.097500 276466048.000000
276.447510 -42.647499 55.422501 276565504.000000
280.665009 -21.892500 34.002499 276665408.000000
245.122498 -64.417503 -6.352500 276765408.000000
173.687500 9.887500 -37.485001 276865632.000000
206.307495 -58.082500 -18.620001 276965408.000000
112.840004 -54.512501 -22.067499 277066016.000000
129.149994 -46.147499 -18.637501 277165408.000000
197.977493 -19.687500 -8.347500 277265728.000000
308.997498 -7.087500 -10.290000 277365824.000000
86.379997 -29.802500 16.432501 277465504.000000
239.767502 -36.172501 -65.677498 277565408.000000
123.742500 -56.437500 5.617500 277665408.000000
302.750000 -41.947498 -7.997500 277765408.000000
152.669998 -44.222500 -44.502499 277865856.000000
151.830002 -26.827499 -86.957497 277965568.000000
118.754997 4.602500 -43.347500 278065472.000000
84.227501 15.592500 -13.055000 278165344.000000
42.787498 -57.347500 26.407499 278265632.000000
94.535004 48.177502 0.857500 278365376.000000
68.144997 -9.082500 -12.460000 278465408.000000
54.145000 -2.502500 -30.450001 278565504.000000
65.222504 -5.022500 -4.532500 278665440.000000
39.759998 -0.892500 -7.892500 278765408.000000
26.862499 -0.402500 -19.862499 278865408.000000
39.970001 -8.312500 -21.245001 278965408.000000
47.512501 -7.717500 -9.870000 279066176.000000
34.737499 20.597500 7.070000 279165408.000000
72.940002 17.692499 5.162500 279265408.000000
167.807495 79.012497 4.672500 279365408.000000
243.442505 -79.362503 -24.797501 279465408.000000
163.362503 -50.172501 21.997499 279565472.000000
194.529999 -74.812500 -33.285000 279665408.000000
174.247498 23.187500 -54.267502 279765504.000000
160.247498 22.207500 -56.805000 279865376.000000
130.392502 53.567501 4.147500 279965376.000000
150.657501 73.937500 7.227500 280065568.000000
107.257500 37.152500 13.230000 280165408.000000
72.169998 8.697500 15.365000 280265376.000000
78.662498 -34.772499 18.760000 280365408.000000
163.625000 43.347500 1.435000 280465408.000000
175.402496 11.812500 21.700001 280565408.000000
251.229996 -20.842501 52.412498 280665408.000000
251.317505 -33.127499 2.345000 280765408.000000
176.399994 -32.182499 7.735000 280865408.000000
165.707504 -34.842499 0.280000 280965664.000000
164.202499 -48.212502 -14.840000 281065472.000000
132.912506 -33.547501 -4.410000 281165408.000000
133.595001 -0.577500 -8.925000 281265408.000000
114.449997 24.867500 -2.782500 281365408.000000
90.037498 11.042500 -22.260000 281465376.000000
84.087502 22.837500 -22.049999 281565344.000000
14.752501 28.822500 -1.347500 281665408.000000
7.122500 0.367500 -27.230000 281765376.000000
17.132500 19.232500 -10.797500 281865376.000000
15.715000 12.162500 -11.305000 281965408.000000
63.560001 19.932501 -16.922501 282065440.000000
92.294998 8.312500 -36.662498 282165376.000000
126.279999 -7.507500 -16.555000 282265376.000000
146.737503 -25.602501 7.787500 282365408.000000
285.529999 8.347500 -35.787498 282465376.000000
313.232513 105.402504 40.915001 282565504.000000
217.822495 10.237500 101.167503 282665408.000000
81.760002 46.462502 18.445000 282765440.000000
143.815002 -48.107502 25.637501 282865568.000000
203.157501 -49.402500 0.192500 282965984.000000
146.282501 55.177502 -34.545002 283065408.000000
182.297501 -24.237499 20.562500 283165408.000000
254.257507 -29.172501 62.037498 283265472.000000
288.225006 -47.267502 36.330002 283365408.000000
257.512512 -70.962502 5.337500 283465376.000000
256.252502 -55.072502 -39.917500 283565408.000000
177.292496 -37.152500 -16.975000 283665408.000000
162.330002 -22.032499 -8.715000 283765376.000000
173.039993 13.422500 -17.132500 283865408.000000
112.717499 28.752501 -9.100000 283965408.000000
73.937500 24.412500 2.887500 284065504.000000
59.237499 23.047501 -8.662500 284165408.000000
91.612503 12.792500 -1.260000 284265408.000000
34.807499 29.137501 14.210000 284365376.000000
11.847500 -16.467501 15.435000 284465536.000000
28.297501 -25.567499 -9.922500 284565376.000000
2.957500 -20.982500 -5.162500 284665376.000000
-5.250000 -16.677500 1.487500 284765408.000000
-12.932500 -12.722500 7.157500 284865376.000000
-8.435000 -17.097500 3.255000 284965376.000000
-9.397500 -12.652500 -3.325000 285065376.000000
-11.987500 -7.962500 4.655000 285165376.000000
-12.897500 -1.137500 3.622500 285265376.000000
5.075000 31.377501 6.632500 285365376.000000
-4.515000 -13.002500 4.585000 285465376.000000
-7.455000 3.517500 9.677500 285565472.000000
-2.082500 -0.822500 5.705000 285665376.000000
-3.920000 -4.462500 4.095000 285765376.000000
5.075000 2.362500 4.672500 285865376.000000
3.465000 -4.112500 8.995000 285965408.000000
9.327500 -4.917500 7.455000 286065408.000000
-8.995000 -16.887501 5.757500 286165376.000000
1.575000 9.607500 4.585000 286265408.000000
-2.502500 2.922500 3.255000 286365440.000000
0.455000 0.647500 3.605000 286465376.000000
-3.710000 -8.417500 4.252500 286565408.000000
-4.462500 -1.697500 2.625000 286665376.000000
-0.560000 -1.347500 3.430000 286765408.000000
-4.252500 4.637500 -2.537500 286865408.000000
-1.277500 0.297500 4.165000 286965792.000000
-5.582500 -2.327500 3.902500 287065440.000000
-16.379999 2.817500 1.627500 287165504.000000
-5.530000 1.557500 5.320000 287265504.000000
-3.150000 -2.957500 6.685000 287365376.000000
-1.697500 0.227500 8.890000 287465376.000000
-4.357500 -7.472500 3.062500 287567840.000000
-4.690000 -21.962500 6.580000 287665376.000000
-12.547500 -11.182500 4.550000 287765440.000000
-1.715000 22.767500 -0.402500 287865440.000000
-3.412500 5.127500 -0.052500 287965376.000000
-5.810000 6.982500 1.960000 288065600.000000
-5.092500 2.397500 1.767500 288165504.000000
-6.352500 -0.577500 1.715000 288265408.000000
-7.017500 -12.617500 2.100000 288365408.000000
-3.902500 -0.017500 2.590000 288465728.000000
-10.220000 11.497500 0.052500 288565472.000000
13.282500 29.977501 -4.130000 288665376.000000
-16.100000 -16.817499 7.700000 288765504.000000
-1.855000 10.622500 3.902500 288865376.000000
-10.237500 -4.602500 2.065000 288965536.000000
-5.040000 7.157500 1.575000 289065408.000000
-5.215000 -8.767500 3.185000 289165536.000000
-11.812500 -13.142500 2.905000 289265408.000000
-4.690000 19.337500 -1.487500 289365376.000000
1.680000 -8.347500 9.467500 289465696.000000
-8.102500 3.237500 1.750000 289565472.000000
-3.815000 -2.117500 4.270000 289665536.000000
-3.570000 1.802500 4.340000 289765536.000000
-2.730000 12.547500 5.862500 289865440.000000
9.100000 -1.977500 16.205000 289965408.000000
-5.547500 -21.192499 17.202499 290065472.000000
1.697500 47.022499 -6.965000 290165632.000000
-6.825000 45.447498 -8.645000 290265632.000000
3.185000 21.752501 -4.042500 290365696.000000
-3.815000 2.502500 1.802500 290465664.000000
1.382500 -9.677500 5.792500 290565728.000000
-16.625000 -27.002501 6.737500 290665440.000000
-43.330002 -18.707500 -7.385000 290765376.000000
16.240000 134.837494 -41.142502 290865408.000000
7.612500 -40.057499 8.750000 290967392.000000
-15.627501 -5.127500 6.387500 291065472.000000
-12.285000 -12.022500 3.867500 291165600.000000
-15.715000 -16.327499 3.237500 291265792.000000
-6.177500 -2.467500 0.752500 291365568.000000
-9.257500 -18.007500 4.620000 291465888.000000
-8.120000 -9.467500 3.220000 291565728.000000
-8.522500 -5.512500 3.815000 291665792.000000
-6.790000 -5.022500 3.605000 291765568.000000
-6.667500 -5.057500 3.622500 291865376.000000
-5.810000 -3.272500 3.937500 291965376.000000
-4.340000 -0.192500 2.117500 292065376.000000
-4.795000 -1.067500 2.275000 292165376.000000
-4.007500 1.557500 1.785000 292265504.000000
-4.795000 1.067500 2.065000 292365600.000000
-4.935000 -1.522500 2.397500 292465568.000000
-4.795000 -1.172500 2.730000 292565696.000000
-5.495000 -0.612500 2.205000 292665632.000000
-4.917500 -1.417500 2.800000 292765504.000000
-5.530000 -1.872500 2.310000 292865792.000000
-4.585000 0.262500 2.432500 292965856.000000
-4.637500 0.787500 2.170000 293065728.000000
-5.722500 -1.032500 2.117500 293165856.000000
-4.690000 0.157500 1.750000 293265664.000000
-5.687500 -0.087500 3.290000 293365632.000000
-4.480000 -0.227500 3.027500 293465504.000000
-3.902500 -0.192500 2.905000 293565888.000000
-4.777500 -0.297500 2.607500 293665696.000000
-3.867500 -0.052500 2.415000 293765600.000000
-4.672500 -1.242500 3.202500 293865600.000000
-4.935000 -0.927500 2.502500 293965568.000000
-5.442500 -1.487500 2.905000 294065632.000000
-4.602500 -0.017500 2.467500 294165568.000000
-4.392500 0.227500 2.310000 294265664.000000
-4.900000 -0.752500 2.170000 294365696.000000
-4.550000 -0.192500 2.100000 294465504.000000
-4.252500 0.402500 2.030000 294565888.000000
-4.865000 -0.262500 1.802500 294665696.000000
-5.267500 0.087500 2.257500 294765728.000000
-5.530000 -0.402500 1.977500 294866016.000000
-4.865000 -0.752500 1.767500 294965728.000000
-2.975000 1.102500 1.925000 295065952.000000
-5.320000 -0.437500 1.417500 295165568.000000
-5.232500 0.332500 2.082500 295265696.000000
-5.285000 -0.927500 2.275000 295365952.000000
-5.250000 -0.647500 2.257500 295465600.000000
-5.722500 -1.032500 2.170000 295565952.000000
-2.835000 2.502500 2.537500 295665600.000000
-2.170000 6.072500 2.800000 295765952.000000
-6.457500 31.132500 6.615000 295865536.000000
1.645000 21.577499 15.750000 295966048.000000
-2.415000 9.187500 4.270000 296065824.000000
1.102500 11.322500 2.240000 296165632.000000
-14.700000 -13.597500 5.022500 296266080.000000
-3.465000 9.642500 2.695000 296365600.000000
-0.175000 4.042500 0.402500 296465600.000000
-7.315000 -4.497500 0.735000 296565664.000000
-8.557500 3.622500 2.432500 296665600.000000
6.090000 25.882500 2.992500 296765568.000000
-8.505000 60.042500 3.745000 296865568.000000
-8.960000 98.822502 8.942500 296965728.000000
-15.697500 139.107498 9.485000 297066016.000000
-22.767500 197.347504 16.887501 297165632.000000
-17.972500 169.592499 12.600000 297266080.000000
-1.575000 144.532501 8.207500 297365536.000000
-20.895000 150.657501 1.750000 297465376.000000
-33.617500 134.977493 1.540000 297565472.000000
-31.290001 153.247498 -8.750000 297665376.000000
-13.247500 121.222504 -22.014999 297765376.000000
-22.802500 103.967499 -0.770000 297865376.000000
-3.990000 50.172501 26.127501 297965376.000000
-29.365000 82.862503 22.155001 298065376.000000
-7.385000 62.632500 17.867500 298165728.000000
-10.290000 41.492500 19.460001 298265408.000000
-6.755000 86.852501 13.107500 298365440.000000
-23.817499 166.897507 20.125000 298465344.000000
-20.492500 229.512497 22.365000 298565504.000000
-18.585001 292.757507 24.885000 298665472.000000
7.280000 280.577515 40.127499 298765856.000000
-8.417500 303.432495 23.992500 298865536.000000
-0.507500 226.677505 29.225000 298965344.000000
-20.702499 163.327499 19.197500 299065408.000000
-12.460000 136.762497 15.767500 299165440.000000
-15.032500 82.617500 -10.867500 299265344.000000
13.772500 129.412506 -21.402500 299365504.000000
44.572498 84.577499 9.887500 299465536.000000
10.237500 56.087502 -4.847500 299566464.000000
-11.357500 34.247501 7.035000 299665376.000000
-26.844999 18.217501 6.405000 299765568.000000
-5.040000 -0.192500 15.225000 299865728.000000
-0.630000 32.252499 4.690000 299965568.000000
-5.600000 93.467499 5.687500 300065984.000000
1.225000 154.892502 16.012501 300165536.000000
-21.105000 131.897507 13.072500 300265696.000000
-3.167500 90.912498 8.995000 300365664.000000
-3.640000 134.067505 7.892500 300465696.000000
-2.415000 152.232498 10.692500 300565440.000000
-4.847500 157.482498 2.747500 300665376.000000
13.142500 109.217499 2.572500 300765376.000000
3.780000 88.742500 1.872500 300865536.000000
-4.147500 144.042496 9.415000 300967872.000000
-45.709999 162.102493 1.890000 301065920.000000
-19.530001 50.487499 -19.809999 301165504.000000
-0.420000 59.027500 -17.045000 301265824.000000
14.280000 114.852501 -8.995000 301365408.000000
4.060000 22.907499 -4.917500 301465376.000000
-10.727500 -53.777500 -15.137500 301565408.000000
-23.572500 37.782501 4.340000 301665408.000000
-50.942501 104.807503 12.897500 301765536.000000
-32.637501 80.412498 8.190000 301865408.000000
-12.512500 99.487503 21.770000 301965408.000000
11.830000 231.822495 41.930000 302065696.000000
16.344999 330.662506 26.862499 302165632.000000
-15.645000 335.912506 29.697500 302270496.000000
-30.222500 205.047501 16.117500 302370880.000000
5.740000 183.312500 27.195000 302470560.000000
-10.430000 125.807503 14.140000 302570848.000000
-8.155000 128.817505 6.562500 302670528.000000
-5.460000 88.497498 -12.967500 302770720.000000
28.350000 91.612503 -19.687500 302870528.000000
4.392500 114.362503 10.535000 302971040.000000
-15.540000 69.702499 4.007500 303070464.000000
3.902500 77.682503 -17.972500 303170880.000000
-13.265000 50.137501 18.760000 303270496.000000
-11.795000 30.152500 -0.315000 303370784.000000
-3.587500 25.392500 -7.857500 303470528.000000
7.472500 35.192501 12.915000 303571168.000000
6.632500 27.982500 -5.127500 303670528.000000
-20.912500 33.407501 -2.065000 303771008.000000
-17.027500 11.532500 -0.507500 303870528.000000
-7.420000 29.452499 3.797500 303970976.000000
0.490000 50.802502 5.022500 304070560.000000
13.912500 98.017502 10.605000 304170784.000000
-17.605000 108.097504 6.072500 304270560.000000
3.325000 80.762497 11.375000 304370912.000000
-4.147500 171.447495 -1.995000 304470528.000000
-3.447500 142.957504 -23.415001 304570816.000000
-4.270000 191.747498 31.850000 304670496.000000
-74.654999 292.232513 27.230000 304770848.000000
26.180000 105.157501 1.295000 304870400.000000
29.995001 117.302498 -2.380000 304970400.000000
23.677500 8.207500 -5.950000 305070496.000000
14.472500 4.462500 -15.382500 305170400.000000
-13.195000 105.507500 2.537500 305270944.000000
-9.065000 87.342499 -11.077500 305370496.000000
-43.259998 175.367508 22.645000 305470400.000000
15.015000 158.847504 25.077499 305570400.000000
9.852500 179.462494 15.592500 305670368.000000
-18.620001 243.477509 7.350000 305770848.000000
-8.382500 258.457489 -1.452500 305870496.000000
-4.427500 204.837494 13.737500 305970720.000000
-18.462500 156.222504 12.005000 306070496.000000
-10.500000 117.652504 1.767500 306170816.000000
-5.530000 139.212494 -1.557500 306270496.000000
-11.672500 145.582504 -26.057501 306370848.000000
-1.522500 77.962502 4.585000 306470496.000000
12.722500 133.227493 6.317500 306571104.000000
18.917500 116.042503 -0.192500 306670496.000000
-12.915000 73.552498 16.100000 306770912.000000
-23.100000 32.392502 4.865000 306870496.000000
-13.230000 0.472500 -2.835000 306970688.000000
-16.012501 7.682500 -3.727500 307070496.000000
-8.557500 0.017500 -2.047500 307171264.000000
-14.822500 -1.767500 1.365000 307270528.000000
-21.840000 1.137500 2.642500 307370720.000000
-18.445000 6.212500 1.872500 307470464.000000
-15.732500 8.382500 0.560000 307570976.000000
-14.472500 7.612500 0.175000 307670592.000000
-13.142500 7.052500 1.907500 307770848.000000
-8.837500 9.257500 3.605000 307870528.000000
-8.015000 5.162500 4.585000 307971072.000000
-5.197500 7.227500 7.752500 308070464.000000
-10.482500 2.537500 3.517500 308170752.000000
-4.830000 2.817500 2.747500 308270496.000000
-4.427500 -0.087500 2.292500 308370976.000000
-3.010000 -3.342500 1.207500 308470560.000000
-5.390000 -0.682500 2.432500 308570848.000000
-3.307500 -0.297500 2.240000 308670496.000000
-4.795000 -0.052500 2.187500 308770880.000000
-4.427500 -0.507500 2.257500 308870560.000000
-3.097500 0.332500 2.922500 308970912.000000
0.052500 2.327500 8.645000 309070496.000000
5.530000 1.452500 12.075000 309170880.000000
2.677500 -32.182499 5.582500 309270496.000000
4.095000 -104.457497 -2.607500 309370976.000000
4.252500 -157.657501 -1.050000 309470560.000000
-15.435000 -157.307495 6.020000 309571072.000000
-21.682501 -68.022499 31.377501 309670528.000000
-11.042500 -98.087502 31.010000 309771168.000000
-22.260000 -101.237503 15.645000 309870496.000000
-8.032500 -196.472504 8.872500 309970720.000000
-1.627500 -217.262497 0.840000 310070528.000000
3.080000 -206.097504 1.645000 310170976.000000
3.570000 -272.877502 -7.332500 310270496.000000
-16.065001 -221.497498 -0.070000 310371136.000000
-10.587500 -181.352493 -5.092500 310470496.000000
-1.960000 -180.792496 -17.377501 310571136.000000
-11.847500 -195.772507 -23.485001 310670560.000000
-3.220000 -183.872498 -11.550000 310770368.000000
-44.047501 -231.367508 -17.342501 310870496.000000
-73.587502 -251.632507 -7.805000 310970464.000000
-13.965000 -135.957504 28.157499 311070496.000000
57.977501 -188.422501 40.250000 311170816.000000
-13.230000 -70.752502 56.332500 311270592.000000
-1.015000 -72.712502 8.890000 311370688.000000
-28.070000 -13.737500 6.632500 311470688.000000
27.247499 -113.487503 -13.265000 311570496.000000
35.770000 -74.602501 -43.259998 311670848.000000
-12.757500 -70.787498 -11.830000 311770496.000000
-36.189999 -136.552505 -23.975000 311870688.000000
-41.825001 -133.857498 -6.387500 311970464.000000
-22.820000 -101.377502 -30.940001 312070848.000000
-13.720000 -64.207497 -35.612499 312170496.000000
1.890000 -14.717500 -3.482500 312270880.000000
12.425000 -26.967501 -1.662500 312370496.000000
0.070000 -32.147499 2.292500 312470816.000000
15.627501 -52.692501 -4.725000 312570592.000000
-17.150000 -121.222504 14.490000 312670912.000000
-7.000000 -110.792503 22.487499 312770560.000000
17.674999 -129.902496 -6.545000 312870720.000000
-17.622499 -128.327499 -24.062500 312970496.000000
3.832500 -72.117500 -32.497501 313070880.000000
7.472500 -72.502502 -9.695000 313170496.000000
20.247499 -115.482498 5.285000 313270752.000000
14.962500 -200.392502 28.927500 313370464.000000
20.632500 -286.842499 19.302500 313470784.000000
18.707500 -293.912506 13.457500 313570368.000000
2.852500 -314.352509 -3.990000 313670400.000000
-0.472500 -235.952499 -5.950000 313770400.000000
21.770000 -155.802505 -4.462500 313870400.000000
9.905000 -142.747498 -3.290000 313970400.000000
3.237500 -160.527496 -0.525000 314070464.000000
-13.895000 -119.927498 -17.184999 314170400.000000
-0.070000 -99.837502 -21.559999 314270432.000000
-6.020000 -165.007507 -31.377501 314370368.000000
-11.147500 -373.292511 22.277500 314470400.000000
-11.655000 -189.157501 10.955000 314570368.000000
-25.549999 -124.337502 -16.415001 314670368.000000
41.772499 -156.852493 57.994999 314770400.000000
59.237499 -125.667503 24.377501 314870816.000000
6.370000 -177.432495 -34.755001 314970560.000000
-12.250000 -109.322502 -69.702499 315070976.000000
-76.597504 -73.552498 -62.527500 315170400.000000
-89.949997 -73.167503 -11.567500 315270464.000000
18.059999 -78.067497 -9.730000 315370496.000000
40.320000 -51.467499 0.525000 315470400.000000
3.325000 -103.022499 7.035000 315570848.000000
-5.425000 -239.907501 15.225000 315670400.000000
1.907500 -245.262497 -8.890000 315770944.000000
-17.202499 -337.172516 -17.902500 315870400.000000
-12.162500 -362.617493 -24.535000 315970368.000000
6.895000 -324.712494 -31.500000 316070400.000000
2.135000 -117.827499 -13.527500 316170400.000000
6.877500 -98.822502 -10.342500 316270400.000000
-10.762500 -125.562500 6.755000 316370368.000000
-10.395000 -129.937500 5.267500 316470400.000000
-65.537498 -149.152496 8.400000 316570368.000000
32.637501 -98.612503 41.387501 316670368.000000
-13.790000 -59.972500 -0.105000 316770464.000000
2.642500 -77.507500 3.587500 316870464.000000
11.340000 -79.957497 -15.680000 316971744.000000
23.835001 -115.027504 -19.337500 317070464.000000
14.997500 -171.237503 -8.890000 317170560.000000
29.767500 -170.712494 -20.492500 317270880.000000
-0.052500 -193.497498 20.212500 317370560.000000
-12.442500 -141.802505 26.355000 317470560.000000
-14.245000 -99.697502 22.592501 317570944.000000
-7.087500 -59.307499 -2.502500 317670496.000000
-7.577500 -11.777500 -1.855000 317770816.000000
-16.450001 7.647500 -2.520000 317870464.000000
-12.880000 -4.462500 0.665000 317970976.000000
-10.045000 -4.462500 -3.552500 318070496.000000
-2.642500 -16.012501 1.960000 318170848.000000
-3.797500 6.912500 3.325000 318270560.000000
-5.040000 13.457500 -1.452500 318370688.000000
-1.890000 9.047500 -0.717500 318470528.000000
-4.025000 0.262500 0.717500 318571200.000000
-5.302500 -1.312500 2.817500 318670560.000000
-6.037500 0.787500 1.137500 318770848.000000
-3.797500 1.662500 3.237500 318870464.000000
-6.265000 2.747500 1.050000 318970944.000000
-3.377500 2.082500 2.467500 319070496.000000
-4.445000 1.137500 2.030000 319170912.000000
-5.442500 0.507500 1.750000 319270560.000000
-4.690000 -0.472500 2.537500 319370720.000000
-4.270000 -0.087500 2.520000 319470496.000000
-4.935000 0.017500 2.870000 319570880.000000
-4.550000 0.017500 1.925000 319670528.000000
-5.337500 1.172500 1.977500 319771008.000000
-5.512500 0.927500 4.287500 319870560.000000
-4.235000 3.902500 4.585000 319970528.000000
-2.257500 6.002500 3.150000 320071104.000000
-5.092500 8.732500 4.077500 320170496.000000
-6.125000 8.382500 4.812500 320271040.000000
8.785000 0.787500 7.945000 320370624.000000
-28.105000 -18.357500 9.380000 320470400.000000
-14.385000 -8.732500 12.687500 320570368.000000
-30.817501 16.572500 -5.880000 320670368.000000
-14.175000 -5.057500 -8.155000 320770400.000000
-7.280000 17.517500 -10.710000 320870400.000000
-17.552500 2.047500 -7.472500 320970400.000000
-22.469999 10.867500 -15.330000 321070496.000000
-7.420000 0.647500 4.550000 321170752.000000
3.692500 1.312500 13.597500 321270464.000000
0.122500 -2.152500 1.890000 321370880.000000
0.490000 13.142500 4.340000 321470624.000000
2.520000 -8.732500 5.145000 321571136.000000
3.552500 -6.177500 4.147500 321670464.000000
-3.902500 11.217500 6.002500 321770880.000000
-4.952500 12.127500 5.197500 321870560.000000
-4.900000 8.102500 9.345000 321970688.000000
-4.742500 6.737500 2.642500 322070496.000000
-4.865000 -1.557500 2.257500 322170944.000000
-4.812500 0.297500 2.275000 322270816.000000
-4.830000 -0.507500 2.292500 322370816.000000
-4.847500 0.507500 2.240000 322470496.000000
-4.865000 0.017500 2.275000 322570752.000000
-4.882500 0.192500 2.292500 322670496.000000
-4.847500 0.157500 2.257500 322770944.000000
-4.847500 0.157500 2.275000 322870528.000000
-4.847500 0.157500 2.257500 322970976.000000
-4.830000 0.157500 2.275000 323070624.000000
-4.865000 0.192500 2.257500 323170944.000000
-4.812500 0.192500 2.257500 323270496.000000
-4.830000 0.192500 2.240000 323370784.000000
-4.865000 0.192500 2.275000 323470528.000000
-4.847500 0.157500 2.310000 323571008.000000
-4.865000 0.122500 2.257500 323670528.000000
-4.865000 0.157500 2.257500 323771040.000000
-4.865000 0.157500 2.275000 323870528.000000
-4.830000 0.157500 2.292500 323970752.000000
-4.847500 1.242500 2.117500 324070496.000000
-4.865000 -0.752500 0.770000 324170912.000000
-4.550000 -0.507500 -14.945000 324270848.000000
-4.287500 -4.182500 -49.525002 324370784.000000
-3.482500 -2.432500 -107.029999 324470496.000000
-3.202500 0.052500 -157.167496 324571136.000000
-3.815000 -8.312500 -189.717499 324670560.000000
-6.510000 -12.512500 -175.664993 324770752.000000
-8.015000 -1.417500 -149.029999 324870464.000000
-6.230000 3.972500 -190.259995 324970880.000000
-5.530000 -3.727500 -113.084999 325070496.000000
-5.792500 6.142500 -110.425003 325170880.000000
-4.130000 9.607500 -91.507500 325270464.000000
8.680000 17.692499 -79.922501 325370880.000000
6.597500 -17.762501 -111.754997 325470496.000000
-2.257500 -8.417500 -60.847500 325570912.000000
3.027500 16.537500 -151.794998 325670496.000000
-13.702500 -2.677500 -152.652496 325770880.000000
-42.367500 -7.997500 -162.977493 325870464.000000
-5.180000 2.607500 -257.005005 325970880.000000
-3.797500 2.992500 -143.955002 326070592.000000
-4.427500 0.297500 -44.029999 326170912.000000
-4.830000 0.192500 2.327500 326270528.000000
-4.847500 0.192500 2.292500 326370720.000000
-4.847500 0.227500 2.257500 326470496.000000
-4.900000 0.507500 3.447500 326570944.000000
-4.672500 0.822500 -31.395000 326670464.000000
-4.060000 2.747500 -104.580002 326770880.000000
-2.887500 2.187500 -147.647507 326870528.000000
-1.715000 3.482500 -226.012497 326970944.000000
-1.645000 0.647500 -220.955002 327070528.000000
-2.712500 1.067500 -199.692505 327170976.000000
-4.252500 -10.762500 -154.524994 327270496.000000
-7.315000 -14.612500 -120.137497 327370944.000000
-13.545000 -3.657500 -115.482498 327470528.000000
1.872500 -1.732500 -183.014999 327573408.000000
-5.897500 5.197500 -46.707500 327670400.000000
-4.917500 0.542500 -1.032500 327770624.000000
-4.847500 0.262500 2.380000 327870560.000000
-4.847500 0.192500 2.257500 327970528.000000
-4.847500 0.192500 2.257500 328070496.000000
-4.847500 0.192500 2.257500 328170688.000000
-4.882500 0.192500 2.257500 328270560.000000
-4.830000 0.192500 2.240000 328370752.000000
-4.865000 0.192500 2.275000 328470528.000000
-5.425000 0.017500 -11.007500 328570944.000000
-6.107500 0.122500 -25.777500 328670688.000000
-7.945000 0.087500 -70.437500 328770944.000000
-7.595000 6.772500 -121.292503 328870400.000000
-8.977500 -0.052500 -135.520004 328970368.000000
-9.345000 -2.362500 -138.477493 329070432.000000
-10.202500 -2.467500 -162.942505 329170368.000000
-11.497500 -2.012500 -201.687500 329270496.000000
-11.672500 -2.117500 -213.500000 329370720.000000
-10.430000 7.087500 -197.242508 329474112.000000
-3.430000 20.002501 -176.994995 329570528.000000
-3.780000 0.297500 -66.622498 329670720.000000
-3.605000 -0.962500 -73.465004 329770496.000000
-4.497500 -1.032500 -19.162500 329870784.000000
-4.707500 -7.927500 -6.282500 329970528.000000
-3.920000 7.577500 -82.792503 330071200.000000
6.230000 13.772500 -153.772507 330170560.000000
-1.102500 -20.037500 -107.309998 330271136.000000
-9.100000 -33.687500 -76.510002 330370560.000000
-2.835000 2.117500 -0.857500 330470976.000000
-8.400000 -5.197500 31.202499 330570624.000000
-2.835000 0.717500 63.192501 330670976.000000
-1.942500 1.172500 73.114998 330770496.000000
-4.042500 0.367500 23.379999 330870976.000000
-4.900000 0.192500 2.292500 330970656.000000
-4.900000 0.192500 2.257500 331071040.000000
-4.007500 2.012500 10.412500 331170528.000000
-6.877500 -2.607500 -23.799999 331270784.000000
-9.152500 -2.817500 -76.632500 331370464.000000
-12.565000 -9.187500 -116.952499 331470880.000000
1.872500 -4.532500 -82.582497 331570496.000000
-22.785000 18.637501 -163.607498 331670880.000000
-18.305000 22.417500 -52.552502 331770464.000000
-15.260000 17.167500 -90.912498 331870912.000000
0.630000 4.777500 -135.327499 331970720.000000
2.362500 -3.692500 -177.712494 332071008.000000
-0.210000 -3.237500 -165.077499 332170464.000000
-1.697500 3.027500 -149.712494 332270816.000000
-2.257500 0.297500 -118.982498 332370560.000000
-3.570000 2.467500 -70.035004 332471008.000000
-2.485000 -0.437500 -111.264999 332570528.000000
-1.540000 1.452500 -203.875000 332670976.000000
-3.062500 0.087500 -133.927505 332770496.000000
-4.742500 -2.607500 -91.805000 332871072.000000
-5.022500 -3.342500 -63.857502 332970848.000000
-3.132500 7.892500 -104.790001 333071136.000000
-3.325000 -1.907500 -126.052498 333170368.000000
-3.570000 -21.367500 -10.342500 333270368.000000
-6.072500 9.502500 -0.735000 333370944.000000
-5.215000 5.827500 2.415000 333470528.000000
-4.935000 1.312500 2.310000 333570848.000000
-4.900000 0.472500 2.310000 333670464.000000
-4.865000 0.227500 2.310000 333771008.000000
-5.005000 -5.267500 -18.025000 333870464.000000
-5.477500 -0.402500 -54.670002 333970880.000000
-6.387500 11.392500 -130.410004 334070528.000000
-4.340000 -2.677500 -153.282501 334170816.000000
-4.900000 -7.157500 -172.934998 334270528.000000
-7.385000 1.662500 -158.007507 334371136.000000
-6.282500 -2.257500 -114.537498 334470560.000000
-8.872500 6.947500 -100.625000 334570784.000000
-6.230000 -1.347500 -110.705002 334670496.000000
-6.930000 3.167500 -120.067497 334770816.000000
-6.720000 5.407500 -103.635002 334870464.000000
2.485000 11.532500 -99.959999 334970848.000000
28.332500 -19.652500 -66.044998 335070592.000000
-5.512500 -26.022501 -83.195000 335171104.000000
-57.994999 24.622499 -69.317497 335270560.000000
-4.760000 3.027500 -73.044998 335371008.000000
-8.417500 11.917500 -109.497498 335470560.000000
-3.430000 -1.802500 -135.467499 335571008.000000
-0.122500 -16.257500 -91.927498 335670496.000000
-9.537500 12.932500 11.445000 335770976.000000
-4.900000 0.227500 2.415000 335870560.000000
-4.322500 -1.207500 1.452500 335971264.000000
-4.812500 -0.087500 2.152500 336070560.000000
-4.287500 -1.522500 1.277500 336171008.000000
-4.375000 -2.187500 -39.830002 336270496.000000
-8.312500 6.562500 -87.535004 336370784.000000
-7.350000 -3.727500 -176.820007 336470464.000000
-10.395000 8.487500 -199.815002 336570976.000000
-10.850000 10.447500 -175.350006 336670496.000000
-10.430000 20.002501 -157.377502 336770880.000000
-11.112500 26.547501 -171.762497 336870496.000000
5.985000 21.332500 -145.145004 336971040.000000
4.602500 11.392500 -162.645004 337070496.000000
14.262500 9.642500 -99.925003 337170944.000000
2.362500 -31.727501 -122.815002 337270528.000000
2.800000 -21.122499 -110.652504 337370976.000000
4.410000 -10.097500 -88.182503 337470528.000000
5.530000 15.767500 -101.902504 337570880.000000
-5.355000 9.782500 -73.989998 337670464.000000
-4.445000 -1.277500 -35.297501 337770944.000000
-4.585000 -3.062500 -1.645000 337870496.000000
-4.812500 -1.452500 0.840000 337970944.000000
-4.847500 -6.177500 -9.555000 338070624.000000
-4.952500 3.307500 2.187500 338170880.000000
-4.742500 -7.297500 2.590000 338270496.000000
-4.777500 5.757500 7.735000 338370912.000000
-4.742500 -0.752500 8.260000 338470464.000000
-4.445000 -1.417500 35.314999 338570752.000000
-5.057500 -9.537500 2.450000 338670528.000000
-5.075000 8.907500 2.100000 338771168.000000
-4.970000 4.777500 2.222500 338870528.000000
-4.987500 4.217500 2.187500 338971040.000000
-5.215000 8.452500 2.135000 339070560.000000
-4.760000 7.052500 2.152500 339171136.000000
-4.847500 -7.927500 2.415000 339270560.000000
-4.900000 2.677500 2.222500 339371168.000000
-4.882500 1.872500 2.205000 339470496.000000
-4.795000 -2.047500 2.345000 339571328.000000
-4.882500 0.017500 2.292500 339670496.000000
-4.865000 0.542500 2.275000 339770784.000000
-4.847500 -0.297500 2.292500 339870528.000000
-4.847500 0.402500 2.292500 339970784.000000
-4.830000 0.122500 2.257500 340070496.000000
-4.865000 0.192500 2.275000 340171072.000000
-4.865000 3.447500 2.205000 340270528.000000
-4.830000 1.277500 2.257500 340370912.000000
-4.847500 -0.122500 2.467500 340470528.000000
-4.795000 1.067500 2.310000 340570976.000000
-4.830000 -2.222500 3.412500 340670528.000000
-4.900000 -0.017500 2.485000 340771008.000000
-4.847500 -0.367500 2.240000 340870496.000000
-4.865000 -0.087500 2.730000 340970720.000000
-4.865000 1.207500 2.240000 341070624.000000
-4.900000 -1.767500 2.275000 341170752.000000
-4.830000 -1.102500 2.275000 341270528.000000
-4.812500 -1.977500 2.747500 341370752.000000
-5.005000 -1.452500 24.570000 341470496.000000
-3.517500 -17.692499 83.125000 341570880.000000
-1.452500 2.852500 160.002502 341670496.000000
-0.647500 8.907500 207.235001 341771008.000000
-4.235000 21.157499 226.607498 341870496.000000
-10.360000 23.292500 198.800003 341970816.000000
-15.645000 -15.837500 211.627502 342070528.000000
-5.477500 -6.562500 83.632500 342170848.000000
-4.847500 -0.367500 5.757500 342270464.000000
-4.917500 9.047500 2.135000 342370784.000000
-4.900000 -6.142500 2.362500 342470496.000000
-4.882500 5.582500 2.187500 342571168.000000
-4.812500 -5.827500 2.397500 342670368.000000
-5.390000 15.382500 54.320000 342770432.000000
-16.625000 34.002499 172.024994 342870432.000000
-17.184999 -6.702500 177.992508 342970528.000000
-11.462500 -24.902500 172.794998 343070560.000000
-5.775000 -13.037500 120.050003 343170528.000000
-5.127500 7.052500 164.482498 343270784.000000
-7.192500 11.497500 169.294998 343370496.000000
-13.265000 47.827499 240.345001 343470752.000000
-28.577499 0.962500 226.537506 343570528.000000
-17.097500 12.267500 90.282501 343670912.000000
-27.195000 42.717499 130.095001 343770752.000000
-37.485001 28.822500 169.242508 343870816.000000
-10.342500 -85.172501 106.242500 343970496.000000
-11.042500 -25.392500 98.227501 344071328.000000
-5.372500 -1.032500 18.025000 344170496.000000
-4.847500 0.157500 2.310000 344270912.000000
-4.865000 0.192500 2.275000 344370496.000000
-4.900000 0.227500 2.240000 344470848.000000
-5.705000 3.762500 10.657500 344570368.000000
-8.050000 -9.187500 140.402496 344670432.000000
-9.502500 1.067500 179.865005 344772064.000000
-11.672500 6.562500 153.912506 344871360.000000
-11.060000 -1.277500 92.540001 344970496.000000
-9.240000 4.007500 105.805000 345070784.000000
-15.225000 -7.787500 182.839996 345170496.000000
-10.220000 7.542500 215.862503 345270816.000000
-12.932500 -9.222500 198.782501 345370528.000000
-8.540000 11.847500 177.782501 345470816.000000
-11.777500 5.337500 123.514999 345570560.000000
-10.622500 -22.137501 116.077499 345670880.000000
-8.067500 -1.452500 151.095001 345770464.000000
-7.157500 23.082500 85.872498 345871008.000000
-8.452500 -6.877500 83.790001 345970496.000000
-5.652500 -1.452500 21.507500 346070816.000000
-4.882500 1.347500 2.240000 346170496.000000
-4.865000 0.332500 2.275000 346271008.000000
-4.900000 0.262500 2.292500 346370464.000000
-4.882500 0.192500 2.257500 346470848.000000
-4.970000 -11.462500 2.345000 346570464.000000
-6.947500 -8.347500 79.502502 346670400.000000
-5.337500 0.332500 47.897499 346770560.000000
-6.510000 -0.787500 83.492500 346870560.000000
-5.075000 7.927500 189.647507 346970688.000000
-12.092500 20.912500 198.222504 347070592.000000
-14.245000 7.752500 220.167496 347170784.000000
-19.355000 -9.677500 171.115005 347270496.000000
-13.825000 -5.652500 168.384995 347371072.000000
-16.082500 -6.632500 229.127502 347470528.000000
-7.175000 21.507500 75.775002 347571040.000000
-11.042500 6.702500 98.840004 347670496.000000
-11.200000 -0.542500 93.257500 347771072.000000
-9.660000 4.182500 171.762497 347870528.000000
-20.422501 -27.702499 180.022507 347970976.000000
-7.997500 13.387500 126.455002 348070528.000000
-3.675000 -29.872499 5.845000 348170976.000000
-5.355000 24.132500 -26.792500 348270528.000000
-4.882500 -0.017500 2.275000 348371040.000000
-4.865000 0.157500 2.257500 348470496.000000
-4.900000 -2.292500 2.362500 348571264.000000
-5.267500 -5.687500 7.997500 348670368.000000
-5.320000 9.292500 23.625000 348770848.000000
-5.285000 12.442500 21.647501 348870400.000000
-6.895000 6.772500 39.654999 348970368.000000
-7.087500 1.627500 40.477501 349070528.000000
-7.892500 5.092500 45.727501 349170720.000000
-7.070000 2.432500 78.032501 349270464.000000
-3.482500 -23.922501 94.745003 349370720.000000
-7.927500 17.727501 185.482498 349470560.000000
-16.327499 -6.177500 40.950001 349570720.000000
-37.432499 -30.572500 51.572498 349670784.000000
-0.157500 7.787500 60.252499 349770720.000000
-5.547500 -7.997500 55.982502 349870528.000000
-3.342500 1.172500 37.485001 349970976.000000
-6.772500 -17.552500 61.110001 350070656.000000
-3.045000 -0.682500 39.462502 350170816.000000
-3.867500 1.137500 13.597500 350270464.000000
-4.200000 0.472500 9.275000 350370816.000000
-5.897500 -8.067500 8.977500 350470496.000000
-4.130000 -3.272500 22.960001 350570944.000000
-2.555000 7.087500 24.062500 350670528.000000
-1.995000 10.027500 11.917500 350771008.000000
-2.432500 16.502501 -11.480000 350870528.000000
-5.372500 10.377500 45.744999 350970816.000000
-6.930000 -2.187500 88.217499 351070496.000000
-5.005000 0.542500 8.505000 351171104.000000
-8.085000 -1.312500 156.327499 351270528.000000
-7.945000 -2.677500 135.869995 351370816.000000
-9.660000 1.557500 209.072495 351470496.000000
-8.400000 -6.982500 122.815002 351571328.000000
-5.670000 1.067500 38.132500 351670528.000000
-4.935000 0.192500 1.872500 351770880.000000
-4.935000 0.157500 2.292500 351870496.000000
-4.917500 0.192500 2.257500 351970752.000000
-4.900000 0.192500 2.275000 352070464.000000
-4.760000 3.657500 2.222500 352170816.000000
-6.335000 -3.272500 52.430000 352270496.000000
-7.192500 2.432500 98.507500 352370848.000000
-7.472500 -3.307500 86.379997 352470464.000000
-7.280000 -0.857500 91.997498 352570752.000000
-7.857500 -3.132500 127.855003 352670496.000000
-8.207500 -0.857500 138.669998 352770848.000000
-5.950000 -0.262500 46.112499 352870496.000000
-4.882500 0.437500 2.310000 352970848.000000
-4.865000 0.087500 2.310000 353070624.000000
-4.865000 -3.447500 6.335000 353170432.000000
-7.682500 30.187500 80.272499 353270400.000000
-17.482500 18.147501 176.294998 353370720.000000
-10.062500 -27.457500 93.677498 353470560.000000
-10.097500 42.857502 125.195000 353570496.000000
-11.322500 -12.932500 123.270004 353671104.000000
-8.802500 33.127499 129.990005 353770528.000000
-26.635000 10.412500 160.072495 353870688.000000
-27.947500 -2.082500 136.184998 353970528.000000
-30.450001 -48.807499 164.552505 354070688.000000
-13.020000 -46.777500 273.717499 354170528.000000
-6.667500 -10.342500 146.089996 354270880.000000
-4.760000 3.762500 5.127500 354370496.000000
-4.882500 7.857500 2.065000 354471232.000000
-4.917500 2.467500 2.187500 354570592.000000
-5.267500 12.862500 3.850000 354670432.000000
-5.582500 -8.312500 33.775002 354770368.000000
-4.830000 0.962500 8.295000 354870464.000000
-4.917500 2.047500 2.222500 354970752.000000
-4.812500 -2.572500 2.310000 355070496.000000
-5.092500 18.217501 9.467500 355170880.000000
-5.180000 12.162500 20.545000 355270560.000000
-10.482500 21.927500 63.927502 355370976.000000
-9.240000 -4.777500 78.207497 355470400.000000
-7.752500 -74.672501 117.547501 355570432.000000
-1.225000 10.517500 45.342499 355670880.000000
-3.430000 -0.192500 53.025002 355770496.000000
2.852500 -1.662500 79.590004 355870944.000000
0.000000 19.757500 18.672501 355970496.000000
-61.424999 29.662500 -0.507500 356071360.000000
-106.627502 -9.292500 13.300000 356170496.000000
-79.169998 5.337500 28.087500 356270944.000000
-34.790001 -7.437500 5.757500 356370528.000000
-109.952499 -7.297500 20.177500 356470976.000000
-95.742500 -32.567501 4.620000 356570592.000000
-10.062500 -27.877501 2.485000 356670784.000000
28.017500 16.607500 11.672500 356770496.000000
66.114998 25.462500 10.640000 356871008.000000
11.112500 31.202499 60.042500 356970368.000000
40.232502 41.842499 90.614998 357070784.000000
-35.612499 -1.137500 66.535004 357170368.000000
14.192500 13.177500 -42.682499 357270848.000000
-8.295000 7.297500 -16.170000 357370496.000000
174.824997 -91.402504 -10.272500 357472992.000000
42.209999 -0.367500 32.007500 357570496.000000
27.755001 1.627500 61.145000 357670816.000000
-15.662500 7.577500 59.727501 357770432.000000
-10.167500 -8.452500 63.472500 357870496.000000
3.657500 6.737500 67.847504 357970368.000000
1.487500 -17.902500 56.665001 358070400.000000
-44.974998 -25.357500 43.154999 358170368.000000
-2.887500 -28.227501 13.860000 358295104.000000
11.865000 -11.602500 1.680000 358395392.000000
-1.137500 11.497500 24.867500 358495392.000000
-5.512500 37.082500 3.867500 358595424.000000
-5.180000 4.637500 2.047500 358695424.000000
-4.900000 0.297500 2.275000 358795360.000000
-4.917500 0.122500 2.240000 358913824.000000
-4.935000 0.227500 2.257500 359010336.000000
-4.917500 0.157500 2.240000 359110432.000000
-4.952500 0.192500 2.240000 359216800.000000
-4.917500 0.157500 2.222500 359315968.000000
-4.935000 0.157500 2.222500 359416832.000000
-4.952500 0.192500 2.240000 359535360.000000
-4.935000 0.227500 2.257500 359635392.000000
-4.917500 0.157500 2.222500 359735392.000000
-4.935000 0.157500 2.222500 359836320.000000
-4.935000 0.157500 2.222500 359946496.000000
-4.970000 0.157500 2.205000 360046368.000000
-5.005000 0.157500 2.222500 360145920.000000
-4.987500 0.192500 2.222500 360245920.000000
-4.987500 0.192500 2.205000 360346400.000000
-4.987500 0.227500 2.222500 360446400.000000
-4.970000 0.192500 2.222500 360546304.000000
-4.987500 0.192500 2.205000 360646496.000000
-4.987500 0.157500 2.222500 360746080.000000
-4.970000 0.192500 2.240000 360846624.000000
-4.970000 0.192500 2.292500 360946048.000000
-4.970000 0.192500 2.275000 361047520.000000
-4.987500 0.192500 2.205000 361146528.000000
-4.987500 0.192500 2.257500 361246272.000000
-4.795000 -0.612500 2.310000 361346112.000000
-5.040000 0.892500 2.257500 361446080.000000
-4.970000 0.192500 2.275000 361546464.000000
-4.987500 0.192500 2.275000 361645952.000000
-4.987500 0.192500 2.275000 361746016.000000
-4.970000 0.227500 2.292500 361846464.000000
-4.970000 0.192500 2.275000 361946016.000000
-4.952500 0.192500 2.240000 362046688.000000
-4.952500 0.192500 2.275000 362146144.000000
-5.005000 0.192500 2.257500 362246368.000000
-4.970000 0.227500 2.257500 362346400.000000
-4.970000 0.157500 2.257500 362445824.000000
-4.970000 0.227500 2.275000 362546176.000000
-4.987500 0.227500 2.292500 362646464.000000
-4.987500 0.192500 2.257500 362746272.000000
-5.005000 0.192500 2.275000 362845824.000000
-4.987500 0.192500 2.292500 362946208.000000
-4.970000 0.227500 2.275000 363046528.000000
-4.935000 0.192500 2.257500 363146336.000000
-4.952500 0.227500 2.275000 363245856.000000
-4.952500 0.192500 2.275000 363346176.000000
-5.005000 0.192500 2.240000 363445856.000000
-4.952500 0.227500 2.275000 363546432.000000
-4.952500 0.227500 2.275000 363646400.000000
-4.987500 0.192500 2.275000 363746144.000000
-4.952500 0.192500 2.257500 363845856.000000
-4.952500 0.192500 2.275000 363946240.000000
-4.952500 0.192500 2.257500 364045824.000000
-4.952500 0.227500 2.257500 364146112.000000
-4.935000 0.192500 2.292500 364245888.000000
-4.952500 0.192500 2.257500 364346272.000000
-4.935000 0.192500 2.292500 364445824.000000
-4.917500 0.192500 2.275000 364546176.000000
-4.935000 0.192500 2.310000 364646208.000000
-4.935000 0.192500 2.240000 364745984.000000
-4.970000 0.192500 2.275000 364846176.000000
-4.987500 0.192500 2.292500 364945920.000000
-4.970000 0.192500 2.257500 365046272.000000
-4.935000 0.192500 2.257500 365146016.000000
-4.952500 0.157500 2.257500 365246336.000000
-4.917500 0.192500 2.257500 365345792.000000
-4.935000 0.192500 2.292500 365445728.000000
-4.952500 0.192500 2.275000 365546048.000000
-4.952500 0.192500 2.292500 365646016.000000
-4.935000 0.227500 2.275000 365746080.000000
-4.935000 0.157500 2.310000 365846080.000000
-4.952500 0.192500 2.275000 365945376.000000
-4.952500 0.192500 2.240000 366050336.000000
-4.917500 0.192500 2.257500 366150336.000000
-4.935000 0.157500 2.222500 366255680.000000
-4.970000 0.157500 2.222500 366355360.000000
-4.970000 0.157500 2.240000 366455424.000000
-4.987500 0.227500 2.240000 366555392.000000
-4.970000 0.192500 2.240000 366655488.000000
-4.970000 0.192500 2.257500 366755360.000000
-4.987500 0.192500 2.222500 366855392.000000
-4.970000 0.192500 2.222500 366955424.000000
-4.970000 0.192500 2.222500 367055456.000000
-4.970000 0.157500 2.187500 367155424.000000
-4.987500 0.192500 2.222500 367260352.000000
-4.952500 0.192500 2.240000 367360352.000000
-4.987500 0.192500 2.205000 367460352.000000
-4.987500 0.192500 2.222500 367560352.000000
-4.987500 0.192500 2.187500 367660448.000000
-5.005000 0.192500 2.240000 367760352.000000
-5.022500 0.192500 2.187500 367860416.000000
-5.040000 0.192500 2.257500 367960352.000000
-5.022500 0.157500 2.205000 368060352.000000
-5.005000 0.192500 2.222500 368160480.000000
-5.005000 0.192500 2.205000 368260416.000000
-5.040000 0.192500 2.205000 368360352.000000
-5.022500 0.192500 2.240000 368460352.000000
-5.005000 0.157500 2.222500 368560416.000000
-5.022500 0.192500 2.205000 368660352.000000
-5.005000 0.227500 2.170000 368760352.000000
-5.022500 0.192500 2.187500 368860320.000000
-5.005000 0.192500 2.187500 368960352.000000
-5.022500 0.192500 2.187500 369060416.000000
-5.057500 0.192500 2.240000 369160416.000000
-5.040000 0.227500 2.205000 369260416.000000
-5.057500 0.192500 2.222500 369360352.000000
-5.040000 0.192500 2.170000 369460416.000000
-5.075000 0.227500 2.187500 369560416.000000
-5.057500 0.192500 2.205000 369660512.000000
-5.040000 0.192500 2.205000 369760352.000000
-5.075000 0.227500 2.205000 369860416.000000
-5.057500 0.227500 2.170000 369960384.000000
-5.075000 0.262500 2.205000 370060352.000000
-5.057500 0.262500 2.205000 370160384.000000
-5.092500 0.192500 2.187500 370260384.000000
-5.092500 0.192500 2.222500 370360352.000000
-5.075000 0.227500 2.187500 370460384.000000
-5.092500 0.262500 2.222500 370560352.000000
-5.075000 0.227500 2.187500 370660416.000000
-5.057500 0.192500 2.187500 370760352.000000
-5.092500 0.227500 2.222500 370860416.000000
-5.092500 0.262500 2.187500 370960384.000000
-5.110000 0.227500 2.222500 371060384.000000
-5.040000 0.192500 2.170000 371160480.000000
-5.092500 0.227500 2.222500 371260384.000000
-5.075000 0.192500 2.187500 371360384.000000
-5.092500 0.227500 2.187500 371460384.000000
-5.075000 0.227500 2.205000 371560352.000000
-5.075000 0.192500 2.222500 371660320.000000
-5.092500 0.192500 2.152500 371770400.000000
-5.110000 0.227500 2.187500 371870336.000000
-5.092500 0.227500 2.187500 371970432.000000
-5.110000 0.227500 2.205000 372070432.000000
-5.110000 0.227500 2.152500 372170432.000000
-5.092500 0.192500 2.187500 372270432.000000
-5.127500 0.227500 2.205000 372370432.000000
-5.092500 0.227500 2.152500 372475392.000000
-5.127500 0.227500 2.222500 372575392.000000
