-0.787500 1.032500 -0.157500 12855715482
-0.700000 1.487500 -0.052500 12855740465
-0.175000 0.507500 3.255000 12855765459
-0.875000 1.995000 6.632500 12855790465
-0.630000 0.507500 13.247500 12855815489
2.712500 1.347500 36.522499 12855840494
9.012500 -7.875000 69.754997 12855865460
13.562500 -6.247500 103.862503 12855890460
22.960001 26.372499 120.610001 12855915486
14.770000 34.020000 139.737503 12855940492
19.565001 -0.070000 161.402496 12855965430
29.277500 -7.962500 162.470001 12855990461
35.455002 8.382500 154.612503 12856015470
37.380001 7.770000 151.392502 12856040461
34.247501 8.085000 152.039993 12856065422
27.615000 0.227500 141.750000 12856090461
25.865000 0.822500 133.524994 12856115503
25.480000 7.262500 128.169998 12856140467
23.852501 16.397501 136.430008 12856165419
18.007500 15.400000 139.877502 12856190454
16.695000 11.550000 138.232498 12856215479
16.467501 5.075000 132.300003 12856240456
14.227500 18.427500 126.735001 12856265458
4.252500 20.895000 118.597504 12856290459
1.207500 22.365000 113.067497 12856315487
-3.972500 25.410000 102.952499 12856340422
-10.937500 26.355000 95.129997 12856365456
-5.617500 31.342501 89.652504 12856390459
-4.392500 26.232500 80.762497 12856415482
-4.427500 28.787500 77.209999 12856440454
-6.702500 23.992500 76.160004 12856465420
-5.040000 18.094999 67.794998 12856490458
-9.415000 17.570000 63.980000 12856515476
-17.080000 0.350000 64.260002 12856540460
-11.217500 -3.832500 57.330002 12856565430
-6.422500 4.865000 44.747501 12856590458
-6.440000 13.510000 34.842499 12856615488
-4.952500 2.590000 32.987499 12856640414
-0.560000 -1.155000 24.762501 12856665458
-5.495000 0.420000 19.950001 12856690420
-4.515000 2.082500 17.657499 12856715476
-2.415000 -1.190000 14.157500 12856740457
-2.765000 -0.875000 11.287500 12856765424
-4.357500 -0.997500 7.122500 12856790458
-2.835000 1.277500 3.150000 12856815482
-0.595000 2.607500 1.207500 12856840459
-1.522500 3.325000 -0.595000 12856865460
0.192500 3.867500 -2.660000 12856890459
2.117500 4.742500 -3.937500 12856915474
1.540000 2.660000 -1.102500 12856940459
