-5.400000 -9.120000 3.240000 12855700327
-5.280000 -9.240000 3.240000 12855725266
-5.340000 -9.300000 3.180000 12855750157
-5.160000 -9.480000 3.480000 12855775141
-5.460000 -9.300000 3.300000 12855800329
-5.520000 -9.000000 3.240000 12855825288
-5.280000 -9.120000 3.360000 12855850147
-5.580000 -8.820000 3.300000 12855875147
-5.820000 -8.580000 3.540000 12855900359
-5.940000 -8.460000 3.540000 12855925283
-6.360000 -8.040000 3.360000 12855952703
-6.420000 -7.740000 3.420000 12855975106
-6.540000 -7.140000 3.420000 12856000383
-6.720000 -7.080000 3.600000 12856025288
-6.900000 -6.300000 3.300000 12856050143
-6.840000 -6.120000 3.720000 12856075248
-6.960000 -5.520000 3.600000 12856100349
-7.200000 -5.040000 3.600000 12856125288
-7.140000 -5.100000 3.900000 12856150166
-7.200000 -4.560000 3.360000 12856175147
-7.200000 -4.200000 3.600000 12856200351
-7.080000 -4.200000 3.360000 12856225313
-7.080000 -3.360000 3.360000 12856250137
-6.660000 -3.060000 3.180000 12856275144
-7.020000 -2.940000 3.420000 12856300368
-6.360000 -2.400000 3.360000 12856325277
-6.660000 -2.700000 3.300000 12856350140
-6.240000 -2.160000 3.240000 12856375169
-6.240000 -1.920000 3.000000 12856400351
-6.240000 -1.920000 3.120000 12856425278
-5.880000 -1.560000 2.880000 12856450164
-5.880000 -1.080000 3.000000 12856475147
-5.880000 -1.200000 2.760000 12856500344
-5.700000 -1.380000 2.940000 12856525303
-5.460000 -1.140000 2.940000 12856550144
-5.460000 -0.780000 2.700000 12856575148
-5.220000 -1.140000 3.180000 12856600362
-5.220000 -0.660000 3.180000 12856625279
-5.340000 -0.900000 2.940000 12856650139
-5.280000 -0.840000 2.880000 12856675167
-5.340000 -0.540000 2.820000 12856700336
-5.280000 -0.720000 2.880000 12856725282
-5.340000 -0.660000 3.300000 12856750160
-5.220000 -0.540000 3.060000 12856775152
-5.400000 -0.600000 3.120000 12856800346
-5.100000 -0.540000 3.300000 12856825278
-5.460000 -0.900000 3.180000 12856850149
-5.400000 -0.480000 3.000000 12856875144
-5.100000 -0.660000 2.940000 12856900342
-5.400000 -0.480000 3.000000 12856925276
