-0.460913 0.137293 9.679165 12671705351
-0.362846 0.196133 10.032204 12671730350
-0.196133 0.254973 10.355824 12671755353
-0.166713 0.294200 10.395051 12671780345
-0.254973 0.382459 10.502923 12671805347
-0.196133 0.509946 10.483310 12671830354
-0.245166 0.470719 10.414664 12671855343
-0.372653 0.362846 9.992978 12671880352
-0.451106 0.431493 9.973364 12671905347
-0.470719 0.460913 9.904717 12671930342
-0.509946 0.529559 9.757618 12671955343
-0.617819 0.480526 9.581099 12671980331
-0.833565 0.460913 9.345738 12672005332
-0.862985 0.490333 9.483032 12672030329
-0.892405 0.608012 9.679165 12672055329
-0.804145 0.706079 9.630132 12672080320
-0.755112 0.735499 9.698778 12672105335
-0.706079 0.794339 9.728198 12672130326
-0.637432 0.833565 9.914525 12672155323
-0.578592 0.961052 10.022397 12672180314
-0.431493 1.078732 10.022397 12672205337
-0.509946 1.245445 9.983171 12672230328
-0.490333 1.461191 9.924331 12672255327
-0.608012 1.833844 9.865492 12672280318
-0.617819 1.922104 9.816459 12672305330
-0.598206 2.039783 9.639938 12672330332
-0.372653 2.245723 9.738005 12672355338
-0.088260 2.441856 9.375159 12672380319
-0.147100 2.667409 9.100572 12672405312
-0.176520 2.873349 8.806373 12672430326
-0.107873 2.951802 8.571013 12672455336
-0.039227 3.804981 8.865212 12672480317
0.137293 4.314927 8.708306 12672505332
0.205940 4.628739 8.600433 12672530330
0.088260 5.207332 8.257200 12672555341
0.068647 5.540758 8.453333 12672580318
0.049033 5.697665 8.100294 12672605325
-0.029420 5.962444 8.012034 12672630323
-0.117680 6.629296 7.453054 12672655338
-0.009807 6.992142 7.374601 12672680324
-0.019613 7.315762 7.070595 12672705334
-0.098067 7.658995 6.276257 12672730327
-0.558979 7.982615 5.295592 12672755337
-0.441299 8.276814 5.315205 12672780352
-0.166713 8.639660 5.197526 12672805334
-0.215746 8.825986 4.550286 12672830334
-0.156906 9.061346 4.158020 12672855338
-0.078453 9.090766 3.726527 12672880430
-0.078453 9.208446 3.373488 12672905332
0.009807 9.365352 3.167548 12672930332
0.049033 9.679165 2.892962 12672955332
-0.068647 9.796844 2.637989 12672980328
-0.245166 9.738005 2.235916 12673005340
0.362846 10.002784 1.245445 12673030329
0.304006 10.002784 1.431771 12673055339
0.107873 9.845878 0.774725 12673080330
-0.088260 9.904717 0.215746 12673105334
-0.147100 9.934137 -0.392266 12673130337
-0.078453 9.953751 -0.813952 12673155335
-0.166713 10.012591 -1.127765 12673180318
-0.186326 9.983171 -1.166991 12673205333
0.049033 9.973364 -1.451384 12673230328
0.078453 9.943945 -1.902490 12673255343
-0.078453 9.777231 -2.383016 12673280335
-0.137293 9.747811 -2.677216 12673305335
-0.431493 9.404578 -3.216582 12673330334
-0.372653 9.335932 -3.550008 12673355342
-0.245166 9.463418 -3.628461 12673380335
-0.049033 9.335932 -4.618933 12673405332
-0.068647 8.678886 -4.383573 12673430339
-0.117680 8.355267 -4.383573 12673455330
-0.235360 8.021841 -4.893519 12673480334
-0.098067 7.835515 -5.393658 12673505334
-0.166713 7.580542 -6.962722 12673530339
-0.313813 7.345181 -7.207889 12673555341
-0.441299 7.139242 -7.580542 12673580336
-0.304006 7.070595 -8.100294 12673605333
-0.617819 6.492003 -8.806373 12673630330
-0.833565 5.785924 -8.267007 12673655335
-0.725692 5.599597 -8.119907 12673680330
-0.657046 5.472112 -9.257479 12673705337
-0.843372 5.158298 -9.129992 12673730339
-0.902212 5.001392 -9.424192 12673755336
-0.941439 4.775839 -9.561485 12673780334
-0.990472 4.540480 -9.375159 12673805330
-1.088538 4.118793 -9.139799 12673830335
-1.078732 3.844207 -9.473226 12673855333
-0.892405 3.648074 -9.649745 12673880338
-1.500418 3.746140 -10.169497 12673905334
-0.941439 2.814509 -9.924331 12673930340
-1.166991 2.736056 -10.473503 12673955335
-0.961052 2.510503 -10.365630 12673980338
-1.304285 2.226110 -10.287177 12674005330
-1.382738 1.980944 -10.198916 12674030345
-1.461191 1.922104 -10.228337 12674055341
-1.529838 1.902490 -10.846155 12674080331
-1.147378 1.461191 -10.434277 12674105329
-1.245445 1.598484 -10.522536 12674130330
-1.578871 1.392545 -9.894911 12674155333
-1.833844 1.235638 -10.238144 12674180328
-1.824037 0.706079 -10.120463 12674205318
-1.676937 0.745305 -10.257757 12674230331
-1.529838 0.539366 -10.502923 12674255334
-1.255251 0.411879 -10.836349 12674280331
-1.157185 0.196133 -10.453890 12674305325
-1.235638 -0.294200 -10.365630 12674330329
-1.490611 -0.205940 -10.100850 12674355333
-1.775004 -0.254973 -10.257757 12674380329
-1.019892 -0.578592 -10.522536 12674405335
-1.627904 -0.666852 -10.061625 12674430331
-2.108430 -0.882599 -10.551956 12674455339
-2.206496 -1.078732 -9.904717 12674480338
-2.481083 -1.647517 -10.375437 12674505336
-2.588956 -1.559257 -11.169776 12674530336
-2.755669 -1.765197 -11.081515 12674555337
-2.991029 -2.196690 -9.590905 12674580330
-2.892962 -2.226110 -10.022397 12674605329
-2.912575 -2.490890 -9.992978 12674630336
-2.530116 -2.677216 -10.218531 12674655342
-3.089095 -2.873349 -10.414664 12674680370
-3.040062 -2.726249 -10.542150 12674705348
-2.677216 -2.657602 -10.306790 12674730337
-2.353596 -2.186883 -10.404857 12674755330
-1.863264 -2.549729 -9.777231 12674780339
-2.177077 -2.461469 -9.963558 12674805330
-2.412436 -2.716442 -9.914525 12674830331
-2.530116 -2.853735 -9.787038 12674855337
-2.343790 -3.040062 -9.826264 12674880336
-2.177077 -3.049868 -9.649745 12674905324
-2.059397 -3.089095 -9.728198 12674930333
-2.196690 -2.961608 -9.777231 12674955344
-2.079010 -2.235916 -9.777231 12674980335
-1.971137 -3.422521 -9.659552 12675014233
-1.902490 -3.618654 -10.002784 12675030325
-1.990750 -3.461748 -9.983171 12675055335
-2.373209 -3.550008 -9.590905 12675080338
-2.343790 -3.177355 -9.767425 12675105340
-2.510503 -2.892962 -9.473226 12675130337
-2.873349 -3.000835 -9.355545 12675155327
-3.128322 -3.510781 -8.541594 12675180331
-2.539923 -3.912854 -8.747533 12675205333
-1.882877 -3.991307 -9.286899 12675230322
-1.402351 -4.609126 -10.336210 12675255325
-1.402351 -5.187718 -10.110658 12675280329
-1.274865 -5.295592 -9.767425 12675305334
-1.088538 -5.295592 -9.355545 12675330333
-0.706079 -5.619211 -9.080959 12675355348
-0.764919 -5.648631 -8.924053 12675380338
-0.813952 -5.707471 -8.855406 12675405333
-0.725692 -5.844764 -8.825986 12675430334
-0.686466 -6.021284 -8.443527 12675455360
-0.637432 -6.403743 -8.276814 12675480338
-0.519753 -6.325290 -8.031648 12675505340
-0.500139 -6.433163 -7.845321 12675530343
-0.245166 -6.825429 -7.609962 12675555338
-0.156906 -7.041175 -7.472668 12675580337
-0.137293 -7.129435 -6.923496 12675605330
-0.274586 -7.286342 -6.894075 12675630340
-0.411879 -7.963001 -6.452776 12675655325
-0.353039 -8.227780 -6.099737 12675680335
-0.205940 -8.394494 -5.972251 12675705329
-0.176520 -8.325847 -5.364238 12675730347
-0.235360 -8.767146 -4.059954 12675755337
-0.235360 -8.806373 -3.814787 12675780361
-0.058840 -8.776953 -3.500974 12675805330
0.009807 -9.022120 -3.187161 12675830325
-0.098067 -9.345738 -2.971415 12675855323
-0.058840 -9.375159 -2.745862 12675880327
0.068647 -9.561485 -2.392823 12675905331
0.068647 -9.679165 -2.098624 12675930330
0.019613 -9.659552 -1.922104 12675955329
0.245166 -9.767425 -1.676937 12675980325
0.313813 -9.806651 -1.657324 12676005329
0.647239 -9.679165 -1.333705 12676030341
0.755112 -9.806651 -1.029698 12676055311
0.578592 -9.767425 -1.068925 12676080331
0.392266 -9.806651 -1.098345 12676105325
0.715886 -9.179026 -0.882599 12676130337
0.715886 -9.100572 -0.804145 12676155329
0.500139 -9.120186 0.058840 12676180323
0.519753 -9.277092 1.117958 12676205318
0.264780 -9.443805 2.088817 12676230331
0.058840 -9.512452 2.235916 12676255326
-0.215746 -9.581099 2.765476 12676280324
-0.117680 -9.090766 3.471555 12676305332
-0.127486 -9.041733 3.942274 12676330342
-0.245166 -9.149606 4.442413 12676355333
-0.402073 -8.904439 4.579706 12676380328
-0.264780 -8.727920 4.805259 12676405331
-0.019613 -8.374881 5.256365 12676430340
0.215746 -8.188554 5.148491 12676455326
0.166713 -8.041454 5.128879 12676480321
-0.117680 -8.080681 5.207332 12676505336
-0.421686 -7.953194 5.619211 12676530338
-0.431493 -7.708028 5.883991 12676555330
-0.411879 -7.315762 6.001670 12676580321
-0.460913 -7.011755 6.501810 12676605338
-0.274586 -6.982336 6.815622 12676630341
-0.196133 -7.021562 7.247115 12676655326
-0.490333 -6.835236 7.374601 12676680334
-0.264780 -6.246837 7.404021 12676705337
-0.245166 -6.001670 7.541315 12676730342
-0.147100 -5.727084 7.747255 12676755323
-0.029420 -5.540758 7.708028 12676780324
0.235360 -5.119072 7.609962 12676805337
0.431493 -4.981779 7.806095 12676830344
0.353039 -4.766033 8.237587 12676855328
0.421686 -4.393380 8.316040 12676880324
0.098067 -3.648074 8.933860 12676905332
-0.009807 -3.520588 9.188832 12676930336
0.049033 -3.226388 9.502645 12676955327
-0.058840 -3.079288 9.581099 12676980330
-0.254973 -2.755669 9.777231 12677005336
-0.294200 -2.598763 10.110658 12677030344
-0.402073 -2.500696 10.169497 12677055323
-0.382459 -2.324176 9.816459 12677080328
-0.490333 -2.049590 9.620325 12677105327
-0.500139 -1.922104 9.806651 12677130336
-0.529559 -1.745584 9.787038 12677155335
-0.608012 -1.294478 9.688972 12677180329
-0.715886 -1.019892 9.806651 12677205315
-0.715886 -1.000278 9.943945 12677230344
-0.657046 -0.657046 9.581099 12677255337
-0.892405 -0.490333 9.826264 12677280327
-0.941439 -0.402073 9.718391 12677305326
-0.862985 -0.441299 9.963558 12677330340
-0.872792 -0.372653 10.110658 12677355336
-0.980665 -0.333426 10.002784 12677380327
-1.000278 -0.284393 10.051817 12677405339
-0.961052 -0.205940 10.071430 12677430338
