1.627500 3.745000 -1.767500 12671741046
3.745000 5.092500 -0.717500 12671766050
2.152500 8.347500 -0.122500 12671791069
0.262500 13.597500 -3.062500 12671816047
0.262500 14.402500 -2.940000 12671841031
0.297500 10.062500 -2.135000 12671866040
2.082500 11.882500 -2.415000 12671891067
0.542500 16.362499 -4.707500 12671916041
-2.187500 14.472500 -4.182500 12671941042
2.520000 15.260000 -2.607500 12671966028
4.917500 12.092500 0.542500 12671991052
4.375000 12.530000 -0.857500 12672016023
6.037500 10.745000 -2.275000 12672041021
11.165000 4.095000 1.190000 12672066018
6.965000 2.275000 0.227500 12672091053
7.402500 -5.950000 1.767500 12672116036
15.225000 -14.035000 3.990000 12672141029
36.522499 -19.512501 6.370000 12672166024
37.240002 -17.727501 9.170000 12672191051
23.030001 -13.597500 7.560000 12672216030
22.330000 -15.067500 6.667500 12672241024
35.314999 -14.962500 7.945000 12672266025
47.862499 -15.102500 9.292500 12672291051
50.872501 -16.975000 6.615000 12672316028
54.250000 -12.740000 5.460000 12672341025
52.639999 -16.572500 3.080000 12672366021
52.482502 -19.232500 0.910000 12672391059
72.169998 -13.440001 1.662500 12672416031
94.535004 -7.910000 0.612500 12672441024
116.934998 -1.242500 -6.667500 12672466032
133.910004 3.675000 -11.112500 12672491053
122.430000 8.032500 -11.287500 12672516032
101.989998 8.522500 -8.680000 12672541037
96.845001 3.255000 -4.497500 12672566027
105.735001 2.642500 -6.720000 12672591050
114.607498 5.232500 -7.857500 12672616029
114.239998 12.775000 -6.755000 12672641028
112.787498 8.277500 -2.800000 12672666025
111.370003 6.930000 -0.227500 12672691055
114.904999 8.330000 7.000000 12672716033
131.354996 6.632500 9.467500 12672741015
141.680008 2.940000 2.187500 12672766028
138.320007 3.517500 -1.050000 12672791062
116.917503 -3.377500 6.195000 12672816035
101.394997 1.155000 22.085001 12672841029
97.474998 9.520000 21.717501 12672866022
92.540001 4.445000 18.042500 12672891157
77.175003 -5.355000 3.360000 12672916030
71.627502 -18.007500 -2.082500 12672941040
91.822502 -14.280000 5.040000 12672966023
107.485001 -16.187500 6.685000 12672991023
104.510002 -22.504999 -4.165000 12673015949
106.959999 -11.322500 0.682500 12673041024
100.047501 -10.657500 4.882500 12673066026
75.162498 -20.772501 -8.295000 12673091053
61.494999 -15.470000 -9.870000 12673116033
83.457497 -16.292500 -15.610000 12673141027
74.532501 -3.202500 -14.227500 12673166025
72.012497 4.340000 -15.050000 12673191053
82.110001 6.632500 -11.917500 12673216027
85.785004 3.640000 -14.367500 12673241023
80.989998 7.437500 -7.840000 12673266025
81.287498 7.175000 0.735000 12673291058
86.887497 8.767500 -1.925000 12673316030
92.102501 14.962500 -2.817500 12673341028
108.447502 18.147501 -11.865000 12673366034
131.074997 25.514999 -5.442500 12673391054
137.182495 35.945000 5.162500 12673416027
148.680008 24.377501 7.402500 12673441018
145.407501 -0.402500 -1.207500 12673466020
122.709999 -20.545000 -5.547500 12673491046
93.309998 -14.962500 -10.132500 12673516027
83.527504 -18.042500 -11.917500 12673541025
78.120003 -23.047501 -21.455000 12673566025
92.907501 -17.342501 -16.922501 12673591050
119.910004 -13.737500 -2.887500 12673616030
143.097504 -4.882500 2.502500 12673641025
151.339996 -3.622500 -1.907500 12673666024
128.625000 -27.335001 -14.052500 12673691055
56.770000 -10.587500 -12.127500 12673716037
68.809998 -9.380000 -7.822500 12673741029
64.014999 1.575000 -2.432500 12673766024
60.777500 7.087500 -2.520000 12673791056
64.312500 -15.890000 -5.635000 12673816025
59.622501 -17.150000 -2.870000 12673841026
66.885002 -12.057500 -5.180000 12673866025
80.779999 -19.652500 -4.410000 12673891051
70.840004 -14.595000 -4.725000 12673916022
61.075001 4.620000 -6.702500 12673941026
65.397499 -8.032500 -4.760000 12673966029
49.735001 2.835000 -6.737500 12673991063
54.950001 -3.132500 -4.637500 12674016029
52.937500 -10.395000 -4.042500 12674041027
54.337502 -20.405001 -4.900000 12674066033
53.392502 -16.922501 -2.135000 12674091050
29.872499 0.402500 -1.522500 12674116030
19.180000 27.475000 -0.805000 12674141027
41.422501 33.232502 6.020000 12674166026
46.865002 4.042500 6.475000 12674191057
56.157501 -22.662500 10.360000 12674216027
57.994999 -21.840000 8.102500 12674241028
58.799999 -4.340000 7.227500 12674266029
50.312500 7.367500 4.952500 12674291051
34.422501 0.630000 0.630000 12674316030
28.315001 -10.587500 -3.762500 12674341010
39.830002 -26.424999 2.817500 12674366026
45.692501 -36.924999 4.427500 12674391052
41.317501 -25.760000 -15.452500 12674416026
39.252499 -33.285000 -17.062500 12674441024
29.032499 -53.935001 -8.645000 12674466024
36.067501 -69.474998 -13.685000 12674491052
44.607502 -66.150002 -14.892500 12674516029
61.862499 7.962500 -19.600000 12674541032
51.642502 30.450001 -17.045000 12674566027
60.392502 1.277500 -15.732500 12674591055
61.337502 34.299999 -3.482500 12674616030
46.532501 17.412500 -3.167500 12674641025
20.440001 3.570000 -5.775000 12674667846
-4.462500 5.495000 2.345000 12674691072
0.210000 11.112500 9.835000 12674716038
8.015000 4.252500 -1.610000 12674741027
16.030001 9.450000 -1.767500 12674766024
15.137500 2.625000 -7.595000 12674791054
16.152500 -0.735000 -4.882500 12674816033
13.527500 -0.805000 -4.497500 12674841026
13.370000 0.157500 -3.115000 12674866023
18.725000 4.655000 -4.690000 12674891055
15.172500 2.555000 -3.570000 12674916030
10.867500 4.655000 -8.627500 12674941032
14.000000 9.852500 -4.182500 12674966041
16.012501 4.427500 11.550000 12674991055
14.735000 4.812500 3.780000 12675016358
9.607500 17.622499 -8.837500 12675041044
14.402500 17.657499 -9.292500 12675066030
22.995001 6.125000 -6.720000 12675091058
24.290001 -6.370000 -0.787500 12675116031
37.310001 0.770000 1.120000 12675141024
48.562500 19.932501 -12.792500 12675166030
46.322498 9.660000 -37.887501 12675191057
29.347500 2.905000 -32.707500 12675216031
17.272501 -9.310000 -18.427500 12675241024
21.087500 -3.045000 -10.097500 12675266027
58.170002 21.332500 -17.465000 12675291056
69.527504 38.482502 -35.297501 12675316030
63.105000 45.412498 -31.674999 12675341339
56.332500 48.299999 -23.572500 12675366036
45.325001 45.290001 -19.407499 12675391054
51.082500 36.295002 -16.170000 12675416035
60.357502 24.955000 -11.690000 12675441322
69.090004 19.740000 -7.140000 12675466045
70.787498 17.937500 -5.425000 12675491056
69.457497 13.650000 -6.440000 12675516031
68.827499 14.070000 -3.517500 12675541028
71.872498 8.750000 0.420000 12675566028
78.610001 -0.560000 1.592500 12675591056
88.217499 -13.667500 0.997500 12675616035
96.407501 -30.607500 -3.587500 12675641029
110.127502 -29.662500 -8.977500 12675666031
120.697502 -21.735001 -16.100000 12675691055
117.705002 -7.910000 -8.435000 12675716038
113.785004 0.910000 -11.112500 12675741023
106.400002 20.912500 -10.517500 12675766028
82.459999 26.407499 -10.570000 12675791067
77.805000 26.022501 -5.460000 12675816031
82.565002 7.962500 -5.740000 12675841026
82.180000 2.607500 -9.730000 12675866029
79.642502 3.325000 -11.865000 12675890990
78.242500 11.882500 -5.075000 12675916039
64.592499 15.995000 -6.650000 12675941029
52.272499 15.400000 -19.722500 12675966027
46.584999 20.667500 -20.895000 12675991052
40.372501 23.992500 -23.922501 12676016027
38.884998 28.945000 -22.417500 12676041023
45.360001 28.437500 -16.712500 12676066036
47.740002 22.137501 -8.312500 12676091055
52.395000 22.592501 -10.850000 12676116031
68.652504 28.280001 -2.257500 12676141028
98.139999 23.030001 17.377501 12676166022
142.555008 16.870001 23.852501 12676191054
156.187500 5.442500 22.312500 12676216032
158.970001 3.657500 18.445000 12676241035
151.357498 13.615000 19.022501 12676266023
138.617508 11.270000 17.570000 12676291051
116.270004 18.270000 18.672501 12676316028
101.290001 18.795000 14.752501 12676341019
87.517502 18.742500 8.452500 12676366027
66.062500 26.407499 7.962500 12676391056
47.740002 36.049999 10.342500 12676416029
24.097500 29.627501 7.455000 12676441031
24.955000 12.547500 5.530000 12676466026
45.884998 5.355000 5.075000 12676491053
80.937500 7.770000 -5.337500 12676516031
84.122498 5.565000 -10.027500 12676541034
77.769997 5.197500 -7.997500 12676566026
75.547501 9.922500 -1.610000 12676591051
77.699997 13.877501 -3.500000 12676616027
85.470001 6.527500 -9.765000 12676641027
85.889999 -11.690000 -13.335000 12676666028
82.949997 -20.387501 -27.037500 12676691086
75.022499 -18.812500 -27.667500 12676716030
69.125000 -9.152500 -24.552500 12676741022
52.639999 -16.222500 -26.827499 12676766025
46.917500 -15.347500 -21.875000 12676791052
56.997501 2.310000 -8.627500 12676816028
84.559998 8.382500 0.490000 12676841028
99.574997 7.490000 2.432500 12676866024
107.502502 6.650000 5.425000 12676891053
109.025002 11.462500 2.992500 12676916027
103.879997 16.590000 10.307500 12676941024
91.857498 23.835001 22.225000 12676966026
84.035004 24.465000 25.725000 12676991018
77.559998 20.965000 20.090000 12677016027
57.260002 17.202499 15.890000 12677041010
40.442501 8.085000 4.672500 12677066023
34.842499 12.635000 1.942500 12677091054
37.747501 13.842500 -1.627500 12677116026
44.660000 19.530001 1.925000 12677141026
50.470001 18.182501 4.392500 12677166021
53.672501 14.140000 3.640000 12677191052
52.517502 0.227500 -2.712500 12677216025
37.205002 -9.327500 -7.262500 12677241027
29.960001 2.275000 -2.345000 12677266021
33.810001 -3.360000 -1.942500 12677291050
32.689999 -5.372500 3.990000 12677316043
24.639999 5.180000 13.895000 12677341027
20.405001 9.380000 14.490000 12677366022
22.347500 10.972500 18.725000 12677391053
26.635000 9.607500 22.592501 12677416027
25.795000 5.390000 17.290001 12677441026
25.305000 1.575000 10.360000 12677466027
