0.000000 12671705351
0.000000 12671730350
0.000000 12671755353
0.000000 12671780345
0.000000 12671805347
0.000000 12671830354
0.000000 12671855343
0.000000 12671880352
0.000000 12671905347
0.000000 12671930342
0.000000 12671955343
0.000000 12671980331
0.000000 12672005332
0.000000 12672030329
0.000000 12672055329
0.000000 12672080320
0.000000 12672105335
0.000000 12672130326
0.000000 12672155323
0.000000 12672180314
0.000000 12672205337
0.000000 12672230328
0.000000 12672255327
0.000000 12672280318
0.000000 12672305330
0.000000 12672330332
0.000000 12672355338
0.000000 12672380319
0.000000 12672405312
0.000000 12672430326
0.000000 12672455336
0.000000 12672480317
0.000000 12672505332
0.000000 12672530330
0.000000 12672555341
0.000000 12672580318
0.000000 12672605325
0.000000 12672630323
0.000000 12672655338
0.000000 12672680324
0.000000 12672705334
0.000000 12672730327
0.000000 12672755337
0.000000 12672780352
0.000000 12672805334
0.000000 12672830334
0.000000 12672855338
0.000000 12672880430
0.000000 12672905332
0.000000 12672930332
0.000000 12672955332
0.000000 12672980328
0.000000 12673005340
0.000000 12673030329
0.000000 12673055339
0.000000 12673080330
0.000000 12673105334
0.000000 12673130337
0.000000 12673155335
0.000000 12673180318
0.000000 12673205333
0.000000 12673230328
0.000000 12673255343
0.000000 12673280335
0.000000 12673305335
0.000000 12673330334
0.000000 12673355342
0.000000 12673380335
0.000000 12673405332
0.000000 12673430339
0.000000 12673455330
0.000000 12673480334
0.000000 12673505334
0.000000 12673530339
0.000000 12673555341
0.000000 12673580336
0.000000 12673605333
0.000000 12673630330
0.000000 12673655335
0.000000 12673680330
0.000000 12673705337
0.000000 12673730339
0.000000 12673755336
0.000000 12673780334
0.000000 12673805330
0.000000 12673830335
0.000000 12673855333
0.000000 12673880338
0.000000 12673905334
0.000000 12673930340
0.000000 12673955335
0.000000 12673980338
0.000000 12674005330
0.000000 12674030345
0.000000 12674055341
0.000000 12674080331
0.000000 12674105329
0.000000 12674130330
0.000000 12674155333
0.000000 12674180328
0.000000 12674205318
0.000000 12674230331
0.000000 12674255334
0.000000 12674280331
0.000000 12674305325
0.000000 12674330329
0.000000 12674355333
0.000000 12674380329
0.000000 12674405335
0.000000 12674430331
0.000000 12674455339
0.000000 12674480338
0.000000 12674505336
0.000000 12674530336
0.000000 12674555337
0.000000 12674580330
0.000000 12674605329
0.000000 12674630336
0.000000 12674655342
0.000000 12674680370
0.000000 12674705348
0.000000 12674730337
0.000000 12674755330
0.000000 12674780339
0.000000 12674805330
0.000000 12674830331
0.000000 12674855337
0.000000 12674880336
0.000000 12674905324
0.000000 12674930333
0.000000 12674955344
0.000000 12674980335
0.000000 12675014233
0.000000 12675030325
0.000000 12675055335
0.000000 12675080338
0.000000 12675105340
0.000000 12675130337
0.000000 12675155327
0.000000 12675180331
0.000000 12675205333
0.000000 12675230322
0.000000 12675255325
0.000000 12675280329
0.000000 12675305334
0.000000 12675330333
0.000000 12675355348
0.000000 12675380338
0.000000 12675405333
0.000000 12675430334
0.000000 12675455360
0.000000 12675480338
0.000000 12675505340
0.000000 12675530343
0.000000 12675555338
0.000000 12675580337
0.000000 12675605330
0.000000 12675630340
0.000000 12675655325
0.000000 12675680335
0.000000 12675705329
0.000000 12675730347
0.000000 12675755337
0.000000 12675780361
0.000000 12675805330
0.000000 12675830325
0.000000 12675855323
0.000000 12675880327
0.000000 12675905331
0.000000 12675930330
0.000000 12675955329
0.000000 12675980325
0.000000 12676005329
0.000000 12676030341
0.000000 12676055311
0.000000 12676080331
0.000000 12676105325
0.000000 12676130337
0.000000 12676155329
0.000000 12676180323
0.000000 12676205318
0.000000 12676230331
0.000000 12676255326
0.000000 12676280324
0.000000 12676305332
0.000000 12676330342
0.000000 12676355333
0.000000 12676380328
0.000000 12676405331
0.000000 12676430340
0.000000 12676455326
0.000000 12676480321
0.000000 12676505336
0.000000 12676530338
0.000000 12676555330
0.000000 12676580321
0.000000 12676605338
0.000000 12676630341
0.000000 12676655326
0.000000 12676680334
0.000000 12676705337
0.000000 12676730342
0.000000 12676755323
0.000000 12676780324
0.000000 12676805337
0.000000 12676830344
0.000000 12676855328
0.000000 12676880324
0.000000 12676905332
0.000000 12676930336
0.000000 12676955327
0.000000 12676980330
0.000000 12677005336
0.000000 12677030344
0.000000 12677055323
0.000000 12677080328
0.000000 12677105327
0.000000 12677130336
0.000000 12677155335
0.000000 12677180329
0.000000 12677205315
0.000000 12677230344
0.000000 12677255337
0.000000 12677280327
0.000000 12677305326
0.000000 12677330340
0.000000 12677355336
0.000000 12677380327
0.000000 12677405339
0.000000 12677430338
