7.129435 -2.696829 -6.913689 21186839363
7.296148 -2.834122 -7.100015 21186864372
7.256922 -3.049868 -7.149048 21186889445
7.266728 -3.098902 -7.158855 21186915217
7.413828 -3.128322 -7.041175 21186939365
7.462861 -3.373488 -7.070595 21186964346
7.482475 -3.412714 -7.011755 21186989396
7.462861 -3.353875 -6.952915 21187014364
7.619768 -3.648074 -6.884269 21187039388
7.305955 -3.638267 -6.845042 21187064347
7.335375 -4.040340 -6.658716 21187089349
7.188275 -3.903047 -6.639102 21187114332
6.992142 -3.726527 -6.933302 21187139318
6.972529 -3.824594 -7.472668 21187164343
7.021562 -3.687301 -7.590348 21187189345
6.845042 -3.638267 -7.100015 21187214395
6.923496 -3.530394 -7.090209 21187239349
7.070595 -3.765754 -7.070595 21187264383
6.952915 -4.001114 -7.207889 21187289383
6.599876 -5.266171 -7.266728 21187314346
6.295870 -5.413271 -7.266728 21187345942
6.129157 -5.766311 -7.374601 21187364312
5.913410 -6.040897 -7.178468 21187389578
6.197803 -6.256643 -7.011755 21187414337
6.109544 -6.246837 -7.001948 21187439308
6.099737 -6.325290 -6.854849 21187464329
6.040897 -6.178190 -6.462583 21187489309
5.619211 -6.952915 -6.501810 21187514331
5.413271 -7.149048 -6.433163 21187539323
5.266171 -7.364795 -6.168384 21187564332
4.981779 -7.698222 -5.609405 21187589341
4.815066 -7.874741 -5.491724 21187614330
4.403186 -8.600433 -5.040619 21187639324
4.246280 -8.924053 -4.854292 21187664328
3.903047 -9.198639 -4.471833 21187689343
3.481361 -9.375159 -4.560093 21187714308
3.010642 -9.620325 -3.981500 21187739294
2.794895 -9.816459 -3.089095 21187764333
3.540201 -10.336210 -1.627904 21187789337
4.520866 -10.159691 -1.559257 21187814388
4.628739 -10.257757 -1.549451 21187839364
4.226666 -10.336210 -1.176798 21187864364
4.236474 -10.493117 -1.068925 21187890188
4.275700 -10.571569 -0.735499 21187914379
4.471833 -10.316597 -0.254973 21187939371
4.677773 -10.110658 -0.912019 21187964419
4.962165 -9.796844 -0.617819 21187989384
5.011199 -9.551678 -0.225553 21188014378
4.922939 -9.110379 0.558979 21188039389
4.815066 -8.345461 1.667131 21188064379
4.893519 -7.894354 2.059397 21188089400
4.981779 -7.364795 2.569343 21188114401
5.119072 -6.982336 2.961608 21188139398
5.491724 -6.433163 2.991029 21188164407
5.295592 -5.962444 3.393101 21188194448
5.187718 -5.393658 3.932467 21188214384
5.305398 -4.452219 4.805259 21188239375
5.589791 -3.952080 5.099458 21188264913
5.903604 -3.412714 5.511338 21188289368
6.080123 -3.157742 5.913410 21188314376
6.492003 -2.432050 6.678329 21188339371
6.413549 -2.108430 6.756783 21188364439
6.423357 -1.618097 6.952915 21188389379
6.531229 -1.166991 7.050982 21188414378
6.286063 -0.058840 7.070595 21188439395
5.942831 0.431493 6.992142 21188464380
5.707471 0.970859 6.923496 21188489375
5.109265 1.961330 6.678329 21188514374
4.844486 2.481083 6.560650 21188539367
4.628739 3.010642 6.609683 21188564372
4.442413 3.304842 6.766589 21188589420
3.903047 3.981500 6.982336 21188614375
3.520588 4.236474 7.050982 21188639370
3.383295 4.579706 7.139242 21188664372
3.432328 4.883712 7.041175 21188689378
2.873349 5.079845 6.952915 21188714371
2.049590 5.295592 8.237587 21188739375
1.029698 6.060511 8.865212 21188764375
0.176520 5.325011 7.835515 21188789388
-0.784532 5.766311 7.472668 21188814375
-1.108152 5.834958 7.060789 21188839373
-1.274865 5.629018 6.766589 21188864372
-1.706357 5.619211 7.266728 21188889378
-1.608291 5.275978 7.600155 21188914406
-0.813952 5.668244 7.453054 21188939383
0.235360 5.560371 7.266728 21188964390
0.529559 5.893797 6.207610 21188989407
0.764919 6.237030 6.805816 21189014575
1.059118 6.678329 7.913968 21189039406
0.735499 6.746976 8.325847 21189064376
0.176520 6.629296 7.649189 21189089343
-0.137293 6.315483 7.462861 21189114419
-0.294200 6.011477 7.413828 21189139391
-0.774725 5.962444 7.001948 21189164382
-1.186605 6.482196 7.256922 21189189404
-1.480804 8.404300 7.855128 21189214362
-1.578871 9.051538 7.345181 21189239387
-1.372931 8.865212 6.256643 21189264384
-0.941439 8.325847 6.442970 21189289388
-0.519753 7.639381 9.581099 21189314379
-0.627626 7.433442 8.727920 21189339379
-0.696272 7.335375 9.355545 21189364487
-0.735499 6.815622 9.845878 21189389512
-0.725692 6.560650 9.855684 21189414538
-0.588399 6.442970 8.953472 21189439498
-1.166991 6.590069 7.070595 21189464498
-1.569064 6.678329 5.883991 21189489496
-2.010364 6.707749 4.697386 21189514312
-3.295035 6.541036 3.000835 21189539343
-4.187440 6.482196 2.402630 21189564338
-5.050425 6.325290 1.853457 21189589341
-5.864377 6.070317 1.608291 21189614415
-7.129435 5.648631 1.206218 21189639364
-7.668801 5.501531 0.941439 21189664369
-8.129714 5.315205 1.108152 21189689363
-8.217974 5.168105 0.970859 21189714365
-8.267007 5.177912 0.451106 21189739395
-8.335654 5.236752 0.578592 21189764401
-8.257200 5.364238 0.627626 21189789416
-8.012034 5.658438 0.304006 21189814489
-7.884548 5.834958 0.245166 21189839476
-7.766868 5.933024 0.245166 21189864484
-7.737448 6.089930 0.421686 21189889489
-7.541315 6.070317 0.500139 21189914481
-7.551122 6.011477 0.647239 21189939471
-7.639381 5.942831 0.833565 21189964537
-7.698222 5.923217 0.598206 21189989542
-8.178747 5.697665 0.068647 21190020640
-8.374881 5.550564 0.431493 21190039392
-8.188554 5.619211 0.549172 21190064362
-8.110101 5.727084 0.578592 21190089366
-7.864934 5.687858 0.990472 21190114364
-7.815901 5.707471 0.990472 21190139364
-7.747255 5.776117 1.019892 21190164373
-7.698222 5.982057 1.059118 21190189376
-7.629575 6.050704 0.961052 21190214374
-7.629575 6.080123 0.951245 21190239378
-7.727641 6.070317 1.108152 21190264391
-7.776674 6.246837 0.990472 21190289458
-7.717835 6.286063 1.137571 21190314427
-7.678608 6.286063 1.274865 21190339382
-7.619768 6.148770 1.304285 21190364401
-7.649189 6.168384 1.716164 21190389378
-7.580542 6.384130 1.343511 21190414415
-7.698222 6.384130 1.500418 21190439385
-7.727641 6.276257 1.598484 21190464413
-7.590348 6.148770 1.931910 21190489388
-7.482475 6.187996 1.971137 21190514373
-7.462861 6.129157 1.971137 21190539383
-7.482475 6.138963 2.118237 21190564377
-7.433442 6.099737 2.167270 21190589399
-7.443248 6.070317 2.226110 21190614381
-7.364795 6.089930 2.294756 21190639379
-7.158855 6.080123 2.549729 21190664376
-7.207889 6.099737 2.520309 21190689386
-7.305955 6.050704 2.500696 21190723225
-7.305955 6.050704 2.500696 21190739365
-7.404021 6.040897 2.461469 21190764372
-7.413828 6.031090 2.412436 21190789383
-7.413828 6.050704 2.481083 21190814394
-7.305955 6.060511 2.520309 21190839608
-7.286342 6.080123 2.579149 21190864388
-7.286342 6.099737 2.579149 21190889379
-7.266728 6.138963 2.530116 21190914382
-7.256922 6.168384 2.628183 21190939361
-7.266728 6.138963 2.628183 21190964384
-7.276535 6.109544 2.539923 21190989390
-7.227501 6.119350 2.481083 21191014389
-7.158855 6.031090 2.481083 21191039378
-7.217695 6.060511 2.588956 21191064390
-7.217695 6.089930 2.637989 21191089388
-7.178468 6.109544 2.588956 21191114385
-7.217695 6.119350 2.500696 21191139379
-7.198082 6.109544 2.569343 21191164384
-7.227501 6.109544 2.579149 21191189388

