4.777500 1.645000 17.360001 21186865950
2.135000 0.280000 14.017500 21186890873
2.870000 3.237500 11.707500 21186916161
2.345000 4.550000 11.707500 21186941131
2.432500 2.555000 11.112500 21186965814
3.220000 -0.770000 8.645000 21186990828
6.055000 -1.925000 9.485000 21187015861
5.600000 -4.480000 17.062500 21187040819
7.420000 -11.480000 19.652500 21187065847
6.737500 -17.132500 20.737499 21187090858
5.635000 -20.195000 29.102501 21187115791
1.820000 -11.760000 33.705002 21187140802
4.042500 -21.752501 29.995001 21187165800
4.445000 -3.097500 36.067501 21187190816
22.837500 -14.437500 36.767502 21187216108
28.542500 -20.002501 32.130001 21187240832
28.122499 -19.389999 38.220001 21187265828
28.035000 -18.427500 46.567501 21187290830
30.240000 -9.590000 51.677502 21187315791
32.270000 -14.577500 53.865002 21187345555
38.797501 -14.052500 56.455002 21187365797
42.752499 -10.535000 46.987499 21187390800
48.772499 -12.897500 57.435001 21187415971
50.610001 -12.792500 68.582497 21187440799
65.029999 -16.082500 67.724998 21187465795
67.217499 -12.530000 65.730003 21187490795
68.355003 6.877500 69.334999 21187515799
63.525002 30.975000 80.254997 21187540795
76.632500 29.225000 82.932503 21187565794
84.367500 -15.172500 75.757500 21187590804
93.537498 -14.892500 69.264999 21187615784
83.300003 -7.105000 67.182503 21187640785
86.135002 -12.425000 56.262501 21187665789
101.150002 -7.297500 54.424999 21187690803
103.512497 -0.997500 44.327499 21187715802
68.144997 9.380000 40.075001 21187740797
37.992500 19.180000 43.680000 21187765809
46.340000 20.037500 37.817501 21187790802
89.529999 27.055000 6.125000 21187815855
94.377502 32.549999 -29.190001 21187840854
103.110001 15.627501 -51.082500 21187865847
116.497498 18.795000 -51.222500 21187890832
120.504997 41.580002 -51.134998 21187915856
114.537498 36.680000 -59.377499 21187940878
89.775002 28.980000 -71.084999 21187965914
28.980000 7.980000 -92.627502 21187990872
58.257500 50.750000 -111.020004 21188015864
77.805000 81.672501 -119.612503 21188040872
92.417503 79.467499 -121.712502 21188065871
109.550003 76.702499 -121.362503 21188090877
112.840004 76.037498 -130.759995 21188115874
117.932503 79.292503 -138.354996 21188140873
123.952499 98.209999 -141.277496 21188166100
134.172501 101.709999 -143.884995 21188194869
142.782501 85.207497 -136.552505 21188215886
136.237503 55.825001 -125.754997 21188240907
121.169998 26.792500 -120.400002 21188267365
96.669998 18.042500 -121.345001 21188291457
88.165001 22.260000 -119.997498 21188315857
82.985001 30.100000 -121.065002 21188341013
88.147499 38.150002 -124.337502 21188365854
95.077499 42.122501 -129.884995 21188390854
104.072502 41.720001 -124.617500 21188415855
105.385002 34.860001 -131.477493 21188441633
105.542503 13.720000 -145.774994 21188465871
101.202499 17.290001 -141.067505 21188490867
90.947502 25.882500 -134.942505 21188515867
85.487503 37.117500 -150.377502 21188540864
77.647499 46.830002 -150.570007 21188565869
65.834999 50.907501 -136.710007 21188590873
56.385002 36.645000 -135.992508 21188615869
55.842499 20.212500 -140.070007 21188640866
47.880001 0.385000 -135.222504 21188665866
25.340000 5.687500 -132.895004 21188690871
19.004999 12.880000 -147.402496 21188715866
21.437500 14.595000 -159.985001 21188740865
22.522501 -27.702499 -147.350006 21188765843
44.572498 -8.207500 -102.427498 21188790876
34.317501 18.042500 -93.782501 21188815870
25.480000 1.557500 -83.037498 21188840866
14.122500 -23.940001 -88.690002 21188865867
-13.702500 -46.952499 -82.809998 21188890866
-7.437500 -81.970001 -68.459999 21188915883
0.612500 -113.820000 -50.837502 21188940874
9.992500 -108.184998 -50.242500 21188965879
9.432500 -50.330002 -76.982498 21188993800
24.972500 -31.255001 -82.687500 21189015932
44.660000 -37.292500 -74.830002 21189040901
53.672501 -28.875000 -65.712502 21189065894
16.642500 -14.210000 -67.112503 21189091757
5.880000 -7.910000 -73.605003 21189115882
4.060000 -23.117500 -83.300003 21189140839
12.897500 -16.082500 -92.680000 21189165873
4.567500 1.225000 -98.612503 21189190835
-11.987500 -18.427500 -84.735001 21189215880
-21.997499 -41.545002 -47.687500 21189240869
-16.537500 -7.420000 -1.802500 21189265854
-11.585000 35.805000 15.540000 21189290863
-14.577500 88.567497 16.012501 21189315858
-29.960001 4.742500 -49.962502 21189340943
46.689999 -32.602501 -73.937500 21189365980
96.669998 -73.184998 -97.264999 21189390923
146.107498 -169.417496 -155.714996 21189416001
214.357498 -170.134995 -183.225006 21189441174
236.529999 -163.187500 -210.472504 21189465974
249.550003 -168.437500 -222.985001 21189490970
246.645004 -157.622498 -233.975006 21189516590
234.167496 -143.990005 -242.252502 21189540808
206.570007 -133.244995 -234.937500 21189565816
182.437500 -112.139999 -219.555008 21189590813
157.850006 -86.239998 -190.854996 21189615895
126.665001 -80.955002 -174.527496 21189640898
110.897499 -70.699997 -138.407501 21189665892
92.610001 -53.147499 -108.955002 21189690887
68.267502 -44.939999 -82.722504 21189715888
58.432499 -14.192500 -52.272499 21189740921
37.834999 0.227500 -34.107502 21189765907
23.782499 -2.152500 -22.697500 21189790913
20.107500 1.470000 -17.184999 21189816023
20.510000 4.252500 -16.222500 21189841022
16.397501 -0.665000 -16.327499 21189866019
11.760000 -1.540000 -15.102500 21189891019
9.310000 4.935000 -9.765000 21189916019
7.175000 -0.717500 -12.267500 21189941147
3.290000 -11.287500 -17.447500 21189965991
6.317500 -9.135000 -16.607500 21189990983
7.682500 10.605000 -0.752500 21190022008
-20.230000 9.992500 11.672500 21190040860
-30.799999 3.290000 19.215000 21190065858
-28.822500 3.762500 17.517500 21190092082
-21.735001 -9.905000 8.085000 21190115865
-14.787500 -13.300000 4.637500 21190140852
-13.545000 -6.877500 9.362500 21190165851
-18.917500 -3.290000 16.082500 21190190871
-23.257500 -1.277500 19.389999 21190215837
-28.805000 0.490000 15.347500 21190240881
-28.612499 -2.922500 9.257500 21190265873
-25.655001 -9.187500 5.915000 21190291197
-22.260000 -8.155000 6.965000 21190315876
-20.142500 -7.070000 7.647500 21190340875
-18.462500 5.005000 7.682500 21190365873
-21.542500 -0.157500 7.735000 21190390862
-24.465000 -40.267502 -4.270000 21190415872
-12.040000 -31.395000 -2.205000 21190440873
-10.570000 -29.715000 -3.517500 21190465875
-7.997500 -29.610001 -3.867500 21190490877
-5.722500 -27.282499 -3.360000 21190515881
-5.810000 -23.100000 -0.735000 21190540871
-4.970000 -17.745001 0.437500 21190565871
-2.695000 -15.627501 1.732500 21190590874
-1.470000 -13.107500 2.012500 21190616389
0.017500 -12.250000 1.557500 21190640872
0.262500 -11.987500 2.012500 21190665901
-0.227500 -12.600000 4.392500 21190690870
-3.482500 -13.580000 4.340000 21190716403
-4.147500 -13.037500 4.235000 21190740878
-4.252500 -12.145000 2.432500 21190765847
-3.377500 -11.060000 0.752500 21190791569
-2.117500 -8.190000 -2.187500 21190815875
2.537500 -6.650000 -1.890000 21190841169
2.047500 -5.932500 -1.942500 21190865874
2.835000 -6.160000 -1.802500 21190890875
2.240000 -6.387500 -1.925000 21190915868
2.765000 -5.670000 -1.120000 21190940873
2.730000 -5.092500 -0.875000 21190965879
3.045000 -3.885000 -0.682500 21190990877
2.992500 -0.752500 0.262500 21191015870
2.957500 -0.892500 1.750000 21191040870
2.275000 -2.660000 1.925000 21191065881
3.150000 -5.775000 1.470000 21191090876
1.207500 -7.980000 2.012500 21191116158
0.507500 -8.260000 1.680000 21191140879
1.785000 -8.435000 0.612500 21191165938
1.557500 -8.225000 0.682500 21191190874
1.365000 -7.350000 -0.052500 21191218799
