101.290001 20.580000 31.832500 12790334303
114.730003 44.012501 33.862499 12790359288
116.199997 46.935001 40.285000 12790384293
105.367500 49.507500 40.040001 12790409289
111.020004 32.007500 41.020000 12790434303
98.349998 54.652500 40.792500 12790459291
76.632500 133.770004 50.189999 12790484288
90.492500 228.199997 47.442501 12790509290
78.680000 258.492493 -2.047500 12790535202
50.365002 273.787506 -60.830002 12790559287
21.315001 239.592499 -144.742508 12790590415
-16.799999 231.542496 -165.585007 12790609292
-36.977501 224.997498 -177.414993 12790634294
-73.202499 239.172501 -212.747498 12790659276
-83.860001 222.425003 -240.449997 12790684292
-63.455002 118.842499 -250.669998 12790709277
-24.412500 81.882500 -284.445007 12790734302
-15.382500 22.155001 -329.052490 12790759284
-34.895000 -89.967499 -342.790009 12790784290
-41.877499 -147.122498 -356.334991 12790809278
-44.957500 -230.352509 -429.432495 12790834291
-39.095001 -246.487503 -464.625000 12790859282
-9.520000 -229.669998 -470.172516 12790884294
19.092501 -198.152496 -414.802490 12790909280
23.030001 -172.899994 -395.149994 12790934290
-11.777500 -123.340004 -375.217499 12790959277
-44.397499 -84.945000 -347.637512 12790984295
-47.022499 -45.255001 -314.212494 12791009271
-24.570000 -47.950001 -278.950012 12791034303
-13.020000 -39.619999 -261.642487 12791059282
-16.135000 -11.270000 -231.752502 12791084287
-9.240000 -9.012500 -177.589996 12791109286
-1.260000 -22.365000 -147.297501 12791134299
4.847500 -5.810000 -98.105003 12791159285
-1.697500 14.665000 -64.592499 12791184288
1.575000 26.757500 -38.605000 12791209292
-9.170000 25.094999 -19.565001 12791234295
-0.017500 11.847500 -15.085000 12791259279
10.377500 -4.532500 -20.860001 12791284296
18.077499 0.490000 -15.435000 12791309281
