1.020000 -1.980000 6.180000 12790316596
0.960000 -1.680000 6.120000 12790341357
1.200000 -1.800000 6.000000 12790366495
0.840000 -0.960000 5.880000 12790391393
0.780000 -1.380000 5.580000 12790416452
0.540000 -1.140000 5.580000 12790441329
0.660000 -0.900000 5.220000 12790466440
0.660000 -0.900000 5.100000 12790491376
0.720000 -0.600000 5.400000 12790516324
0.180000 -0.780000 5.460000 12790541822
-0.420000 -0.780000 5.460000 12790566521
-0.960000 -0.840000 5.640000 12790596312
-1.740000 -0.780000 5.340000 12790617938
-2.460000 -1.140000 5.700000 12790642937
-3.360000 -1.680000 5.640000 12790667942
-4.140000 -1.980000 5.340000 12790692942
-4.440000 -1.920000 5.160000 12790717930
-5.040000 -2.760000 5.160000 12790742933
-5.460000 -3.420000 5.460000 12790767928
-5.280000 -3.960000 5.400000 12790792932
-5.640000 -4.440000 6.000000 12790817927
-4.980000 -5.220000 5.940000 12790842941
-4.260000 -6.180000 6.540000 12790867939
-3.360000 -6.960000 6.600000 12790892930
-2.940000 -7.140000 6.660000 12790917921
-1.860000 -7.140000 7.380000 12790942935
-1.500000 -7.380000 7.140000 12790967932
-0.780000 -7.740000 7.020000 12790992938
-0.180000 -7.980000 7.260000 12791017929
0.060000 -7.620000 7.020000 12791042942
0.180000 -7.620000 7.140000 12791067933
0.540000 -7.620000 6.900000 12791092924
0.780000 -7.620000 6.900000 12791117916
0.720000 -7.560000 6.960000 12791142929
0.960000 -7.440000 7.080000 12791167928
0.900000 -7.140000 6.780000 12791199568
0.780000 -7.380000 7.020000 12791217926
0.840000 -7.200000 7.080000 12791242942
0.840000 -7.200000 6.960000 12791267922
0.780000 -6.900000 6.780000 12791292927
