0.000000 12790298111
0.000000 12790323145
0.000000 12790348130
0.000000 12790373152
0.000000 12790398106
0.000000 12790423139
0.000000 12790448127
0.000000 12790473146
0.000000 12790498120
0.000000 12790523138
5.000000 12790548161
5.000000 12790573151
0.000000 12790598072
0.000000 12790623144
0.000000 12790648139
0.000000 12790673144
0.000000 12790698109
0.000000 12790723144
0.000000 12790748140
0.000000 12790773143
0.000000 12790798109
0.000000 12790823145
0.000000 12790848148
0.000000 12790873129
0.000000 12790898109
0.000000 12790923146
0.000000 12790948143
0.000000 12790973138
0.000000 12790998096
0.000000 12791023127
0.000000 12791048127
0.000000 12791073146
0.000000 12791098111
0.000000 12791123128
0.000000 12791148129
0.000000 12791173140
5.000000 12791198109
5.000000 12791223146
5.000000 12791248142
5.000000 12791273141
