6.702500 -7.210000 -2.887500 16475012375
2.992500 -6.877500 -2.275000 16475037383
1.942500 -6.790000 -2.275000 16475062390
1.942500 -6.230000 -1.680000 16475087385
0.647500 -6.545000 -0.542500 16475112404
-1.277500 -6.090000 -1.120000 16475137374
-1.190000 -7.035000 -0.595000 16475162385
2.222500 -7.927500 1.680000 16475187387
-1.382500 -15.855000 -0.682500 16475212412
-8.085000 -18.392500 -2.642500 16475237372
-12.180000 -14.402500 -2.782500 16475262423
-11.970000 -7.297500 -0.262500 16475287385
-13.020000 -5.670000 1.242500 16475312386
-12.740000 -7.140000 2.152500 16475337402
-7.822500 -4.147500 4.690000 16475362385
-5.985000 -3.640000 2.607500 16475387380
-10.605000 -2.380000 -2.555000 16475412392
-11.725000 2.152500 -1.855000 16475437382
-13.160000 8.890000 1.312500 16475462383
-28.174999 -0.682500 0.245000 16475487379
-53.095001 -2.660000 2.800000 16475512387
-54.407501 -2.835000 4.620000 16475537393
-55.142502 -2.922500 4.410000 16475562379
-71.470001 -7.560000 2.870000 16475587388
-75.862503 -11.952500 9.275000 16475612384
-71.470001 -10.027500 12.582500 16475637388
-70.980003 -13.422500 6.982500 16475662385
-72.695000 -16.555000 3.535000 16475687384
-67.864998 -13.090000 10.290000 16475712398
-70.227501 -19.809999 12.005000 16475737405
-68.372498 -23.992500 2.572500 16475762379
-56.927502 -18.549999 2.030000 16475787381
-64.592499 -20.702499 3.745000 16475812372
-70.927498 -20.002501 -1.995000 16475837393
-65.555000 -16.397501 -4.322500 16475862383
-66.709999 -19.687500 -2.117500 16475887387
-81.602501 -24.062500 -6.020000 16475912389
-85.802498 -23.590000 -10.412500 16475937397
-88.112503 -18.287500 -7.140000 16475962384
-93.764999 -19.232500 -3.710000 16475987373
-94.324997 -20.370001 -0.630000 16476012382
-89.197502 -16.485001 4.042500 16476037385
-81.095001 -13.825000 6.090000 16476062382
-77.139999 -13.807500 8.365000 16476087407
-72.065002 -12.600000 10.290000 16476112390
-65.117500 -7.490000 11.655000 16476137407
-59.535000 -3.797500 5.390000 16476162386
-64.767502 -7.157500 -4.147500 16476187379
-76.282501 -11.567500 -6.352500 16476212373
-85.137497 -11.375000 -1.365000 16476237358
-82.565002 -8.540000 1.225000 16476262387
-73.010002 -5.495000 8.487500 16476287383
-72.029999 -11.935000 9.170000 16476312384
-73.675003 -11.270000 8.330000 16476337386
-73.010002 -6.895000 12.442500 16476362384
-74.357498 -9.677500 15.120000 16476387384
-70.717499 -5.582500 13.300000 16476412384
-67.392502 -6.912500 13.160000 16476437390
-63.700001 -8.435000 18.532499 16476462387
-60.689999 -8.382500 15.960000 16476487378
-59.482502 -1.750000 8.435000 16476512401
-65.555000 -3.832500 4.427500 16476537379
-69.930000 -6.195000 5.460000 16476562383
-75.739998 -3.675000 8.120000 16476587383
-82.092499 -3.097500 7.700000 16476612372
-87.150002 -1.925000 6.282500 16476637394
-82.862503 5.127500 6.650000 16476662385
-87.412498 8.960000 5.757500 16476687407
-105.087502 3.167500 0.367500 16476712393
-114.992500 6.335000 -2.397500 16476737385
-109.340004 1.522500 -3.447500 16476762388
-105.419998 0.420000 -10.762500 16476787385
-99.470001 5.075000 -11.147500 16476812375
-101.097504 2.537500 -6.965000 16476837383
-104.019997 4.550000 -5.215000 16476862377
-96.320000 6.335000 -4.025000 16476887386
-89.949997 4.602500 -3.657500 16476912385
-83.247498 5.792500 -2.222500 16476937385
-80.727501 10.307500 -3.255000 16476962385
-91.489998 7.560000 -5.302500 16476987368
-99.224998 5.985000 -8.645000 16477012419
-97.580002 10.167500 -10.622500 16477037388
-96.687500 6.807500 -11.777500 16477062358
-95.550003 2.870000 -12.932500 16477087388
-91.997498 2.555000 -10.867500 16477112384
-83.650002 7.647500 -11.812500 16477137379
-85.154999 11.252500 -18.462500 16477162362
-97.072502 9.747500 -19.915001 16477187381
-100.660004 5.862500 -19.285000 16477212359
-96.197502 6.807500 -16.940001 16477237383
-85.907501 8.820000 -16.572500 16477262384
-88.165001 8.207500 -16.135000 16477287390
-94.692497 -8.645000 -8.207500 16477312357
-85.820000 -10.027500 -2.012500 16477337382
-69.597504 -9.502500 4.042500 16477362382
-60.830002 -14.332500 9.555000 16477387382
-65.992500 -13.545000 6.072500 16477412381
-64.889999 -22.592501 7.945000 16477437391
-67.322502 -27.072500 8.662500 16477462388
-66.849998 -26.617500 7.980000 16477487394
-58.572502 -28.507500 10.377500 16477512395
-54.967499 -31.902500 9.362500 16477537390
-57.627499 -31.920000 6.667500 16477562387
-58.799999 -28.857500 1.032500 16477587388
-52.762501 -29.225000 1.032500 16477612378
-47.932499 -17.780001 -3.990000 16477637393
-36.610001 -15.137500 -9.012500 16477662971
-34.037498 -12.932500 -9.870000 16477687407
-35.595001 -18.200001 -7.717500 16477712483
-32.759998 -15.435000 -8.172500 16477737397
-23.677500 -12.722500 -6.247500 16477762396
-18.497499 -15.732500 -3.202500 16477787388
-14.087500 -12.442500 -5.355000 16477812389
-7.787500 -4.602500 -6.615000 16477837404
0.717500 -3.902500 -3.902500 16477862376
2.397500 -6.352500 -4.357500 16477887616
7.262500 -5.705000 -3.220000 16477912432
12.285000 -6.107500 -3.465000 16477937380
8.172500 -6.090000 -4.497500 16477962360
7.280000 -10.307500 -2.712500 16477987383
7.490000 -9.240000 -0.735000 16478012489
6.265000 -9.187500 -1.872500 16478037388
5.932500 -8.627500 -4.270000 16478062373
7.647500 -6.947500 -3.990000 16478087355
6.090000 -7.070000 -4.952500 16478112413
6.160000 -7.315000 -5.162500 16478137382
7.962500 -6.002500 -4.970000 16478162366
8.645000 -2.415000 -4.165000 16478187381
5.425000 -7.035000 -3.290000 16478212370
3.745000 -6.895000 -2.380000 16478237376
7.822500 -3.762500 -2.117500 16478262462
4.935000 -5.442500 -2.747500 16478287388
1.400000 -9.030000 -2.625000 16478312360
3.587500 -8.540000 -3.605000 16478337382
6.895000 -8.190000 -4.410000 16478362357

