7.260000 4.020000 0.540000 16474999105
7.500000 3.780000 0.660000 16475024106
7.800000 3.600000 0.720000 16475052616
7.740000 3.660000 0.780000 16475074119
7.440000 3.600000 0.720000 16475099086
8.040000 3.600000 0.960000 16475124107
7.980000 3.660000 0.420000 16475149110
7.740000 3.900000 0.780000 16475174089
7.680000 3.840000 0.720000 16475199107
7.680000 4.080000 0.480000 16475224093
7.560000 3.840000 0.720000 16475249097
7.200000 3.960000 0.720000 16475274133
7.320000 3.840000 0.600000 16475299078
7.500000 3.780000 0.540000 16475324108
7.560000 4.080000 0.480000 16475349093
7.440000 3.720000 0.720000 16475374091
7.440000 3.960000 0.480000 16475399091
7.680000 3.960000 0.360000 16475424098
7.860000 3.900000 0.420000 16475449081
7.560000 4.080000 0.480000 16475474104
7.680000 4.200000 0.720000 16475499087
7.440000 4.440000 0.720000 16475524089
7.320000 4.440000 0.600000 16475549097
7.560000 4.560000 0.360000 16475574086
7.380000 4.980000 0.540000 16475599131
7.500000 5.100000 0.300000 16475624378
7.500000 4.980000 0.300000 16475649086
7.500000 5.100000 0.180000 16475674111
7.320000 5.160000 0.720000 16475699094
7.320000 5.400000 0.120000 16475724095
6.660000 5.820000 0.180000 16475749102
7.020000 5.940000 0.300000 16475774088
7.080000 5.640000 0.120000 16475799089
6.900000 5.940000 0.060000 16475824123
6.900000 6.180000 0.060000 16475849079
6.840000 6.240000 0.240000 16475874117
6.720000 6.720000 0.120000 16475899087
6.720000 6.600000 -0.120000 16475924086
6.720000 6.960000 -0.120000 16475949115
6.480000 7.320000 0.120000 16475974082
6.480000 7.800000 0.480000 16475999099
6.780000 7.620000 -0.060000 16476024215
6.480000 7.920000 -0.120000 16476049079
6.540000 7.980000 0.180000 16476074201
6.480000 8.400000 0.120000 16476099108
6.540000 8.220000 0.180000 16476124095
6.480000 8.520000 0.240000 16476149117
6.540000 8.460000 0.180000 16476174094
6.540000 8.580000 0.420000 16476199077
6.420000 8.940000 0.300000 16476224103
6.360000 9.360000 0.600000 16476249097
6.300000 9.420000 0.780000 16476274095
6.660000 9.540000 1.140000 16476299088
6.840000 9.480000 0.720000 16476324087
6.420000 9.660000 0.780000 16476349099
6.360000 9.480000 1.200000 16476374099
6.600000 9.960000 0.960000 16476399083
6.960000 9.960000 1.200000 16476424110
6.600000 10.200000 1.320000 16476449097
6.600000 10.200000 1.560000 16476474111
6.600000 10.200000 1.440000 16476499141
6.660000 10.380000 1.620000 16476524114
6.780000 10.860000 1.860000 16476549125
6.420000 10.740000 1.740000 16476574104
6.600000 10.679999 1.920000 16476599090
6.780000 11.099999 2.340000 16476624102
7.020000 10.740000 2.220000 16476649099
7.080000 11.160000 2.760000 16476674095
6.600000 11.280000 3.000000 16476699100
6.780000 11.340000 3.060000 16476724107
6.600000 11.520000 3.360000 16476749111
7.140000 11.460000 4.020000 16476774109
6.720000 11.759999 4.080000 16476799107
6.720000 11.520000 3.960000 16476824107
6.780000 11.700000 4.380000 16476849095
6.780000 11.580000 4.740000 16476874093
6.660000 12.059999 4.380000 16476899106
6.720000 11.759999 4.920000 16476924097
6.540000 11.580000 5.100000 16476949113
6.840000 11.759999 5.160000 16476974101
6.840000 11.759999 5.640000 16476999111
6.840000 11.759999 5.520000 16477024154
6.780000 11.940000 6.060000 16477049102
7.020000 11.940000 6.660000 16477074106
6.720000 11.880000 6.720000 16477099093
6.720000 11.759999 6.720000 16477124097
6.540000 11.700000 6.780000 16477149100
6.420000 11.580000 7.380000 16477174100
6.720000 11.520000 7.560000 16477199095
6.600000 11.639999 7.680000 16477224100
6.300000 11.460000 8.099999 16477249097
6.480000 11.160000 8.400000 16477274096
6.180000 11.099999 8.340000 16477299112
6.240000 11.040000 8.639999 16477324102
6.240000 11.160000 8.639999 16477349128
6.600000 10.800000 8.760000 16477374100
6.300000 10.620000 8.700000 16477399092
6.480000 10.559999 9.000000 16477424114
6.960000 10.320000 9.000000 16477449107
6.600000 10.320000 9.480000 16477474099
6.840000 10.320000 9.240000 16477499108
6.960000 9.960000 9.480000 16477524107
6.840000 9.840000 9.480000 16477549095
6.780000 9.900000 9.540000 16477574112
7.440000 9.960000 9.840000 16477599114
6.960000 9.960000 9.840000 16477624117
7.020000 9.300000 9.900000 16477649104
7.200000 9.599999 9.840000 16477674072
7.200000 9.240000 9.599999 16477699131
7.380000 9.179999 9.660000 16477724128
7.200000 9.000000 9.960000 16477749111
7.140000 9.300000 9.900000 16477774120
7.380000 9.540000 9.900000 16477799101
7.260000 9.300000 9.900000 16477824110
6.960000 9.240000 10.080000 16477849120
7.320000 9.480000 10.200000 16477874099
7.080000 9.120000 9.960000 16477899130
7.440000 9.360000 9.599999 16477924118
7.500000 9.420000 9.900000 16477949118
7.320000 9.480000 10.080000 16477974114
7.320000 9.360000 9.960000 16477999116
7.380000 9.300000 9.900000 16478024101
7.380000 9.179999 9.900000 16478049110
7.080000 9.360000 9.719999 16478074102
7.260000 9.300000 9.780000 16478099098
7.560000 9.480000 9.599999 16478124118
7.380000 9.420000 9.660000 16478149099
7.320000 9.599999 9.599999 16478174097
7.320000 9.480000 9.719999 16478199101
7.500000 9.420000 9.780000 16478224122
7.320000 9.240000 9.719999 16478249129
7.200000 9.719999 9.719999 16478274099
7.320000 9.240000 9.719999 16478299116
7.140000 9.420000 9.900000 16478324107
7.320000 9.840000 9.599999 16478349091

