0.000000 16474985485
0.000000 16475010518
0.000000 16475035477
0.000000 16475060502
0.000000 16475085490
0.000000 16475110521
0.000000 16475135495
0.000000 16475160477
0.000000 16475185494
0.000000 16475210506
0.000000 16475235493
0.000000 16475260448
0.000000 16475285494
0.000000 16475310506
0.000000 16475335498
0.000000 16475360476
0.000000 16475385487
0.000000 16475410507
0.000000 16475435485
0.000000 16475460464
0.000000 16475485490
0.000000 16475510500
0.000000 16475535488
0.000000 16475560472
0.000000 16475585505
0.000000 16475610537
0.000000 16475635500
0.000000 16475660484
0.000000 16475685487
0.000000 16475710506
0.000000 16475735486
0.000000 16475760476
0.000000 16475785496
0.000000 16475810510
0.000000 16475835503
0.000000 16475860477
0.000000 16475885494
0.000000 16475910507
0.000000 16475935496
0.000000 16475960452
0.000000 16475985496
0.000000 16476010541
0.000000 16476035496
0.000000 16476060479
0.000000 16476085492
0.000000 16476110509
0.000000 16476135482
0.000000 16476160478
0.000000 16476185497
0.000000 16476210530
0.000000 16476235479
0.000000 16476260474
0.000000 16476285488
0.000000 16476310513
0.000000 16476335505
0.000000 16476360470
0.000000 16476385494
0.000000 16476410538
0.000000 16476435493
0.000000 16476460449
0.000000 16476485499
0.000000 16476510510
0.000000 16476535496
0.000000 16476560475
0.000000 16476585483
0.000000 16476610505
0.000000 16476635492
0.000000 16476660479
0.000000 16476685491
0.000000 16476710503
0.000000 16476735494
0.000000 16476760468
0.000000 16476785493
0.000000 16476810515
0.000000 16476835506
0.000000 16476860450
0.000000 16476885495
0.000000 16476910509
0.000000 16476935501
0.000000 16476960471
0.000000 16476985494
0.000000 16477010521
0.000000 16477035487
0.000000 16477060475
0.000000 16477085481
0.000000 16477110504
0.000000 16477135490
0.000000 16477160478
0.000000 16477185489
0.000000 16477210503
0.000000 16477235496
0.000000 16477260474
0.000000 16477285497
0.000000 16477310503
0.000000 16477335485
0.000000 16477360474
0.000000 16477385495
0.000000 16477410506
0.000000 16477435489
0.000000 16477460473
0.000000 16477485495
0.000000 16477510508
0.000000 16477535517
0.000000 16477560457
0.000000 16477585507
0.000000 16477610509
0.000000 16477635515
0.000000 16477661902
0.000000 16477685483
0.000000 16477710500
0.000000 16477735502
0.000000 16477760474
0.000000 16477785519
0.000000 16477810522
0.000000 16477835499
0.000000 16477860485
0.000000 16477885506
0.000000 16477910521
0.000000 16477935516
0.000000 16477960471
0.000000 16477985511
0.000000 16478010534
0.000000 16478035503
0.000000 16478060479
0.000000 16478085500
0.000000 16478110506
0.000000 16478135500
0.000000 16478160475
0.000000 16478185504
0.000000 16478210529
0.000000 16478235504
0.000000 16478260471
0.000000 16478285510
0.000000 16478310507
0.000000 16478335496

