-0.657046 9.267285 3.844207 30995952077
-0.755112 9.296705 3.844207 30995973405
-0.941439 9.433999 3.844207 30995998379
-1.029698 9.483032 3.667687 30996023407
-1.000278 9.532065 3.471555 30996048430
-0.912019 9.571292 3.285228 30996073453
-0.627626 9.826264 2.961608 30996098457
-0.686466 9.522259 2.834122 30996123451
-0.774725 9.414385 2.863542 30996148423
-0.676659 9.365352 2.804702 30996173463
-0.509946 9.306512 2.618376 30996198456
-0.049033 9.571292 2.520309 30996223511
-0.215746 9.551678 2.843929 30996248429
-0.500139 9.522259 3.049868 30996273473
-0.558979 9.610518 3.079288 30996298457
-0.107873 9.767425 3.118515 30996323454
0.078453 9.708585 2.981222 30996348416
0.284393 9.924331 2.892962 30996373461
0.294200 9.934137 2.951802 30996398465
0.235360 9.404578 2.726249 30996423468
0.196133 9.541871 2.539923 30996448411
0.196133 9.306512 2.088817 30996473456
-0.470719 9.777231 2.118237 30996498459
-0.019613 9.659552 2.451663 30996523452
0.264780 9.463418 2.981222 30996548430
0.107873 9.110379 2.863542 30996573463
-0.029420 8.708306 2.706636 30996598460
-0.127486 9.149606 2.579149 30996623465
0.107873 9.394772 2.706636 30996648420
0.166713 9.149606 2.637989 30996673468
-0.176520 10.336210 1.667131 30996698453
-0.872792 10.296983 2.059397 30996723470
-0.862985 9.757618 2.226110 30996748417
-0.078453 9.630132 1.902490 30996773449
-0.205940 9.306512 2.716442 30996798442
0.009807 9.159412 2.500696 30996823451
0.176520 9.394772 2.167270 30996848431
0.313813 9.424192 1.569064 30996873448
0.676659 9.590905 1.000278 30996898449
1.098345 9.914525 0.725692 30996923447
1.284671 10.130271 2.147657 30996948355
-0.088260 9.355545 2.687022 30996973461
0.039227 8.845599 2.981222 30996998426
1.088538 10.669637 3.167548 30997023441
0.715886 10.797122 3.079288 30997048410
0.264780 10.189111 2.902769 30997073449
0.706079 9.796844 3.059675 30997098441
0.961052 9.796844 3.451941 30997123448
0.941439 9.718391 3.785367 30997148406
0.774725 9.512452 3.324455 30997173451
1.255251 10.012591 4.275700 30997198444
1.529838 9.787038 4.824872 30997223447
1.696550 9.649745 4.471833 30997248411
1.578871 9.080959 4.569900 30997273434
1.843650 9.277092 4.020727 30997298438
1.686744 9.492838 3.755947 30997323438
1.971137 9.541871 3.402908 30997348409
2.216303 9.022120 3.147935 30997373437
2.265337 9.110379 3.873627 30997398431
2.637989 9.090766 4.089374 30997423437
3.020448 8.845599 3.726527 30997448408
3.569621 8.531787 2.912575 30997473457
3.883434 8.374881 2.716442 30997498433
3.873627 8.482754 2.598763 30997523438
4.118793 8.669080 2.892962 30997548404
5.187718 8.070874 2.216303 30997573454
5.256365 8.080681 2.333983 30997598433
5.236752 8.129714 2.520309 30997623433
5.217138 8.276814 2.579149 30997648401
5.530951 8.227780 3.500974 30997673449
5.168105 8.286621 3.481361 30997698423
5.148491 8.286621 2.912575 30997723448
5.501531 7.972808 2.481083 30997748409
5.315205 8.002228 2.883155 30997773444
5.825150 7.609962 2.333983 30997798435
6.354710 7.149048 1.784810 30997823440
6.276257 7.168662 1.765197 30997848406
6.138963 7.090209 1.284671 30997873445
7.080402 6.256643 1.196411 30997898428
7.482475 5.756504 1.314091 30997923451
7.217695 5.913410 1.569064 30997948411
7.521701 5.697665 0.343233 30997973447
7.913968 4.873906 0.088260 30997998435
8.159134 4.824872 0.402073 30998023445
8.463140 4.864099 -0.137293 30998048387
8.551400 4.452219 0.088260 30998073450
8.316040 4.256087 -0.186326 30998098475
8.482754 3.775561 -0.843372 30998123427
9.659552 2.657602 -0.098067 30998148418
9.483032 2.657602 -0.411879 30998173449
9.296705 2.530116 -0.951245 30998198441
9.639938 2.235916 -1.598484 30998223452
9.983171 1.569064 -1.068925 30998248416
9.551678 2.049590 -0.382459 30998273440
9.443805 2.000557 -0.568786 30998298448
9.796844 1.421964 -1.451384 30998323448
9.943945 1.245445 -1.147378 30998348415
10.012591 1.019892 -1.412158 30998373444
10.247950 0.627626 -1.745584 30998398446
10.571569 0.470719 -1.902490 30998423461
10.600989 0.421686 -1.765197 30998448415
10.002784 0.627626 -1.431771 30998473436
10.012591 0.451106 -1.206218 30998498444
9.992978 0.657046 -0.862985 30998523434
10.061625 0.657046 -0.931632 30998548417
10.287177 0.254973 -0.902212 30998573430
10.434277 0.147100 -0.970859 30998598440
10.355824 0.156906 -1.225831 30998623435
10.365630 0.196133 -1.716164 30998648415
10.542150 0.333426 -1.549451 30998673490
10.689250 0.186326 -1.667131 30998698447
10.561764 0.196133 -1.833844 30998723440
10.512731 0.107873 -1.569064 30998748417
10.787316 0.039227 -1.382738 30998773450
10.630409 -0.049033 -0.970859 30998798444
10.806930 -0.304006 -0.627626 30998823450
10.806930 -0.274586 -0.441299 30998848409
10.444084 -0.333426 -0.323619 30998873440
10.179304 -0.264780 -0.372653 30998898442
10.238144 -0.274586 -0.343233 30998923447
10.385243 -0.323619 -0.274586 30998948414
10.277370 -0.353039 -0.245166 30998976403
10.061625 -0.323619 -0.706079 30999003035
10.267564 -0.421686 -0.813952 30999023446
10.375437 -0.304006 -0.578592 30999048414
10.247950 -0.205940 -0.715886 30999073439
10.100850 -0.117680 -0.862985 30999098430
9.806651 0.205940 -0.715886 30999123442
9.953751 0.127486 -0.774725 30999148401
10.032204 0.019613 -0.696272 30999178839
10.061625 0.009807 -0.647239 30999198874
10.159691 -0.029420 -0.500139 30999223435
10.022397 0.019613 -0.578592 30999248402
10.051817 0.088260 -0.519753 30999273437
10.100850 0.009807 -0.509946 30999298488
10.365630 -0.019613 -0.353039 30999323443
10.326404 -0.039227 -0.372653 30999348405
10.336210 -0.058840 -0.323619 30999373440
10.326404 -0.009807 -0.343233 30999398434
10.198916 0.068647 -0.294200 30999423448
10.257757 0.068647 -0.274586 30999448408
10.316597 -0.019613 -0.353039 30999473445
10.316597 -0.019613 -0.304006 30999498437
10.228337 -0.019613 -0.372653 30999523454
10.238144 -0.107873 -0.441299 30999548404
10.257757 -0.127486 -0.264780 30999573437
10.346016 -0.333426 -0.382459 30999598434
10.296983 -0.196133 -0.343233 30999623438
10.218531 -0.156906 -0.323619 30999648403
10.179304 -0.235360 -0.392266 30999673448
10.346016 -0.245166 -0.264780 30999698433
10.404857 -0.274586 -0.274586 30999723444
10.365630 -0.254973 -0.196133 30999748416
10.287177 -0.205940 -0.186326 30999773437
10.326404 -0.176520 -0.225553 30999798445
10.346016 -0.176520 -0.254973 30999823441
10.375437 -0.176520 -0.254973 30999848416
10.267564 -0.137293 -0.304006 30999873437
10.228337 -0.019613 -0.411879 30999898445
10.159691 0.009807 -0.353039 30999923489
10.120463 0.009807 -0.284393 30999948417
10.100850 0.049033 -0.313813 30999973455
10.061625 0.029420 -0.333426 30999998448
10.081238 0.009807 -0.362846 31000023446
10.130271 -0.029420 -0.392266 31000048416
10.140078 -0.049033 -0.382459 31000073436
10.365630 -0.039227 -0.372653 31000098441
10.365630 -0.029420 -0.441299 31000123449
10.316597 0.039227 -0.460913 31000148413
10.346016 0.029420 -0.509946 31000173457
10.453890 0.019613 -0.549172 31000198449
10.395051 0.078453 -0.470719 31000223468
10.306790 0.166713 -0.500139 31000248405
10.267564 0.274586 -0.460913 31000273449
10.326404 0.245166 -0.460913 31000298440
10.238144 0.196133 -0.431493 31000323441
10.179304 0.274586 -0.382459 31000348404
10.061625 0.196133 -0.304006 31000373444
10.012591 0.156906 -0.362846 31000398435
10.032204 0.127486 -0.343233 31000423441
10.051817 0.098067 -0.392266 31000448401
10.051817 0.127486 -0.549172 31000473450
10.071430 0.107873 -0.568786 31000498432
10.189111 -0.009807 -0.647239 31000523445
