12.460000 -3.902500 -2.100000 30995984883
12.390000 -0.630000 -2.257500 30996009883
10.237500 3.920000 -2.730000 30996034867
5.390000 10.412500 -2.310000 30996059979
12.845000 14.927500 0.717500 30996084984
16.887501 26.757500 7.367500 30996109975
17.184999 21.682501 13.807500 30996134993
14.822500 18.270000 11.462500 30996159974
10.587500 12.110000 10.307500 30996184989
7.892500 15.837500 10.115000 30996209983
9.415000 22.610001 13.545000 30996234991
12.985000 26.600000 23.520000 30996259981
16.117500 21.892500 14.227500 30996284983
11.375000 18.042500 2.537500 30996309978
9.135000 11.830000 3.832500 30996334984
8.662500 13.580000 2.782500 30996359975
11.235000 12.530000 11.900000 30996384973
14.472500 11.480000 16.222500 30996409990
8.557500 10.132500 8.085000 30996434992
5.092500 8.487500 9.467500 30996459997
8.837500 13.650000 12.775000 30996484983
17.377501 16.450001 4.252500 30996509986
29.540001 13.807500 7.612500 30996534987
16.625000 12.057500 23.607500 30996559974
-5.635000 9.467500 26.145000 30996584983
-26.057501 12.705000 9.800000 30996609980
-17.955000 14.805000 3.272500 30996634989
0.612500 5.530000 5.722500 30996659975
6.982500 11.637500 1.190000 30996684979
11.392500 35.157501 15.872500 30996709984
31.762501 21.280001 25.287500 30996734989
31.762501 8.890000 12.215000 30996759969
9.817500 17.990000 11.130000 30996784959
-8.050000 19.022501 20.264999 30996809964
-6.177500 5.162500 12.775000 30996834971
-20.597500 0.402500 9.345000 30996859954
-6.982500 4.707500 -1.067500 30996884960
12.932500 19.145000 -3.552500 30996909967
4.882500 56.314999 6.807500 30996934848
27.597500 58.205002 39.462502 30996959825
-0.472500 28.052500 -3.202500 30996984973
-35.717499 8.540000 -23.292500 30997009988
-19.250000 6.580000 0.227500 30997034973
-22.872499 -6.720000 21.980000 30997059956
-18.112499 12.407500 36.137501 30997085004
-15.207500 23.660000 44.310001 30997109965
-27.597500 19.057501 42.577499 30997134961
-54.127499 12.460000 41.912498 30997159956
-69.667503 29.924999 39.252499 30997184969
-81.672501 21.857500 39.077499 30997209959
-83.107498 -25.987499 43.697498 30997234962
-14.612500 -29.942501 52.115002 30997259953
1.102500 -57.330002 47.180000 30997284955
0.997500 -65.904999 26.215000 30997309956
0.630000 -53.130001 44.240002 30997334960
4.795000 -28.332500 44.782501 30997359953
22.032499 -4.970000 47.775002 30997384958
10.990000 -6.825000 51.397499 30997409958
2.992500 -45.325001 64.837502 30997434970
22.295000 -37.222500 61.005001 30997459954
26.040001 -18.934999 55.125000 30997484955
24.639999 -21.035000 49.139999 30997509960
19.145000 -11.375000 46.549999 30997534944
9.222500 -24.465000 57.452499 30997559984
14.560000 -16.922501 43.837502 30997584954
14.805000 -7.157500 25.917500 30997609944
-7.980000 -16.764999 25.025000 30997634951
-36.172501 -25.830000 30.537500 30997659987
-25.252501 -60.760002 31.885000 30997684959
-15.137500 -71.014999 40.022499 30997709979
-21.525000 -64.452499 54.127499 30997734961
-4.795000 -45.132500 54.372501 30997759954
11.042500 -69.510002 65.834999 30997784956
2.257500 -92.715004 72.309998 30997809955
14.192500 -69.632500 57.662498 30997834961
1.767500 -56.945000 60.637501 30997859951
-14.105000 -58.380001 102.059998 30997884967
21.980000 -52.202499 83.457497 30997909956
35.070000 -43.295002 64.032501 30997934960
-0.262500 -57.452499 81.707497 30997959961
-8.575000 -72.870003 101.762497 30997984960
37.310001 -32.865002 78.697502 30998009953
27.160000 -27.177500 75.635002 30998034954
0.997500 -34.439999 80.832497 30998059953
21.472500 -43.067501 86.834999 30998084956
18.514999 -48.615002 99.610001 30998109757
13.072500 -21.262501 96.057503 30998134956
27.405001 -32.480000 81.340004 30998159949
21.910000 -50.767502 72.362503 30998184961
10.482500 -16.625000 72.607498 30998209960
25.287500 7.770000 62.947502 30998234956
48.527500 26.687500 43.452499 30998259954
49.244999 16.397501 39.812500 30998284963
25.532499 -1.890000 54.880001 30998309955
39.707500 9.257500 39.427502 30998334992
75.144997 13.230000 29.942501 30998359948
57.872501 7.630000 33.215000 30998384960
38.097500 3.185000 24.762501 30998409956
0.577500 6.387500 16.170000 30998434971
-7.577500 25.427500 6.650000 30998459952
2.607500 22.995001 11.305000 30998484964
5.985000 2.065000 6.860000 30998509958
-15.995000 -12.740000 4.637500 30998534958
-30.082500 -10.570000 10.255000 30998559944
-18.882500 -3.675000 8.750000 30998584962
-10.955000 1.680000 4.637500 30998609953
-15.925000 10.412500 3.587500 30998634959
-2.275000 20.125000 2.905000 30998659948
6.475000 13.877501 8.435000 30998684967
-1.172500 2.555000 11.847500 30998709955
5.005000 6.335000 18.655001 30998734970
17.762501 10.500000 23.992500 30998759954
22.557501 3.815000 24.430000 30998784956
19.285000 0.875000 24.027500 30998809951
14.507500 8.662500 20.177500 30998834957
14.245000 9.380000 16.782499 30998859953
16.047501 4.620000 11.427500 30998884957
10.552500 -0.315000 6.632500 30998909993
7.542500 2.135000 -1.837500 30998934959
14.507500 1.347500 -3.045000 30998959867
11.655000 -7.962500 -2.817500 30998990758
13.195000 9.397500 -8.732500 30999017874
14.472500 17.430000 -13.895000 30999034948
13.527500 10.955000 -13.282500 30999059949
16.397501 6.002500 -10.780000 30999084948
15.855000 7.752500 -7.157500 30999109953
9.275000 4.567500 0.245000 30999134944
-3.272500 4.515000 4.095000 30999159970
-9.800000 3.570000 0.385000 30999193827
-15.347500 8.085000 -1.312500 30999209835
-16.922501 7.735000 -3.920000 30999234957
-14.350000 9.222500 -0.105000 30999259957
-8.995000 9.065000 2.975000 30999284952
-6.142500 8.400000 0.560000 30999309946
-4.200000 7.630000 -2.152500 30999334948
-5.057500 7.175000 -2.065000 30999359948
-3.255000 5.547500 -0.805000 30999384944
-2.765000 4.112500 -1.995000 30999409942
-3.640000 1.452500 1.050000 30999434959
-6.702500 -2.747500 4.497500 30999459944
-7.875000 -2.170000 3.272500 30999484944
-5.740000 -1.172500 1.925000 30999509939
-8.470000 -0.700000 3.342500 30999534980
-7.717500 1.925000 2.555000 30999559948
-2.135000 -2.065000 3.447500 30999584942
-1.610000 -1.505000 1.872500 30999609944
-2.082500 4.375000 -4.777500 30999634947
6.440000 0.455000 0.315000 30999659946
7.980000 3.920000 0.297500 30999684962
8.435000 2.397500 -1.540000 30999709950
2.415000 2.135000 -2.555000 30999734963
-2.275000 1.207500 -1.907500 30999759950
-5.337500 0.367500 -0.910000 30999784974
-9.940000 -1.312500 -0.490000 30999809993
-9.187500 -2.590000 -2.817500 30999834960
-3.220000 -0.717500 -4.917500 30999859947
-1.837500 0.315000 -4.287500 30999884957
1.295000 0.507500 -3.290000 30999909980
4.077500 1.592500 -5.092500 30999934971
3.482500 -0.105000 -5.162500 30999959951
5.547500 0.490000 -3.780000 30999984959
5.932500 -0.770000 -2.975000 31000009957
5.232500 -1.155000 -0.280000 31000034954
2.047500 2.240000 -1.295000 31000059950
0.472500 3.937500 -1.855000 31000084963
2.555000 0.840000 -1.522500 31000109984
5.740000 -0.210000 -3.377500 31000134969
7.455000 -2.450000 0.437500 31000159991
6.142500 -2.607500 -0.087500 31000184965
5.512500 -0.297500 -4.532500 31000209958
2.992500 -2.537500 -6.685000 31000234984
-3.885000 -4.830000 -4.515000 31000259963
-4.095000 -5.932500 -2.380000 31000284964
-10.797500 -3.080000 -4.112500 31000309963
-13.755000 -1.295000 -5.915000 31000334968
-9.695000 1.365000 -2.590000 31000359951
-0.105000 -1.855000 -2.047500 31000384953
6.842500 1.067500 -2.152500 31000409970
8.890000 5.670000 -2.572500 31000434946
10.850000 3.675000 -3.202500 31000459954
16.660000 -5.285000 0.052500 31000484944
22.592501 -7.087500 2.765000 31000509948
18.655001 -7.420000 5.180000 31000534948
