0.088260 -10.012591 -1.049312 86862761746
0.147100 -10.091044 -1.098345 86862776686
0.147100 -10.189111 -1.088538 86862785733
0.127486 -10.149883 -1.137571 86862797711
0.098067 -10.159691 -1.127765 86862809720
0.049033 -10.189111 -1.098345 86862821766
0.107873 -10.198916 -1.088538 86862833696
0.107873 -10.228337 -1.137571 86862845694
0.078453 -10.198916 -1.137571 86862857711
0.039227 -10.179304 -1.186605 86862869706
0.039227 -10.179304 -1.216025 86862881660
-0.009807 -10.238144 -1.245445 86862893661
0.019613 -10.228337 -1.216025 86862905704
0.019613 -10.218531 -1.225831 86862917695
0.049033 -10.208724 -1.166991 86862929725
0.068647 -10.179304 -1.206218 86862941697
0.078453 -10.208724 -1.206218 86862953694
0.088260 -10.189111 -1.216025 86862965706
0.029420 -10.198916 -1.186605 86862977679
0.098067 -10.218531 -1.098345 86862989694
0.078453 -10.169497 -1.176798 86863001497
0.058840 -10.179304 -1.147378 86863013447
0.058840 -10.208724 -1.147378 86863025449
0.068647 -10.198916 -1.176798 86863037447
0.107873 -10.159691 -1.127765 86863049448
0.088260 -10.228337 -1.157185 86863061448
0.107873 -10.238144 -1.176798 86863073448
0.078453 -10.247950 -1.068925 86863085447
-0.029420 -10.218531 -1.088538 86863097447
-0.029420 -10.169497 -1.108152 86863109450
-0.039227 -10.189111 -1.088538 86863121447
-0.039227 -10.198916 -1.068925 86863133446
-0.039227 -10.228337 -1.117958 86863145446
0.058840 -10.189111 -1.068925 86863157446
0.058840 -10.189111 -1.088538 86863169447
0.058840 -10.189111 -1.127765 86863181447
0.049033 -10.208724 -1.157185 86863193452
0.107873 -10.169497 -1.186605 86863205447
0.098067 -10.189111 -1.235638 86863217460
0.127486 -10.179304 -1.176798 86863229458
0.137293 -10.198916 -1.157185 86863241454
0.068647 -10.218531 -1.166991 86863253460
0.058840 -10.198916 -1.137571 86863265457
0.049033 -10.208724 -1.166991 86863277460
0.078453 -10.218531 -1.157185 86863289474
0.127486 -10.198916 -1.147378 86863301464
0.098067 -10.189111 -1.157185 86863313489
0.058840 -10.218531 -1.117958 86863325474
0.088260 -10.218531 -1.078732 86863337478
0.088260 -10.228337 -1.098345 86863349481
0.058840 -10.189111 -1.088538 86863361477
0.029420 -10.208724 -1.068925 86863373479
0.029420 -10.218531 -1.098345 86863385477
-0.019613 -10.247950 -1.137571 86863397478
-0.049033 -10.257757 -1.186605 86863409513
-0.049033 -10.198916 -1.059118 86863421488
-0.029420 -10.238144 -0.990472 86863433511
-0.019613 -10.198916 -1.010085 86863445506
-0.029420 -10.198916 -1.059118 86863457507
-0.029420 -10.238144 -1.068925 86863469506
0.039227 -10.228337 -1.098345 86863481502
0.127486 -10.189111 -1.147378 86863493508
0.098067 -10.179304 -1.078732 86863505561
0.068647 -10.179304 -1.078732 86863517524
-0.009807 -10.218531 -0.990472 86863529521
-0.019613 -10.238144 -1.019892 86863541542
-0.019613 -10.267564 -1.049312 86863553546
-0.019613 -10.228337 -1.108152 86863565538
0.009807 -10.169497 -1.088538 86863577548
0.029420 -10.228337 -1.000278 86863589545
0.049033 -10.238144 -0.980665 86863601541
0.068647 -10.218531 -1.019892 86863613550
0.107873 -10.198916 -1.059118 86863625541
0.098067 -10.218531 -1.039505 86863637546
0.078453 -10.228337 -1.088538 86863649553
0.049033 -10.218531 -1.078732 86863661540
0.029420 -10.218531 -1.049312 86863673546
0.029420 -10.218531 -1.068925 86863685540
-0.009807 -10.228337 -1.019892 86863697547
0.009807 -10.247950 -1.049312 86863709547
0.019613 -10.218531 -1.117958 86863721540
-0.009807 -10.208724 -1.127765 86863733466
0.039227 -10.208724 -1.088538 86863745457
0.058840 -10.208724 -1.098345 86863757461
0.078453 -10.238144 -1.117958 86863769459
0.039227 -10.218531 -1.098345 86863781455
0.088260 -10.218531 -1.068925 86863793459
0.137293 -10.189111 -1.088538 86863805455
0.196133 -10.189111 -1.108152 86863817490
0.205940 -10.159691 -1.068925 86863829487
0.166713 -10.169497 -1.117958 86863841482
0.127486 -10.218531 -1.127765 86863853484
0.127486 -10.208724 -1.088538 86863865475
0.117680 -10.208724 -1.068925 86863877476
0.137293 -10.189111 -1.068925 86863889476
0.127486 -10.198916 -1.127765 86863901482
0.098067 -10.238144 -1.127765 86863913509
0.107873 -10.179304 -1.117958 86863925493
0.098067 -10.189111 -1.166991 86863937527
0.088260 -10.198916 -1.147378 86863949527
0.107873 -10.257757 -1.108152 86863961519
0.127486 -10.179304 -1.216025 86863973523
0.147100 -10.149883 -1.225831 86863985521
0.186326 -10.159691 -1.206218 86863997526
0.156906 -10.189111 -1.274865 86864009525
0.127486 -10.267564 -1.255251 86864021530
-0.019613 -10.257757 -1.137571 86864033523
-0.019613 -10.247950 -1.137571 86864045523
0.019613 -10.257757 -1.166991 86864057521
0.068647 -10.238144 -1.206218 86864069527
0.254973 -10.149883 -1.294478 86864081526
0.313813 -10.120463 -1.343511 86864093523
0.313813 -10.130271 -1.284671 86864105454
0.294200 -10.140078 -1.323898 86864117448
0.294200 -10.169497 -1.235638 86864129449
0.196133 -10.159691 -1.255251 86864141449
0.186326 -10.198916 -1.274865 86864153447
0.176520 -10.257757 -1.255251 86864165458
0.176520 -10.277370 -1.176798 86864177460
0.245166 -10.198916 -1.166991 86864189460
0.186326 -10.189111 -1.108152 86864201457
0.147100 -10.218531 -1.098345 86864213462
0.117680 -10.189111 -1.068925 86864225458
0.107873 -10.218531 -1.049312 86864237463
-0.009807 -10.247950 -1.088538 86864249468
0.029420 -10.257757 -1.049312 86864261456
0.039227 -10.267564 -1.088538 86864273461
0.088260 -10.267564 -1.059118 86864285456
0.049033 -10.218531 -1.108152 86864297461
0.058840 -10.208724 -1.088538 86864309476
0.078453 -10.277370 -1.098345 86864321472
0.117680 -10.267564 -1.166991 86864333487
0.156906 -10.228337 -1.206218 86864345482
0.215746 -10.218531 -1.333705 86864357479
0.205940 -10.189111 -1.284671 86864369491
0.176520 -10.218531 -1.265058 86864381484
0.176520 -10.189111 -1.284671 86864393490
0.186326 -10.169497 -1.245445 86864405500
0.186326 -10.149883 -1.206218 86864417496
0.147100 -10.179304 -1.196411 86864429489
0.117680 -10.218531 -1.127765 86864441484
0.127486 -10.238144 -1.088538 86864453486
0.068647 -10.198916 -1.117958 86864465486
0.078453 -10.179304 -1.117958 86864477498
0.058840 -10.198916 -1.088538 86864489497
0.058840 -10.159691 -1.078732 86864501491
0.019613 -10.257757 -1.049312 86864513509
0.019613 -10.296983 -1.137571 86864525502
-0.009807 -10.296983 -1.117958 86864537525
-0.019613 -10.287177 -1.059118 86864549527
-0.019613 -10.228337 -1.059118 86864561516
-0.019613 -10.198916 -1.127765 86864573523
0.088260 -10.228337 -1.098345 86864585519
0.107873 -10.277370 -1.029698 86864597522
0.088260 -10.228337 -1.157185 86864609526
0.147100 -10.218531 -1.108152 86864621531
0.274586 -10.149883 -1.019892 86864633524
0.313813 -10.159691 -1.019892 86864645524
0.294200 -10.198916 -1.039505 86864657524
0.284393 -10.198916 -1.010085 86864669549
0.196133 -10.169497 -0.990472 86864681543
0.147100 -10.228337 -0.970859 86864693547
0.098067 -10.277370 -0.921825 86864705541
0.088260 -10.277370 -0.921825 86864717546
0.068647 -10.267564 -0.912019 86864729548
0.117680 -10.228337 -0.892405 86864741559
0.127486 -10.218531 -0.862985 86864753555
0.127486 -10.218531 -0.882599 86864765552
0.156906 -10.228337 -0.912019 86864777552
0.156906 -10.218531 -0.931632 86864789551
0.147100 -10.218531 -0.921825 86864801450
0.147100 -10.218531 -0.912019 86864813449
0.127486 -10.247950 -0.853179 86864825458
0.117680 -10.277370 -0.882599 86864837461
0.068647 -10.277370 -0.931632 86864849466
0.009807 -10.277370 -0.833565 86864861458
0.049033 -10.277370 -0.843372 86864873461
0.049033 -10.238144 -0.912019 86864885456
0.078453 -10.257757 -0.931632 86864897461
0.127486 -10.238144 -0.931632 86864909479
0.166713 -10.218531 -0.921825 86864921470
0.235360 -10.228337 -0.912019 86864933478
0.245166 -10.228337 -0.862985 86864945470
0.225553 -10.228337 -0.882599 86864957477
0.225553 -10.189111 -0.902212 86864969474
0.205940 -10.218531 -0.902212 86864981468
0.186326 -10.218531 -0.921825 86864993503
0.176520 -10.218531 -0.941439 86865005530
0.127486 -10.257757 -0.902212 86865017493
0.098067 -10.228337 -0.951245 86865029490
0.068647 -10.267564 -0.902212 86865041492
0.058840 -10.247950 -0.892405 86865053488
0.078453 -10.267564 -0.862985 86865065505
0.098067 -10.218531 -0.892405 86865077507
0.098067 -10.238144 -0.941439 86865089509
0.098067 -10.238144 -0.921825 86865101502
0.098067 -10.228337 -0.902212 86865113509
0.107873 -10.218531 -0.853179 86865125504
0.137293 -10.198916 -0.921825 86865137524
0.098067 -10.267564 -0.961052 86865149527
0.117680 -10.257757 -0.951245 86865161517
0.107873 -10.189111 -0.951245 86865173524
0.107873 -10.179304 -0.990472 86865185519
0.127486 -10.228337 -1.000278 86865197525
0.088260 -10.238144 -0.980665 86865209524
0.088260 -10.228337 -1.010085 86865221556
0.147100 -10.179304 -0.961052 86865233552
0.186326 -10.198916 -1.019892 86865245550
0.176520 -10.228337 -1.019892 86865257550
0.166713 -10.218531 -0.961052 86865269547
0.205940 -10.198916 -0.951245 86865281551
0.215746 -10.189111 -0.912019 86865293549
0.205940 -10.208724 -0.882599 86865305463
0.166713 -10.228337 -0.853179 86865317450
0.117680 -10.257757 -0.862985 86865329452
0.088260 -10.238144 -0.843372 86865341456
0.098067 -10.218531 -0.853179 86865353469
0.127486 -10.228337 -0.804145 86865365453
0.225553 -10.208724 -0.794339 86865377454
0.186326 -10.228337 -0.804145 86865389451
0.176520 -10.208724 -0.882599 86865401459
0.284393 -10.404857 -0.804145 86865413475
0.333426 -10.257757 -0.666852 86865425468
0.284393 -10.247950 -0.657046 86865437474
0.343233 -10.247950 -0.686466 86865449476
0.480526 -10.218531 -0.735499 86865461464
0.509946 -10.159691 -0.764919 86865473469
0.431493 -10.140078 -0.794339 86865485463
0.460913 -10.198916 -0.843372 86865497468
0.470719 -10.208724 -0.843372 86865509483
0.382459 -10.169497 -0.764919 86865521480
0.353039 -10.169497 -0.735499 86865533479
0.353039 -10.169497 -0.941439 86865545480
0.264780 -10.218531 -0.921825 86865557478
0.147100 -10.316597 -0.843372 86865569480
0.107873 -10.149883 -0.882599 86865581478
0.088260 -10.591184 -0.970859 86865593478
0.098067 -10.610797 -0.892405 86865605452
0.137293 -10.385243 -0.686466 86865617447
0.029420 -10.365630 -0.951245 86865629447
-0.019613 -9.718391 -0.931632 86865641458
-0.019613 -10.032204 -1.039505 86865653461
-0.068647 -9.924331 -0.941439 86865665455
-0.029420 -9.973364 -1.059118 86865677459
-0.009807 -9.404578 -0.931632 86865689461
-0.039227 -9.992978 -0.990472 86865701457
-0.088260 -9.669358 -0.980665 86865713470
-0.107873 -10.189111 -1.078732 86865725481
-0.117680 -9.767425 -1.294478 86865737471
-0.117680 -10.100850 -1.314091 86865749472
-0.127486 -9.806651 -1.304285 86865761467
-0.147100 -9.885104 -1.333705 86865773470
-0.186326 -10.169497 -1.392545 86865785464
-0.176520 -9.894911 -1.421964 86865797467
-0.156906 -10.404857 -1.421964 86865809488
-0.186326 -10.287177 -1.510224 86865821479
-0.235360 -9.914525 -1.500418 86865833476
-0.274586 -9.365352 -1.520031 86865845478
-0.166713 -9.679165 -1.510224 86865857486
-0.117680 -9.855684 -1.647517 86865869497
-0.098067 -9.747811 -1.637711 86865881490
-0.058840 -10.238144 -1.696550 86865893497
0.058840 -10.728477 -2.010364 86865905495
0.039227 -10.748089 -2.059397 86865917497
0.088260 -10.836349 -2.059397 86865929492
0.166713 -10.395051 -2.029977 86865941485
0.323619 -10.208724 -2.157463 86865953484
0.362846 -10.179304 -2.137850 86865965484
0.372653 -10.051817 -2.108430 86865977497
0.323619 -10.051817 -2.118237 86865989496
0.284393 -9.983171 -2.137850 86866001492
0.313813 -10.042011 -2.069203 86866013512
0.284393 -10.130271 -2.088817 86866025507
0.284393 -10.169497 -2.020170 86866037503
0.313813 -10.130271 -1.971137 86866049503
0.362846 -10.189111 -1.902490 86866061501
0.313813 -10.247950 -1.863264 86866073503
0.235360 -10.208724 -1.922104 86866085501
0.176520 -10.238144 -1.853457 86866097503
0.156906 -10.306790 -1.804424 86866109452
0.127486 -10.306790 -1.657324 86866121448
0.049033 -10.120463 -1.706357 86866133448
0.049033 -10.149883 -1.667131 86866145457
0.039227 -10.071430 -1.745584 86866157463
0.156906 -10.306790 -1.863264 86866169460
0.343233 -10.198916 -1.804424 86866181456
0.372653 -9.963558 -1.853457 86866193461
0.353039 -10.149883 -1.676937 86866205456
0.382459 -9.934137 -1.745584 86866217470
0.294200 -10.061625 -1.637711 86866229469
0.186326 -10.169497 -1.657324 86866241465
0.205940 -10.346016 -1.559257 86866253468
0.205940 -9.963558 -1.569064 86866265467
0.343233 -10.032204 -1.539644 86866277469
0.411879 -9.914525 -1.569064 86866289468
0.460913 -9.953751 -1.686744 86866301464
0.451106 -10.179304 -1.657324 86866313500
0.490333 -10.032204 -1.598484 86866325493
0.431493 -9.894911 -1.421964 86866337496
0.500139 -10.198916 -1.559257 86866349501
0.470719 -10.473503 -1.569064 86866361495
0.500139 -10.346016 -1.500418 86866373496
0.578592 -10.061625 -1.578871 86866385495
0.676659 -9.630132 -1.451384 86866397497
0.676659 -9.747811 -1.363124 86866409497
0.745305 -10.042011 -1.372931 86866421525
0.794339 -10.395051 -1.294478 86866433512
0.755112 -10.542150 -1.333705 86866445504
0.774725 -10.777510 -1.225831 86866457501
0.764919 -10.404857 -1.294478 86866469499
0.784532 -9.845878 -1.412158 86866481502
0.745305 -10.610797 -1.245445 86866493502
0.706079 -10.277370 -1.333705 86866505456
0.735499 -10.100850 -1.245445 86866517462
0.686466 -10.581376 -1.166991 86866529460
0.755112 -10.512731 -1.186605 86866541455
0.833565 -10.159691 -1.235638 86866553460
0.666852 -10.532343 -1.078732 86866565457
0.627626 -10.551956 -1.117958 86866577460
0.598206 -10.650023 -1.088538 86866589461
0.509946 -10.630409 -1.147378 86866601457
0.460913 -10.336210 -1.029698 86866613481
0.411879 -10.110658 -1.088538 86866625474
0.382459 -9.934137 -1.098345 86866637478
0.323619 -10.267564 -1.068925 86866649481
0.254973 -10.346016 -1.019892 86866661474
0.235360 -10.189111 -0.931632 86866673479
0.254973 -10.189111 -0.912019 86866685472
0.196133 -10.071430 -1.049312 86866697478
0.147100 -10.091044 -0.902212 86866709487
0.068647 -10.228337 -0.921825 86866721488
-0.068647 -10.208724 -0.941439 86866733507
-0.098067 -10.247950 -0.941439 86866745501
-0.088260 -10.238144 -0.921825 86866757507
-0.068647 -10.228337 -0.951245 86866769506
-0.205940 -10.385243 -0.970859 86866781500
-0.245166 -10.257757 -0.951245 86866793504
-0.254973 -10.247950 -0.912019 86866805553
-0.323619 -10.228337 -0.912019 86866817547
-0.245166 -10.346016 -0.951245 86866829542
-0.343233 -10.140078 -0.941439 86866841540
-0.372653 -10.110658 -0.813952 86866853545
-0.421686 -10.169497 -0.813952 86866865531
-0.490333 -10.169497 -0.872792 86866877530
-0.323619 -10.296983 -1.000278 86866889529
-0.196133 -10.306790 -0.912019 86866901540
-0.186326 -10.218531 -0.931632 86866913465
-0.304006 -10.336210 -0.951245 86866925458
-0.392266 -10.385243 -0.990472 86866937460
-0.323619 -10.149883 -1.019892 86866949464
-0.284393 -10.071430 -1.147378 86866961457
-0.235360 -10.100850 -1.068925 86866973460
-0.156906 -10.159691 -1.029698 86866985456
-0.196133 -10.238144 -1.137571 86866997460
-0.176520 -10.287177 -1.314091 86867009480
-0.098067 -10.238144 -1.323898 86867021484
-0.058840 -10.218531 -1.284671 86867033486
-0.029420 -10.257757 -1.176798 86867045482
-0.107873 -10.375437 -1.265058 86867057497
-0.088260 -10.159691 -1.186605 86867069486
-0.078453 -10.110658 -1.245445 86867081482
-0.049033 -10.189111 -1.372931 86867093487
0.019613 -10.140078 -1.431771 86867105484
0.058840 -10.208724 -1.363124 86867117485
0.049033 -10.189111 -1.392545 86867129499
0.117680 -10.208724 -1.372931 86867141490
0.098067 -10.130271 -1.265058 86867153508
0.049033 -10.140078 -1.402351 86867165502
-0.009807 -10.149883 -1.480804 86867177508
-0.019613 -10.198916 -1.461191 86867189507
0.039227 -10.198916 -1.520031 86867201501
0.068647 -10.198916 -1.569064 86867213507
0.058840 -10.238144 -1.480804 86867225527
0.058840 -10.189111 -1.510224 86867237519
0.058840 -10.208724 -1.470998 86867249530
0.058840 -10.198916 -1.529838 86867261528
-0.009807 -10.228337 -1.510224 86867273524
-0.009807 -10.198916 -1.510224 86867285541
0.029420 -10.198916 -1.500418 86867297548
0.088260 -10.218531 -1.470998 86867309545
0.127486 -10.267564 -1.559257 86867321541
0.225553 -10.189111 -1.578871 86867333588
0.274586 -10.149883 -1.549451 86867345554
0.333426 -10.189111 -1.490611 86867357554
0.353039 -10.189111 -1.490611 86867369552
0.343233 -10.198916 -1.451384 86867381552
0.323619 -10.189111 -1.382738 86867393553
0.333426 -10.149883 -1.294478 86867405455
0.323619 -10.169497 -1.265058 86867417450
0.323619 -10.208724 -1.343511 86867429464
0.313813 -10.208724 -1.343511 86867441456
0.313813 -10.198916 -1.245445 86867453452
0.343233 -10.189111 -1.157185 86867465453
0.294200 -10.179304 -1.166991 86867477459
0.264780 -10.228337 -1.176798 86867489459
0.323619 -10.189111 -1.186605 86867501457
0.313813 -10.198916 -1.117958 86867513477
0.284393 -10.218531 -1.108152 86867525469
0.254973 -10.218531 -1.147378 86867537472
0.235360 -10.189111 -1.108152 86867549477
0.274586 -10.247950 -1.088538 86867561469
0.274586 -10.267564 -1.078732 86867573474
0.264780 -10.228337 -1.088538 86867585468
0.245166 -10.218531 -1.039505 86867597473
0.254973 -10.208724 -1.108152 86867609495
0.245166 -10.228337 -1.117958 86867621490
0.304006 -10.247950 -1.127765 86867633508
0.294200 -10.238144 -1.147378 86867645502
0.294200 -10.208724 -1.127765 86867657507
0.205940 -10.267564 -1.157185 86867669507
0.254973 -10.238144 -1.206218 86867681501
0.304006 -10.218531 -1.216025 86867693508
0.313813 -10.218531 -1.206218 86867705552
0.254973 -10.218531 -1.147378 86867717549
0.245166 -10.179304 -1.157185 86867729546
0.294200 -10.189111 -1.186605 86867741542
0.294200 -10.169497 -1.166991 86867753547
0.264780 -10.189111 -1.137571 86867765542
0.186326 -10.218531 -1.157185 86867777545
0.235360 -10.198916 -1.176798 86867789551
0.294200 -10.179304 -1.225831 86867801541
0.333426 -10.208724 -1.245445 86867813547
0.284393 -10.218531 -1.157185 86867825541
0.225553 -10.218531 -1.127765 86867837541
0.205940 -10.218531 -1.127765 86867849526
0.254973 -10.228337 -1.206218 86867861525
0.274586 -10.247950 -1.206218 86867873531
0.225553 -10.228337 -1.147378 86867885525
0.245166 -10.238144 -1.147378 86867897550
0.254973 -10.198916 -1.176798 86867909545
0.235360 -10.169497 -1.147378 86867921542
0.304006 -10.218531 -1.216025 86867933599
0.362846 -10.189111 -1.274865 86867945578
0.353039 -10.149883 -1.265058 86867957555
0.333426 -10.169497 -1.186605 86867969559
0.235360 -10.198916 -1.147378 86867981580
0.215746 -10.238144 -1.176798 86867993560
0.304006 -10.218531 -1.127765 86868005558
0.343233 -10.189111 -1.127765 86868017556
0.362846 -10.198916 -1.166991 86868029553
0.313813 -10.189111 -1.127765 86868041549
0.274586 -10.238144 -1.137571 86868053550
0.264780 -10.228337 -1.137571 86868065552
0.254973 -10.208724 -1.245445 86868077550
0.294200 -10.208724 -1.098345 86868089549
0.343233 -10.169497 -1.147378 86868101464
0.343233 -10.179304 -1.157185 86868113452
0.304006 -10.179304 -1.166991 86868125449
0.294200 -10.218531 -1.176798 86868137447
0.274586 -10.247950 -1.186605 86868149446
0.313813 -10.189111 -1.274865 86868161449
0.284393 -10.189111 -1.225831 86868173448
0.343233 -10.198916 -1.196411 86868185447
0.323619 -10.208724 -1.186605 86868197461
0.274586 -10.198916 -1.235638 86868209460
0.284393 -10.179304 -1.186605 86868221455
0.215746 -10.218531 -1.176798 86868233459
0.225553 -10.208724 -1.137571 86868245460
0.284393 -10.208724 -1.137571 86868257459
0.294200 -10.208724 -1.196411 86868269459
0.304006 -10.189111 -1.216025 86868281456
0.313813 -10.198916 -1.216025 86868293459
0.323619 -10.218531 -1.176798 86868305456
0.313813 -10.198916 -1.157185 86868317490
0.284393 -10.238144 -1.147378 86868329488
0.323619 -10.228337 -1.117958 86868341480
0.333426 -10.208724 -1.176798 86868353489
0.343233 -10.189111 -1.206218 86868365476
0.304006 -10.218531 -1.265058 86868377475
0.304006 -10.238144 -1.225831 86868389474
0.313813 -10.218531 -1.206218 86868401483
0.313813 -10.198916 -1.176798 86868413485
0.323619 -10.218531 -1.176798 86868425548
0.313813 -10.208724 -1.127765 86868437490
0.343233 -10.208724 -1.049312 86868449514
0.294200 -10.208724 -1.098345 86868461504
0.294200 -10.189111 -1.010085 86868473506
0.313813 -10.208724 -0.970859 86868485500
0.353039 -10.189111 -0.784532 86868497506
0.372653 -10.189111 -0.853179 86868509505
0.460913 -10.444084 -0.598206 86868521531
0.421686 -10.414664 -0.470719 86868533522
0.166713 -10.159691 -0.480526 86868545522
0.156906 -10.218531 -0.549172 86868557522
0.235360 -10.179304 -0.588399 86868569519
0.294200 -10.159691 -0.735499 86868581520
0.333426 -10.247950 -0.676659 86868593546
0.304006 -10.257757 -0.647239 86868605542
0.362846 -10.434277 -0.774725 86868617546
0.431493 -10.326404 -0.833565 86868629524
0.392266 -9.992978 -0.794339 86868641521
0.186326 -10.502923 -0.725692 86868653543
0.049033 -10.218531 -0.568786 86868665542
-0.049033 -10.296983 -0.598206 86868677547
-0.029420 -10.238144 -0.784532 86868689546
-0.039227 -10.032204 -0.735499 86868701542
-0.039227 -10.846155 -1.108152 86868713585
0.058840 -10.140078 -1.059118 86868725607
0.068647 -9.875298 -1.098345 86868737580
0.058840 -9.963558 -1.117958 86868749580
0.029420 -9.669358 -1.088538 86868761553
-0.225553 -10.355824 -1.127765 86868773548
-0.284393 -10.140078 -1.010085 86868785552
-0.284393 -10.022397 -1.108152 86868797550
-0.254973 -10.120463 -1.078732 86868809610
-0.186326 -10.218531 -1.353318 86868821600
-0.156906 -9.943945 -1.304285 86868833599
-0.166713 -9.934137 -1.333705 86868845600
-0.156906 -10.238144 -1.431771 86868857605
-0.107873 -10.218531 -1.559257 86868869598
-0.058840 -9.885104 -1.598484 86868881600
-0.107873 -9.738005 -1.578871 86868893601
-0.137293 -9.934137 -1.578871 86868905453
-0.196133 -10.336210 -1.765197 86868917448
-0.049033 -10.071430 -1.833844 86868929455
-0.107873 -9.767425 -1.922104 86868941448
-0.049033 -9.885104 -1.824037 86868953448
-0.039227 -10.002784 -1.833844 86868965446
-0.049033 -10.149883 -1.971137 86868977445
-0.166713 -10.120463 -1.961330 86868989448
-0.235360 -10.120463 -1.971137 86869001458
-0.284393 -9.992978 -1.980944 86869013462
-0.264780 -10.149883 -2.020170 86869025455
-0.235360 -10.198916 -2.020170 86869037459
0.039227 -10.257757 -2.000557 86869049465
0.039227 -10.238144 -2.029977 86869061455
0.029420 -10.169497 -2.147657 86869073460
0.049033 -10.061625 -2.079010 86869085456
-0.058840 -10.189111 -2.118237 86869097462
-0.117680 -10.110658 -2.118237 86869109477
-0.127486 -10.110658 -2.049590 86869121471
-0.156906 -10.071430 -2.108430 86869133486
-0.117680 -10.061625 -2.029977 86869145483
-0.068647 -10.346016 -2.108430 86869157485
-0.029420 -10.169497 -2.118237 86869169485
0.117680 -9.963558 -2.029977 86869181480
0.176520 -9.992978 -2.098624 86869193485
0.264780 -9.992978 -2.069203 86869205481
0.382459 -10.836349 -2.186883 86869217493
0.402073 -10.797122 -2.304563 86869229504
0.588399 -10.463697 -2.226110 86869241510
0.686466 -10.512731 -2.275143 86869253509
0.872792 -10.404857 -2.108430 86869265505
0.961052 -10.346016 -2.010364 86869277508
0.862985 -10.718670 -2.157463 86869289506
0.912019 -9.943945 -2.020170 86869301501
0.902212 -10.198916 -1.951524 86869313506
0.794339 -10.159691 -1.912297 86869325501
0.804145 -10.326404 -1.931910 86869337508
0.912019 -10.444084 -1.873070 86869349511
0.941439 -10.591184 -1.873070 86869361506
0.980665 -10.453890 -1.814230 86869373508
0.970859 -10.512731 -1.804424 86869385502
0.980665 -10.424470 -1.765197 86869397507
1.019892 -10.502923 -1.725971 86869409509
1.098345 -10.277370 -1.696550 86869421501
1.108152 -9.796844 -1.706357 86869433532
1.078732 -9.541871 -1.569064 86869445518
1.019892 -9.738005 -1.461191 86869457524
0.980665 -10.022397 -1.392545 86869469522
1.068925 -9.708585 -1.461191 86869481504
1.078732 -10.277370 -1.343511 86869493523
1.078732 -10.071430 -1.323898 86869505519
1.000278 -10.169497 -1.225831 86869517523
0.892405 -10.081238 -1.147378 86869529536
0.823759 -10.267564 -1.049312 86869541528
0.872792 -10.316597 -1.088538 86869553524
0.872792 -9.924331 -1.010085 86869565523
0.853179 -9.551678 -0.931632 86869577519
0.794339 -9.669358 -0.990472 86869589521
0.627626 -10.198916 -0.686466 86869601449
0.608012 -10.336210 -0.657046 86869613447
0.529559 -10.453890 -0.715886 86869625456
0.529559 -10.296983 -0.657046 86869637461
0.529559 -10.483310 -0.588399 86869649462
0.353039 -10.247950 -0.666852 86869661455
0.294200 -10.561764 -0.588399 86869673461
0.215746 -10.463697 -0.617819 86869685456
0.117680 -10.355824 -0.627626 86869697460
0.049033 -10.120463 -0.480526 86869709481
0.019613 -10.277370 -0.470719 86869721473
-0.088260 -10.267564 -0.519753 86869733478
-0.166713 -10.238144 -0.460913 86869745473
-0.274586 -10.228337 -0.372653 86869757480
-0.313813 -10.228337 -0.460913 86869769482
-0.353039 -10.277370 -0.519753 86869781474
-0.411879 -10.267564 -0.500139 86869793478
-0.431493 -10.296983 -0.441299 86869805511
-0.509946 -10.395051 -0.509946 86869817508
-0.500139 -10.257757 -0.509946 86869829506
-0.539366 -10.257757 -0.480526 86869841502
-0.598206 -10.238144 -0.558979 86869853506
-0.657046 -10.267564 -0.529559 86869865494
-0.666852 -10.326404 -0.608012 86869877495
-0.657046 -10.169497 -0.598206 86869889495
-0.480526 -10.100850 -0.558979 86869901512
-0.421686 -10.002784 -0.578592 86869913507
-0.441299 -10.051817 -0.588399 86869925540
-0.509946 -10.100850 -0.725692 86869937507
-0.608012 -10.218531 -0.794339 86869949511
-0.598206 -10.395051 -0.823759 86869961502
-0.578592 -10.434277 -0.902212 86869973510
-0.480526 -10.355824 -0.980665 86869985503
-0.392266 -10.316597 -1.029698 86869997507
-0.284393 -10.218531 -1.088538 86870009490
-0.284393 -10.542150 -1.225831 86870021502
-0.254973 -10.561764 -1.294478 86870033507
-0.215746 -10.395051 -1.353318 86870045502
-0.245166 -10.404857 -1.529838 86870057489
-0.176520 -10.238144 -1.569064 86870069505
-0.186326 -10.238144 -1.676937 86870081502
-0.127486 -10.198916 -1.510224 86870093507
-0.039227 -10.218531 -1.755391 86870105526
0.009807 -10.247950 -1.765197 86870117503
0.049033 -10.208724 -1.833844 86870129525
0.127486 -10.120463 -1.814230 86870141518
0.078453 -10.238144 -1.873070 86870153524
-0.009807 -10.228337 -1.755391 86870165518
0.009807 -10.140078 -1.745584 86870177524
0.049033 -10.159691 -1.824037 86870189523
0.137293 -10.159691 -1.863264 86870201519
0.215746 -10.130271 -1.912297 86870213524
0.186326 -10.179304 -1.833844 86870225502
0.215746 -10.198916 -1.745584 86870237525
0.254973 -10.198916 -1.618097 86870249529
0.254973 -10.169497 -1.539644 86870261521
0.274586 -10.179304 -1.441578 86870273522
0.225553 -10.218531 -1.382738 86870285502
0.274586 -10.208724 -1.304285 86870297524
0.245166 -10.179304 -1.255251 86870309523
0.274586 -10.218531 -1.196411 86870321521
0.284393 -10.208724 -1.186605 86870333530
0.245166 -10.208724 -1.098345 86870345523
0.254973 -10.228337 -1.098345 86870357528
0.215746 -10.257757 -1.127765 86870369524
0.156906 -10.257757 -1.010085 86870381521
0.088260 -10.257757 -1.019892 86870393521
0.127486 -10.238144 -0.980665 86870405453
0.098067 -10.277370 -0.970859 86870417463
0.107873 -10.228337 -1.000278 86870429468
0.078453 -10.257757 -0.961052 86870441457
0.058840 -10.238144 -1.000278 86870453461
0.127486 -10.228337 -1.039505 86870465458
0.225553 -10.218531 -1.088538 86870477461
0.372653 -10.179304 -1.206218 86870489459
0.402073 -10.140078 -1.196411 86870501456
0.402073 -10.110658 -1.147378 86870513470
0.353039 -10.130271 -1.196411 86870525474
0.313813 -10.130271 -1.137571 86870537479
0.284393 -10.218531 -1.137571 86870549482
0.264780 -10.218531 -1.157185 86870561472
0.245166 -10.228337 -1.137571 86870573478
0.215746 -10.198916 -1.108152 86870585473
0.245166 -10.189111 -1.000278 86870597477
0.235360 -10.228337 -0.961052 86870609492
0.147100 -10.218531 -0.970859 86870621501
0.186326 -10.238144 -0.951245 86870633507
0.186326 -10.208724 -0.970859 86870645502
0.137293 -10.247950 -0.921825 86870657510
0.147100 -10.267564 -0.951245 86870669507
0.147100 -10.218531 -0.951245 86870681502
0.088260 -10.238144 -0.941439 86870693507
0.088260 -10.267564 -0.892405 86870705500
0.039227 -10.257757 -0.941439 86870717507
0.078453 -10.267564 -1.039505 86870729489
0.088260 -10.228337 -1.078732 86870741502
0.117680 -10.257757 -1.088538 86870753508
0.117680 -10.277370 -1.108152 86870765500
0.127486 -10.257757 -1.078732 86870777507
0.107873 -10.277370 -1.108152 86870789507
0.107873 -10.277370 -1.117958 86870801501
0.186326 -10.228337 -1.108152 86870813489
0.254973 -10.208724 -1.157185 86870825503
0.323619 -10.169497 -1.127765 86870837506
0.353039 -10.189111 -1.147378 86870849512
0.323619 -10.169497 -1.176798 86870861489
0.353039 -10.169497 -1.166991 86870873507
0.392266 -10.120463 -1.117958 86870885502
0.362846 -10.169497 -1.088538 86870897506
0.333426 -10.218531 -1.117958 86870909506
0.304006 -10.208724 -1.039505 86870921504
0.284393 -10.179304 -1.000278 86870933507
0.294200 -10.169497 -0.990472 86870945519
0.274586 -10.159691 -0.990472 86870957527
0.294200 -10.218531 -1.000278 86870969523
0.284393 -10.257757 -0.813952 86870981518
0.215746 -10.267564 -0.941439 86870993503
0.235360 -10.277370 -0.608012 86871005539
0.304006 -10.198916 -0.529559 86871017522
0.313813 -10.238144 -0.529559 86871029522
0.186326 -10.228337 -0.627626 86871041543
0.137293 -10.287177 -0.568786 86871053550
0.088260 -10.385243 -0.549172 86871065542
0.039227 -10.306790 -0.647239 86871077546
0.009807 -10.110658 -0.676659 86871089547
-0.049033 -10.218531 -0.696272 86871101539
-0.078453 -10.385243 -0.686466 86871113548
-0.147100 -10.208724 -0.598206 86871125524
-0.156906 -10.404857 -0.568786 86871137520
-0.156906 -9.973364 -0.608012 86871149520
-0.098067 -9.855684 -0.608012 86871161542
-0.088260 -10.120463 -0.823759 86871173552
-0.039227 -9.865492 -0.823759 86871185553
-0.088260 -9.963558 -0.951245 86871197549
-0.117680 -9.483032 -1.000278 86871209546
-0.068647 -10.287177 -1.157185 86871221542
0.009807 -10.238144 -1.206218 86871233548
0.009807 -10.091044 -1.265058 86871245525
0.137293 -10.051817 -1.363124 86871257522
0.284393 -10.934416 -1.863264 86871269522
0.441299 -10.826543 -2.000557 86871281522
0.578592 -10.326404 -1.951524 86871293520
0.647239 -9.845878 -2.010364 86871305456
0.088260 -9.894911 -1.412158 86871317462
-0.147100 -10.296983 -1.480804 86871329461
-0.225553 -10.110658 -1.598484 86871341456
-0.107873 -10.169497 -1.775004 86871353464
0.107873 -9.992978 -1.794617 86871365452
0.392266 -9.953751 -1.990750 86871377452
0.421686 -10.051817 -1.941717 86871389451
0.372653 -10.110658 -1.882877 86871401456
0.186326 -10.267564 -1.804424 86871413476
0.029420 -10.189111 -1.618097 86871425533
-0.196133 -10.042011 -1.500418 86871437487
-0.186326 -10.071430 -1.520031 86871449491
-0.137293 -10.149883 -1.510224 86871461481
-0.147100 -10.120463 -1.510224 86871473486
-0.343233 -10.081238 -1.431771 86871485481
-0.382459 -10.002784 -1.412158 86871497486
-0.421686 -10.012591 -1.382738 86871509505
-0.382459 -10.071430 -1.294478 86871521521
-0.353039 -10.198916 -1.216025 86871533523
-0.284393 -10.444084 -1.304285 86871545520
-0.323619 -10.365630 -1.372931 86871557525
-0.274586 -10.346016 -1.451384 86871569525
-0.176520 -10.169497 -1.461191 86871581517
-0.205940 -10.100850 -1.539644 86871593522
-0.147100 -10.110658 -1.578871 86871605518
-0.186326 -10.120463 -1.637711 86871617507
-0.166713 -10.149883 -1.559257 86871629522
-0.039227 -10.149883 -1.667131 86871641517
0.245166 -10.198916 -1.765197 86871653525
0.392266 -10.257757 -1.824037 86871665516
0.362846 -10.463697 -1.941717 86871677522
0.451106 -10.218531 -1.892684 86871689521
0.578592 -10.238144 -1.833844 86871701517
0.715886 -10.208724 -1.980944 86871713524
0.725692 -10.022397 -2.118237 86871725505
0.647239 -10.453890 -2.029977 86871737529
0.647239 -10.198916 -2.079010 86871749531
0.657046 -10.130271 -2.029977 86871761518
0.647239 -9.963558 -2.010364 86871773523
0.696272 -10.012591 -1.941717 86871785518
0.696272 -9.924331 -1.882877 86871797525
0.715886 -9.924331 -1.951524 86871809526
0.794339 -10.130271 -1.873070 86871821518
0.764919 -10.189111 -1.745584 86871833523
0.804145 -10.061625 -1.784810 86871845519
0.706079 -10.463697 -1.755391 86871857518
0.666852 -9.836071 -1.520031 86871869510
0.578592 -10.699056 -1.333705 86871881511
0.617819 -10.777510 -1.490611 86871893510
0.549172 -10.973642 -1.421964 86871905518
0.588399 -10.787316 -1.402351 86871917526
0.715886 -9.551678 -1.412158 86871929532
0.764919 -10.032204 -1.274865 86871941522
0.774725 -10.100850 -1.392545 86871953526
0.774725 -10.081238 -1.323898 86871965520
0.833565 -9.581099 -1.343511 86871977522
0.823759 -9.875298 -1.245445 86871989521
0.794339 -10.434277 -0.980665 86872001517
0.774725 -10.551956 -0.853179 86872013471
0.784532 -10.630409 -0.961052 86872025459
0.745305 -10.267564 -1.186605 86872037461
0.706079 -9.992978 -1.176798 86872049464
0.657046 -10.247950 -1.088538 86872061463
0.637432 -9.600712 -1.117958 86872073461
0.529559 -10.179304 -0.912019 86872085479
0.284393 -10.336210 -0.882599 86872097467
0.323619 -10.287177 -0.853179 86872109460
0.333426 -10.424470 -0.843372 86872121454
0.353039 -10.493117 -0.745305 86872133484
0.402073 -10.600989 -0.725692 86872145482
0.353039 -10.610797 -0.706079 86872157485
0.323619 -10.453890 -0.774725 86872169485
0.294200 -10.336210 -0.745305 86872181480
0.254973 -10.208724 -0.794339 86872193485
0.127486 -10.189111 -0.568786 86872205480
0.088260 -10.296983 -0.529559 86872217498
-0.019613 -10.247950 -0.588399 86872229494
-0.039227 -10.169497 -0.558979 86872241492
-0.078453 -10.179304 -0.509946 86872253496
-0.029420 -10.238144 -0.598206 86872265491
0.078453 -10.287177 -0.598206 86872277494
0.009807 -10.336210 -0.647239 86872289495
-0.107873 -10.296983 -0.617819 86872301487
-0.147100 -10.218531 -0.568786 86872313503
-0.225553 -10.257757 -0.460913 86872325499
-0.284393 -10.218531 -0.490333 86872337522
-0.186326 -10.149883 -0.490333 86872349526
-0.166713 -10.071430 -0.588399 86872361514
-0.333426 -10.346016 -0.637432 86872373507
-0.353039 -10.296983 -0.627626 86872385512
-0.480526 -10.404857 -0.588399 86872397525
-0.539366 -10.346016 -0.637432 86872409530
-0.578592 -10.081238 -0.706079 86872421523
-0.490333 -10.061625 -0.715886 86872433524
-0.549172 -10.169497 -0.657046 86872445522
-0.588399 -10.130271 -0.676659 86872457522
-0.568786 -10.149883 -0.833565 86872469521
-0.578592 -9.963558 -0.813952 86872481520
-0.558979 -10.012591 -0.872792 86872493521
-0.539366 -10.061625 -0.961052 86872505454
-0.460913 -9.983171 -0.990472 86872517448
-0.402073 -10.051817 -1.098345 86872529463
-0.323619 -10.022397 -1.421964 86872541456
-0.284393 -10.198916 -1.470998 86872553460
-0.225553 -10.120463 -1.598484 86872565456
-0.254973 -9.983171 -1.569064 86872577460
-0.254973 -10.002784 -1.490611 86872589460
-0.166713 -10.022397 -1.549451 86872601455
-0.098067 -10.189111 -1.667131 86872613476
-0.058840 -10.130271 -1.716164 86872625468
-0.019613 -10.110658 -1.824037 86872637473
0.009807 -10.120463 -1.824037 86872649478
0.029420 -10.218531 -1.843650 86872661468
0.127486 -10.179304 -1.882877 86872673471
0.186326 -10.091044 -1.902490 86872685469
0.245166 -10.100850 -1.912297 86872697473
0.294200 -10.149883 -1.961330 86872709489
0.274586 -10.120463 -1.941717 86872721489
0.294200 -10.189111 -1.873070 86872733506
0.264780 -10.169497 -1.863264 86872745502
0.294200 -10.169497 -1.873070 86872757507
0.343233 -10.149883 -1.765197 86872769507
0.362846 -10.179304 -1.824037 86872781508
0.343233 -10.169497 -1.784810 86872793506
0.304006 -10.169497 -1.755391 86872805501
0.274586 -10.169497 -1.529838 86872817505
0.264780 -10.189111 -1.441578 86872829502
0.284393 -10.198916 -1.461191 86872841535
0.245166 -10.228337 -1.392545 86872853522
0.225553 -10.208724 -1.402351 86872865512
0.196133 -10.238144 -1.235638 86872877511
0.196133 -10.218531 -1.245445 86872889510
0.245166 -10.198916 -1.265058 86872901519
0.323619 -10.189111 -1.284671 86872913522
0.264780 -10.179304 -1.235638 86872925558
0.186326 -10.208724 -1.127765 86872937527
0.147100 -10.228337 -1.059118 86872949528
0.088260 -10.267564 -1.010085 86872961519
0.068647 -10.277370 -0.990472 86872973522
0.068647 -10.267564 -0.931632 86872985517
0.068647 -10.238144 -0.921825 86872997584
0.029420 -10.208724 -0.961052 86873009517
0.029420 -10.198916 -0.980665 86873021504
0.068647 -10.257757 -1.029698 86873033502
0.049033 -10.247950 -1.039505 86873045500
0.107873 -10.208724 -1.049312 86873057498
0.166713 -10.198916 -1.108152 86873069498
0.186326 -10.218531 -1.108152 86873081508
0.176520 -10.208724 -1.137571 86873093502
0.186326 -10.198916 -1.117958 86873105470
0.176520 -10.189111 -1.166991 86873117449
0.127486 -10.179304 -1.137571 86873129448
0.127486 -10.208724 -1.098345 86873141458
0.117680 -10.208724 -1.098345 86873153462
0.127486 -10.208724 -1.088538 86873165457
0.107873 -10.208724 -1.098345 86873177461
0.117680 -10.218531 -1.078732 86873189460
0.098067 -10.218531 -1.068925 86873201455
0.107873 -10.218531 -1.068925 86873213472
0.107873 -10.228337 -1.019892 86873225464
0.107873 -10.198916 -0.990472 86873237470
0.127486 -10.228337 -1.010085 86873249471
0.137293 -10.218531 -0.980665 86873261466
0.107873 -10.228337 -0.970859 86873273468
0.088260 -10.218531 -0.921825 86873285462
0.039227 -10.277370 -0.941439 86873297469
0.019613 -10.277370 -0.931632 86873309481
0.058840 -10.228337 -0.941439 86873321480
0.068647 -10.238144 -0.961052 86873333477
0.058840 -10.287177 -0.882599 86873345492
0.039227 -10.208724 -0.902212 86873357489
0.029420 -10.228337 -0.931632 86873369497
0.039227 -10.238144 -0.931632 86873381492
0.039227 -10.267564 -0.951245 86873393495
0.098067 -10.238144 -0.990472 86873405519
0.127486 -10.228337 -0.980665 86873417507
0.156906 -10.238144 -1.010085 86873429519
0.166713 -10.218531 -1.019892 86873441505
0.196133 -10.228337 -1.010085 86873453508
0.215746 -10.218531 -1.068925 86873465507
0.225553 -10.189111 -1.078732 86873477510
0.245166 -10.179304 -1.166991 86873489507
0.284393 -10.208724 -1.147378 86873501502
0.313813 -10.208724 -1.137571 86873513509
0.294200 -10.179304 -1.166991 86873525499
0.274586 -10.179304 -1.147378 86873537500
0.284393 -10.208724 -1.117958 86873549500
0.245166 -10.198916 -1.117958 86873561498
0.245166 -10.218531 -1.137571 86873573500
0.215746 -10.218531 -1.098345 86873585501
0.205940 -10.198916 -1.108152 86873597500
0.205940 -10.228337 -1.117958 86873609450
0.205940 -10.218531 -1.078732 86873621456
0.235360 -10.208724 -1.088538 86873633461
0.186326 -10.051817 -1.049312 86873645457
0.137293 -10.218531 -1.049312 86873657461
0.107873 -10.208724 -0.961052 86873669460
0.156906 -10.179304 -0.961052 86873681456
0.156906 -10.198916 -0.902212 86873693462
0.215746 -10.198916 -0.912019 86873705456
0.235360 -10.228337 -0.784532 86873717483
0.235360 -10.434277 -0.764919 86873729479
0.254973 -10.267564 -0.490333 86873741475
0.137293 -10.257757 -0.402073 86873753477
0.049033 -10.287177 -0.421686 86873765475
0.137293 -10.277370 -0.304006 86873777478
0.068647 -10.169497 -0.333426 86873789478
0.068647 -10.149883 -0.333426 86873801475
0.009807 -10.189111 -0.264780 86873813489
-0.019613 -10.483310 -0.372653 86873825488
0.039227 -10.169497 -0.264780 86873837507
-0.039227 -10.169497 -0.313813 86873849514
-0.107873 -10.169497 -0.313813 86873861500
-0.176520 -10.463697 -0.509946 86873873496
-0.215746 -10.738283 -0.549172 86873885495
-0.235360 -10.130271 -0.529559 86873897509
-0.304006 -10.091044 -0.529559 86873909524
-0.362846 -10.149883 -0.686466 86873921520
-0.323619 -10.728477 -0.833565 86873933531
-0.323619 -10.522536 -0.784532 86873945524
-0.304006 -10.189111 -0.774725 86873957519
-0.323619 -9.865492 -0.764919 86873969520
-0.382459 -10.473503 -1.078732 86873981543
-0.392266 -10.306790 -1.206218 86873993546
-0.402073 -10.797122 -1.304285 86874005552
-0.519753 -10.473503 -1.402351 86874017524
-0.451106 -9.659552 -1.059118 86874029544
-0.402073 -10.493117 -1.588677 86874041551
-0.392266 -10.571569 -1.725971 86874053555
-0.382459 -10.385243 -1.657324 86874065543
-0.392266 -9.639938 -1.627904 86874077546
-0.421686 -9.375159 -1.441578 86874089546
-0.460913 -9.296705 -1.578871 86874101542
-0.441299 -10.257757 -1.990750 86874113546
-0.411879 -10.238144 -2.039783 86874125557
-0.313813 -10.600989 -2.177077 86874137546
-0.068647 -10.208724 -2.167270 86874149546
-0.058840 -10.404857 -2.314370 86874161540
-0.058840 -10.385243 -2.383016 86874173547
-0.039227 -10.130271 -2.284950 86874185540
0.078453 -10.228337 -2.235916 86874197544
0.058840 -10.042011 -2.392823 86874209542
0.098067 -10.100850 -2.206496 86874221540
0.137293 -10.169497 -2.157463 86874233470
0.098067 -10.100850 -2.245723 86874245457
0.137293 -10.120463 -2.196690 86874257460
0.078453 -10.149883 -2.275143 86874269460
0.098067 -10.091044 -2.294756 86874281456
0.196133 -9.943945 -2.235916 86874293460
0.196133 -10.091044 -2.186883 86874305456
0.362846 -10.287177 -2.177077 86874317493
0.460913 -10.267564 -2.177077 86874329484
0.509946 -10.306790 -2.108430 86874341481
0.637432 -10.336210 -2.039783 86874353492
0.627626 -10.159691 -2.108430 86874365478
0.666852 -10.424470 -2.039783 86874377475
0.657046 -10.404857 -2.118237 86874389474
0.755112 -10.336210 -2.069203 86874401483
0.882599 -9.924331 -1.971137 86874413507
0.990472 -10.306790 -2.059397 86874425570
1.098345 -10.149883 -2.049590 86874437524
1.098345 -10.120463 -2.020170 86874449527
1.088538 -9.757618 -1.961330 86874461518
1.235638 -9.443805 -1.735777 86874473523
1.304285 -9.698778 -2.010364 86874485518
1.333705 -9.708585 -1.902490 86874497523
1.284671 -9.787038 -1.873070 86874509521
1.245445 -9.924331 -1.676937 86874521517
1.078732 -9.992978 -1.627904 86874533522
1.010085 -10.198916 -1.520031 86874545518
0.961052 -10.287177 -1.588677 86874557525
0.951245 -10.091044 -1.520031 86874569527
0.912019 -10.591184 -1.510224 86874581519
0.961052 -10.169497 -1.363124 86874593523
0.882599 -10.257757 -1.382738 86874605517
0.833565 -10.395051 -1.304285 86874617523
0.774725 -10.404857 -1.216025 86874629521
0.657046 -10.453890 -1.186605 86874641519
0.392266 -10.434277 -0.912019 86874653524
0.353039 -10.306790 -1.010085 86874665518
0.304006 -10.120463 -1.088538 86874677523
0.186326 -10.669637 -0.941439 86874689522
0.245166 -10.522536 -1.019892 86874701520
0.313813 -10.708863 -1.029698 86874713524
0.411879 -10.444084 -1.068925 86874725518
0.480526 -10.130271 -1.049312 86874737526
0.500139 -9.865492 -1.029698 86874749528
0.264780 -10.110658 -0.872792 86874761461
0.264780 -9.924331 -0.853179 86874773463
0.205940 -9.561485 -0.764919 86874785457
0.186326 -10.002784 -0.706079 86874797460
0.127486 -10.453890 -0.657046 86874809472
0.098067 -10.493117 -0.647239 86874821476
0.147100 -10.395051 -0.519753 86874833479
0.147100 -10.267564 -0.676659 86874845474
0.137293 -10.267564 -0.715886 86874857471
0.098067 -10.316597 -0.715886 86874869478
0.009807 -10.267564 -0.745305 86874881475
0.049033 -10.247950 -0.706079 86874893480
0.137293 -10.306790 -0.686466 86874905475
0.049033 -10.208724 -0.804145 86874917501
-0.068647 -10.169497 -0.735499 86874929506
-0.098067 -10.218531 -0.598206 86874941492
-0.147100 -10.189111 -0.637432 86874953498
-0.107873 -10.287177 -0.657046 86874965491
-0.078453 -10.355824 -0.676659 86874977503
-0.137293 -10.306790 -0.637432 86874989483
-0.196133 -10.189111 -0.588399 86875001492
-0.294200 -10.247950 -0.529559 86875013496
-0.284393 -10.404857 -0.647239 86875025491
-0.431493 -10.218531 -0.686466 86875037489
-0.382459 -10.208724 -0.627626 86875049518
-0.411879 -10.375437 -0.755112 86875061504
-0.431493 -10.346016 -0.715886 86875073507
-0.441299 -10.071430 -0.784532 86875085503
-0.294200 -10.179304 -0.902212 86875097507
-0.235360 -10.189111 -0.970859 86875109528
-0.274586 -10.228337 -1.010085 86875121526
-0.264780 -10.316597 -0.970859 86875133521
-0.284393 -10.198916 -1.039505 86875145525
-0.215746 -10.532343 -1.206218 86875157522
-0.186326 -10.453890 -1.284671 86875169551
-0.225553 -10.414664 -1.353318 86875181542
-0.186326 -10.404857 -1.382738 86875193551
-0.088260 -10.326404 -1.323898 86875205542
-0.088260 -10.296983 -1.353318 86875217549
-0.068647 -10.257757 -1.451384 86875229546
-0.029420 -10.189111 -1.520031 86875241560
-0.029420 -10.091044 -1.569064 86875253552
-0.029420 -10.189111 -1.647517 86875265552
0.058840 -10.189111 -1.637711 86875277551
0.107873 -10.110658 -1.637711 86875289552
0.127486 -10.130271 -1.637711 86875301449
0.127486 -10.198916 -1.706357 86875313448
0.098067 -10.257757 -1.784810 86875325456
0.196133 -10.198916 -1.745584 86875337460
0.176520 -10.179304 -1.794617 86875349464
0.186326 -10.169497 -1.686744 86875361459
0.215746 -10.149883 -1.735777 86875373461
0.245166 -10.228337 -1.637711 86875385456
0.245166 -10.198916 -1.569064 86875397464
0.196133 -10.149883 -1.510224 86875409469
0.205940 -10.189111 -1.470998 86875421471
0.235360 -10.198916 -1.372931 86875433478
0.225553 -10.189111 -1.333705 86875445470
0.215746 -10.208724 -1.265058 86875457474
0.235360 -10.218531 -1.176798 86875469473
0.196133 -10.228337 -1.108152 86875481469
0.235360 -10.198916 -1.019892 86875493473
0.235360 -10.208724 -1.039505 86875505469
0.254973 -10.179304 -0.990472 86875517503
0.254973 -10.179304 -0.961052 86875529498
0.205940 -10.198916 -0.892405 86875541491
0.186326 -10.247950 -0.804145 86875553496
0.127486 -10.277370 -0.735499 86875565491
0.068647 -10.296983 -0.696272 86875577496
0.098067 -10.267564 -0.764919 86875589498
0.088260 -10.238144 -0.784532 86875601491
0.078453 -10.247950 -0.784532 86875613497
0.127486 -10.218531 -0.823759 86875625493
0.137293 -10.238144 -0.784532 86875637497
0.156906 -10.189111 -0.813952 86875649500
0.137293 -10.208724 -0.804145 86875661492
0.147100 -10.228337 -0.843372 86875673496
0.156906 -10.247950 -0.872792 86875685491
0.215746 -10.208724 -0.921825 86875697496
0.254973 -10.208724 -0.902212 86875709530
0.254973 -10.228337 -1.000278 86875721525
0.284393 -10.208724 -1.039505 86875733550
0.264780 -10.238144 -1.019892 86875745543
0.245166 -10.228337 -1.049312 86875757551
0.284393 -10.208724 -1.108152 86875769548
0.323619 -10.208724 -1.108152 86875781560
0.294200 -10.198916 -1.117958 86875793547
0.304006 -10.218531 -1.117958 86875805571
0.353039 -10.198916 -1.108152 86875817552
0.353039 -10.198916 -1.117958 86875829550
0.323619 -10.198916 -1.127765 86875841551
0.323619 -10.189111 -1.117958 86875853568
0.274586 -10.218531 -1.068925 86875865555
0.254973 -10.198916 -1.059118 86875877551
0.215746 -10.169497 -1.039505 86875889554
0.196133 -10.218531 -1.000278 86875901449
0.215746 -10.238144 -0.980665 86875913454
0.254973 -10.179304 -1.039505 86875925486
0.274586 -10.218531 -1.049312 86875937461
0.284393 -10.198916 -0.990472 86875949464
0.264780 -10.247950 -0.990472 86875961460
0.215746 -10.238144 -0.951245 86875973464
0.186326 -10.218531 -0.951245 86875985459
0.215746 -10.247950 -1.010085 86875997460
0.264780 -10.228337 -1.010085 86876009482
0.294200 -10.198916 -1.010085 86876021475
0.372653 -10.208724 -1.019892 86876033475
0.323619 -10.198916 -1.000278 86876045469
0.294200 -10.208724 -1.019892 86876057473
0.304006 -10.198916 -1.029698 86876069473
0.304006 -10.198916 -0.990472 86876081469
0.294200 -10.247950 -1.000278 86876093472
0.274586 -10.218531 -0.961052 86876105469
0.294200 -10.189111 -0.970859 86876117505
0.284393 -10.189111 -0.980665 86876129499
0.353039 -10.189111 -1.049312 86876141491
0.313813 -10.228337 -1.029698 86876153495
0.274586 -10.218531 -0.980665 86876165490
0.294200 -10.208724 -0.980665 86876177496
0.294200 -10.208724 -0.951245 86876189494
0.274586 -10.228337 -0.872792 86876201493
0.294200 -10.228337 -0.784532 86876213512
0.343233 -10.179304 -0.813952 86876225505
0.372653 -10.189111 -0.696272 86876237534
0.353039 -10.228337 -0.578592 86876249528
0.372653 -10.287177 -0.353039 86876261517
0.294200 -10.208724 -0.205940 86876273521
0.176520 -10.218531 -0.176520 86876285519
0.127486 -10.306790 -0.078453 86876297525
-0.009807 -10.404857 -0.205940 86876309526
-0.088260 -10.512731 -0.215746 86876321524
-0.088260 -10.679443 -0.166713 86876333524
-0.147100 -10.346016 -0.029420 86876345523
-0.205940 -10.434277 -0.039227 86876357528
-0.284393 -10.071430 -0.058840 86876369523
-0.304006 -9.983171 -0.215746 86876381524
-0.205940 -9.894911 0.019613 86876393549
-0.176520 -9.973364 -0.117680 86876405544
-0.166713 -9.492838 0.088260 86876417547
-0.205940 -9.463418 -0.098067 86876429559
-0.147100 -10.326404 -0.539366 86876441542
-0.245166 -10.287177 -0.823759 86876453562
-0.235360 -10.130271 -0.794339 86876465554
-0.235360 -9.983171 -0.441299 86876477553
-0.274586 -10.718670 -0.980665 86876489552
-0.274586 -10.610797 -1.176798 86876501448
-0.284393 -10.434277 -1.372931 86876513453
-0.215746 -10.610797 -1.431771 86876525449
-0.147100 -11.052095 -1.608291 86876537446
-0.137293 -10.542150 -1.696550 86876549448
-0.186326 -10.963836 -1.735777 86876561457
-0.127486 -10.659830 -1.882877 86876573462
-0.156906 -10.287177 -2.088817 86876585456
-0.127486 -10.483310 -2.216303 86876597458
-0.107873 -10.346016 -2.226110 86876609460
-0.058840 -10.336210 -2.137850 86876621457
-0.019613 -10.267564 -2.118237 86876633460
0.196133 -10.463697 -2.147657 86876645456
0.205940 -10.453890 -2.226110 86876657463
0.245166 -10.414664 -2.324176 86876669461
0.254973 -10.247950 -2.177077 86876681455
0.235360 -10.257757 -2.245723 86876693460
0.284393 -10.189111 -2.226110 86876705456
0.205940 -10.012591 -2.255530 86876717498
0.117680 -10.110658 -2.196690 86876729488
0.127486 -10.140078 -2.157463 86876741484
0.225553 -10.130271 -2.098624 86876753489
0.137293 -10.189111 -2.128043 86876765482
0.166713 -10.189111 -2.059397 86876777488
0.098067 -10.091044 -2.059397 86876789487
0.068647 -10.061625 -2.010364 86876801483
0.284393 -10.159691 -1.951524 86876813507
0.304006 -10.267564 -1.951524 86876825523
0.421686 -10.551956 -1.833844 86876837529
0.421686 -10.306790 -1.902490 86876849527
0.460913 -10.051817 -1.892684 86876861514
0.460913 -9.787038 -1.892684 86876873509
0.500139 -10.198916 -1.804424 86876885510
0.558979 -10.208724 -1.843650 86876897508
0.637432 -10.130271 -1.873070 86876909524
0.598206 -9.738005 -1.873070 86876921520
0.696272 -9.885104 -1.725971 86876933529
0.764919 -9.747811 -1.794617 86876945520
0.853179 -10.120463 -1.686744 86876957526
0.892405 -10.346016 -1.725971 86876969528
0.961052 -10.228337 -1.775004 86876981520
0.951245 -10.189111 -1.706357 86876993523
0.980665 -10.287177 -1.627904 86877005519
0.931632 -10.022397 -1.627904 86877017522
0.921825 -10.404857 -1.627904 86877029522
0.941439 -10.198916 -1.588677 86877041518
0.921825 -10.042011 -1.588677 86877053533
0.804145 -11.395329 -1.392545 86877065528
0.872792 -10.836349 -1.363124 86877077523
0.921825 -10.463697 -1.510224 86877089523
0.902212 -10.022397 -1.363124 86877101518
0.921825 -9.845878 -1.402351 86877113524
0.961052 -9.806651 -1.382738 86877128007
1.010085 -9.600712 -1.255251 86877137476
0.892405 -9.679165 -1.117958 86877149446
0.921825 -9.934137 -1.078732 86877161457
0.882599 -10.473503 -0.980665 86877173448
0.902212 -10.551956 -0.970859 86877185450
0.794339 -10.159691 -0.853179 86877197447
0.843372 -9.708585 -0.764919 86877209458
0.745305 -9.914525 -0.706079 86877221459
0.686466 -10.140078 -0.774725 86877233459
0.568786 -10.708863 -0.657046 86877245454
0.490333 -10.463697 -0.480526 86877257454
0.402073 -10.532343 -0.509946 86877269453
0.421686 -10.316597 -0.441299 86877281454
0.323619 -10.365630 -0.470719 86877293454
0.186326 -10.414664 -0.470719 86877305462
0.176520 -10.571569 -0.353039 86877317446
0.166713 -10.277370 -0.362846 86877329464
0.186326 -10.218531 -0.451106 86877341456
0.147100 -10.326404 -0.470719 86877353465
0.245166 -10.267564 -0.529559 86877365454
0.176520 -10.355824 -0.460913 86877377454
0.127486 -10.267564 -0.451106 86877389452
0.088260 -10.208724 -0.441299 86877401456
-0.058840 -10.316597 -0.460913 86877413485
-0.029420 -10.287177 -0.441299 86877425517
-0.117680 -10.238144 -0.451106 86877437480
-0.117680 -10.149883 -0.304006 86877449483
-0.176520 -10.198916 -0.333426 86877461475
-0.284393 -10.208724 -0.343233 86877473481
-0.421686 -10.208724 -0.353039 86877485472
-0.421686 -10.159691 -0.362846 86877497478
-0.333426 -10.267564 -0.333426 86877509492
-0.362846 -10.267564 -0.460913 86877521504
-0.353039 -10.140078 -0.598206 86877533509
-0.470719 -10.130271 -0.637432 86877545502
-0.539366 -10.081238 -0.608012 86877557507
-0.588399 -10.159691 -0.686466 86877569507
-0.666852 -10.247950 -0.696272 86877581502
-0.676659 -10.169497 -0.696272 86877593506
-0.696272 -10.346016 -0.804145 86877605501
-0.647239 -10.169497 -0.755112 86877617508
-0.588399 -10.267564 -0.784532 86877629506
-0.500139 -10.149883 -0.843372 86877641502
-0.460913 -10.375437 -0.882599 86877653509
-0.402073 -10.277370 -0.970859 86877665504
-0.353039 -10.434277 -1.127765 86877677507
-0.254973 -10.130271 -1.098345 86877689507
-0.186326 -10.159691 -1.245445 86877701502
-0.137293 -10.247950 -1.255251 86877713508
-0.088260 -10.247950 -1.421964 86877725502
-0.078453 -10.189111 -1.470998 86877737512
-0.068647 -10.198916 -1.647517 86877749513
-0.088260 -10.198916 -1.608291 86877761502
-0.098067 -10.228337 -1.529838 86877773508
-0.058840 -10.130271 -1.520031 86877785508
-0.107873 -10.169497 -1.529838 86877797509
-0.147100 -10.198916 -1.647517 86877809509
-0.058840 -10.198916 -1.627904 86877821502
-0.019613 -10.189111 -1.598484 86877833509
0.029420 -10.179304 -1.392545 86877845504
0.058840 -10.169497 -1.294478 86877857508
0.088260 -10.218531 -1.068925 86877869506
0.049033 -10.228337 -0.951245 86877881499
-0.019613 -10.228337 -0.892405 86877893494
-0.098067 -10.287177 -0.853179 86877905478
-0.166713 -10.336210 -0.745305 86877917469
-0.225553 -10.316597 -0.686466 86877929475
-0.137293 -10.306790 -0.725692 86877941458
-0.029420 -10.257757 -0.764919 86877953462
0.098067 -10.238144 -0.804145 86877965459
0.254973 -10.159691 -0.823759 86877977461
0.294200 -10.169497 -0.931632 86877989461
0.264780 -10.159691 -1.019892 86878001456
0.264780 -10.179304 -1.098345 86878013492
0.196133 -10.179304 -1.235638 86878025491
0.225553 -10.208724 -1.412158 86878037487
0.166713 -10.228337 -1.461191 86878049490
0.117680 -10.198916 -1.500418 86878061483
0.166713 -10.189111 -1.559257 86878073486
0.333426 -10.130271 -1.676937 86878085482
0.362846 -10.149883 -1.745584 86878097486
0.343233 -10.159691 -1.882877 86878109511
0.225553 -10.189111 -1.873070 86878121505
0.147100 -10.198916 -1.873070 86878133503
0.009807 -10.228337 -1.716164 86878145521
-0.039227 -10.267564 -1.706357 86878157526
-0.068647 -10.238144 -1.696550 86878169523
-0.078453 -10.208724 -1.637711 86878181521
-0.127486 -10.198916 -1.618097 86878193524
-0.127486 -10.208724 -1.598484 86878205517
-0.127486 -10.218531 -1.529838 86878217529
-0.068647 -10.218531 -1.510224 86878229524
-0.039227 -10.228337 -1.412158 86878241524
0.019613 -10.208724 -1.333705 86878253525
0.088260 -10.189111 -1.265058 86878265543
0.156906 -10.149883 -1.225831 86878277549
0.166713 -10.140078 -1.196411 86878289545
0.235360 -10.189111 -1.147378 86878301542
