-193.532501 -48.230000 -2.030000 86862789255
-193.532501 -48.282501 -2.065000 86862801223
-193.794998 -47.932499 -2.100000 86862813219
-193.707504 -50.592499 -1.452500 86862825275
-191.449997 -45.867500 2.082500 86862837213
-172.777496 -43.207500 3.797500 86862849215
-153.440002 -36.907501 4.182500 86862861271
-116.514999 -29.277500 3.517500 86862873301
-72.764999 -17.027500 1.155000 86862885181
-24.465000 -6.685000 -1.400000 86862897207
3.430000 -7.490000 -1.470000 86862909215
2.222500 -7.980000 -1.820000 86862921199
3.342500 -7.070000 -1.610000 86862933207
3.727500 -6.807500 -1.610000 86862945252
3.482500 -6.335000 -1.207500 86862957202
4.182500 -6.072500 -0.805000 86862969201
4.305000 -6.247500 -0.700000 86862981227
4.672500 -6.912500 -1.015000 86862993215
4.935000 -8.085000 -1.120000 86863004859
4.952500 -8.330000 -1.120000 86863016855
5.390000 -8.575000 -0.927500 86863028855
5.547500 -8.417500 -0.945000 86863040855
5.897500 -7.770000 -0.910000 86863052862
5.897500 -7.227500 -0.315000 86863064853
5.950000 -6.790000 0.192500 86863076855
5.670000 -5.740000 0.752500 86863088855
5.950000 -6.597500 0.035000 86863100855
4.987500 -7.122500 -0.472500 86863112855
4.655000 -6.947500 -1.137500 86863124853
4.147500 -7.402500 -1.890000 86863136855
3.990000 -7.332500 -2.292500 86863148854
3.727500 -6.930000 -2.397500 86863160859
3.307500 -7.000000 -2.240000 86863172854
3.150000 -7.752500 -2.030000 86863184854
2.887500 -7.822500 -1.995000 86863196855
2.800000 -7.700000 -1.540000 86863208854
2.677500 -7.787500 -1.540000 86863220826
3.010000 -7.630000 -0.997500 86863232872
3.517500 -7.840000 -0.735000 86863244826
3.640000 -7.752500 -0.420000 86863256826
3.657500 -7.700000 -0.647500 86863268827
3.780000 -7.647500 -0.770000 86863280826
3.920000 -7.000000 -0.595000 86863292892
4.252500 -6.947500 -0.332500 86863304830
4.357500 -7.035000 -0.017500 86863316849
4.725000 -6.545000 0.262500 86863328847
4.987500 -6.720000 0.595000 86863340845
5.425000 -6.282500 0.787500 86863352868
5.197500 -7.612500 0.927500 86863364848
5.022500 -7.805000 0.560000 86863376849
4.655000 -7.315000 0.315000 86863388846
4.655000 -6.387500 0.175000 86863400897
4.987500 -5.722500 0.122500 86863412878
5.250000 -5.390000 0.122500 86863424907
4.935000 -5.460000 -0.402500 86863436876
5.145000 -5.635000 -1.505000 86863448905
4.865000 -6.282500 -1.610000 86863460875
4.322500 -6.335000 -1.697500 86863472939
4.095000 -5.967500 -1.715000 86863484874
4.252500 -5.442500 -1.260000 86863496872
4.707500 -4.445000 -0.525000 86863508916
4.550000 -3.762500 0.192500 86863520959
4.655000 -3.832500 -0.070000 86863532956
3.920000 -4.602500 -0.945000 86863545054
3.570000 -5.127500 -1.750000 86863556994
4.042500 -4.795000 -2.100000 86863568994
3.850000 -4.480000 -2.502500 86863580994
3.780000 -3.797500 -2.415000 86863592995
3.622500 -3.990000 -2.712500 86863604913
3.062500 -5.932500 -2.940000 86863616994
3.045000 -5.950000 -2.695000 86863628992
3.115000 -5.600000 -2.170000 86863641020
2.817500 -5.512500 -1.785000 86863652993
3.097500 -5.267500 -1.470000 86863664993
3.465000 -5.337500 -1.470000 86863676912
3.202500 -5.705000 -1.750000 86863688992
3.465000 -6.370000 -2.450000 86863700994
3.220000 -6.282500 -2.555000 86863712993
2.957500 -6.440000 -3.010000 86863724992
3.097500 -6.475000 -3.272500 86863736826
3.010000 -6.702500 -3.570000 86863748828
2.712500 -7.280000 -4.007500 86863760826
2.695000 -8.155000 -4.427500 86863772826
2.450000 -7.787500 -4.462500 86863784828
2.222500 -8.312500 -4.427500 86863796827
1.960000 -8.925000 -4.375000 86863808829
1.820000 -9.065000 -3.885000 86863820854
1.820000 -8.977500 -3.430000 86863832853
1.907500 -9.135000 -2.887500 86863844853
1.837500 -8.627500 -2.257500 86863856879
2.257500 -8.295000 -2.100000 86863868853
2.310000 -9.012500 -1.505000 86863880852
1.802500 -9.082500 -1.522500 86863892852
1.662500 -8.820000 -1.120000 86863904854
1.592500 -8.837500 -1.312500 86863916934
1.242500 -9.572500 -1.260000 86863928902
1.435000 -9.642500 -1.295000 86863940979
1.172500 -9.327500 -1.365000 86863952962
0.752500 -9.082500 -1.487500 86863964959
0.787500 -9.240000 -1.540000 86863976961
0.717500 -8.277500 -1.277500 86863988892
0.980000 -7.700000 -1.505000 86864000961
1.102500 -7.420000 -1.470000 86864012891
1.277500 -6.772500 -1.522500 86864024957
1.610000 -6.737500 -1.767500 86864036957
2.187500 -7.647500 -4.340000 86864048957
2.817500 -9.957500 -5.810000 86864060956
2.677500 -10.535000 -6.335000 86864072962
2.327500 -10.010000 -5.897500 86864084956
2.975000 -8.995000 -4.690000 86864096957
3.657500 -7.560000 -3.220000 86864108859
3.955000 -5.862500 -1.837500 86864120856
4.287500 -5.827500 -0.700000 86864132856
4.795000 -5.355000 0.455000 86864144855
5.810000 -5.880000 0.507500 86864156854
6.282500 -5.985000 0.665000 86864168831
6.562500 -5.792500 0.665000 86864180826
6.440000 -5.530000 1.102500 86864192827
6.790000 -4.900000 1.697500 86864204828
6.370000 -4.550000 1.802500 86864216826
5.810000 -4.900000 1.802500 86864228828
5.092500 -5.530000 1.627500 86864240826
4.690000 -5.985000 1.032500 86864252827
4.217500 -6.230000 0.245000 86864264827
3.762500 -6.142500 -0.157500 86864276827
3.255000 -5.705000 -0.735000 86864288827
2.905000 -5.775000 -1.137500 86864300871
2.905000 -6.370000 -1.977500 86864312891
2.240000 -6.947500 -2.275000 86864324886
1.732500 -7.140000 -2.467500 86864336852
1.750000 -7.472500 -2.257500 86864348853
1.837500 -7.087500 -2.257500 86864360890
2.152500 -6.807500 -1.802500 86864372854
2.905000 -6.510000 -1.155000 86864384853
3.727500 -6.020000 -0.612500 86864396852
4.550000 -6.352500 0.315000 86864408865
5.652500 -6.265000 0.910000 86864420861
5.757500 -5.600000 1.295000 86864432893
6.195000 -5.477500 1.295000 86864444861
6.842500 -5.810000 1.225000 86864456861
6.790000 -5.810000 1.155000 86864468860
6.492500 -5.775000 1.137500 86864480919
6.632500 -5.845000 0.612500 86864492863
6.510000 -5.302500 0.437500 86864504862
6.807500 -5.092500 -0.350000 86864516934
6.947500 -5.162500 -0.962500 86864528930
6.720000 -4.725000 -1.540000 86864540892
6.632500 -4.690000 -2.310000 86864552961
7.210000 -5.547500 -3.132500 86864564959
7.385000 -5.950000 -4.742500 86864576960
7.787500 -5.670000 -4.935000 86864588961
7.542500 -6.265000 -5.145000 86864600957
7.997500 -6.422500 -5.110000 86864612902
8.277500 -6.772500 -4.865000 86864624959
8.190000 -6.807500 -4.497500 86864636956
8.242500 -6.072500 -3.745000 86864648955
8.085000 -5.512500 -1.155000 86864660957
7.892500 -5.687500 -0.455000 86864672994
8.015000 -5.950000 0.070000 86864684991
8.015000 -6.440000 0.070000 86864696993
7.455000 -6.475000 0.280000 86864708990
6.860000 -6.212500 0.140000 86864720990
7.087500 -6.370000 -0.122500 86864732912
6.300000 -6.825000 -0.717500 86864744998
6.265000 -6.615000 -0.997500 86864756997
6.002500 -6.475000 -0.770000 86864768997
5.635000 -6.615000 -0.490000 86864780997
5.827500 -6.930000 -0.122500 86864792997
6.037500 -6.772500 -0.035000 86864804856
5.810000 -6.702500 0.595000 86864816857
5.442500 -6.737500 0.595000 86864828828
5.530000 -6.160000 0.997500 86864840825
5.110000 -5.670000 0.507500 86864852843
5.267500 -5.267500 0.507500 86864864826
4.970000 -5.022500 -0.735000 86864876827
4.095000 -5.460000 -1.680000 86864888827
3.605000 -5.950000 -2.310000 86864900857
3.465000 -5.915000 -2.432500 86864912842
3.482500 -5.547500 -2.030000 86864924840
3.482500 -5.512500 -1.785000 86864936889
3.552500 -5.425000 -1.610000 86864948841
3.815000 -5.845000 -1.295000 86864960842
3.395000 -5.880000 -0.560000 86864972840
3.167500 -5.582500 -0.140000 86864984839
3.395000 -5.530000 0.140000 86864996873
3.132500 -5.915000 0.840000 86865008919
3.080000 -5.740000 1.085000 86865020914
3.290000 -5.407500 0.840000 86865032917
3.342500 -5.372500 0.612500 86865044909
3.465000 -5.617500 0.262500 86865056910
3.342500 -5.967500 -0.542500 86865068941
2.747500 -6.055000 -0.612500 86865080875
2.345000 -6.072500 -0.910000 86865092941
2.030000 -6.072500 -1.732500 86865104875
1.645000 -6.352500 -1.417500 86865116932
1.487500 -6.300000 -1.715000 86865128927
1.417500 -6.160000 -2.135000 86865140890
1.312500 -6.422500 -2.170000 86865152961
1.190000 -6.562500 -2.170000 86865164890
1.295000 -6.282500 -2.362500 86865176889
1.190000 -6.055000 -2.660000 86865188958
1.610000 -6.037500 -2.782500 86865200959
1.732500 -6.142500 -3.062500 86865212888
1.645000 -6.370000 -2.922500 86865224999
2.117500 -6.720000 -3.412500 86865236994
2.415000 -7.385000 -3.815000 86865248992
2.292500 -7.420000 -3.622500 86865260994
2.065000 -7.735000 -3.657500 86865272999
1.802500 -7.665000 -3.132500 86865284994
1.172500 -7.770000 -2.975000 86865296994
0.332500 -7.157500 -2.397500 86865308860
-0.770000 -6.702500 -2.362500 86865320858
-2.222500 -7.472500 -2.625000 86865332858
-3.710000 -7.787500 -2.922500 86865344828
-4.760000 -8.015000 -4.270000 86865356832
-7.297500 -9.012500 -4.900000 86865368827
-9.065000 -8.977500 -5.180000 86865380827
-10.972500 -9.555000 -5.162500 86865392827
-12.775000 -11.217500 -5.302500 86865404828
-14.490000 -12.845000 -6.352500 86865416836
-13.685000 -8.540000 -9.240000 86865428845
-4.777500 -5.880000 -11.025000 86865440838
-0.630000 -11.847500 -10.080000 86865452837
-0.595000 -12.022500 -8.522500 86865464837
0.035000 -10.850000 -6.772500 86865476838
1.417500 -10.797500 -4.410000 86865488836
1.855000 -11.707500 -2.800000 86865500885
1.155000 -11.567500 -1.522500 86865512899
1.557500 -10.167500 -0.070000 86865524896
2.397500 -9.362500 0.647500 86865536898
3.710000 -10.657500 1.715000 86865548897
1.505000 -10.062500 1.505000 86865560897
1.330000 -7.700000 -0.280000 86865572896
2.205000 -7.420000 -2.170000 86865584895
2.310000 -9.047500 -2.940000 86865596897
0.122500 -10.710000 -3.972500 86865608857
-1.820000 -14.157500 -5.232500 86865620856
0.087500 -15.645000 -3.202500 86865632856
0.735000 -15.680000 -1.417500 86865644828
1.522500 -15.750000 -0.980000 86865656827
2.502500 -15.487500 0.210000 86865668828
4.060000 -15.190001 -0.262500 86865680826
4.235000 -15.662500 -1.085000 86865692828
5.845000 -15.802500 -1.872500 86865704827
6.667500 -20.632500 -2.257500 86865716836
6.300000 -22.540001 -2.205000 86865728887
5.950000 -22.417500 -2.380000 86865740835
9.310000 -21.559999 -1.697500 86865752835
11.865000 -21.945000 0.245000 86865764836
11.777500 -23.047501 1.855000 86865776834
11.900000 -22.732500 3.062500 86865788836
12.302500 -22.995001 1.820000 86865800883
12.250000 -23.397501 0.140000 86865812901
10.885000 -22.680000 -1.785000 86865824898
10.185000 -23.432501 -3.132500 86865836897
10.132500 -24.797501 -2.765000 86865848897
10.482500 -23.835001 -0.245000 86865860902
10.132500 -22.540001 2.485000 86865872923
9.765000 -21.822500 4.357500 86865884865
9.292500 -20.982500 3.622500 86865896865
8.680000 -20.457500 2.310000 86865908865
7.595000 -19.932501 0.612500 86865920863
5.722500 -18.969999 -1.330000 86865932865
4.707500 -20.055000 -3.220000 86865944861
2.922500 -19.057501 -4.987500 86865956864
1.452500 -14.542500 -6.562500 86865968864
0.262500 -12.477500 -5.232500 86865980863
0.997500 -11.340000 -3.325000 86865992864
1.540000 -9.502500 -0.332500 86866004864
2.100000 -8.715000 1.802500 86866016936
2.695000 -8.855000 3.622500 86866028930
3.185000 -6.650000 5.705000 86866040928
3.395000 -5.477500 6.247500 86866052931
4.077500 -5.425000 5.932500 86866064931
4.550000 -5.075000 5.267500 86866076929
4.620000 -4.935000 4.357500 86866088929
5.442500 -4.515000 3.080000 86866100918
5.477500 -4.060000 2.030000 86866112857
3.780000 -3.692500 1.172500 86866124855
3.622500 -3.412500 0.822500 86866136855
3.832500 -6.545000 -0.857500 86866148829
4.637500 -7.892500 0.367500 86866160826
3.272500 -6.912500 1.225000 86866172826
2.852500 -5.757500 1.855000 86866184828
3.115000 -5.180000 3.220000 86866196826
2.870000 -4.812500 5.267500 86866208827
1.785000 -5.425000 4.235000 86866220835
1.627500 -4.130000 0.017500 86866232835
3.937500 -4.777500 -0.280000 86866244836
2.625000 -6.177500 -0.175000 86866256837
2.397500 -6.562500 0.752500 86866268836
2.502500 -6.125000 1.767500 86866280835
1.802500 -6.020000 2.380000 86866292834
0.507500 -5.810000 2.677500 86866304837
-0.437500 -4.252500 1.382500 86866316864
-1.067500 -4.182500 0.507500 86866328864
-1.207500 -4.410000 -0.682500 86866340862
-1.225000 -4.410000 -1.435000 86866352884
-0.665000 -2.520000 -1.995000 86866364866
-1.155000 -2.100000 -1.680000 86866376863
-1.995000 -1.942500 -1.627500 86866388922
-2.625000 -2.030000 -1.347500 86866400921
-2.380000 -1.610000 -0.525000 86866412863
-2.030000 -1.260000 -0.210000 86866424935
-2.275000 -1.680000 0.070000 86866436931
-2.730000 -1.715000 0.857500 86866448928
-3.237500 -0.385000 0.997500 86866460929
-3.220000 0.490000 0.035000 86866472931
-3.307500 0.735000 -1.540000 86866484926
-3.937500 2.345000 -1.540000 86866496925
-3.622500 2.537500 -0.227500 86866508857
-2.905000 3.395000 1.050000 86866520827
-2.852500 4.865000 2.047500 86866532826
-2.135000 5.372500 2.082500 86866544827
-1.662500 6.195000 1.592500 86866556826
-1.977500 7.367500 1.347500 86866568827
-2.205000 8.837500 0.227500 86866580826
0.332500 8.190000 -0.052500 86866592825
0.735000 8.067500 0.227500 86866604827
0.997500 8.960000 1.645000 86866616845
2.362500 8.295000 1.802500 86866628847
3.675000 7.367500 1.557500 86866640845
3.640000 7.770000 1.662500 86866652843
3.850000 8.207500 0.245000 86866664846
3.587500 8.995000 -0.192500 86866676844
3.692500 8.592500 -1.767500 86866688846
2.817500 8.102500 -2.537500 86866700894
2.642500 7.490000 -1.960000 86866712911
3.167500 5.477500 -1.470000 86866724909
3.920000 4.270000 -1.417500 86866736936
4.655000 3.167500 -1.557500 86866748904
4.532500 1.260000 -2.082500 86866760873
6.177500 -0.192500 -2.240000 86866772937
6.825000 -0.262500 -1.400000 86866784935
6.807500 -0.560000 -1.785000 86866796871
7.472500 -0.157500 -1.907500 86866808990
6.982500 -1.050000 -2.082500 86866820995
6.877500 -1.820000 -2.170000 86866832991
6.842500 -3.395000 -2.100000 86866845058
7.350000 -4.287500 0.192500 86866856949
8.522500 -6.825000 0.437500 86866868911
9.747500 -9.537500 1.540000 86866880944
10.342500 -9.887500 3.570000 86866892946
10.360000 -9.660000 3.010000 86866904992
10.552500 -9.432500 -0.350000 86866916828
12.232500 -11.147500 -4.410000 86866928833
11.742500 -12.897500 -5.110000 86866940826
10.447500 -14.367500 -5.547500 86866952827
10.045000 -14.927500 -5.530000 86866964827
10.272500 -14.630000 -3.185000 86866976826
8.505000 -13.825000 -2.467500 86866988828
7.630000 -13.755000 -4.445000 86867000870
9.100000 -12.950000 -4.147500 86867012888
6.072500 -12.232500 -4.357500 86867024853
5.075000 -11.760000 -4.935000 86867036851
5.495000 -12.110000 -5.442500 86867048853
5.687500 -12.670000 -5.670000 86867060912
4.917500 -13.335000 -5.845000 86867072911
5.477500 -13.877501 -6.300000 86867084853
6.405000 -15.032500 -5.932500 86867096852
5.687500 -10.885000 -4.602500 86867108907
5.162500 -9.415000 -4.655000 86867120901
5.372500 -8.487500 -4.480000 86867132914
4.462500 -7.840000 -4.532500 86867144911
4.375000 -7.455000 -4.077500 86867156874
4.322500 -9.047500 -3.745000 86867168874
4.147500 -9.765000 -3.885000 86867180942
4.900000 -10.727500 -2.222500 86867192936
2.012500 -11.690000 -1.767500 86867204934
0.980000 -10.675000 -1.347500 86867216910
0.875000 -8.767500 -0.840000 86867228957
0.770000 -7.332500 -1.732500 86867240957
1.540000 -7.490000 -2.275000 86867252971
0.770000 -8.592500 -2.047500 86867264959
-0.280000 -9.082500 -3.885000 86867276958
0.192500 -9.327500 -4.165000 86867288993
-0.437500 -10.342500 -4.532500 86867300991
-1.190000 -11.025000 -4.602500 86867312991
-1.942500 -11.130000 -4.252500 86867324991
-1.050000 -10.465000 -4.445000 86867336951
0.035000 -8.260000 -4.830000 86867348995
1.522500 -5.705000 -3.972500 86867361000
3.955000 -5.302500 -3.692500 86867372998
4.882500 -4.690000 -2.870000 86867384996
5.705000 -4.812500 -2.642500 86867396999
6.702500 -5.302500 -2.677500 86867408856
7.700000 -5.915000 -2.712500 86867420856
8.207500 -6.527500 -2.432500 86867432833
8.260000 -6.090000 -2.117500 86867444827
8.155000 -4.952500 -1.155000 86867456826
8.820000 -4.585000 -1.295000 86867468826
8.400000 -4.497500 -0.945000 86867480826
8.015000 -4.812500 -0.752500 86867492828
8.032500 -4.900000 -0.490000 86867504828
7.752500 -4.112500 0.192500 86867516842
7.350000 -4.025000 0.192500 86867528840
7.122500 -6.247500 -0.297500 86867540839
6.352500 -6.090000 -0.332500 86867552840
6.492500 -5.337500 -0.315000 86867564841
6.072500 -5.565000 -0.245000 86867576839
5.705000 -5.985000 -0.577500 86867588840
5.040000 -6.230000 -0.822500 86867600897
4.427500 -6.860000 -1.225000 86867612915
4.357500 -7.280000 -1.820000 86867624912
3.395000 -7.087500 -1.330000 86867636874
3.395000 -6.982500 -1.085000 86867648904
3.447500 -6.457500 -0.717500 86867660872
3.412500 -6.930000 -1.102500 86867672936
3.465000 -7.437500 -1.540000 86867684872
2.835000 -7.070000 -1.802500 86867696873
3.255000 -6.055000 -0.840000 86867708914
3.290000 -6.842500 -0.507500 86867720995
3.027500 -6.982500 -0.787500 86867732994
3.167500 -6.807500 -1.085000 86867745054
3.517500 -6.370000 -0.875000 86867756996
3.360000 -5.757500 -0.595000 86867768995
3.132500 -6.142500 -0.507500 86867780912
3.045000 -7.192500 -1.172500 86867792994
3.412500 -7.892500 -1.820000 86867804993
3.377500 -6.877500 -1.242500 86867816994
3.640000 -5.442500 -0.577500 86867828995
3.727500 -5.460000 -0.315000 86867840919
3.745000 -6.930000 -1.102500 86867852990
3.710000 -7.350000 -1.680000 86867865056
3.727500 -7.227500 -1.505000 86867876963
3.745000 -6.545000 -1.050000 86867888959
3.972500 -7.350000 -1.155000 86867900997
3.535000 -7.630000 -1.557500 86867912995
3.657500 -7.245000 -2.082500 86867924995
4.305000 -7.087500 -2.362500 86867937058
4.060000 -6.527500 -1.645000 86867948951
4.042500 -5.215000 -1.120000 86867961001
4.287500 -5.407500 -0.227500 86867973013
4.060000 -5.670000 -0.735000 86867985080
4.340000 -6.300000 -1.470000 86867996993
4.060000 -6.842500 -2.362500 86868008996
4.077500 -6.230000 -2.310000 86868020997
4.322500 -5.477500 -1.960000 86868032998
3.937500 -5.040000 -1.452500 86868044993
3.885000 -5.075000 -1.172500 86868056997
3.535000 -5.407500 -1.855000 86868068996
3.885000 -5.215000 -2.257500 86868080996
3.867500 -5.197500 -2.240000 86868092997
3.745000 -4.952500 -1.680000 86868104856
3.377500 -4.952500 -1.277500 86868116858
3.412500 -5.600000 -0.945000 86868128855
3.465000 -5.932500 -0.717500 86868140854
3.447500 -6.300000 -1.225000 86868152856
2.817500 -5.932500 -1.085000 86868164853
2.887500 -5.390000 -0.560000 86868176854
3.010000 -4.917500 -0.280000 86868188854
2.870000 -5.005000 -0.297500 86868200827
3.185000 -5.477500 -0.087500 86868212828
3.272500 -5.635000 -0.297500 86868224828
3.150000 -6.125000 -0.735000 86868236825
3.587500 -6.160000 -1.067500 86868248827
3.097500 -6.265000 -1.452500 86868260825
3.587500 -6.090000 -1.522500 86868272872
3.115000 -6.177500 -1.610000 86868284827
3.167500 -5.792500 -1.627500 86868296827
3.220000 -5.250000 -1.260000 86868308828
3.132500 -5.652500 -1.015000 86868320854
3.570000 -6.230000 -1.330000 86868332854
3.517500 -7.017500 -1.837500 86868344853
3.115000 -7.332500 -2.012500 86868356882
3.132500 -7.350000 -1.592500 86868368852
3.342500 -6.895000 -1.085000 86868380857
3.185000 -6.405000 -0.805000 86868392853
3.500000 -6.615000 -0.472500 86868404906
3.307500 -6.282500 0.105000 86868416873
3.185000 -6.230000 0.227500 86868428918
2.607500 -6.370000 0.175000 86868440910
2.187500 -6.545000 0.262500 86868452876
1.312500 -5.827500 0.735000 86868464936
0.262500 -4.987500 1.225000 86868476937
-1.382500 -4.532500 1.330000 86868488875
-3.115000 -3.325000 2.187500 86868500936
-8.225000 -2.467500 2.957500 86868512873
-11.095000 0.367500 1.680000 86868524957
-8.067500 6.405000 -4.130000 86868536955
5.967500 5.582500 -6.387500 86868548953
7.000000 0.455000 -5.530000 86868560954
2.905000 -1.207500 -4.935000 86868572956
1.417500 3.587500 -1.767500 86868584955
2.537500 3.640000 -0.087500 86868597000
3.745000 3.167500 1.190000 86868608994
4.882500 1.697500 2.117500 86868620913
4.847500 2.240000 2.747500 86868632958
3.465000 3.745000 2.957500 86868644956
1.872500 5.740000 2.415000 86868656997
2.292500 3.535000 -0.192500 86868668995
4.970000 -3.255000 -1.715000 86868680912
4.620000 -7.315000 -2.310000 86868692994
3.797500 -7.735000 -2.012500 86868704993
4.532500 -7.665000 -1.522500 86868717053
5.792500 -8.277500 -1.522500 86868729056
5.495000 -9.415000 -1.820000 86868741073
5.407500 -9.695000 -2.240000 86868752957
5.705000 -10.640000 -1.837500 86868764996
5.547500 -11.970000 -1.347500 86868776994
6.545000 -14.472500 -0.945000 86868788994
6.370000 -18.025000 -1.172500 86868801102
5.635000 -18.830000 -1.207500 86868813072
6.317500 -18.725000 -0.857500 86868825071
6.177500 -18.742500 -0.682500 86868837075
6.142500 -16.887501 -1.855000 86868849063
6.090000 -17.325001 -2.572500 86868861067
4.707500 -17.482500 -2.310000 86868873063
3.132500 -16.152500 -2.152500 86868885073
2.275000 -14.367500 -2.030000 86868897064
2.275000 -15.225000 -2.555000 86868908856
1.435000 -18.059999 -3.465000 86868920855
0.752500 -18.969999 -3.395000 86868932858
1.260000 -18.725000 -1.120000 86868944855
2.047500 -15.400000 2.467500 86868956855
3.587500 -14.507500 4.270000 86868968854
4.042500 -15.312500 5.075000 86868980856
3.745000 -14.997500 6.037500 86868992854
4.515000 -14.000000 6.615000 86869004826
5.757500 -15.855000 6.440000 86869016826
5.215000 -16.082500 6.020000 86869028827
3.937500 -16.240000 5.285000 86869040825
2.922500 -16.695000 3.045000 86869052826
1.942500 -17.552500 1.102500 86869064828
0.385000 -16.450001 -0.980000 86869076825
0.385000 -16.012501 -2.012500 86869088826
0.017500 -15.050000 0.700000 86869100869
-0.385000 -15.067500 1.400000 86869112889
-0.682500 -15.312500 0.875000 86869124886
0.192500 -16.590000 -0.490000 86869136854
0.367500 -16.870001 -1.015000 86869148852
-0.332500 -17.377501 -1.540000 86869160908
-0.717500 -18.830000 -2.572500 86869172853
-1.190000 -19.460001 -2.292500 86869184852
-1.382500 -20.002501 1.137500 86869196852
-0.875000 -19.355000 1.260000 86869208854
-0.157500 -19.565001 0.087500 86869220913
0.437500 -19.127501 -1.137500 86869232948
1.085000 -17.902500 -0.840000 86869244952
0.840000 -17.482500 -1.820000 86869256874
1.312500 -15.295000 -2.992500 86869268935
2.625000 -12.005000 -4.112500 86869280873
2.975000 -11.882500 -4.585000 86869292947
3.027500 -10.815000 -3.675000 86869304935
3.500000 -9.030000 -3.185000 86869316875
3.815000 -7.770000 -2.257500 86869328873
4.322500 -7.682500 -1.925000 86869340954
4.637500 -7.385000 -2.590000 86869352898
5.512500 -4.865000 -2.747500 86869364874
5.250000 -4.235000 -2.730000 86869376933
4.602500 -3.675000 -2.450000 86869388934
4.235000 -3.447500 -2.730000 86869401021
4.550000 -2.345000 -2.257500 86869412933
4.550000 -0.717500 -1.155000 86869424928
4.865000 1.417500 1.120000 86869436964
5.775000 2.817500 3.500000 86869448922
5.337500 3.360000 6.195000 86869460961
6.772500 3.657500 6.107500 86869472889
7.087500 5.197500 6.685000 86869484928
8.050000 7.472500 6.422500 86869496963
8.120000 8.417500 5.547500 86869508963
7.857500 8.837500 3.675000 86869520961
6.807500 8.925000 2.625000 86869532890
6.230000 7.682500 1.242500 86869544958
6.370000 7.717500 0.805000 86869556959
5.862500 9.065000 1.365000 86869568954
5.915000 9.625000 1.540000 86869580956
7.210000 9.100000 1.750000 86869592955
7.297500 7.857500 2.030000 86869604857
7.560000 8.137500 2.607500 86869616854
7.857500 7.507500 5.127500 86869628827
9.380000 6.615000 5.897500 86869640826
9.205000 6.317500 5.040000 86869652871
8.680000 7.332500 2.712500 86869664829
8.662500 9.012500 0.297500 86869676826
8.872500 9.555000 -1.995000 86869688829
7.262500 10.640000 -2.222500 86869700863
6.965000 12.967500 -2.222500 86869712845
6.982500 12.862500 1.207500 86869724845
6.702500 11.952500 1.487500 86869736844
6.842500 11.532500 1.802500 86869748845
6.930000 9.992500 1.697500 86869760848
7.192500 7.647500 0.630000 86869772847
7.035000 5.932500 -0.245000 86869784846
6.405000 6.317500 1.470000 86869796844
5.600000 5.057500 0.490000 86869808874
5.057500 3.867500 -2.940000 86869820938
4.462500 3.622500 -3.990000 86869832938
3.115000 3.150000 -2.852500 86869844874
2.170000 1.872500 -2.047500 86869856904
2.590000 0.560000 -1.312500 86869868902
2.082500 -0.140000 -1.120000 86869880873
1.295000 -3.990000 -2.170000 86869892902
0.647500 -4.025000 -2.537500 86869904935
0.980000 -4.480000 -2.747500 86869916873
2.030000 -4.410000 -2.030000 86869928913
2.905000 -5.862500 -2.590000 86869940951
3.570000 -7.385000 -3.307500 86869952938
4.970000 -8.137500 -3.552500 86869964875
5.075000 -10.150000 -5.985000 86869976935
5.582500 -10.727500 -5.302500 86869988935
5.722500 -9.870000 -3.937500 86870000875
7.262500 -9.782500 -3.062500 86870012912
8.435000 -11.760000 -2.467500 86870024936
7.892500 -12.565000 -2.905000 86870036935
7.385000 -12.950000 -3.990000 86870048874
7.437500 -12.425000 -5.722500 86870060910
6.020000 -12.075000 -5.670000 86870072937
3.482500 -12.670000 -5.267500 86870084935
0.525000 -13.072500 -5.950000 86870096872
-0.105000 -13.265000 -6.685000 86870108931
-0.630000 -13.160000 -7.262500 86870120927
-1.925000 -14.525000 -7.507500 86870132966
-2.782500 -13.790000 -8.120000 86870144978
-1.767500 -13.860000 -6.877500 86870156960
-0.822500 -12.740000 -7.210000 86870168890
1.015000 -12.705000 -7.192500 86870180962
0.490000 -13.405000 -6.772500 86870192962
-0.175000 -13.300000 -6.055000 86870204961
-0.262500 -12.302500 -5.512500 86870216890
0.490000 -9.310000 -4.252500 86870228926
0.892500 -6.265000 -2.082500 86870240980
2.135000 -5.162500 -1.785000 86870252960
3.920000 -4.830000 -1.365000 86870264959
5.740000 -4.287500 -0.910000 86870276889
7.122500 -4.287500 -0.805000 86870288927
7.752500 -4.287500 -0.455000 86870300963
8.785000 -4.690000 -0.140000 86870312959
9.712500 -7.227500 0.105000 86870324890
10.377500 -7.000000 0.297500 86870336958
10.622500 -7.227500 0.787500 86870348957
10.325000 -7.770000 0.770000 86870360958
9.590000 -7.805000 0.700000 86870372956
9.327500 -6.982500 0.805000 86870384955
8.977500 -7.157500 0.595000 86870396957
7.857500 -8.120000 -0.227500 86870408858
6.265000 -8.452500 -1.190000 86870420826
5.600000 -9.485000 -2.082500 86870432829
5.267500 -10.535000 -2.852500 86870444828
4.777500 -12.320000 -3.885000 86870456826
4.270000 -12.915000 -4.690000 86870468827
4.095000 -13.615000 -5.110000 86870480826
4.235000 -14.997500 -4.795000 86870492834
4.462500 -12.705000 -2.187500 86870504828
4.900000 -10.797500 -0.875000 86870516878
5.565000 -9.432500 -0.175000 86870528845
5.775000 -8.417500 0.647500 86870540844
5.722500 -8.627500 1.277500 86870552844
5.915000 -8.925000 1.400000 86870564847
6.265000 -8.417500 1.487500 86870576844
6.895000 -6.632500 1.732500 86870588845
6.387500 -5.985000 1.995000 86870600893
6.177500 -5.407500 2.187500 86870612911
6.055000 -6.632500 2.240000 86870624936
5.932500 -7.227500 1.942500 86870636935
5.285000 -6.860000 1.872500 86870648874
5.057500 -6.317500 1.820000 86870660935
4.270000 -5.635000 0.962500 86870672934
3.010000 -5.845000 0.612500 86870684873
2.730000 -5.512500 -0.035000 86870696937
2.170000 -5.477500 -1.015000 86870708936
1.260000 -6.615000 -2.240000 86870720873
0.980000 -7.385000 -3.465000 86870732911
0.507500 -7.980000 -4.165000 86870744950
0.070000 -6.632500 -4.585000 86870756935
-0.140000 -6.212500 -5.127500 86870768874
0.035000 -5.705000 -5.565000 86870780936
0.052500 -6.020000 -5.827500 86870792936
0.315000 -6.615000 -6.265000 86870804874
0.297500 -6.947500 -6.562500 86870816910
0.560000 -7.122500 -6.212500 86870828936
1.067500 -7.332500 -5.827500 86870840949
1.155000 -6.930000 -4.550000 86870852890
1.645000 -6.755000 -3.797500 86870864911
1.767500 -6.335000 -3.412500 86870876935
1.837500 -6.020000 -2.607500 86870888934
2.380000 -6.650000 -1.960000 86870901021
2.065000 -7.052500 -1.820000 86870912931
1.750000 -7.875000 -1.470000 86870924932
1.715000 -9.292500 -1.347500 86870936931
0.105000 -9.590000 -0.840000 86870948940
-0.647500 -10.115000 -0.542500 86870960962
-1.767500 -10.640000 -0.017500 86870972959
-2.957500 -11.865000 0.402500 86870984889
-4.742500 -13.317500 -0.017500 86870996930
-6.230000 -13.877501 -0.385000 86871008958
-4.042500 -7.682500 -0.735000 86871020955
6.790000 -13.265000 -0.070000 86871032958
5.250000 -13.685000 0.770000 86871045054
5.162500 -11.655000 0.805000 86871056994
8.610000 -9.432500 1.032500 86871068993
10.167500 -12.320000 0.717500 86871080995
6.195000 -13.492500 0.070000 86871092995
4.987500 -11.812500 -1.207500 86871104994
3.097500 -12.460000 -2.345000 86871116912
1.750000 -13.177500 -3.920000 86871128958
1.400000 -14.962500 -5.267500 86871140955
1.942500 -16.397501 -5.950000 86871152957
1.452500 -18.112499 -6.142500 86871164993
1.767500 -18.059999 -5.162500 86871176994
2.467500 -17.867500 -3.885000 86871189006
2.782500 -18.252501 -2.852500 86871200995
3.132500 -20.002501 -2.520000 86871212997
2.975000 -19.862499 -2.380000 86871224994
3.622500 -18.882500 -1.872500 86871236915
4.602500 -18.147501 -1.155000 86871248957
4.585000 -17.062500 -0.297500 86871260956
4.620000 -15.277500 0.560000 86871272957
3.745000 -6.877500 1.365000 86871284956
2.905000 0.192500 2.467500 86871296956
2.922500 7.437500 4.305000 86871308858
4.445000 8.295000 4.585000 86871320828
5.862500 0.122500 1.732500 86871332830
5.897500 -8.312500 -2.520000 86871344828
4.655000 -11.480000 -4.847500 86871356851
4.375000 -9.362500 -5.250000 86871368827
5.337500 -7.017500 -2.835000 86871380825
6.090000 -2.957500 0.332500 86871392827
6.160000 -0.630000 2.047500 86871404828
6.055000 -0.420000 1.382500 86871416887
6.125000 -1.645000 -0.560000 86871428911
7.122500 -4.497500 -2.205000 86871440853
8.452500 -6.247500 -1.032500 86871452853
9.677500 -9.205000 0.157500 86871464853
10.972500 -11.760000 0.962500 86871476851
9.992500 -13.317500 2.030000 86871488853
10.272500 -14.857500 4.340000 86871500915
9.782500 -15.137500 7.542500 86871512930
9.712500 -15.890000 11.165000 86871524961
8.890000 -17.237499 14.035000 86871536961
8.907500 -20.072500 11.322500 86871548923
7.367500 -20.772501 5.337500 86871560890
5.635000 -20.055000 -0.577500 86871572959
4.795000 -18.987499 -3.780000 86871584961
2.852500 -18.847500 -2.835000 86871596960
1.032500 -18.270000 -0.105000 86871608891
-0.140000 -19.162500 0.070000 86871620928
-0.105000 -20.510000 -0.402500 86871632960
-2.572500 -22.085001 -1.907500 86871644976
-3.797500 -21.087500 -2.397500 86871656960
-4.007500 -20.195000 -2.240000 86871668889
-4.795000 -19.285000 -2.607500 86871680964
-5.110000 -16.870001 -1.207500 86871692959
-5.617500 -16.747499 -0.647500 86871704959
-5.757500 -15.505000 -2.415000 86871716888
-3.377500 -13.475000 -2.152500 86871728945
-2.432500 -12.040000 -1.277500 86871740981
-1.312500 -11.007500 -0.822500 86871752961
-0.140000 -10.185000 -0.437500 86871764963
0.752500 -9.222500 -0.910000 86871776976
1.452500 -7.840000 0.367500 86871788956
1.732500 -6.895000 0.857500 86871800892
1.872500 -5.460000 2.817500 86871812962
2.310000 -3.972500 2.765000 86871824959
3.150000 -2.607500 2.590000 86871836958
2.572500 -2.082500 2.205000 86871848921
2.800000 0.087500 1.662500 86871860924
4.567500 0.350000 2.117500 86871872890
4.655000 0.017500 2.992500 86871884919
3.010000 -2.502500 0.875000 86871896958
3.360000 -1.890000 0.612500 86871908962
2.695000 -1.032500 0.682500 86871920960
3.132500 0.175000 0.087500 86871932892
3.517500 1.382500 -0.192500 86871944986
2.660000 2.992500 -0.630000 86871956962
1.925000 3.972500 -0.927500 86871968961
1.435000 6.597500 0.385000 86871980961
3.132500 6.230000 0.962500 86871992959
2.660000 5.215000 1.120000 86872004892
1.890000 6.562500 1.470000 86872016828
2.065000 7.315000 0.980000 86872028829
1.820000 8.557500 -0.455000 86872040826
1.470000 10.587500 -1.260000 86872052826
1.907500 13.580000 -1.312500 86872064830
1.015000 13.772500 -1.400000 86872076828
1.610000 14.280000 -0.735000 86872088866
1.785000 12.565000 -0.682500 86872100878
1.400000 11.375000 0.035000 86872112867
1.750000 10.780000 -0.262500 86872124860
1.942500 10.062500 -0.297500 86872136853
1.575000 11.462500 -0.350000 86872148864
2.625000 11.305000 -0.297500 86872160853
3.185000 11.427500 -1.225000 86872172854
3.832500 12.092500 -1.295000 86872184854
4.480000 12.617500 -0.245000 86872196852
4.847500 12.565000 0.017500 86872208854
4.865000 11.900000 -0.105000 86872220863
5.197500 10.622500 0.122500 86872232865
6.370000 7.525000 0.157500 86872244863
6.615000 6.755000 0.385000 86872256861
6.877500 6.457500 0.630000 86872268862
6.982500 6.107500 1.172500 86872280863
7.367500 6.842500 0.560000 86872292862
8.225000 8.137500 -0.595000 86872304862
8.942500 9.082500 -1.785000 86872316929
8.732500 5.425000 -3.290000 86872328927
7.735000 2.975000 -2.292500 86872340890
6.772500 1.662500 0.017500 86872352964
7.087500 1.155000 2.117500 86872364923
7.560000 1.872500 3.500000 86872376922
8.207500 2.117500 3.255000 86872388924
8.470000 1.347500 2.852500 86872400987
7.752500 0.490000 -0.350000 86872412961
7.665000 0.507500 -0.052500 86872424955
7.472500 1.172500 0.875000 86872436960
6.895000 0.070000 1.505000 86872448954
6.440000 -1.750000 -0.140000 86872460956
6.247500 -2.712500 -1.750000 86872472961
5.460000 -4.707500 -3.465000 86872484956
5.285000 -7.717500 -4.060000 86872496956
4.497500 -7.437500 -4.147500 86872508856
3.727500 -9.170000 -3.937500 86872520854
2.555000 -11.427500 -4.287500 86872532826
2.240000 -12.897500 -4.742500 86872544827
1.540000 -12.862500 -5.425000 86872556826
1.610000 -12.512500 -6.457500 86872568828
0.525000 -13.037500 -6.685000 86872580825
-1.330000 -14.332500 -6.580000 86872592825
-4.900000 -15.277500 -7.472500 86872604827
-3.955000 -16.327499 -7.682500 86872616841
-2.887500 -16.975000 -7.420000 86872628841
-2.730000 -17.167500 -7.245000 86872640839
-1.627500 -17.167500 -6.720000 86872652839
-1.400000 -17.622499 -6.720000 86872664840
-1.277500 -17.447500 -7.525000 86872676838
-0.752500 -17.517500 -7.000000 86872688842
-0.787500 -18.042500 -6.177500 86872700895
0.350000 -16.730000 -5.250000 86872712913
1.837500 -15.015000 -4.252500 86872724908
3.517500 -14.122500 -3.237500 86872736939
4.970000 -13.720000 -2.607500 86872748904
5.897500 -10.412500 -1.295000 86872760934
7.385000 -8.557500 -0.490000 86872772934
7.752500 -8.802500 -0.787500 86872784933
6.335000 -9.537500 -0.945000 86872796937
5.197500 -8.942500 -0.542500 86872808874
4.357500 -7.175000 -0.122500 86872820932
5.530000 -5.460000 0.227500 86872832932
7.017500 -5.442500 0.735000 86872844980
7.490000 -6.020000 1.207500 86872856923
9.660000 -6.457500 1.400000 86872868921
10.465000 -7.297500 1.312500 86872880918
11.112500 -8.067500 1.102500 86872892919
10.990000 -7.805000 1.172500 86872904890
11.025000 -6.282500 1.715000 86872916959
11.217500 -5.880000 2.782500 86872928970
11.077500 -5.355000 4.235000 86872940978
10.675000 -6.212500 4.252500 86872952962
9.992500 -6.562500 3.640000 86872964961
9.292500 -6.580000 3.062500 86872976895
8.890000 -7.297500 2.205000 86872988960
8.277500 -7.945000 1.365000 86873000914
7.752500 -9.502500 0.140000 86873012949
6.930000 -10.797500 -1.662500 86873024928
5.897500 -10.342500 -1.925000 86873036927
5.670000 -10.412500 -2.170000 86873048926
5.302500 -10.097500 -2.590000 86873060930
5.005000 -9.310000 -2.327500 86873072928
5.197500 -7.910000 -1.732500 86873084929
5.355000 -6.790000 -0.910000 86873096927
5.232500 -7.140000 -0.560000 86873108861
5.652500 -7.175000 -0.420000 86873120854
5.722500 -6.667500 -0.035000 86873132856
6.475000 -6.422500 -0.087500 86873144828
6.562500 -6.440000 -0.227500 86873156827
6.247500 -6.352500 -0.017500 86873168830
6.807500 -6.545000 -0.350000 86873180826
6.737500 -6.737500 -0.525000 86873192827
7.035000 -7.000000 -0.437500 86873204829
6.422500 -7.402500 -0.700000 86873216836
6.387500 -7.122500 -1.225000 86873228837
6.300000 -6.667500 -1.102500 86873240835
6.282500 -6.282500 -0.717500 86873252840
5.775000 -6.352500 -0.630000 86873264839
5.495000 -5.757500 -0.542500 86873276834
5.547500 -5.285000 -0.402500 86873288834
5.180000 -5.127500 -0.525000 86873300897
4.830000 -5.600000 -0.927500 86873312899
4.410000 -6.422500 -1.435000 86873324897
3.920000 -6.282500 -1.785000 86873336897
3.640000 -5.617500 -2.012500 86873348865
3.115000 -5.565000 -2.607500 86873360902
2.852500 -6.667500 -3.815000 86873372922
2.047500 -7.017500 -4.795000 86873384921
1.697500 -7.070000 -5.267500 86873396865
0.945000 -7.682500 -5.512500 86873408878
1.242500 -8.470000 -6.177500 86873420873
0.910000 -8.312500 -6.282500 86873432959
0.455000 -8.207500 -5.705000 86873444877
0.577500 -7.717500 -5.215000 86873456875
0.385000 -8.452500 -4.707500 86873468876
0.420000 -8.435000 -4.305000 86873480879
0.682500 -8.470000 -3.850000 86873492939
0.752500 -8.522500 -3.307500 86873504874
1.172500 -7.892500 -2.835000 86873516930
1.050000 -7.367500 -2.082500 86873528929
0.945000 -7.577500 -1.470000 86873540929
1.785000 -7.525000 -0.332500 86873552928
2.380000 -7.525000 -0.017500 86873564926
2.292500 -7.332500 0.052500 86873576929
2.432500 -8.155000 0.227500 86873588927
2.502500 -8.610000 0.245000 86873600918
2.520000 -8.330000 0.402500 86873612856
2.555000 -8.347500 0.682500 86873624829
2.380000 -8.102500 0.682500 86873636826
1.522500 -8.662500 0.787500 86873648828
1.242500 -8.820000 0.542500 86873660826
0.787500 -8.907500 0.630000 86873672827
-0.017500 -9.677500 0.192500 86873684829
-0.770000 -10.395000 -0.105000 86873696827
-1.785000 -10.745000 0.122500 86873708828
-3.412500 -10.447500 0.595000 86873720846
-7.297500 -7.840000 -0.315000 86873732845
-1.225000 0.787500 -2.152500 86873744847
10.027500 -4.480000 -1.330000 86873756846
6.020000 -7.927500 -1.610000 86873768846
1.802500 -5.232500 -3.097500 86873780846
3.727500 -1.417500 -3.780000 86873792845
5.652500 1.890000 -2.852500 86873804845
6.177500 8.032500 -2.887500 86873816910
6.755000 4.795000 -3.080000 86873828909
5.442500 0.577500 -2.450000 86873840875
3.902500 -4.165000 -1.995000 86873852931
2.397500 -7.175000 -2.467500 86873864875
2.660000 -8.505000 -2.362500 86873876874
2.170000 -11.025000 -2.117500 86873888909
1.592500 -14.787500 -2.432500 86873901039
1.977500 -16.905001 -2.065000 86873912960
2.712500 -19.844999 -1.645000 86873924954
3.167500 -21.857500 -0.945000 86873936955
5.005000 -22.487499 -0.105000 86873948953
6.247500 -24.097500 0.892500 86873960955
6.055000 -25.742500 0.385000 86873972956
5.005000 -25.585001 -2.030000 86873984996
4.672500 -26.337500 -2.852500 86873996995
4.690000 -28.525000 -3.972500 86874008920
3.447500 -30.257500 -5.127500 86874020955
3.115000 -29.295000 -4.655000 86874032997
4.217500 -30.520000 -3.500000 86874045067
3.885000 -30.695000 -1.977500 86874056996
4.112500 -28.332500 -0.210000 86874068992
5.512500 -28.805000 -0.227500 86874080992
5.705000 -28.647501 -0.350000 86874092914
6.370000 -29.889999 -1.400000 86874104992
7.245000 -31.272501 -2.800000 86874116994
7.577500 -32.270000 -3.062500 86874128993
6.125000 -30.292500 -2.572500 86874141017
4.742500 -28.559999 -3.517500 86874152995
2.152500 -27.107500 -3.780000 86874164913
1.172500 -26.197500 -4.620000 86874176994
-0.332500 -24.150000 -4.567500 86874188993
-0.822500 -22.697500 -5.162500 86874200996
-1.645000 -23.030001 -6.002500 86874212992
-1.837500 -21.385000 -4.270000 86874224993
-1.662500 -18.725000 -1.662500 86874236829
-0.752500 -21.577499 0.752500 86874248829
1.225000 -20.684999 1.417500 86874260827
2.607500 -19.687500 1.872500 86874272827
2.852500 -19.075001 2.800000 86874284827
2.537500 -17.535000 3.500000 86874296826
1.925000 -16.782499 3.587500 86874308828
1.365000 -16.467501 3.885000 86874320853
0.840000 -14.700000 2.817500 86874332853
-1.382500 -13.212500 1.470000 86874344852
-1.102500 -11.532500 -0.087500 86874356856
-0.752500 -10.867500 -1.120000 86874368878
-0.717500 -10.605000 -2.187500 86874380852
-1.295000 -11.445000 -3.815000 86874392852
-1.662500 -11.095000 -5.145000 86874404853
-1.417500 -10.780000 -5.775000 86874416934
-1.907500 -8.610000 -4.707500 86874428972
-1.102500 -6.335000 -3.465000 86874440979
0.507500 -4.655000 -2.082500 86874452963
1.540000 -3.727500 -1.312500 86874464960
2.345000 -3.465000 -0.630000 86874476961
2.222500 -2.450000 -0.052500 86874488891
4.427500 -1.312500 1.697500 86874500961
5.092500 1.697500 5.215000 86874512961
5.652500 3.132500 5.932500 86874524960
6.475000 3.237500 6.212500 86874536961
6.387500 3.045000 5.757500 86874548922
5.705000 2.712500 4.637500 86874560890
5.932500 3.045000 4.550000 86874572895
5.512500 2.922500 4.602500 86874584963
4.567500 4.900000 3.430000 86874596962
2.747500 6.422500 2.800000 86874608959
3.150000 8.032500 1.907500 86874620960
2.520000 9.590000 1.400000 86874632962
2.380000 11.252500 1.470000 86874644889
3.727500 12.110000 1.400000 86874656958
3.745000 11.987500 2.695000 86874668956
4.637500 11.690000 4.147500 86874680959
4.305000 12.092500 3.972500 86874692890
5.180000 11.987500 3.377500 86874704958
5.372500 10.727500 2.712500 86874716958
3.535000 10.780000 1.400000 86874728977
2.310000 13.160000 1.032500 86874740977
2.502500 15.365000 0.857500 86874752853
2.117500 16.135000 -0.385000 86874764829
0.227500 16.782499 -1.120000 86874776826
0.227500 15.907500 -2.747500 86874788829
-0.437500 13.650000 -4.515000 86874800868
-1.137500 11.637500 -5.810000 86874812881
-1.032500 12.180000 -4.917500 86874824847
0.297500 12.897500 -2.957500 86874836845
1.697500 12.775000 -1.435000 86874848847
3.272500 11.690000 0.927500 86874860882
6.002500 10.920000 -0.052500 86874872847
7.490000 7.875000 -2.135000 86874884845
7.542500 7.752500 -2.747500 86874896845
7.735000 7.822500 -3.360000 86874908846
7.542500 5.180000 -4.900000 86874920863
6.650000 6.195000 -5.005000 86874932867
7.000000 7.105000 -2.135000 86874944867
6.160000 6.650000 -2.047500 86874956863
6.720000 5.862500 -2.030000 86874968862
8.015000 5.495000 -2.537500 86874980947
8.925000 5.880000 -1.977500 86874992903
9.205000 5.110000 -0.997500 86875004911
8.925000 2.642500 -0.770000 86875016914
8.960000 0.525000 -2.065000 86875028912
9.712500 0.472500 -1.802500 86875040909
9.415000 -1.610000 -1.872500 86875052939
9.170000 -3.167500 -2.905000 86875064874
9.765000 -2.957500 -2.887500 86875076934
9.922500 -2.170000 -1.715000 86875088947
9.537500 -2.485000 -0.997500 86875101037
8.400000 -1.942500 -3.535000 86875112958
8.277500 -1.820000 -4.007500 86875124957
7.927500 -3.640000 -4.322500 86875136955
7.700000 -6.580000 -3.937500 86875148956
6.790000 -8.015000 -3.675000 86875160957
5.390000 -7.560000 -3.797500 86875173013
5.460000 -6.930000 -3.937500 86875184993
4.480000 -6.772500 -4.147500 86875196992
3.132500 -5.600000 -5.407500 86875208993
3.605000 -7.000000 -4.900000 86875220992
3.080000 -7.980000 -4.217500 86875232914
3.115000 -7.717500 -3.360000 86875244998
2.502500 -8.435000 -3.185000 86875256995
2.870000 -8.540000 -3.325000 86875268995
3.867500 -9.135000 -3.062500 86875280997
3.447500 -9.240000 -2.450000 86875292998
3.972500 -9.677500 -2.152500 86875304856
4.235000 -9.555000 -2.257500 86875316855
4.655000 -10.587500 -2.625000 86875328828
5.705000 -11.970000 -2.467500 86875340826
4.550000 -11.165000 -2.047500 86875352854
4.952500 -9.467500 -1.417500 86875364829
5.110000 -8.312500 -0.017500 86875376827
4.007500 -6.895000 0.525000 86875388829
4.865000 -7.017500 1.050000 86875400861
5.250000 -8.277500 1.085000 86875412874
5.915000 -8.645000 0.857500 86875424841
6.475000 -7.035000 0.332500 86875436841
8.330000 -6.527500 0.140000 86875448840
9.625000 -6.107500 0.297500 86875460839
11.742500 -6.387500 0.402500 86875472841
12.477500 -6.580000 0.140000 86875484841
12.915000 -7.297500 0.175000 86875496839
13.352500 -7.700000 -0.035000 86875508841
13.335000 -7.367500 -0.140000 86875520923
13.300000 -6.825000 0.542500 86875532863
13.055000 -6.020000 1.225000 86875544942
12.320000 -5.250000 1.382500 86875556861
10.727500 -5.722500 0.822500 86875568862
9.712500 -6.405000 -0.017500 86875580921
8.732500 -6.790000 -0.700000 86875592922
7.822500 -6.737500 -1.452500 86875604863
6.142500 -6.387500 -2.240000 86875616861
5.320000 -6.037500 -2.642500 86875628861
4.550000 -5.390000 -3.167500 86875640861
2.257500 -6.527500 -3.482500 86875652864
1.452500 -7.087500 -3.972500 86875664862
0.630000 -7.087500 -4.112500 86875676861
-0.035000 -7.175000 -4.060000 86875688862
-0.822500 -7.507500 -4.112500 86875700945
-1.155000 -7.945000 -4.252500 86875712962
-1.172500 -8.505000 -4.147500 86875724955
-1.242500 -8.382500 -3.657500 86875736998
-1.470000 -7.437500 -3.220000 86875748950
-1.487500 -7.245000 -3.237500 86875760995
-0.560000 -7.472500 -3.220000 86875772995
-0.367500 -7.332500 -3.360000 86875784992
0.192500 -6.982500 -2.887500 86875796912
0.857500 -6.177500 -2.415000 86875808997
2.292500 -6.265000 -1.767500 86875820997
2.362500 -6.405000 -1.382500 86875832999
2.817500 -6.317500 -1.067500 86875844995
3.185000 -6.037500 -0.577500 86875857004
3.465000 -5.880000 -0.332500 86875868998
3.937500 -5.897500 -0.122500 86875880997
4.112500 -6.037500 -0.280000 86875892998
3.955000 -6.685000 -1.102500 86875904856
4.917500 -7.630000 -1.680000 86875916858
5.057500 -7.315000 -1.837500 86875928861
4.760000 -6.475000 -2.047500 86875940828
4.322500 -6.160000 -1.645000 86875952829
4.357500 -5.950000 -1.435000 86875964828
4.602500 -6.615000 -1.592500 86875976827
4.077500 -8.207500 -2.432500 86875988828
4.165000 -8.802500 -2.992500 86876000850
3.972500 -9.362500 -2.992500 86876012884
3.972500 -9.362500 -2.572500 86876024842
4.077500 -8.470000 -2.450000 86876036841
3.832500 -7.350000 -1.942500 86876048842
3.780000 -7.595000 -1.837500 86876060839
3.640000 -7.980000 -1.820000 86876072842
3.395000 -7.332500 -1.312500 86876084841
3.062500 -7.700000 -1.417500 86876096839
3.132500 -8.190000 -1.435000 86876108842
3.185000 -8.242500 -1.382500 86876120864
2.835000 -8.032500 -1.417500 86876132867
2.327500 -7.805000 -1.715000 86876144864
2.660000 -8.225000 -1.505000 86876156862
2.240000 -8.575000 -1.592500 86876168862
2.047500 -8.540000 -1.715000 86876180862
1.470000 -9.082500 -1.487500 86876192862
0.822500 -9.520000 -1.505000 86876204863
0.280000 -10.395000 -1.697500 86876216935
-0.857500 -11.847500 -1.557500 86876228930
-2.345000 -12.757500 -0.962500 86876240985
-4.357500 -14.315001 -0.140000 86876252961
-7.770000 -7.980000 -0.280000 86876264958
0.840000 -3.710000 -0.542500 86876276959
5.915000 -6.562500 -0.035000 86876288896
5.162500 -6.300000 -0.140000 86876301050
5.197500 -2.030000 -0.525000 86876312960
6.352500 3.115000 -0.507500 86876324957
8.890000 5.547500 -1.487500 86876336960
9.065000 3.377500 -2.292500 86876348957
8.470000 -1.312500 -1.977500 86876360959
7.157500 -4.217500 -0.910000 86876372959
6.597500 -5.092500 -0.560000 86876384957
6.947500 -6.247500 -0.525000 86876396999
7.070000 -9.240000 -0.717500 86876408994
6.615000 -16.957500 -1.732500 86876420994
6.632500 -19.320000 -1.820000 86876433001
5.075000 -21.787500 -2.467500 86876444914
4.707500 -23.537500 -2.047500 86876457002
4.445000 -22.155001 -1.872500 86876468996
5.845000 -22.504999 -1.890000 86876480999
6.352500 -25.112499 -2.152500 86876492998
6.807500 -26.232500 -2.222500 86876504856
6.632500 -29.610001 -2.292500 86876516858
4.410000 -27.790001 -2.362500 86876528854
5.512500 -28.962500 -3.080000 86876540854
5.652500 -32.900002 -4.095000 86876552857
3.517500 -34.230000 -3.587500 86876564827
2.257500 -32.584999 -3.325000 86876576827
1.977500 -31.990000 -1.837500 86876588829
1.645000 -31.342501 -2.467500 86876600827
0.157500 -29.207500 -1.767500 86876612827
0.140000 -29.855000 -1.400000 86876624827
-0.420000 -29.522501 -0.910000 86876636825
-0.157500 -29.697500 -2.012500 86876648828
-0.332500 -29.610001 -3.167500 86876660828
-0.455000 -27.667500 -3.465000 86876672827
0.315000 -21.542500 -2.590000 86876684827
1.820000 -21.752501 -2.800000 86876696826
2.187500 -22.102501 -3.920000 86876708828
2.677500 -21.770000 -4.637500 86876720854
2.835000 -19.722500 -1.715000 86876732853
3.255000 -18.777500 -0.542500 86876744856
3.307500 -18.480000 -0.542500 86876756850
4.830000 -17.552500 2.187500 86876768854
6.527500 -19.004999 3.045000 86876780851
6.492500 -20.527500 4.165000 86876792853
6.317500 -20.282499 6.370000 86876804852
6.877500 -18.235001 8.207500 86876816933
6.667500 -17.307501 7.385000 86876828892
7.105000 -18.235001 4.795000 86876840981
7.595000 -18.952499 1.400000 86876852958
6.300000 -16.905001 -3.062500 86876864923
5.652500 -15.207500 -1.592500 86876876919
3.412500 -15.382500 -0.560000 86876888920
2.450000 -15.242500 0.402500 86876900890
2.275000 -14.560000 0.735000 86876912962
3.570000 -13.877501 1.557500 86876924962
3.727500 -14.332500 2.642500 86876936961
2.817500 -11.392500 4.585000 86876948923
3.255000 -9.362500 4.952500 86876960891
3.150000 -7.490000 4.917500 86876972890
2.730000 -5.232500 6.195000 86876984963
0.805000 -3.185000 4.707500 86876996940
2.082500 -0.647500 3.745000 86877008960
3.377500 0.805000 3.360000 86877020959
3.850000 1.662500 3.027500 86877032960
2.012500 3.062500 1.855000 86877044888
1.207500 4.252500 1.032500 86877056965
-1.155000 6.142500 0.577500 86877068961
-2.852500 7.017500 -0.805000 86877080959
-4.777500 8.400000 -1.015000 86877092959
-6.755000 10.220000 -0.525000 86877104959
-7.210000 9.625000 -1.680000 86877116828
-9.975000 11.637500 -1.067500 86877128907
-8.172500 12.372500 0.717500 86877140875
-6.195000 11.970000 1.330000 86877152876
-4.095000 12.127500 1.855000 86877164892
-2.590000 12.897500 2.572500 86877176854
-1.610000 13.160000 2.800000 86877188856
-1.015000 13.142500 1.942500 86877200881
0.297500 15.190001 3.517500 86877212867
4.742500 13.807500 4.112500 86877224864
4.707500 14.350000 4.270000 86877236866
5.810000 14.000000 3.465000 86877248863
5.635000 14.962500 2.712500 86877260865
5.617500 15.435000 0.962500 86877272866
4.392500 14.945000 0.962500 86877284863
3.780000 13.650000 -0.122500 86877296866
4.340000 12.477500 1.120000 86877308856
5.162500 11.130000 2.257500 86877320858
5.145000 10.815000 2.082500 86877332827
5.442500 10.220000 1.435000 86877344829
5.670000 11.375000 1.750000 86877356854
5.757500 12.460000 1.732500 86877368827
6.755000 11.777500 0.787500 86877380826
6.405000 11.287500 0.122500 86877392826
7.647500 10.395000 -0.980000 86877404827
8.137500 9.135000 -3.045000 86877416847
8.557500 8.487500 -5.022500 86877428883
9.275000 8.680000 -5.162500 86877440847
10.237500 9.432500 -2.607500 86877452846
11.340000 6.807500 2.397500 86877464845
13.510000 6.317500 3.430000 86877476845
14.577500 4.795000 2.852500 86877488846
15.207500 5.302500 1.645000 86877500898
15.505000 6.282500 -0.402500 86877512913
15.995000 5.652500 -2.415000 86877524938
15.767500 3.237500 -2.835000 86877536872
13.702500 2.625000 -2.835000 86877548904
12.932500 1.697500 0.122500 86877560871
9.922500 0.035000 -0.542500 86877572935
10.097500 -1.225000 -0.087500 86877584934
9.257500 -2.957500 0.402500 86877596933
8.855000 -3.430000 -0.525000 86877608935
8.907500 -4.340000 -0.700000 86877620933
7.560000 -4.725000 -1.067500 86877632933
6.580000 -2.765000 -3.832500 86877644949
5.372500 -3.377500 -4.305000 86877656873
4.480000 -4.130000 -5.057500 86877668934
4.130000 -5.775000 -5.302500 86877680937
2.905000 -7.175000 -4.900000 86877692936
1.295000 -8.312500 -3.780000 86877704874
0.472500 -10.482500 -3.290000 86877716937
0.910000 -10.937500 -2.730000 86877728887
1.050000 -10.220000 -1.995000 86877740875
1.592500 -10.447500 -1.505000 86877752935
2.992500 -10.412500 -1.680000 86877764934
5.740000 -11.147500 -0.980000 86877776873
5.582500 -11.585000 -1.330000 86877788936
5.582500 -12.127500 -1.575000 86877800933
6.842500 -16.887501 -0.052500 86877812934
2.625000 -14.945000 0.542500 86877824934
0.525000 -11.917500 1.522500 86877836872
-1.750000 -9.327500 2.292500 86877848904
-1.592500 -7.577500 2.117500 86877860905
-1.592500 -7.070000 2.450000 86877872907
1.225000 -6.230000 2.537500 86877884902
1.907500 -5.740000 2.205000 86877896901
1.872500 -7.122500 -0.350000 86877908836
0.455000 -7.997500 -2.030000 86877920829
-0.735000 -10.447500 -4.165000 86877932830
-2.082500 -12.862500 -6.177500 86877944829
-4.147500 -13.790000 -7.525000 86877956827
-6.160000 -13.667500 -8.382500 86877968827
-7.700000 -12.897500 -8.102500 86877980825
-8.977500 -11.112500 -5.092500 86877992827
-12.652500 -10.867500 -4.322500 86878004827
-13.405000 -11.427500 -3.290000 86878016854
-13.702500 -12.057500 -2.450000 86878028853
-13.702500 -12.582500 -1.802500 86878040851
-13.107500 -13.545000 -1.767500 86878052852
-12.040000 -14.455000 -1.732500 86878064854
-10.570000 -15.050000 -0.875000 86878076852
-7.980000 -14.035000 -0.087500 86878088852
-6.702500 -12.162500 1.872500 86878100915
-4.637500 -10.202500 3.570000 86878112935
-2.257500 -7.332500 4.952500 86878124930
0.280000 -5.845000 5.617500 86878136933
3.395000 -4.445000 5.442500 86878148924
5.967500 -3.972500 3.972500 86878160960
9.590000 -3.937500 2.467500 86878172961
11.270000 -3.290000 1.400000 86878184959
13.282500 -2.327500 -0.052500 86878196959
14.752501 -1.925000 -1.540000 86878208889
16.467501 -1.890000 -2.957500 86878220960
18.112499 -1.610000 -4.095000 86878232958
19.617500 -1.715000 -5.110000 86878244955
20.510000 -1.697500 -6.527500 86878256956
21.945000 -2.450000 -6.650000 86878268996
22.137501 -2.275000 -6.457500 86878280992
22.697500 -2.222500 -5.757500 86878292993
22.767500 -2.677500 -5.162500 86878304991
23.047501 -2.660000 -4.235000 86878316947
22.662500 -2.222500 -3.605000 86878328995
