0.600000 9.840000 8.040000 86862804878
0.180000 9.780000 7.740000 86862817365
0.360000 9.480000 7.920000 86862829736
0.600000 9.599999 7.800000 86862842088
0.600000 9.719999 8.400000 86862854741
0.660000 9.900000 7.740000 86862867136
0.360000 9.840000 8.040000 86862880217
0.420000 9.900000 8.099999 86862895120
0.780000 9.540000 8.099999 86862910551
0.720000 9.840000 7.920000 86862924684
0.420000 9.780000 7.860000 86862938702
0.120000 9.840000 7.800000 86862952467
0.300000 9.660000 8.460000 86862966543
0.360000 9.719999 7.920000 86862980139
0.660000 9.780000 8.099999 86862994318
0.480000 9.960000 7.920000 86863007192
0.780000 9.780000 8.099999 86863018625
0.480000 9.719999 7.800000 86863030083
0.420000 10.139999 7.740000 86863041505
0.480000 9.719999 8.160000 86863052893
0.420000 9.660000 7.860000 86863064143
0.600000 9.599999 8.280000 86863075512
0.480000 9.840000 7.920000 86863086854
0.780000 10.139999 8.099999 86863098209
0.240000 10.080000 8.040000 86863109622
0.300000 9.900000 8.099999 86863120917
0.780000 10.260000 7.740000 86863132266
0.540000 9.900000 7.860000 86863143616
0.420000 10.020000 8.099999 86863154986
0.420000 10.020000 7.740000 86863166355
0.660000 10.260000 8.340000 86863177703
0.780000 9.900000 7.860000 86863189045
0.300000 9.900000 7.740000 86863200456
0.840000 9.960000 8.040000 86863211813
0.600000 9.599999 7.920000 86863223840
0.540000 10.139999 7.740000 86863235730
0.600000 9.840000 7.920000 86863247831
0.840000 9.960000 8.280000 86863259834
0.660000 9.660000 7.860000 86863271831
0.360000 9.840000 8.040000 86863283829
0.360000 10.200000 8.280000 86863295792
0.360000 9.960000 7.920000 86863308268
0.540000 9.780000 8.099999 86863319966
0.660000 9.780000 8.099999 86863331955
0.720000 9.719999 7.800000 86863343945
0.600000 10.080000 7.920000 86863356042
0.540000 9.660000 8.099999 86863367970
0.540000 10.020000 7.740000 86863379969
0.600000 9.719999 7.680000 86863391939
0.420000 9.780000 7.860000 86863404420
0.480000 9.840000 8.400000 86863416280
0.300000 9.780000 7.980000 86863428065
0.600000 9.840000 7.800000 86863440158
0.420000 9.660000 7.980000 86863451936
0.540000 10.020000 7.980000 86863464120
0.660000 9.780000 7.740000 86863476027
0.420000 9.900000 7.980000 86863488120
0.840000 9.719999 7.920000 86863500356
0.480000 10.080000 8.040000 86863512432
0.480000 9.960000 7.920000 86863524270
0.780000 9.780000 7.980000 86863536324
0.540000 9.540000 8.099999 86863548020
0.480000 9.840000 7.800000 86863559958
0.600000 9.840000 7.920000 86863571958
0.180000 10.020000 7.620000 86863583962
0.300000 9.780000 7.980000 86863595983
0.600000 9.960000 8.040000 86863608353
0.300000 10.020000 7.980000 86863619964
0.600000 9.719999 7.920000 86863631960
0.540000 9.780000 7.980000 86863643957
0.300000 9.780000 7.980000 86863655978
0.480000 9.960000 7.800000 86863667976
0.480000 9.719999 7.680000 86863680296
0.780000 9.780000 8.099999 86863691962
0.420000 9.780000 7.740000 86863703953
0.840000 10.080000 7.800000 86863715983
0.540000 9.540000 7.740000 86863727530
0.480000 9.840000 8.040000 86863739808
0.480000 9.480000 7.800000 86863751838
0.420000 9.780000 7.980000 86863763794
0.480000 9.719999 7.920000 86863775813
0.540000 9.780000 8.099999 86863787797
0.300000 9.900000 7.980000 86863799794
0.840000 9.719999 8.160000 86863812220
0.600000 9.840000 8.040000 86863823945
0.540000 9.780000 7.980000 86863835969
0.480000 10.080000 7.800000 86863847930
0.600000 9.840000 7.920000 86863859845
0.780000 9.780000 8.099999 86863871943
0.300000 9.780000 7.740000 86863883927
0.420000 9.900000 7.860000 86863895960
0.600000 9.840000 8.040000 86863908511
0.300000 9.660000 7.860000 86863920459
0.600000 9.719999 7.920000 86863932317
0.600000 9.840000 7.920000 86863943861
0.780000 9.540000 7.980000 86863955933
0.120000 9.960000 8.160000 86863967859
0.600000 9.599999 7.440000 86863979868
0.600000 9.719999 8.160000 86863992229
0.600000 9.599999 7.920000 86864003884
0.720000 9.960000 8.040000 86864017023
0.360000 9.960000 7.560000 86864029551
0.240000 9.719999 8.160000 86864041692
0.600000 9.840000 8.040000 86864053850
0.300000 9.900000 7.860000 86864065987
0.360000 9.599999 8.040000 86864078227
0.360000 9.719999 8.160000 86864090383
0.480000 9.599999 7.800000 86864102552
0.360000 9.840000 7.920000 86864114189
0.420000 9.780000 7.980000 86864125678
0.480000 9.960000 7.920000 86864137161
0.420000 9.900000 7.980000 86864148629
0.600000 9.480000 8.040000 86864160151
0.600000 10.080000 8.160000 86864171838
0.600000 9.840000 8.280000 86864183832
0.480000 9.840000 8.280000 86864195863
0.780000 9.540000 8.099999 86864207889
0.540000 10.020000 8.220000 86864219853
0.420000 10.020000 7.860000 86864231830
0.360000 10.080000 8.040000 86864243839
0.480000 9.840000 8.040000 86864255883
0.660000 9.780000 7.980000 86864267828
0.900000 9.780000 7.980000 86864279838
0.420000 9.900000 8.220000 86864291837
0.480000 9.840000 8.040000 86864304787
0.660000 9.660000 8.220000 86864316670
0.660000 9.660000 7.860000 86864328319
0.300000 9.900000 7.980000 86864340044
0.360000 9.599999 8.160000 86864352032
0.600000 9.840000 7.800000 86864364082
0.600000 9.960000 7.920000 86864376007
0.540000 9.540000 8.099999 86864387980
0.720000 9.840000 8.400000 86864399990
0.420000 9.540000 7.740000 86864412003
0.720000 9.719999 8.040000 86864423987
0.420000 9.660000 7.860000 86864435790
0.660000 9.660000 8.220000 86864447991
0.180000 10.020000 7.740000 86864459977
0.420000 9.660000 8.099999 86864471992
0.420000 9.900000 8.099999 86864483760
0.660000 9.780000 7.860000 86864495999
0.660000 9.660000 7.740000 86864508513
0.720000 9.719999 7.800000 86864520435
0.540000 9.780000 7.980000 86864532070
0.600000 9.840000 7.920000 86864544138
0.480000 10.080000 8.040000 86864555879
0.780000 10.020000 8.099999 86864567859
0.660000 9.660000 7.740000 86864579864
0.780000 9.660000 7.980000 86864591861
0.720000 9.719999 7.920000 86864603858
0.480000 9.599999 7.920000 86864616910
0.360000 9.719999 7.920000 86864629005
0.540000 10.020000 7.740000 86864640787
0.480000 9.599999 7.800000 86864652592
0.420000 9.660000 7.860000 86864664339
0.360000 9.960000 8.040000 86864675991
0.540000 10.020000 7.500000 86864687956
0.780000 9.540000 8.099999 86864699959
0.540000 9.780000 7.740000 86864711962
0.180000 9.780000 7.980000 86864723958
0.720000 9.599999 7.920000 86864737184
0.240000 9.840000 8.040000 86864749539
0.240000 9.840000 7.920000 86864761560
0.300000 9.660000 7.740000 86864773468
0.600000 9.840000 8.040000 86864785414
0.780000 9.900000 7.980000 86864797305
0.720000 9.840000 8.280000 86864808934
0.360000 9.840000 8.160000 86864820302
0.420000 10.139999 8.099999 86864831792
0.780000 9.900000 7.740000 86864843797
0.540000 9.780000 8.340000 86864855871
0.540000 9.900000 7.980000 86864867809
0.720000 9.960000 7.800000 86864879800
0.660000 9.900000 8.220000 86864891789
0.480000 10.080000 7.800000 86864904423
0.720000 9.719999 7.920000 86864915898
0.360000 10.200000 7.920000 86864927864
0.480000 9.960000 8.160000 86864939672
0.360000 9.960000 8.040000 86864951902
0.120000 10.200000 7.800000 86864963885
0.480000 9.840000 7.920000 86864975883
0.660000 9.660000 7.980000 86864987863
0.420000 10.020000 8.340000 86865000449
0.480000 9.840000 7.920000 86865012904
0.240000 9.960000 7.920000 86865024831
0.540000 9.660000 7.620000 86865036766
0.300000 9.660000 7.980000 86865048541
0.420000 10.020000 7.980000 86865060251
0.420000 9.900000 8.099999 86865071821
0.480000 9.840000 7.800000 86865084051
0.540000 10.020000 7.860000 86865095803
0.420000 9.660000 7.620000 86865108742
0.300000 9.660000 8.099999 86865120711
0.720000 9.719999 7.920000 86865132388
0.540000 9.900000 7.740000 86865144144
0.660000 9.780000 7.740000 86865155889
0.840000 9.719999 8.040000 86865168127
0.480000 9.840000 8.040000 86865180167
0.780000 9.540000 7.620000 86865191866
0.660000 9.900000 7.740000 86865203863
0.600000 9.599999 7.920000 86865217076
0.360000 9.840000 7.920000 86865229391
0.540000 9.660000 7.860000 86865241422
0.600000 9.719999 8.160000 86865253475
0.600000 10.080000 7.800000 86865265516
0.540000 9.780000 7.860000 86865277517
0.420000 9.660000 8.340000 86865289512
0.360000 9.960000 8.040000 86865301587
0.600000 9.840000 8.040000 86865313095
0.420000 9.900000 7.860000 86865324457
0.900000 9.900000 8.099999 86865335820
0.840000 9.840000 8.160000 86865347799
0.480000 9.719999 8.280000 86865359961
0.300000 10.020000 8.340000 86865371793
0.180000 9.780000 8.220000 86865383788
0.600000 9.960000 7.680000 86865395819
0.600000 9.960000 8.280000 86865408146
0.540000 9.900000 7.740000 86865419848
0.420000 9.780000 8.220000 86865431984
0.660000 9.660000 8.340000 86865443968
0.120000 9.719999 7.800000 86865456022
0.660000 9.780000 8.099999 86865467946
0.660000 9.540000 7.860000 86865479953
0.660000 9.420000 8.220000 86865491944
0.360000 9.599999 8.160000 86865504909
0.420000 9.780000 7.980000 86865517189
0.420000 9.660000 8.099999 86865529192
0.540000 9.900000 7.860000 86865541234
0.120000 9.480000 8.160000 86865553263
0.480000 9.719999 7.920000 86865565274
0.600000 9.480000 8.400000 86865577294
0.540000 9.780000 8.220000 86865589265
0.480000 9.599999 7.800000 86865601435
0.420000 9.780000 7.980000 86865613138
0.480000 9.960000 8.160000 86865624681
0.600000 9.719999 8.160000 86865636276
0.240000 9.719999 7.800000 86865647868
0.840000 9.480000 8.400000 86865659886
0.720000 9.960000 8.400000 86865671861
0.420000 9.660000 8.220000 86865683863
0.300000 9.780000 8.099999 86865695889
0.660000 9.540000 8.220000 86865708184
0.420000 9.660000 8.099999 86865719924
0.720000 10.080000 8.040000 86865732114
0.540000 9.780000 8.580000 86865743916
0.420000 9.300000 7.980000 86865755979
0.360000 9.719999 8.040000 86865767905
0.840000 9.719999 8.520000 86865779944
0.480000 9.840000 8.280000 86865791914
0.480000 9.719999 8.160000 86865804874
0.420000 9.780000 8.220000 86865816834
0.600000 9.599999 8.040000 86865828680
0.540000 9.420000 7.980000 86865840551
0.660000 9.540000 8.460000 86865852448
0.780000 10.260000 8.099999 86865864355
0.480000 9.599999 8.040000 86865875792
0.480000 9.599999 8.280000 86865888101
0.780000 9.660000 8.099999 86865900254
0.540000 9.660000 8.099999 86865912095
1.080000 9.840000 8.400000 86865924096
0.480000 9.960000 8.280000 86865936143
1.020000 9.300000 8.220000 86865948100
0.960000 9.599999 8.280000 86865960118
0.900000 9.420000 8.220000 86865972136
0.540000 9.540000 8.220000 86865984110
0.840000 9.719999 8.160000 86865996100
0.840000 9.240000 8.400000 86866008643
0.720000 9.480000 8.040000 86866020830
0.900000 10.020000 8.460000 86866032908
0.900000 9.660000 8.220000 86866044959
0.780000 9.780000 8.220000 86866057163
0.720000 10.080000 8.040000 86866069244
0.600000 9.719999 8.160000 86866081319
0.840000 9.840000 8.160000 86866093375
0.720000 10.080000 8.400000 86866105571
0.900000 9.660000 8.220000 86866117153
0.960000 9.719999 8.160000 86866128701
1.020000 9.540000 8.460000 86866140283
0.660000 9.660000 8.340000 86866151903
0.600000 10.080000 8.160000 86866163860
0.840000 9.840000 8.400000 86866175881
0.840000 9.719999 8.400000 86866187865
0.660000 9.540000 8.460000 86866199861
1.140000 9.780000 8.220000 86866212179
0.720000 9.960000 8.520000 86866223916
0.780000 9.420000 8.099999 86866235948
1.020000 9.780000 8.580000 86866247911
1.020000 9.660000 8.580000 86866259967
0.960000 9.719999 8.280000 86866271926
0.780000 9.780000 8.460000 86866283916
1.080000 10.080000 8.160000 86866295929
0.660000 9.780000 8.580000 86866308418
0.720000 9.480000 8.280000 86866320142
0.780000 9.540000 8.460000 86866332090
0.900000 9.900000 8.340000 86866344094
1.080000 9.840000 8.400000 86866356215
0.780000 9.660000 8.460000 86866368069
0.840000 9.719999 8.280000 86866380125
0.840000 9.719999 8.280000 86866391764
1.200000 9.960000 8.400000 86866403759
1.020000 9.540000 8.340000 86866416598
1.080000 9.960000 7.920000 86866430470
0.960000 9.840000 8.520000 86866442120
0.900000 9.660000 8.340000 86866453797
0.600000 9.960000 8.520000 86866465453
1.020000 9.540000 8.340000 86866477077
1.260000 9.900000 8.580000 86866488698
1.080000 9.599999 8.280000 86866500840
0.960000 9.719999 8.639999 86866512339
1.200000 9.840000 8.520000 86866523810
1.260000 9.660000 8.340000 86866535813
1.080000 9.480000 8.520000 86866547790
0.960000 9.960000 7.920000 86866559803
0.840000 9.840000 8.400000 86866571791
0.780000 9.900000 8.340000 86866583797
0.780000 9.900000 8.580000 86866595815
0.660000 9.660000 8.220000 86866608176
1.140000 9.900000 8.340000 86866619902
0.540000 9.780000 8.099999 86866631890
0.480000 9.840000 8.280000 86866643901
0.960000 9.719999 8.040000 86866655949
0.780000 9.780000 8.340000 86866667889
0.660000 9.420000 8.460000 86866679896
1.020000 9.900000 8.099999 86866691895
0.660000 9.660000 8.220000 86866704749
0.600000 9.599999 8.040000 86866716517
0.840000 9.840000 8.280000 86866728071
0.420000 9.540000 8.220000 86866739804
0.600000 9.599999 8.160000 86866751805
0.540000 9.540000 8.099999 86866764058
0.420000 9.660000 7.980000 86866775807
0.420000 9.780000 8.099999 86866787800
0.420000 9.660000 8.220000 86866800167
0.660000 9.540000 8.220000 86866811939
0.720000 9.599999 8.280000 86866823958
0.660000 9.300000 8.099999 86866835982
0.600000 9.360000 8.160000 86866847956
0.480000 9.599999 8.040000 86866860157
0.600000 9.480000 8.280000 86866872253
0.300000 9.660000 8.220000 86866883957
0.600000 9.599999 7.920000 86866895986
0.780000 10.020000 8.220000 86866907541
0.840000 9.719999 8.280000 86866919802
0.600000 9.840000 8.520000 86866931818
0.720000 9.599999 8.040000 86866943802
0.360000 9.599999 7.800000 86866955848
0.600000 9.719999 8.040000 86866967816
0.660000 9.780000 8.220000 86866979803
0.540000 10.139999 8.340000 86866991793
0.600000 9.840000 8.280000 86867004736
0.660000 9.780000 7.980000 86867016403
0.600000 9.599999 7.920000 86867027935
0.540000 9.780000 7.980000 86867039933
0.540000 9.780000 7.980000 86867051970
0.780000 9.900000 7.860000 86867063727
0.960000 9.719999 8.400000 86867075746
0.720000 9.599999 8.160000 86867087929
0.840000 9.719999 8.280000 86867099944
0.540000 9.660000 8.099999 86867111722
0.480000 9.719999 7.680000 86867124647
0.660000 9.420000 7.980000 86867136453
0.660000 9.660000 7.980000 86867148010
0.660000 9.660000 7.980000 86867160076
0.480000 9.599999 7.920000 86867172041
0.720000 9.719999 7.920000 86867183803
0.840000 9.840000 8.280000 86867195819
0.480000 9.480000 8.160000 86867207802
0.480000 9.960000 8.040000 86867221533
0.540000 9.420000 8.099999 86867233286
0.780000 9.420000 7.860000 86867245043
0.420000 9.900000 7.860000 86867256889
0.360000 9.719999 8.160000 86867268635
0.780000 9.780000 8.099999 86867280391
0.540000 9.780000 7.980000 86867292106
0.360000 9.599999 8.040000 86867304094
0.540000 9.660000 7.860000 86867316124
0.600000 9.719999 8.160000 86867328198
0.900000 9.540000 8.220000 86867340676
0.660000 9.179999 8.220000 86867352771
0.600000 9.360000 8.160000 86867364780
0.480000 9.599999 8.160000 86867376833
0.480000 9.719999 8.160000 86867388775
0.600000 9.599999 7.920000 86867401246
0.420000 9.900000 7.860000 86867412735
0.480000 9.599999 7.800000 86867424082
0.540000 9.540000 7.860000 86867435860
0.660000 9.780000 8.220000 86867447791
0.360000 10.200000 7.920000 86867459790
0.480000 9.840000 8.160000 86867471807
0.900000 9.420000 8.460000 86867483795
0.480000 9.960000 7.920000 86867495812
0.540000 9.660000 8.099999 86867508174
0.420000 9.660000 7.980000 86867519884
0.360000 9.360000 7.800000 86867531864
0.480000 9.599999 7.920000 86867543863
0.780000 9.540000 7.860000 86867555929
0.300000 9.780000 7.980000 86867567863
0.540000 9.900000 8.099999 86867579867
0.240000 9.840000 8.160000 86867591868
0.420000 9.780000 8.099999 86867604894
0.660000 9.540000 8.220000 86867616736
0.600000 9.840000 8.160000 86867628351
0.900000 9.179999 8.340000 86867640093
0.540000 9.540000 7.740000 86867651805
0.480000 9.719999 8.160000 86867664044
0.840000 9.599999 8.040000 86867675818
0.900000 9.660000 7.860000 86867688053
0.900000 9.540000 8.099999 86867700175
0.780000 9.660000 7.980000 86867712248
0.720000 9.599999 8.040000 86867723964
0.780000 9.540000 7.860000 86867735985
0.720000 9.719999 8.040000 86867747964
0.600000 9.599999 7.800000 86867759960
0.540000 9.540000 8.340000 86867771962
0.540000 9.660000 8.220000 86867784261
0.780000 9.540000 8.099999 86867796000
0.780000 9.420000 8.220000 86867807957
0.480000 9.719999 8.280000 86867819960
0.660000 9.420000 8.220000 86867831962
0.480000 9.480000 7.920000 86867844842
0.660000 9.660000 8.099999 86867856808
0.900000 9.540000 8.099999 86867868669
0.540000 9.660000 7.980000 86867880549
0.420000 9.780000 7.620000 86867892370
0.660000 9.540000 8.099999 86867903966
0.480000 9.719999 8.160000 86867915981
0.360000 9.599999 7.920000 86867928075
0.540000 9.780000 8.099999 86867940160
0.420000 9.540000 7.980000 86867952542
0.600000 9.599999 7.800000 86867964562
0.540000 9.780000 7.980000 86867976593
0.720000 9.480000 8.040000 86867992954
0.480000 9.480000 8.040000 86868004996
0.420000 9.660000 7.980000 86868016954
0.660000 9.660000 7.980000 86868028873
0.600000 9.719999 7.920000 86868040795
0.660000 9.660000 8.220000 86868052783
0.600000 9.840000 7.920000 86868064694
0.720000 9.960000 7.920000 86868076696
0.840000 9.599999 8.160000 86868088585
0.540000 9.780000 7.860000 86868101090
0.840000 9.719999 8.280000 86868112651
0.600000 9.599999 8.400000 86868124000
0.720000 9.840000 8.040000 86868135366
0.360000 9.599999 7.920000 86868146715
0.420000 9.780000 8.220000 86868158099
0.480000 9.719999 8.280000 86868169450
0.480000 9.719999 7.920000 86868180817
0.540000 9.780000 7.860000 86868192164
0.840000 9.599999 8.280000 86868203895
0.480000 9.840000 8.160000 86868215865
0.480000 9.840000 8.280000 86868227828
0.960000 9.960000 8.040000 86868239832
0.300000 9.660000 7.980000 86868251858
0.480000 9.480000 8.040000 86868263837
0.300000 9.540000 7.980000 86868275720
0.480000 9.599999 7.920000 86868287823
0.780000 9.780000 8.220000 86868299841
0.660000 9.900000 8.220000 86868312279
0.660000 9.900000 8.099999 86868323998
0.480000 9.599999 8.040000 86868336013
0.720000 9.719999 8.040000 86868347997
1.020000 9.540000 8.099999 86868360051
0.660000 9.540000 7.980000 86868371986
0.780000 9.780000 8.099999 86868383990
0.600000 9.719999 8.400000 86868396060
0.720000 9.360000 8.160000 86868407843
0.480000 9.719999 8.040000 86868420703
0.480000 9.480000 7.920000 86868432459
0.720000 9.719999 8.040000 86868444008
0.420000 9.780000 7.860000 86868456160
0.780000 9.660000 7.980000 86868467960
0.540000 9.660000 7.860000 86868479944
0.600000 9.840000 8.160000 86868492111
0.420000 9.420000 7.860000 86868503941
0.600000 9.599999 8.040000 86868516990
0.540000 9.780000 7.980000 86868529096
0.540000 9.660000 8.220000 86868540878
0.420000 9.540000 7.980000 86868552689
0.720000 9.480000 8.400000 86868564419
0.660000 9.900000 8.099999 86868576229
0.660000 9.540000 7.980000 86868588207
0.540000 9.660000 8.099999 86868600196
0.480000 9.599999 8.400000 86868612141
0.720000 9.599999 7.920000 86868624453
0.540000 9.540000 8.220000 86868636231
0.540000 9.660000 7.980000 86868648198
0.360000 9.840000 7.680000 86868660229
0.180000 9.900000 7.860000 86868672169
0.420000 9.780000 7.740000 86868684357
0.540000 9.420000 7.980000 86868696333
0.540000 9.540000 7.980000 86868708493
0.180000 9.179999 7.980000 86868720557
0.240000 9.599999 8.040000 86868733394
0.600000 9.480000 8.280000 86868745448
0.180000 9.540000 7.860000 86868757763
0.360000 9.599999 8.160000 86868769673
0.240000 9.480000 7.920000 86868781604
0.480000 9.360000 8.160000 86868793517
0.660000 9.420000 7.980000 86868807218
0.780000 9.540000 7.740000 86868819428
0.420000 9.660000 8.099999 86868831671
0.540000 9.420000 7.740000 86868843870
0.420000 9.540000 7.980000 86868856223
0.300000 9.660000 8.099999 86868868411
0.540000 9.660000 7.980000 86868880670
0.420000 9.420000 7.980000 86868892863
0.420000 9.540000 7.980000 86868904751
0.720000 9.840000 8.280000 86868916261
0.360000 9.840000 8.400000 86868927734
0.720000 9.599999 7.920000 86868939103
0.480000 9.719999 7.920000 86868950512
0.660000 9.660000 8.220000 86868961864
0.480000 9.599999 8.520000 86868973218
0.480000 9.960000 8.639999 86868984561
0.360000 9.360000 8.400000 86868995927
0.300000 9.780000 8.340000 86869007932
0.300000 9.900000 8.099999 86869019837
0.480000 9.960000 8.160000 86869031834
0.480000 9.960000 8.160000 86869043838
0.720000 9.840000 8.040000 86869055883
0.540000 9.780000 8.460000 86869067827
0.660000 9.540000 8.099999 86869079829
0.960000 9.719999 8.040000 86869091837
0.720000 9.719999 8.280000 86869104803
0.600000 9.599999 8.160000 86869116518
0.720000 9.599999 8.280000 86869127990
0.780000 9.420000 8.460000 86869139994
0.660000 9.660000 8.220000 86869152030
0.780000 9.420000 8.580000 86869163834
0.840000 9.599999 8.400000 86869176018
1.080000 9.120000 8.520000 86869187989
0.420000 9.660000 8.220000 86869199987
0.840000 9.719999 8.040000 86869212457
1.140000 9.300000 8.460000 86869224198
0.780000 9.420000 8.340000 86869236047
0.840000 9.480000 8.160000 86869247965
1.020000 9.540000 8.220000 86869260162
0.660000 9.540000 8.340000 86869271951
0.720000 9.480000 8.040000 86869284123
0.840000 9.599999 8.280000 86869295971
1.080000 9.599999 8.280000 86869307942
1.140000 9.420000 8.099999 86869320222
0.900000 9.660000 8.340000 86869332119
1.200000 9.719999 8.400000 86869343943
0.960000 9.360000 8.520000 86869356209
1.080000 9.719999 8.280000 86869368124
1.020000 9.540000 8.099999 86869379993
1.140000 9.540000 8.700000 86869391944
1.380000 9.420000 8.460000 86869404928
1.320000 9.719999 8.160000 86869416615
0.780000 9.540000 8.460000 86869428416
1.020000 9.660000 8.220000 86869440385
0.540000 9.780000 8.460000 86869452300
0.660000 9.780000 8.220000 86869464255
0.960000 9.240000 8.400000 86869476423
0.720000 9.840000 8.280000 86869488080
0.780000 9.660000 8.340000 86869500238
0.900000 9.540000 8.460000 86869512211
1.140000 9.780000 8.340000 86869524178
1.140000 9.300000 8.099999 86869537127
1.020000 10.020000 8.220000 86869548901
0.840000 9.599999 8.400000 86869560726
0.900000 9.780000 8.460000 86869572466
0.960000 9.840000 8.040000 86869584208
0.900000 9.660000 8.340000 86869596220
1.020000 9.660000 8.460000 86869608492
1.020000 9.780000 8.340000 86869619840
1.080000 9.719999 8.160000 86869631878
0.960000 9.719999 8.520000 86869643863
0.960000 10.080000 8.639999 86869655802
0.660000 10.260000 8.340000 86869667864
0.780000 10.020000 8.340000 86869679861
1.020000 9.780000 8.460000 86869691858
0.840000 9.719999 8.400000 86869704221
0.720000 9.719999 8.040000 86869716053
0.840000 9.960000 7.920000 86869727982
0.720000 10.320000 8.040000 86869739982
0.900000 9.780000 8.460000 86869752023
0.600000 10.200000 8.040000 86869764119
0.600000 9.960000 7.920000 86869776013
0.720000 9.840000 7.920000 86869787988
0.780000 9.900000 8.220000 86869799992
0.540000 9.900000 8.099999 86869812189
0.600000 9.840000 8.400000 86869824056
0.720000 10.080000 8.160000 86869836123
0.660000 9.900000 8.099999 86869848167
0.420000 9.900000 7.980000 86869860307
1.020000 9.780000 8.220000 86869872163
0.600000 9.960000 8.160000 86869884169
0.360000 9.719999 7.800000 86869896074
0.480000 9.840000 7.920000 86869908054
0.600000 9.719999 7.920000 86869920211
0.660000 9.900000 7.860000 86869932158
0.240000 9.840000 7.920000 86869944068
0.480000 9.960000 7.800000 86869956186
0.480000 9.719999 7.920000 86869968171
0.360000 9.840000 7.920000 86869980254
0.360000 9.840000 7.920000 86869992130
0.480000 9.599999 7.800000 86870004279
0.480000 9.719999 8.160000 86870016033
0.120000 9.599999 7.800000 86870028059
0.240000 9.719999 8.040000 86870040086
0.540000 9.780000 7.740000 86870052212
0.480000 9.719999 7.800000 86870064014
0.540000 9.660000 7.980000 86870076123
0.480000 9.840000 8.040000 86870088060
0.540000 9.780000 8.220000 86870100466
0.480000 9.840000 7.920000 86870112710
0.300000 9.900000 7.980000 86870124337
0.540000 9.540000 8.099999 86870136380
0.540000 9.540000 7.980000 86870148306
0.540000 9.780000 7.740000 86870160310
0.480000 9.719999 7.800000 86870172409
0.300000 9.780000 7.980000 86870184303
0.840000 9.599999 7.680000 86870196350
0.660000 9.540000 7.980000 86870208290
0.540000 9.540000 7.740000 86870220492
0.420000 9.780000 7.740000 86870232123
0.720000 9.599999 7.920000 86870244160
0.420000 9.540000 7.860000 86870256204
0.360000 9.840000 7.920000 86870268172
0.420000 9.420000 8.099999 86870280293
0.420000 9.780000 8.220000 86870292088
0.420000 9.900000 8.099999 86870304164
0.300000 9.420000 7.980000 86870316236
0.360000 9.599999 7.800000 86870329117
0.600000 9.960000 8.040000 86870341128
0.360000 9.840000 8.040000 86870352937
0.300000 9.540000 7.500000 86870364705
0.720000 9.480000 7.920000 86870376484
0.420000 9.900000 7.980000 86870388210
0.300000 9.540000 7.980000 86870400805
0.360000 9.719999 7.800000 86870412251
0.780000 9.900000 8.460000 86870423866
0.240000 9.840000 7.920000 86870435944
0.420000 9.780000 7.980000 86870447864
0.360000 9.719999 7.800000 86870459880
0.480000 9.719999 7.920000 86870471867
0.540000 9.900000 8.460000 86870483862
0.540000 9.780000 7.860000 86870495886
0.720000 9.480000 7.800000 86870508266
0.540000 9.660000 8.099999 86870519984
0.540000 9.900000 8.099999 86870531997
0.840000 9.719999 8.040000 86870543994
0.420000 9.660000 7.980000 86870556038
0.360000 9.360000 8.160000 86870567987
0.600000 9.960000 8.160000 86870579990
0.660000 9.780000 7.860000 86870591982
0.840000 9.599999 8.040000 86870604450
0.720000 10.080000 7.800000 86870616155
0.480000 9.840000 8.040000 86870628082
0.420000 9.900000 7.860000 86870640084
0.480000 9.480000 7.800000 86870652209
0.540000 9.780000 7.980000 86870664053
0.300000 10.020000 7.980000 86870676123
0.420000 9.540000 8.099999 86870688172
0.660000 9.780000 7.980000 86870700120
0.660000 9.660000 8.220000 86870712059
0.240000 9.719999 7.920000 86870724243
0.420000 9.780000 7.860000 86870736035
0.660000 9.660000 7.860000 86870748054
0.600000 9.480000 7.680000 86870760081
0.540000 9.540000 7.740000 86870772166
0.180000 10.020000 8.099999 86870784054
0.420000 9.780000 8.099999 86870796121
0.420000 10.020000 7.980000 86870808232
0.300000 9.900000 7.860000 86870820038
0.720000 9.599999 7.920000 86870832052
0.600000 9.840000 7.920000 86870844051
0.360000 9.719999 7.920000 86870856222
0.720000 9.840000 7.920000 86870868024
0.420000 9.540000 8.220000 86870880086
0.600000 9.599999 8.280000 86870892057
0.480000 9.840000 8.040000 86870904990
0.300000 9.420000 8.340000 86870916863
0.420000 9.540000 7.980000 86870928663
0.420000 9.660000 7.860000 86870940341
0.540000 9.660000 7.980000 86870952306
0.420000 9.780000 8.460000 86870964327
0.300000 9.540000 8.099999 86870976388
0.600000 9.719999 7.920000 86870988421
0.540000 9.540000 7.980000 86871000313
0.660000 9.179999 8.220000 86871012885
0.540000 9.540000 7.980000 86871024637
0.540000 9.540000 7.980000 86871036406
0.660000 9.780000 8.220000 86871048519
0.660000 9.540000 7.860000 86871060653
0.540000 9.540000 7.980000 86871072688
0.540000 9.540000 7.860000 86871084731
1.020000 9.780000 7.980000 86871096861
0.480000 9.719999 8.160000 86871108899
0.540000 9.540000 7.980000 86871121089
0.480000 9.240000 7.920000 86871132822
0.660000 9.540000 7.980000 86871144568
0.600000 9.240000 8.160000 86871156407
0.540000 9.179999 8.220000 86871168641
0.600000 9.719999 8.280000 86871180809
0.720000 9.719999 8.040000 86871192915
0.420000 9.420000 8.220000 86871204971
0.480000 9.599999 8.040000 86871217113
0.600000 9.719999 8.160000 86871229162
0.600000 9.480000 8.160000 86871241356
0.480000 9.480000 8.040000 86871253176
0.840000 9.599999 8.040000 86871264910
0.780000 9.540000 7.980000 86871276688
0.480000 9.360000 8.040000 86871288433
0.480000 9.719999 8.280000 86871300767
0.600000 9.719999 8.160000 86871312218
0.420000 10.139999 8.220000 86871323880
0.660000 9.780000 7.980000 86871335883
0.720000 9.599999 8.400000 86871347856
0.480000 9.599999 8.160000 86871359911
0.480000 9.599999 8.160000 86871371872
0.540000 9.900000 8.220000 86871383853
0.780000 9.540000 8.220000 86871395913
0.420000 9.780000 8.460000 86871408345
0.240000 9.599999 8.160000 86871420045
0.660000 9.540000 8.220000 86871431967
0.480000 9.360000 8.280000 86871444054
0.480000 9.480000 7.680000 86871456081
0.600000 9.480000 8.280000 86871468039
0.480000 9.719999 8.280000 86871480062
0.720000 9.719999 8.400000 86871492045
0.540000 9.540000 8.340000 86871504603
0.780000 9.780000 8.580000 86871516416
0.960000 9.599999 8.400000 86871528317
1.020000 9.780000 8.220000 86871540371
0.480000 9.719999 8.520000 86871552301
0.780000 9.540000 8.220000 86871564392
0.660000 9.420000 8.220000 86871576377
1.200000 9.599999 7.920000 86871588299
0.660000 9.900000 7.980000 86871600292
1.080000 9.719999 8.639999 86871612470
1.140000 9.420000 8.340000 86871624098
0.600000 9.599999 8.280000 86871636246
0.840000 9.480000 8.160000 86871648221
0.900000 9.660000 7.860000 86871660271
0.960000 9.719999 8.280000 86871672357
0.900000 9.900000 8.220000 86871684295
1.020000 9.780000 8.099999 86871696335
0.900000 9.780000 8.340000 86871708289
0.960000 9.719999 8.160000 86871720464
1.080000 9.599999 8.639999 86871732116
1.200000 9.719999 8.160000 86871743867
1.380000 9.660000 8.340000 86871755880
0.900000 9.300000 8.460000 86871767858
0.780000 9.660000 8.099999 86871779856
1.020000 9.540000 8.340000 86871791862
1.200000 9.599999 8.400000 86871804224
1.080000 9.480000 8.400000 86871815890
1.200000 9.599999 8.160000 86871827860
1.140000 9.660000 8.340000 86871839861
0.960000 9.599999 8.280000 86871851865
1.020000 9.540000 7.860000 86871864004
1.020000 9.660000 7.860000 86871876156
1.200000 9.719999 8.400000 86871887861
1.020000 9.780000 8.220000 86871899854
0.780000 9.900000 8.220000 86871911867
1.200000 9.480000 8.040000 86871923856
0.900000 9.540000 8.340000 86871936226
1.260000 9.660000 8.340000 86871947877
1.080000 9.840000 8.280000 86871959909
1.020000 10.020000 8.099999 86871971875
0.960000 9.840000 8.639999 86871983859
1.020000 9.420000 8.099999 86871995881
1.020000 9.780000 8.220000 86872008394
1.080000 9.840000 8.160000 86872019807
1.080000 9.719999 8.639999 86872031807
1.080000 9.840000 8.520000 86872043792
1.080000 10.080000 8.400000 86872055847
1.020000 10.020000 8.700000 86872067812
0.840000 10.080000 8.400000 86872079798
0.900000 9.780000 8.220000 86872092105
0.900000 9.780000 8.700000 86872105004
1.200000 9.599999 8.280000 86872116837
0.900000 10.020000 8.340000 86872128345
0.780000 9.900000 8.220000 86872139942
0.960000 9.719999 8.280000 86872151994
0.840000 9.719999 8.280000 86872163940
0.840000 9.840000 7.920000 86872175961
0.660000 9.780000 8.099999 86872187943
0.600000 9.840000 8.280000 86872199944
0.660000 9.900000 8.220000 86872212314
0.840000 9.840000 7.920000 86872223993
0.720000 9.599999 8.280000 86872235998
0.840000 9.719999 8.400000 86872247980
0.480000 9.599999 7.920000 86872259983
0.960000 9.360000 7.800000 86872271994
0.720000 9.240000 8.160000 86872283997
0.600000 9.719999 8.160000 86872295981
0.660000 9.780000 8.340000 86872308493
0.600000 9.840000 7.680000 86872320432
0.540000 9.660000 8.220000 86872332112
0.600000 10.080000 8.280000 86872344137
0.420000 9.780000 8.099999 86872356088
0.420000 9.420000 8.099999 86872367876
0.540000 9.660000 8.099999 86872379865
0.600000 9.719999 8.040000 86872391890
0.420000 9.660000 7.860000 86872405517
0.780000 9.660000 7.740000 86872417346
0.600000 9.480000 8.040000 86872429414
0.420000 9.660000 8.099999 86872441286
0.780000 9.660000 7.860000 86872453176
0.360000 9.840000 7.800000 86872464983
0.420000 9.900000 7.740000 86872476836
0.480000 9.840000 7.800000 86872488648
0.660000 9.780000 8.220000 86872501000
0.180000 9.780000 8.099999 86872512518
0.660000 9.900000 7.860000 86872523871
0.300000 9.780000 7.860000 86872535818
0.600000 9.840000 7.920000 86872547787
0.240000 10.080000 7.800000 86872559803
0.300000 10.020000 7.980000 86872571800
0.480000 9.840000 8.280000 86872583793
0.300000 9.660000 7.860000 86872595809
0.240000 9.719999 7.920000 86872608165
0.420000 9.540000 8.220000 86872619869
0.720000 9.840000 8.040000 86872631859
0.420000 9.660000 7.860000 86872643873
0.600000 9.360000 7.800000 86872655928
0.300000 9.660000 7.860000 86872667857
0.600000 9.480000 8.280000 86872679861
0.480000 9.599999 7.920000 86872691864
0.540000 9.420000 8.220000 86872704876
0.480000 9.360000 8.280000 86872716651
0.540000 9.780000 8.099999 86872728209
0.420000 9.420000 7.740000 86872739801
0.840000 9.360000 7.680000 86872751803
0.600000 9.599999 8.040000 86872763801
0.480000 9.840000 7.920000 86872775817
0.300000 9.540000 7.980000 86872787820
0.420000 9.780000 7.980000 86872799803
0.480000 9.480000 8.040000 86872812699
0.600000 9.960000 7.800000 86872824629
0.540000 9.780000 8.220000 86872836268
0.780000 9.540000 7.980000 86872847871
0.780000 9.660000 7.860000 86872860041
0.720000 9.719999 8.040000 86872871879
0.600000 9.240000 8.040000 86872883877
0.120000 9.360000 8.040000 86872895898
0.660000 9.780000 8.220000 86872908123
0.720000 9.480000 7.800000 86872919862
0.420000 9.660000 8.099999 86872931874
0.840000 9.719999 8.280000 86872943868
0.840000 9.480000 7.800000 86872955940
0.420000 9.780000 8.099999 86872967865
0.600000 9.480000 8.160000 86872980183
0.360000 9.960000 7.920000 86872991861
0.420000 9.660000 7.980000 86873004820
0.600000 9.719999 7.800000 86873017640
0.600000 9.599999 7.920000 86873029765
0.360000 9.360000 7.920000 86873041732
0.480000 9.480000 7.800000 86873053742
0.360000 9.719999 7.920000 86873065711
0.600000 9.599999 8.040000 86873077732
0.600000 9.719999 7.920000 86873089712
0.960000 9.360000 7.920000 86873101683
0.480000 9.840000 8.160000 86873113416
0.540000 9.540000 8.220000 86873124877
0.360000 9.719999 8.160000 86873136388
0.660000 9.780000 8.099999 86873147848
0.420000 9.900000 7.980000 86873159837
0.540000 9.780000 7.980000 86873171833
0.600000 9.599999 8.160000 86873183841
0.600000 9.960000 8.040000 86873195852
0.600000 9.960000 8.040000 86873208163
0.540000 9.780000 7.740000 86873219919
0.480000 9.840000 8.160000 86873231890
0.480000 9.719999 7.800000 86873243879
0.600000 9.960000 8.160000 86873255954
0.600000 9.840000 8.040000 86873267889
0.720000 9.840000 8.040000 86873279881
0.300000 9.780000 8.220000 86873291876
0.300000 9.900000 7.980000 86873304794
0.660000 9.900000 7.860000 86873316746
0.540000 9.900000 7.740000 86873328436
0.600000 9.840000 8.040000 86873340182
0.540000 9.660000 8.340000 86873352098
0.900000 9.660000 8.099999 86873364141
0.660000 9.780000 7.860000 86873375792
0.480000 9.599999 8.160000 86873387757
0.600000 9.960000 8.040000 86873400268
0.600000 9.960000 8.040000 86873412136
0.840000 9.599999 8.040000 86873424121
0.480000 9.840000 8.160000 86873435817
0.840000 9.599999 7.920000 86873448130
0.420000 9.780000 7.860000 86873460198
0.420000 9.660000 7.980000 86873472139
0.420000 9.540000 7.860000 86873484134
0.660000 9.660000 7.860000 86873495821
0.660000 10.020000 8.099999 86873508780
0.480000 9.480000 7.800000 86873521042
0.600000 9.480000 7.920000 86873532905
0.540000 9.660000 8.099999 86873544790
0.480000 9.480000 7.920000 86873556803
0.420000 9.540000 7.860000 86873568683
0.840000 9.480000 7.920000 86873580627
0.720000 9.599999 7.920000 86873592505
0.540000 9.540000 7.740000 86873604532
0.720000 9.960000 8.040000 86873616156
0.840000 9.840000 8.280000 86873627836
0.660000 9.900000 7.980000 86873639841
0.600000 10.080000 8.400000 86873651863
0.480000 9.719999 8.280000 86873663833
0.540000 9.780000 7.860000 86873675854
0.660000 10.020000 8.340000 86873687837
0.780000 9.420000 8.099999 86873699853
0.660000 9.780000 7.980000 86873712218
0.660000 9.780000 7.980000 86873723959
0.600000 9.719999 7.920000 86873735972
0.720000 9.599999 7.680000 86873747942
0.300000 9.540000 7.740000 86873759942
0.540000 9.780000 8.220000 86873771949
0.480000 9.599999 8.040000 86873783953
0.360000 9.480000 7.800000 86873795968
0.720000 10.080000 8.040000 86873808451
0.420000 9.540000 7.740000 86873820459
0.360000 9.840000 7.680000 86873832234
0.540000 9.420000 8.099999 86873844134
0.300000 9.900000 7.980000 86873855969
0.300000 9.540000 7.980000 86873868116
0.600000 9.599999 7.920000 86873880139
0.660000 9.420000 7.980000 86873891820
0.180000 9.660000 7.740000 86873905542
0.420000 9.780000 8.220000 86873917301
0.540000 9.540000 7.740000 86873929265
0.720000 9.360000 7.800000 86873941055
0.480000 9.840000 8.280000 86873952850
0.600000 9.480000 8.160000 86873964596
0.420000 9.540000 7.860000 86873976365
0.780000 9.540000 7.980000 86873988013
0.660000 9.900000 8.099999 86873999960
0.600000 9.599999 8.040000 86874012498
0.780000 9.540000 8.220000 86874024244
0.780000 9.540000 7.980000 86874035992
0.660000 9.660000 7.980000 86874047986
0.540000 9.660000 8.340000 86874059972
0.720000 9.719999 8.280000 86874071957
1.080000 9.599999 8.280000 86874083960
0.840000 9.960000 8.160000 86874096304
0.780000 9.540000 8.340000 86874107962
1.020000 9.660000 8.340000 86874119960
0.600000 9.360000 8.160000 86874131963
0.900000 9.900000 8.460000 86874143961
1.080000 9.360000 8.280000 86874156014
1.080000 9.599999 8.160000 86874168307
0.900000 9.780000 8.220000 86874179971
1.080000 9.360000 8.520000 86874191957
1.140000 9.660000 8.220000 86874203958
1.200000 9.599999 8.400000 86874215981
1.140000 9.660000 8.099999 86874227548
0.840000 9.840000 8.400000 86874239807
0.840000 9.960000 8.400000 86874251829
0.840000 9.599999 8.639999 86874263802
1.020000 9.780000 8.580000 86874275814
1.320000 9.480000 8.400000 86874287790
1.140000 9.780000 8.820000 86874299799
1.320000 9.599999 8.520000 86874312231
1.140000 9.540000 8.460000 86874323940
1.560000 9.719999 8.639999 86874335956
1.560000 9.480000 8.520000 86874347937
1.320000 9.599999 8.280000 86874360104
1.680000 9.719999 8.160000 86874371723
1.140000 9.660000 8.580000 86874383936
1.380000 9.420000 8.340000 86874395969
1.080000 9.480000 8.520000 86874408500
1.200000 9.599999 8.639999 86874420405
1.560000 9.360000 8.040000 86874431911
1.440000 9.599999 8.520000 86874443866
1.620000 9.780000 8.220000 86874455882
1.320000 9.719999 8.639999 86874467860
1.440000 9.840000 8.400000 86874479865
1.320000 9.719999 8.639999 86874492123
1.260000 9.420000 8.460000 86874503861
1.380000 9.540000 8.220000 86874515881
1.020000 9.540000 8.580000 86874527859
1.440000 9.360000 8.280000 86874539856
1.260000 9.660000 8.340000 86874551864
1.320000 9.599999 8.520000 86874564136
1.380000 9.540000 8.580000 86874576161
1.320000 9.480000 8.639999 86874587867
1.140000 9.660000 8.099999 86874599857
1.560000 9.360000 8.639999 86874611862
1.380000 9.660000 8.700000 86874623860
1.140000 9.420000 8.340000 86874635883
1.320000 9.719999 8.400000 86874648208
1.320000 9.719999 8.520000 86874659860
0.900000 9.780000 8.460000 86874671859
1.080000 9.240000 8.280000 86874683859
1.140000 9.660000 8.099999 86874696150
1.260000 9.660000 8.580000 86874707859
1.020000 9.540000 8.340000 86874719858
0.960000 9.360000 8.400000 86874732485
0.900000 9.660000 8.340000 86874743898
0.900000 9.660000 8.340000 86874755536
0.960000 9.719999 8.639999 86874767811
1.200000 9.719999 8.400000 86874779799
0.780000 9.900000 8.340000 86874791797
1.020000 9.900000 8.099999 86874804544
1.080000 9.599999 8.280000 86874816166
1.140000 9.540000 8.580000 86874827893
0.780000 9.660000 8.340000 86874839901
0.900000 9.540000 8.099999 86874851944
0.960000 9.960000 8.520000 86874863898
0.600000 9.719999 8.280000 86874875935
1.020000 9.660000 8.099999 86874887906
0.780000 9.780000 8.340000 86874899898
1.080000 9.480000 8.160000 86874912305
0.840000 9.599999 8.040000 86874923999
0.840000 9.480000 8.160000 86874936000
0.600000 9.480000 8.040000 86874947991
0.540000 9.660000 8.340000 86874959992
1.020000 9.660000 8.220000 86874972035
0.480000 9.840000 8.040000 86874985821
0.900000 9.780000 8.220000 86874997343
0.780000 9.420000 7.980000 86875009656
0.420000 9.300000 8.220000 86875021258
0.900000 9.540000 7.980000 86875032806
0.540000 9.780000 7.980000 86875044359
0.480000 9.599999 8.160000 86875055861
0.660000 9.540000 8.099999 86875068042
0.420000 9.780000 7.980000 86875079801
0.360000 9.480000 8.160000 86875091803
0.480000 9.599999 8.040000 86875105555
0.480000 9.480000 8.160000 86875117298
0.240000 9.719999 7.800000 86875129049
0.720000 9.599999 8.160000 86875140821
0.540000 9.660000 8.099999 86875152615
0.540000 9.540000 8.099999 86875164364
0.360000 9.840000 7.800000 86875175989
0.540000 9.660000 7.740000 86875187957
0.600000 9.599999 8.040000 86875199959
0.360000 9.719999 7.560000 86875211958
0.720000 9.480000 8.160000 86875223961
0.780000 9.900000 7.860000 86875237210
0.540000 9.780000 8.099999 86875249572
0.540000 9.300000 7.860000 86875261596
0.600000 9.599999 7.920000 86875273487
0.360000 9.719999 7.920000 86875285433
0.360000 9.719999 7.920000 86875297342
0.540000 9.420000 8.340000 86875308963
0.600000 9.599999 8.280000 86875320325
0.540000 9.660000 7.860000 86875331794
0.660000 9.900000 7.620000 86875343802
0.480000 9.840000 8.040000 86875355884
0.420000 9.900000 8.220000 86875367807
0.300000 9.900000 8.099999 86875379807
0.420000 9.660000 7.980000 86875391791
0.180000 9.660000 8.340000 86875404441
0.660000 9.540000 8.099999 86875416058
0.300000 9.540000 7.740000 86875428044
0.720000 9.719999 7.920000 86875439879
0.480000 9.840000 8.280000 86875451903
0.360000 9.719999 7.920000 86875463870
0.780000 9.179999 8.220000 86875475887
0.720000 9.719999 7.680000 86875487861
0.180000 9.420000 7.980000 86875499877
0.240000 9.599999 8.040000 86875512319
0.600000 9.840000 7.800000 86875523758
0.600000 9.840000 7.680000 86875535984
0.480000 9.960000 7.680000 86875547757
0.540000 10.260000 8.099999 86875559982
0.420000 9.660000 7.980000 86875571979
0.540000 9.780000 7.740000 86875583759
0.540000 9.540000 7.740000 86875595779
0.660000 9.900000 7.860000 86875608056
0.420000 9.780000 7.860000 86875619987
0.720000 9.840000 7.920000 86875631994
0.660000 9.900000 7.860000 86875643981
0.660000 9.660000 7.860000 86875656047
0.480000 9.599999 7.920000 86875667987
0.720000 9.599999 7.560000 86875679992
0.840000 9.719999 7.800000 86875691977
0.300000 9.780000 8.220000 86875704588
0.420000 9.420000 7.860000 86875716666
0.540000 9.540000 7.980000 86875728398
0.720000 9.360000 8.280000 86875739968
0.720000 9.599999 7.920000 86875751963
0.060000 9.900000 7.860000 86875763961
0.420000 10.020000 7.980000 86875775991
0.360000 9.840000 7.680000 86875787957
0.480000 9.960000 8.160000 86875800935
0.420000 9.660000 7.980000 86875813322
0.360000 9.599999 8.040000 86875825272
0.660000 9.540000 7.860000 86875837186
0.240000 9.599999 7.680000 86875849095
0.360000 9.480000 7.680000 86875861118
0.660000 9.780000 7.980000 86875873036
0.780000 9.660000 7.860000 86875884946
0.420000 9.300000 7.860000 86875896879
0.840000 9.719999 7.680000 86875908819
0.600000 9.840000 8.160000 86875920194
0.600000 9.960000 7.800000 86875931752
0.420000 9.540000 8.220000 86875943803
0.360000 9.960000 7.920000 86875955866
0.360000 10.080000 8.040000 86875967835
0.720000 9.840000 8.040000 86875979803
0.240000 9.840000 8.160000 86875991794
0.780000 10.139999 8.099999 86876004441
0.540000 9.540000 8.220000 86876016011
0.420000 9.780000 8.220000 86876027911
0.660000 9.540000 7.980000 86876039896
0.060000 9.900000 8.220000 86876051912
0.600000 9.719999 8.280000 86876063863
0.360000 9.840000 7.920000 86876075927
0.600000 9.719999 8.160000 86876087894
0.600000 9.599999 7.800000 86876099866
0.480000 9.719999 8.160000 86876112318
0.660000 9.780000 8.220000 86876124006
0.660000 9.660000 8.099999 86876135992
0.420000 9.540000 8.099999 86876147981
0.540000 9.660000 7.980000 86876159985
0.420000 9.780000 8.099999 86876171997
0.660000 9.540000 7.980000 86876183985
0.420000 9.660000 7.860000 86876195982
0.540000 9.780000 7.860000 86876208517
0.420000 9.540000 8.220000 86876220451
0.240000 9.719999 7.920000 86876232160
0.900000 9.540000 8.220000 86876243888
0.240000 9.599999 7.920000 86876255875
0.600000 9.840000 8.400000 86876267863
0.660000 9.420000 8.220000 86876279861
0.780000 9.540000 7.980000 86876292151
0.480000 9.719999 7.920000 86876305414
0.660000 9.780000 8.099999 86876317237
0.420000 9.420000 8.220000 86876329050
0.540000 9.660000 7.860000 86876340894
0.360000 9.960000 8.040000 86876352768
0.540000 9.420000 8.220000 86876364608
0.660000 9.660000 7.860000 86876376456
0.540000 9.540000 7.980000 86876388254
0.420000 9.420000 8.099999 86876399968
0.480000 9.719999 7.800000 86876411956
0.780000 9.660000 8.099999 86876423956
0.360000 9.480000 8.160000 86876436010
0.720000 9.719999 8.160000 86876449170
0.840000 9.240000 8.400000 86876461751
0.840000 9.840000 8.040000 86876473739
0.840000 9.599999 7.680000 86876485774
0.840000 9.360000 7.920000 86876497765
0.780000 9.660000 8.460000 86876510648
1.020000 10.020000 7.860000 86876521991
0.660000 9.660000 7.980000 86876533341
0.900000 9.660000 8.220000 86876544685
0.360000 9.960000 8.160000 86876556078
0.720000 10.080000 8.160000 86876567796
0.660000 9.660000 8.340000 86876579804
0.660000 9.660000 8.460000 86876591792
0.780000 9.660000 8.340000 86876603847
0.840000 9.719999 8.520000 86876615813
0.960000 9.840000 8.160000 86876627797
0.660000 9.900000 8.580000 86876639792
1.200000 9.480000 8.400000 86876651822
1.080000 9.840000 8.280000 86876663808
0.780000 9.660000 8.099999 86876675816
0.960000 9.719999 8.400000 86876687791
1.260000 10.020000 8.580000 86876699793
1.200000 9.599999 8.280000 86876712237
0.780000 9.660000 8.340000 86876723937
1.080000 9.360000 8.880000 86876735964
1.380000 9.780000 8.460000 86876747949
0.900000 9.780000 8.460000 86876759930
1.200000 9.599999 8.520000 86876771930
1.080000 9.719999 8.520000 86876783943
1.080000 9.599999 8.520000 86876795965
0.960000 9.480000 8.400000 86876808490
1.020000 9.660000 8.220000 86876820369
0.960000 9.599999 8.520000 86876832162
1.020000 9.780000 8.460000 86876843866
1.560000 9.599999 8.280000 86876856041
1.200000 9.480000 8.520000 86876867877
1.140000 9.660000 8.460000 86876879870
1.200000 9.719999 8.639999 86876891859
1.380000 9.540000 8.460000 86876904222
1.440000 9.480000 8.520000 86876915883
1.260000 9.420000 8.340000 86876927861
1.500000 10.020000 8.340000 86876939886
1.740000 9.780000 8.340000 86876951869
1.320000 9.719999 8.400000 86876964193
1.560000 9.480000 8.400000 86876976164
1.680000 9.719999 8.760000 86876987865
1.380000 9.540000 8.460000 86876999857
1.320000 9.719999 8.040000 86877011868
1.140000 9.540000 8.340000 86877023860
1.500000 9.660000 8.340000 86877035882
1.260000 9.660000 8.340000 86877048185
1.500000 9.780000 8.700000 86877059865
1.020000 9.780000 8.340000 86877071865
1.320000 9.960000 8.040000 86877083859
1.800000 9.719999 8.280000 86877095891
1.260000 9.900000 8.580000 86877107862
1.260000 9.660000 8.220000 86877128784
1.260000 9.900000 8.580000 86877141168
1.440000 9.840000 8.639999 86877152677
1.320000 9.960000 8.400000 86877164288
0.900000 9.300000 8.340000 86877175680
1.200000 9.719999 8.520000 86877187033
1.500000 9.420000 8.580000 86877198374
1.260000 9.900000 8.580000 86877210279
1.080000 9.840000 8.760000 86877221677
1.140000 9.540000 8.460000 86877232987
1.020000 9.900000 8.700000 86877244372
0.780000 9.660000 8.220000 86877255817
0.900000 9.540000 8.099999 86877267191
0.720000 9.840000 8.400000 86877278576
0.900000 9.780000 8.460000 86877289959
0.900000 9.900000 8.099999 86877301560
0.840000 9.719999 8.639999 86877312927
1.140000 9.780000 8.340000 86877324275
0.660000 9.660000 8.580000 86877335827
0.900000 9.900000 8.580000 86877347790
1.140000 9.780000 8.580000 86877359768
1.260000 9.900000 8.340000 86877371807
0.780000 9.540000 8.099999 86877383790
0.960000 9.719999 8.280000 86877395818
1.020000 10.020000 8.340000 86877408188
1.020000 9.900000 8.099999 86877419907
0.780000 9.780000 8.099999 86877431841
0.960000 9.719999 8.280000 86877443902
0.900000 9.660000 8.220000 86877455974
0.600000 9.960000 7.920000 86877467890
0.540000 9.780000 8.220000 86877479896
0.540000 9.540000 8.340000 86877491896
0.780000 9.780000 8.099999 86877504783
0.840000 9.719999 8.160000 86877516385
0.480000 9.719999 8.280000 86877527804
0.660000 9.900000 7.980000 86877540082
0.720000 9.960000 8.040000 86877551805
0.360000 9.840000 7.920000 86877564041
0.720000 9.599999 7.800000 86877575805
0.480000 9.599999 8.160000 86877587796
0.960000 9.719999 7.920000 86877599797
0.540000 9.780000 7.740000 86877611804
0.420000 9.900000 8.099999 86877623798
0.600000 10.080000 7.920000 86877635817
0.480000 9.840000 7.800000 86877647801
0.720000 9.719999 8.040000 86877660079
0.660000 9.900000 7.740000 86877671803
0.660000 9.660000 7.980000 86877683818
0.780000 9.660000 7.620000 86877695818
0.480000 9.840000 8.040000 86877708129
0.420000 9.780000 7.980000 86877719805
0.660000 9.780000 7.980000 86877732080
0.360000 9.719999 7.800000 86877744069
0.300000 9.540000 7.620000 86877755820
0.540000 9.540000 7.620000 86877767803
0.480000 9.599999 8.400000 86877780090
0.540000 9.780000 7.740000 86877791807
0.780000 9.660000 7.980000 86877803799
0.360000 9.960000 7.920000 86877815818
0.660000 9.900000 7.740000 86877827797
0.600000 9.960000 7.800000 86877840148
0.540000 9.420000 8.099999 86877851806
0.420000 9.660000 8.220000 86877864859
0.660000 9.780000 8.220000 86877876262
0.420000 9.780000 7.740000 86877887798
0.840000 10.080000 7.920000 86877899804
0.600000 9.719999 8.160000 86877911957
0.600000 9.719999 8.160000 86877923795
0.600000 9.599999 7.920000 86877935829
0.540000 9.660000 8.099999 86877947801
0.660000 9.780000 8.099999 86877959800
0.840000 9.840000 8.280000 86877971825
0.720000 9.840000 8.160000 86877983796
0.780000 9.540000 7.980000 86877995823
0.540000 9.660000 8.460000 86878008254
0.480000 9.840000 8.520000 86878019947
0.720000 9.599999 8.160000 86878031940
0.480000 9.480000 8.160000 86878043931
0.600000 9.599999 8.160000 86878055994
0.840000 9.719999 8.040000 86878067940
0.720000 9.599999 8.160000 86878079943
0.480000 9.840000 8.160000 86878091928
0.600000 9.719999 8.160000 86878104949
0.420000 9.540000 8.220000 86878116856
0.660000 9.420000 8.340000 86878128480
0.480000 9.480000 8.280000 86878140139
0.840000 9.599999 8.160000 86878151869
0.660000 9.540000 8.220000 86878163862
0.780000 9.420000 8.340000 86878175883
0.720000 9.360000 7.920000 86878187861
0.840000 9.840000 8.040000 86878199859
0.900000 9.900000 8.460000 86878212858
0.660000 9.660000 8.220000 86878224962
0.780000 9.660000 8.099999 86878236755
0.420000 9.900000 7.740000 86878248496
0.480000 9.840000 7.680000 86878260322
0.360000 9.599999 8.160000 86878271973
0.540000 9.540000 8.220000 86878283961
0.240000 9.719999 7.920000 86878295981
0.600000 9.840000 8.160000 86878308114
0.660000 9.660000 7.980000 86878320510
0.660000 9.660000 7.860000 86878332401
0.240000 9.960000 7.920000 86878344120
0.420000 10.139999 7.860000 86878356396
