2.618376 6.158577 7.031369 12722053595
2.608569 6.227223 7.021562 12722074692
2.608569 6.295870 7.021562 12722099518
2.608569 6.344903 7.207889 12722124307
2.667409 6.384130 7.315762 12722149285
2.726249 6.364516 7.590348 12722174357
2.726249 6.246837 8.325847 12722199358
2.755669 5.207332 11.856241 12722224358
3.726527 4.971972 11.522815 12722249357
4.305120 5.060232 11.807208 12722274357
4.481639 4.873906 11.140356 12722299362
4.177633 5.550564 5.609405 12722324356
3.785367 6.570456 2.657602 12722349358
1.824037 6.384130 -0.961052 12722374357
-1.941717 6.148770 -2.559536 12722399354
-13.690084 6.295870 -2.932189 12722424355
-16.847828 5.668244 -3.844207 12722449355
-16.563435 4.020727 -4.785646 12722474355
-14.013704 2.000557 -4.167827 12722499354
6.354710 -0.382459 -4.108987 12722524360
13.180139 -2.402630 3.736334 12722549366
16.592854 -0.637432 11.875854 12722574361
17.132219 3.579428 12.071987 12722599360
8.659273 7.698222 5.599597 12722624361
1.912297 6.286063 3.108708 12722649359
-4.883712 4.177633 1.333705 12722674403
-12.444640 3.540201 0.931632 12722699364
-18.112885 2.971415 -0.882599 12722724367
-16.239815 1.274865 -2.000557 12722749362
-10.198916 -2.363403 -2.471276 12722774357
11.336489 -5.050425 1.049312 12722799356
15.671029 -2.255530 8.786759 12722824357
16.612467 0.333426 11.042290 12722849351
15.180696 2.932189 8.620047 12722874351
12.356380 6.393937 2.637989 12722899348
9.649745 6.668523 2.981222 12722924355
6.697943 6.354710 4.226666 12722949349
4.677773 5.991864 5.011199 12722974348
3.667687 5.864377 4.158020 12722999350
4.010921 6.089930 4.373766 12723024358
