0.000000 12722053595
0.000000 12722074692
0.000000 12722099518
0.000000 12722124307
0.000000 12722149285
0.000000 12722174357
0.000000 12722199358
0.000000 12722224358
0.000000 12722249357
0.000000 12722274357
0.000000 12722299362
0.000000 12722324356
0.000000 12722349358
0.000000 12722374357
0.000000 12722399354
0.000000 12722424355
0.000000 12722449355
0.000000 12722474355
0.000000 12722499354
0.000000 12722524360
0.000000 12722549366
0.000000 12722574361
0.000000 12722599360
0.000000 12722624361
0.000000 12722649359
0.000000 12722674403
0.000000 12722699364
0.000000 12722724367
0.000000 12722749362
0.000000 12722774357
0.000000 12722799356
0.000000 12722824357
0.000000 12722849351
0.000000 12722874351
0.000000 12722899348
0.000000 12722924355
0.000000 12722949349
0.000000 12722974348
0.000000 12722999350
0.000000 12723024358
