0.420000 -5.215000 -0.332500 16047751269
2.660000 -2.030000 -0.175000 16047776238
4.795000 -4.252500 -2.047500 16047801247
5.320000 -7.070000 -4.042500 16047826267
4.287500 -8.242500 -4.882500 16047851242
5.197500 -11.620000 -5.407500 16047876234
4.392500 -18.007500 -4.707500 16047901049
2.205000 -14.350000 -4.147500 16047926259
3.657500 -14.455000 -3.640000 16047951226
6.352500 -28.210001 -3.657500 16047976235
5.862500 -39.042500 -3.482500 16048001229
3.815000 -51.712502 -3.255000 16048026186
-1.750000 -60.322502 -3.115000 16048051234
-3.815000 -49.892502 -1.960000 16048076227
-5.495000 -40.442501 0.035000 16048101245
-3.640000 -65.012497 2.537500 16048126263
-1.137500 -90.334999 2.047500 16048151237
-3.990000 -93.432503 0.612500 16048176242
-4.497500 -86.607498 -2.275000 16048201232
-7.000000 -76.387497 -3.797500 16048226191
-6.737500 -75.074997 -2.327500 16048251236
-4.742500 -83.195000 -0.945000 16048276232
-3.307500 -93.572502 -0.035000 16048301248
-2.712500 -94.587502 -0.805000 16048326254
-2.275000 -91.595001 -1.855000 16048351231
-1.032500 -99.260002 -2.065000 16048376232
-0.927500 -101.010002 -2.747500 16048401054
-0.262500 -97.282501 -3.692500 16048426219
0.315000 -97.790001 -2.922500 16048451232
-0.735000 -94.552498 -1.137500 16048476240
-1.960000 -86.940002 -1.837500 16048501242
-1.085000 -89.565002 -1.242500 16048526233
-1.750000 -94.412498 -1.802500 16048551243
-0.192500 -94.657501 -3.535000 16048576236
3.640000 -98.472504 -4.865000 16048601228
4.287500 -104.772499 -5.337500 16048626046
3.552500 -106.680000 -5.022500 16048651239
1.715000 -97.037498 -2.047500 16048676243
2.957500 -81.340004 0.717500 16048701241
2.940000 -73.955002 4.952500 16048726262
-2.415000 -67.375000 4.077500 16048751235
-2.975000 -59.062500 1.627500 16048776232
1.172500 -54.617500 2.467500 16048801235
0.490000 -55.037498 2.310000 16048826233
-2.187500 -50.750000 -0.350000 16048851232
-3.167500 -45.955002 -3.010000 16048876245
-0.140000 -42.314999 -4.462500 16048901237
5.407500 -45.465000 -2.642500 16048926270
5.442500 -50.802502 -1.995000 16048951232
3.167500 -48.597500 -4.077500 16048976242
8.960000 -46.602501 -4.480000 16049001229
13.545000 -47.670002 -2.415000 16049026261
12.180000 -45.622501 -2.730000 16049051238
7.367500 -36.347500 -4.602500 16049076236
6.055000 -29.872499 -6.125000 16049101194
5.582500 -29.365000 -5.757500 16049126066
0.717500 -30.450001 -5.827500 16049151237
-0.717500 -32.165001 -5.320000 16049176236
0.035000 -33.827499 -5.617500 16049201249
2.240000 -34.090000 -5.792500 16049226229
4.200000 -31.202499 -4.357500 16049251229
4.007500 -27.177500 -4.375000 16049276230
3.185000 -28.262501 -5.145000 16049301227
3.080000 -28.857500 -3.885000 16049326272
3.412500 -22.295000 -2.450000 16049351237
1.785000 -15.172500 0.420000 16049376249
0.507500 -19.355000 -0.735000 16049401253
1.715000 -22.855000 -0.560000 16049426258
2.275000 -15.137500 0.035000 16049451238
2.327500 -12.617500 0.770000 16049476235
1.942500 -15.960000 0.770000 16049501227
2.222500 -13.685000 -1.942500 16049526261
2.555000 -12.442500 -2.590000 16049551230
1.715000 -14.105000 -3.727500 16049576227
0.227500 -21.105000 -3.745000 16049601268
1.907500 -19.267500 -2.485000 16049626261
3.710000 -15.907500 -1.575000 16049651231
3.570000 -16.275000 -1.015000 16049676230
1.627500 -18.182501 -0.822500 16049701229
1.015000 -14.385000 -0.962500 16049726267
2.030000 -11.760000 -0.472500 16049751237
2.152500 -7.770000 0.245000 16049776191
2.485000 -6.510000 -0.122500 16049801234
2.590000 -6.247500 -1.085000 16049826056
1.802500 -1.645000 -1.190000 16049851231
1.697500 -1.347500 -0.717500 16049876243
2.152500 -0.717500 0.367500 16049901237
1.592500 -0.542500 1.172500 16049926261
1.610000 0.262500 1.015000 16049951226
0.262500 1.207500 0.997500 16049976200
-0.192500 5.197500 -0.297500 16050001257
1.557500 8.242500 -0.857500 16050026241
3.115000 19.530001 -1.540000 16050051246
4.252500 28.192501 -1.260000 16050076242
4.165000 40.127499 -1.242500 16050101311
3.587500 54.652500 0.682500 16050126259
2.152500 57.400002 1.575000 16050151227
2.292500 62.632500 3.272500 16050176033
3.710000 64.400002 4.480000 16050201230
2.835000 64.802498 2.957500 16050226266
3.920000 52.517502 1.995000 16050251240
5.827500 45.482502 -0.017500 16050276268
6.632500 45.255001 0.035000 16050301235
6.370000 59.955002 -0.420000 16050326261
6.457500 59.902500 -0.227500 16050351226
6.265000 48.352501 0.420000 16050376274
5.670000 40.792500 1.032500 16050401232
2.275000 39.165001 1.382500 16050426255
-0.682500 38.045002 1.242500 16050451281
-2.712500 39.830002 0.140000 16050476236
-2.205000 39.532501 -0.402500 16050501236
-1.417500 39.830002 0.665000 16050526263
-2.765000 44.974998 0.945000 16050551229
-1.610000 45.639999 0.612500 16050576236
-0.175000 49.665001 1.522500 16050601246
1.435000 52.255001 1.470000 16050626253
1.645000 52.220001 1.190000 16050651249
1.925000 54.757500 -0.402500 16050676228
3.745000 57.382500 -0.262500 16050701237
4.270000 53.252499 2.485000 16050726250
2.380000 53.602501 4.235000 16050751230
-0.175000 57.977501 3.815000 16050776226
-1.470000 59.990002 2.467500 16050801234
-1.365000 53.095001 2.800000 16050826259
-1.890000 38.325001 3.325000 16050851194
-2.695000 24.010000 4.287500 16050876273
-4.550000 30.590000 3.902500 16050901233
-3.150000 46.392502 2.555000 16050926260
1.242500 42.420002 1.330000 16050951230
4.410000 38.692501 1.732500 16050976236
3.325000 39.865002 3.535000 16051002154
1.645000 40.372501 6.720000 16051026260
0.140000 32.672501 6.317500 16051051198
-3.360000 28.332500 3.850000 16051076238
-4.882500 32.130001 1.680000 16051101141
-3.412500 38.552502 0.122500 16051126266
-1.697500 56.349998 -3.797500 16051151229
3.202500 59.482502 -4.042500 16051176246
6.650000 51.222500 1.050000 16051201234
8.872500 43.452499 1.400000 16051226260
8.592500 31.762501 -2.257500 16051251237
4.725000 25.270000 -3.780000 16051276239
-0.455000 21.770000 -4.095000 16051301241
-5.232500 24.587500 -3.727500 16051326257
-7.105000 30.695000 -1.697500 16051351231
-7.927500 27.370001 -1.295000 16051376054
-4.410000 24.465000 -4.392500 16051401255
0.262500 26.495001 -5.740000 16051426255
1.120000 27.965000 -5.740000 16051451236
3.745000 28.945000 -5.635000 16051476278
6.247500 34.667500 -3.307500 16051501227
5.215000 39.654999 -1.260000 16051526233
4.707500 49.665001 -0.175000 16051551228
6.370000 54.459999 -0.630000 16051576235
4.952500 91.035004 4.480000 16051601241
1.225000 105.087502 4.147500 16051626258
4.795000 83.702499 3.937500 16051651291
9.082500 49.945000 3.745000 16051676332
12.757500 43.172501 2.887500 16051701246
12.372500 41.947498 1.557500 16051726032
10.360000 38.202499 -0.420000 16051751040
6.755000 35.227501 -1.750000 16051776034
4.305000 36.032501 -1.207500 16051801041
1.225000 11.847500 3.220000 16051826033
1.260000 18.217501 5.110000 16051851030
6.195000 22.049999 14.455000 16051876033
9.380000 39.147499 19.740000 16051901029
15.855000 62.720001 18.392500 16051926031
22.452499 59.674999 13.107500 16051951228
24.360001 48.212502 11.007500 16051976260
21.700001 40.950001 9.327500 16052001236
19.792500 30.047501 5.775000 16052026255
15.505000 30.870001 3.517500 16052051230
10.727500 32.549999 -1.522500 16052076233
7.945000 34.527500 -3.290000 16052101227
6.930000 38.867500 -3.605000 16052126225
5.740000 53.514999 -1.750000 16052151035
5.967500 75.495003 -5.565000 16052176030
6.440000 93.345001 -5.652500 16052201194
8.435000 107.449997 -2.712500 16052226109
9.957500 104.894997 -4.707500 16052251105
7.525000 95.970001 -7.437500 16052276107
3.570000 94.832497 -6.807500 16052301081
2.835000 106.995003 -5.250000 16052326109
0.665000 103.775002 -2.380000 16052351110
0.892500 96.040001 -0.315000 16052376103
3.185000 93.922501 -3.062500 16052401105
0.980000 104.317497 3.360000 16052426093
5.705000 101.849998 1.767500 16052451090
3.132500 96.477501 1.435000 16052476135
3.360000 88.462502 1.610000 16052501105
4.952500 86.852501 0.840000 16052526103
5.180000 89.144997 -4.095000 16052551081
2.170000 92.137497 -5.057500 16052576105
0.262500 91.472504 -6.527500 16052601083
-0.595000 82.092499 -5.302500 16052626107
-0.017500 76.300003 -2.992500 16052651108
-0.437500 78.820000 -2.730000 16052676110
-2.485000 83.317497 -3.185000 16052701108
-2.502500 83.387497 -3.010000 16052726109
-0.787500 119.315002 2.450000 16052751106
-1.015000 108.849998 -0.420000 16052776108
0.857500 89.669998 0.630000 16052801106
-2.117500 48.282501 -1.697500 16052826114
-1.050000 25.287500 -1.487500 16052851107
-1.487500 15.242500 -0.070000 16052876109
0.105000 40.162498 0.437500 16052901102
1.015000 49.980000 1.505000 16052926273
1.155000 44.257500 1.820000 16052951123
0.402500 32.305000 1.452500 16052976094
0.927500 35.542500 1.487500 16053001229
0.875000 40.722500 0.595000 16053026028
-0.175000 39.672501 3.640000 16053051033
-0.035000 38.937500 4.515000 16053076036
0.245000 42.735001 2.380000 16053101033
2.152500 29.592501 1.225000 16053126032
2.450000 11.655000 4.060000 16053151049
2.642500 7.822500 3.430000 16053176027
2.625000 4.567500 1.050000 16053201030
2.747500 -7.192500 0.245000 16053226037
4.130000 -9.292500 0.875000 16053251032
3.955000 -8.627500 2.467500 16053276024
3.045000 -21.070000 4.077500 16053301031
3.745000 -25.602501 4.637500 16053326030
5.110000 -34.947498 3.745000 16053351035
3.955000 -52.115002 2.520000 16053376029
2.537500 -58.957500 4.060000 16053401033
1.662500 -55.562500 3.167500 16053426033
2.222500 -48.492500 2.135000 16053451028
3.692500 -53.200001 2.380000 16053476027
4.725000 -59.045002 1.172500 16053501033
5.180000 -58.380001 -1.172500 16053526026
5.022500 -54.740002 -1.365000 16053551036
4.690000 -42.525002 -1.505000 16053576030
4.357500 -50.592499 -1.015000 16053601029
3.955000 -84.315002 -1.680000 16053626032
7.052500 -83.055000 -1.470000 16053651025
6.825000 -64.820000 -2.852500 16053676031
6.125000 -65.782501 -3.272500 16053701030
6.317500 -83.230003 -4.532500 16053726243
6.247500 -94.307503 -7.857500 16053751233
7.070000 -113.330002 -8.382500 16053776225
4.200000 -120.574997 -8.767500 16053801236
4.830000 -119.752502 -9.100000 16053826253
2.800000 -120.050003 -8.837500 16053851230
-0.087500 -127.645004 -8.452500 16053876225
-0.210000 -136.552505 -6.842500 16053901219
3.080000 -137.007507 -8.347500 16053926336
2.170000 -131.949997 -7.525000 16053951064
0.297500 -117.862503 -5.985000 16053976069
-1.260000 -99.260002 -6.737500 16054001026
0.385000 -85.942497 -7.017500 16054026076
2.940000 -67.025002 -4.130000 16054051030
5.092500 -54.862499 -2.765000 16054076165
7.542500 -55.877499 -2.782500 16054101227
5.635000 -59.272499 -3.272500 16054126183
3.080000 -61.599998 -5.320000 16054151598
1.155000 -75.285004 -6.930000 16054176194
-0.105000 -77.559998 -7.332500 16054201284
-1.015000 -75.302498 -9.450000 16054226271
-1.557500 -69.387497 -8.610000 16054251035
-1.732500 -62.877499 -6.685000 16054276192
0.175000 -51.922501 -6.930000 16054301204
2.117500 -59.360001 -7.735000 16054326032
1.400000 -70.209999 -9.992500 16054351187
1.295000 -94.360001 -10.587500 16054376175
1.662500 -94.342499 -9.100000 16054401232
-0.560000 -78.154999 -7.700000 16054426194
-2.467500 -38.202499 -3.850000 16054451241
-1.977500 -31.010000 -1.732500 16054476212
-1.995000 -39.637501 -3.815000 16054501301
-0.857500 -49.035000 -4.427500 16054526182
0.840000 -53.235001 -4.165000 16054551184
1.767500 -36.994999 -3.482500 16054576186
-0.630000 -32.060001 -1.995000 16054601235
-1.295000 -36.417500 -0.542500 16054626179
-0.700000 -52.202499 0.805000 16054651034
-2.187500 -40.915001 1.452500 16054676188
-0.595000 -37.275002 2.100000 16054701288
1.627500 -57.662498 2.310000 16054726039
2.310000 -67.812500 1.207500 16054751234
1.155000 -52.167500 0.437500 16054776184
0.315000 -36.907501 1.470000 16054801216
1.715000 -29.995001 0.980000 16054826618
2.712500 -32.375000 0.577500 16054851223
0.875000 -34.772499 0.192500 16054876193
2.275000 -41.509998 0.577500 16054901304
2.695000 -58.310001 1.592500 16054926181
3.430000 -78.959999 2.205000 16054951227
4.550000 -104.894997 7.052500 16054976201
7.875000 -92.190002 6.982500 16055001275
5.845000 -46.375000 6.405000 16055026584
1.855000 25.567499 7.297500 16055051232
0.612500 23.590000 6.265000 16055076181
0.262500 7.980000 4.130000 16055101279
-3.710000 -11.480000 4.200000 16055126195
-4.130000 -16.555000 4.672500 16055151225
-2.835000 -22.067499 3.062500 16055176219
0.280000 -19.460001 1.627500 16055201362
3.360000 1.207500 0.157500 16055226295
5.215000 16.607500 -0.402500 16055251227
5.477500 9.467500 -1.137500 16055276245
2.940000 10.587500 -1.435000 16055301286
3.622500 10.622500 -2.082500 16055326288
4.322500 15.942500 -2.625000 16055351226
2.240000 12.740000 -1.330000 16055376183
2.397500 -10.990000 0.035000 16055401220
3.430000 -3.325000 -0.017500 16055426193
3.482500 5.600000 -0.227500 16055451229
1.802500 1.715000 -1.540000 16055476632
-2.502500 2.555000 -0.822500 16055501289
-4.007500 11.305000 2.047500 16055526205
-0.892500 2.485000 3.867500 16055551246
2.625000 -12.092500 4.077500 16055576202
4.900000 -21.332500 1.907500 16055601249
13.037500 -29.260000 -3.027500 16055626200
13.615000 -25.235001 -3.955000 16055651236
12.530000 -7.472500 0.262500 16055676194
12.495000 8.610000 2.117500 16055701244
16.799999 3.377500 0.332500 16055726190
9.572500 -7.577500 0.385000 16055751254
-0.682500 -4.340000 2.940000 16055776212
-4.970000 13.492500 12.285000 16055801235
-1.102500 6.125000 12.915000 16055826841
0.105000 -14.472500 3.237500 16055851237
