7.920000 3.600000 0.960000 16047739575
7.740000 3.540000 1.020000 16047764583
8.160000 3.600000 0.840000 16047789581
7.860000 3.420000 1.020000 16047814651
7.620000 3.420000 1.020000 16047839611
8.040000 3.720000 0.840000 16047864436
7.860000 3.780000 0.900000 16047889438
7.620000 3.420000 0.660000 16047915452
7.560000 3.960000 0.720000 16047939586
7.500000 3.660000 0.900000 16047965118
7.620000 3.540000 0.420000 16047989459
7.200000 3.600000 0.720000 16048014660
7.560000 3.720000 0.360000 16048039585
7.440000 3.720000 0.720000 16048064427
7.140000 3.660000 0.300000 16048089440
7.080000 3.720000 0.360000 16048114642
6.900000 3.900000 0.420000 16048139574
6.660000 3.540000 0.060000 16048164967
6.660000 3.660000 0.180000 16048189431
6.300000 4.020000 -0.300000 16048214632
6.300000 3.780000 -0.060000 16048239583
5.760000 3.600000 -0.240000 16048264449
5.460000 3.900000 -0.180000 16048289439
5.580000 3.900000 -1.020000 16048314628
5.580000 3.780000 -0.420000 16048339585
4.740000 3.540000 -0.780000 16048365118
4.500000 4.020000 -0.660000 16048389439
4.320000 3.840000 -0.600000 16048415448
4.080000 3.720000 -0.960000 16048439553
3.420000 3.660000 -0.660000 16048464435
3.420000 3.540000 -1.140000 16048489454
3.300000 3.780000 -0.900000 16048514658
3.060000 4.140000 -1.020000 16048539561
2.880000 3.960000 -0.600000 16048564445
2.280000 4.080000 -0.720000 16048589435
2.460000 3.900000 -1.020000 16048614638
1.620000 3.900000 -0.660000 16048640582
1.560000 3.960000 -0.840000 16048664427
1.140000 3.900000 -0.660000 16048689473
1.200000 4.080000 -0.240000 16048714442
1.080000 3.840000 -0.720000 16048739584
0.420000 4.140000 -0.180000 16048764448
0.840000 4.200000 -0.360000 16048789576
0.420000 4.020000 -0.420000 16048814657
0.540000 4.260000 -0.420000 16048840249
-0.240000 3.960000 -0.360000 16048864436
0.360000 4.080000 -0.120000 16048889435
-0.060000 4.140000 0.060000 16048914635
-0.120000 3.960000 -0.240000 16048939634
-0.420000 3.780000 0.060000 16048964433
-0.480000 3.960000 0.060000 16048989448
-0.060000 4.020000 0.060000 16049014672
-0.480000 3.840000 0.060000 16049040324
-0.360000 3.960000 0.480000 16049064435
-0.420000 4.020000 0.300000 16049089436
-0.720000 3.840000 0.480000 16049114634
-0.900000 3.900000 0.180000 16049140665
-0.720000 3.720000 0.360000 16049164466
-0.720000 3.720000 0.240000 16049189445
-0.900000 4.020000 0.420000 16049214644
-0.840000 4.080000 0.600000 16049240667
-0.780000 3.780000 0.660000 16049264442
-1.140000 3.780000 0.660000 16049289434
-1.200000 3.960000 0.600000 16049314645
-1.080000 3.840000 0.600000 16049339579
-0.780000 3.900000 0.660000 16049364474
-1.080000 3.600000 0.720000 16049389443
-1.140000 4.020000 0.780000 16049414639
-1.140000 3.540000 1.020000 16049439576
-1.200000 3.720000 1.080000 16049464443
-1.440000 3.960000 0.840000 16049489430
-1.140000 3.660000 0.780000 16049514637
-1.320000 3.960000 0.960000 16049539570
-1.080000 3.720000 0.960000 16049564439
-1.500000 4.020000 1.140000 16049589457
-1.560000 3.360000 1.080000 16049614633
-1.260000 3.780000 1.140000 16049639592
-1.380000 3.780000 1.140000 16049664443
-1.500000 3.900000 1.020000 16049689437
-1.440000 3.720000 0.960000 16049715309
-1.500000 3.540000 0.540000 16049739577
-1.380000 3.780000 1.020000 16049764432
-1.380000 4.020000 1.020000 16049789577
-1.320000 3.960000 0.960000 16049814632
-1.620000 3.900000 0.900000 16049840445
-1.620000 3.900000 1.020000 16049864443
-1.200000 3.720000 0.960000 16049889429
-1.440000 3.960000 0.960000 16049915293
-1.320000 3.480000 1.320000 16049939556
-1.260000 3.780000 1.020000 16049964435
-1.260000 3.780000 1.380000 16049989440
-1.620000 3.900000 1.020000 16050014657
-1.200000 3.600000 0.960000 16050039569
-1.200000 3.960000 0.960000 16050064431
-1.020000 3.900000 0.780000 16050089429
-1.140000 3.900000 0.780000 16050115821
-0.900000 3.900000 0.540000 16050139657
-0.840000 4.200000 0.480000 16050164430
-0.660000 3.780000 0.660000 16050190295
-0.600000 4.080000 0.120000 16050214639
-0.360000 3.840000 0.120000 16050239760
-0.360000 3.960000 0.120000 16050264430
-0.180000 3.780000 0.180000 16050289617
0.060000 3.900000 -0.060000 16050314632
0.420000 3.780000 -0.300000 16050339809
0.180000 3.780000 -0.180000 16050364435
0.480000 3.720000 -0.240000 16050389423
0.660000 3.900000 -0.420000 16050414634
0.420000 3.780000 -0.420000 16050439557
1.020000 3.660000 -0.420000 16050464467
1.020000 3.900000 -0.540000 16050489428
1.140000 3.660000 -0.540000 16050514629
1.260000 3.780000 -0.780000 16050539577
1.260000 4.140000 -0.540000 16050564432
1.560000 3.720000 -0.600000 16050589953
1.680000 4.320000 -0.840000 16050614804
2.040000 3.840000 -0.840000 16050639567
1.860000 4.140000 -0.780000 16050664438
2.160000 3.600000 -0.840000 16050689418
2.580000 3.900000 -0.780000 16050714642
2.400000 3.720000 -0.840000 16050739594
2.760000 3.960000 -0.960000 16050764431
2.760000 4.080000 -0.960000 16050790273
3.060000 4.140000 -1.140000 16050814637
3.360000 3.960000 -0.840000 16050839563
3.300000 4.140000 -1.020000 16050864447
3.600000 3.840000 -1.200000 16050889425
3.840000 3.600000 -1.080000 16050914645
3.780000 3.900000 -1.020000 16050939573
3.960000 4.200000 -0.840000 16050964478
3.780000 4.260000 -1.140000 16050989974
3.960000 4.200000 -1.080000 16051014437
4.500000 4.020000 -0.900000 16051039604
4.440000 4.080000 -1.080000 16051064428
4.560000 3.840000 -1.080000 16051089436
4.200000 4.080000 -0.720000 16051114637
4.680000 3.960000 -0.960000 16051139579
4.980000 3.900000 -1.020000 16051164429
5.160000 3.960000 -0.840000 16051189423
5.160000 4.080000 -1.080000 16051214651
5.460000 3.420000 -0.780000 16051239597
5.640000 4.200000 -0.720000 16051264433
5.400000 4.320000 -0.720000 16051289420
5.580000 3.780000 -0.540000 16051314638
6.000000 3.960000 -0.720000 16051339578
5.940000 4.020000 -0.660000 16051364426
5.820000 3.900000 -0.300000 16051390325
6.180000 3.660000 -0.060000 16051414871
6.180000 4.260000 -0.540000 16051439634
6.420000 4.260000 -0.180000 16051465141
6.300000 3.780000 -0.060000 16051489470
6.300000 4.140000 -0.300000 16051514666
6.720000 3.840000 -0.300000 16051539582
6.960000 4.080000 -0.300000 16051564432
6.900000 3.900000 -0.060000 16051589435
7.260000 4.020000 0.420000 16051614647
7.440000 3.960000 0.480000 16051639578
7.620000 4.140000 0.420000 16051665573
7.620000 3.900000 0.900000 16051689503
7.980000 3.900000 0.780000 16051715706
7.860000 3.660000 1.140000 16051740435
7.860000 4.140000 1.020000 16051765306
8.340000 4.020000 1.020000 16051790452
8.099999 4.140000 1.020000 16051815305
7.980000 3.900000 1.260000 16051840404
8.400000 4.080000 1.440000 16051865919
8.099999 4.020000 1.500000 16051890297
8.400000 3.720000 1.680000 16051915288
8.400000 3.600000 1.680000 16051940403
8.639999 3.960000 1.920000 16051964448
8.520000 3.840000 2.040000 16051989439
8.639999 3.720000 2.040000 16052014683
8.700000 3.900000 2.100000 16052039566
8.940000 3.540000 2.100000 16052064433
8.639999 3.720000 2.280000 16052089582
8.880000 3.480000 2.280000 16052114642
8.880000 3.600000 2.400000 16052139544
9.059999 3.660000 3.060000 16052165294
9.059999 3.780000 2.940000 16052190293
9.420000 3.900000 3.540000 16052214631
9.540000 3.420000 3.300000 16052240262
9.540000 3.900000 3.780000 16052264616
9.480000 3.720000 3.840000 16052290226
9.599999 3.720000 4.080000 16052314627
9.660000 3.780000 4.500000 16052340828
9.420000 3.660000 5.100000 16052364627
9.240000 3.840000 5.160000 16052390215
9.719999 3.960000 5.400000 16052414627
9.480000 3.600000 5.400000 16052439699
9.480000 3.840000 5.880000 16052465207
9.300000 4.140000 6.180000 16052490336
9.480000 4.080000 6.360000 16052515117
9.420000 4.020000 6.780000 16052540427
9.360000 3.600000 6.960000 16052565198
9.059999 3.780000 6.780000 16052589630
8.820000 3.900000 7.380000 16052615139
8.940000 4.020000 7.500000 16052639735
8.700000 3.900000 7.860000 16052664613
8.580000 4.020000 7.980000 16052689625
8.400000 3.720000 8.400000 16052714587
8.280000 4.080000 8.639999 16052740852
8.280000 3.960000 8.760000 16052764624
7.980000 3.780000 9.059999 16052790269
7.800000 3.840000 9.120000 16052814635
7.620000 4.260000 9.059999 16052840304
7.800000 3.960000 8.880000 16052864610
7.620000 3.900000 8.940000 16052890147
7.500000 3.900000 9.179999 16052914618
7.020000 3.780000 9.540000 16052940350
7.320000 3.960000 9.480000 16052964692
7.680000 3.960000 9.360000 16052989615
7.200000 3.840000 9.840000 16053014613
6.780000 3.780000 9.660000 16053040267
6.960000 3.840000 9.840000 16053065151
7.020000 3.900000 9.900000 16053090213
6.780000 4.020000 9.900000 16053115353
6.300000 3.660000 10.020000 16053140287
6.300000 3.900000 9.900000 16053165172
6.420000 3.660000 10.139999 16053190146
6.540000 3.780000 9.780000 16053215867
6.540000 3.660000 9.900000 16053240262
6.420000 3.780000 9.780000 16053265142
6.660000 3.780000 9.660000 16053290687
6.600000 3.960000 9.960000 16053315160
6.780000 3.660000 9.900000 16053340273
6.600000 3.720000 9.840000 16053365152
6.660000 3.900000 9.900000 16053390138
7.080000 3.960000 9.960000 16053415684
7.080000 3.840000 9.360000 16053440250
7.020000 3.780000 9.780000 16053465148
7.080000 3.960000 9.480000 16053490147
7.200000 3.600000 9.719999 16053515145
7.140000 3.660000 9.300000 16053540242
7.680000 3.720000 9.000000 16053565166
7.500000 3.900000 9.059999 16053590155
7.620000 3.660000 8.940000 16053615749
7.980000 3.900000 9.179999 16053640251
7.800000 3.720000 8.880000 16053665142
7.920000 3.840000 8.639999 16053690154
8.340000 3.660000 8.700000 16053715159
8.520000 3.960000 8.760000 16053739680
8.520000 3.840000 8.280000 16053764424
8.580000 3.780000 8.099999 16053789430
8.880000 3.840000 7.560000 16053815243
9.000000 3.720000 7.560000 16053839564
9.300000 4.020000 7.260000 16053864483
9.120000 3.840000 6.960000 16053889475
9.780000 3.780000 6.420000 16053914628
9.420000 3.900000 6.300000 16053939614
9.540000 4.020000 5.820000 16053965213
9.719999 3.960000 5.640000 16053990254
9.840000 4.080000 5.160000 16054015148
9.599999 4.080000 5.280000 16054040439
9.599999 3.960000 5.040000 16054065146
9.599999 3.840000 5.040000 16054090157
9.540000 3.780000 4.620000 16054114627
9.599999 4.200000 4.680000 16054139597
9.540000 3.900000 4.380000 16054164507
9.540000 4.140000 4.380000 16054189513
9.599999 3.840000 3.840000 16054214465
9.240000 3.840000 3.960000 16054239607
9.480000 3.840000 3.720000 16054265234
9.660000 3.900000 3.300000 16054290389
9.360000 3.960000 3.120000 16054314478
9.780000 3.660000 3.060000 16054340660
9.540000 4.260000 2.940000 16054364429
9.300000 4.020000 2.820000 16054389459
9.059999 4.140000 2.580000 16054414466
8.880000 3.960000 2.520000 16054439640
9.059999 4.380000 2.700000 16054464477
9.120000 4.080000 2.400000 16054490132
8.880000 3.960000 2.280000 16054514429
9.059999 4.380000 2.220000 16054539603
9.059999 4.020000 2.340000 16054564478
9.000000 3.960000 1.680000 16054589457
8.460000 3.900000 1.860000 16054614475
8.820000 4.500000 1.860000 16054639610
8.580000 4.260000 1.740000 16054665230
8.639999 4.200000 1.560000 16054690170
8.220000 4.140000 1.620000 16054714484
8.700000 3.900000 1.380000 16054740352
8.460000 4.380000 1.260000 16054764487
8.340000 4.140000 1.020000 16054789469
8.040000 3.960000 1.200000 16054814427
7.800000 3.840000 1.080000 16054839597
7.860000 3.900000 0.780000 16054864419
7.920000 4.080000 1.080000 16054889465
7.680000 3.960000 0.720000 16054914474
8.160000 3.720000 0.600000 16054939585
7.680000 3.840000 0.600000 16054965089
7.320000 4.080000 0.720000 16054989442
7.080000 4.200000 0.120000 16055014473
7.140000 3.780000 0.540000 16055039701
7.200000 4.080000 0.240000 16055064480
7.260000 3.780000 0.300000 16055089584
7.200000 4.080000 0.480000 16055114433
7.260000 4.260000 0.060000 16055139722
6.900000 4.140000 0.180000 16055165001
7.080000 3.960000 0.360000 16055189532
7.020000 4.020000 0.540000 16055214460
7.200000 3.600000 0.120000 16055239583
7.440000 3.960000 0.360000 16055264433
7.620000 3.780000 0.420000 16055289469
7.380000 4.020000 0.300000 16055314430
7.320000 3.720000 0.720000 16055339579
7.800000 3.720000 0.480000 16055365172
7.560000 4.200000 0.600000 16055389468
7.560000 4.200000 0.480000 16055414473
7.320000 3.720000 0.240000 16055439530
7.500000 3.900000 0.300000 16055464475
7.500000 3.900000 0.660000 16055489477
7.560000 4.200000 0.600000 16055514680
7.800000 3.840000 0.720000 16055539588
7.560000 4.080000 0.480000 16055565118
7.620000 4.020000 0.540000 16055589425
7.440000 4.320000 0.240000 16055614653
7.440000 3.960000 0.600000 16055639607
7.380000 4.020000 0.540000 16055664484
7.380000 3.780000 0.540000 16055689461
7.680000 3.840000 0.720000 16055714482
7.500000 3.900000 0.900000 16055739536
7.320000 3.600000 0.840000 16055764444
7.500000 3.780000 0.660000 16055789431
7.620000 3.780000 0.900000 16055814687
7.020000 4.020000 0.660000 16055840304
