0.647239 0.362846 9.502645 19784166485
0.637432 0.431493 9.345738 19784191482
0.666852 0.402073 9.277092 19784216500
0.657046 0.372653 9.365352 19784241493
0.696272 0.313813 9.571292 19784267024
0.647239 0.343233 9.492838 19784291486
0.539366 0.343233 9.492838 19784316451
0.568786 0.304006 9.639938 19784341482
0.480526 0.353039 9.679165 19784366465
0.588399 0.284393 9.522259 19784391476
0.872792 0.274586 8.865212 19784416475
0.774725 0.264780 9.502645 19784441489
0.784532 0.284393 9.404578 19784466482
0.745305 0.205940 9.512452 19784491410
0.774725 0.205940 9.522259 19784516485
0.813952 0.196133 9.414385 19784541464
0.794339 0.245166 9.296705 19784566487
0.745305 0.225553 9.384965 19784591484
0.755112 0.186326 9.522259 19784616507
0.725692 0.225553 9.571292 19784641478
0.676659 0.225553 9.659552 19784666480
0.647239 0.254973 9.590905 19784691458
0.686466 0.176520 9.581099 19784716487
0.735499 0.186326 9.571292 19784741476
0.764919 0.205940 9.581099 19784766466
0.774725 0.215746 9.492838 19784791475
0.725692 0.196133 9.384965 19784816500
0.745305 0.196133 9.453611 19784841475
0.774725 0.196133 9.414385 19784866455
0.764919 0.107873 9.345738 19784891461
0.804145 0.098067 9.404578 19784916500
0.804145 0.166713 9.433999 19784941478
0.764919 0.166713 9.433999 19784966461
0.784532 0.196133 9.483032 19784991464
0.804145 0.186326 9.492838 19785016502
0.872792 0.196133 9.532065 19785041469
0.872792 0.166713 9.610518 19785066468
0.912019 0.117680 9.796844 19785091472
0.961052 0.107873 9.953751 19785116501
0.951245 0.107873 9.836071 19785141479
1.078732 0.147100 9.679165 19785166477
1.304285 0.196133 9.816459 19785191466
1.500418 0.176520 9.885104 19785216494
1.725971 0.254973 9.914525 19785241468
2.049590 0.117680 9.679165 19785266463
2.343790 0.078453 9.512452 19785291465
2.579149 0.078453 9.453611 19785316500
2.873349 0.049033 9.247672 19785341480
3.520588 -0.049033 8.914246 19785366472
3.706914 0.009807 8.875020 19785391463
3.903047 0.019613 8.580820 19785416496
4.177633 0.019613 8.257200 19785441476
4.609126 -0.019613 8.394494 19785466474
4.815066 -0.049033 8.257200 19785491459
5.021006 -0.039227 8.178747 19785516501
5.629018 -0.117680 7.423635 19785541468
5.972251 -0.225553 7.237308 19785566466
6.246837 -0.284393 7.198082 19785591459
6.442970 -0.245166 7.178468 19785616490
6.727362 -0.098067 6.815622 19785641473
6.962722 -0.068647 6.462583 19785666463
7.198082 -0.049033 6.129157 19785691465
7.443248 -0.107873 5.913410 19785716441
7.825707 -0.098067 5.678051 19785741472
7.953194 -0.098067 5.432885 19785766464
8.149327 -0.068647 5.138685 19785791463
8.551400 -0.088260 4.638546 19785816492
8.678886 -0.049033 4.628739 19785841470
8.678886 -0.098067 4.530673 19785866459
8.786759 -0.068647 4.138407 19785891462
9.022120 -0.039227 3.638267 19785916492
9.149606 -0.049033 3.471555 19785941462
9.179026 -0.029420 3.353875 19785966462
9.228059 0.029420 3.118515 19785991465
9.404578 0.107873 2.549729 19786016493
9.433999 0.088260 2.373209 19786041476
9.473226 0.049033 2.186883 19786066473
9.581099 0.078453 2.010364 19786091465
9.688972 0.058840 1.912297 19786116491
9.728198 0.049033 1.735777 19786141471
9.728198 0.137293 1.441578 19786166460
9.934137 0.166713 1.078732 19786191459
9.983171 0.127486 0.902212 19786216467
10.002784 0.156906 0.862985 19786241468
9.953751 0.186326 0.696272 19786266465
9.943945 0.205940 0.500139 19786291445
10.012591 0.127486 0.549172 19786316491
10.012591 0.137293 0.392266 19786341472
9.934137 0.235360 0.186326 19786366468
9.992978 0.225553 0.196133 19786391464
9.983171 0.196133 0.098067 19786416498
9.983171 0.205940 -0.088260 19786441855
9.953751 0.107873 -0.284393 19786466485
10.061625 0.078453 -0.254973 19786491474
10.071430 0.078453 -0.402073 19786516504
10.022397 0.019613 -0.578592 19786541469
10.042011 -0.049033 -0.696272 19786566471
10.042011 -0.039227 -0.784532 19786591461
10.061625 0.088260 -0.794339 19786616490
10.110658 0.127486 -0.578592 19786641463
10.110658 0.176520 -0.715886 19786666451
10.110658 0.127486 -0.755112 19786691460
10.100850 0.068647 -0.764919 19786716490
10.110658 0.009807 -0.872792 19786741473
10.042011 0.009807 -0.931632 19786766459
9.973364 -0.068647 -0.961052 19786791458
9.885104 -0.117680 -0.980665 19786816481
9.992978 -0.019613 -0.912019 19786841467
10.110658 0.107873 -0.862985 19786866449
10.130271 0.068647 -0.872792 19786891444
10.130271 0.088260 -0.843372 19786916529
10.169497 0.088260 -0.794339 19786941455
10.228337 0.029420 -0.794339 19786966470
10.277370 0.039227 -0.755112 19786991472
10.238144 -0.068647 -0.725692 19787016566
10.159691 -0.127486 -0.755112 19787041468
10.100850 -0.098067 -0.764919 19787066703
10.081238 -0.058840 -0.774725 19787091464
9.953751 -0.088260 -0.755112 19787116474
9.953751 -0.049033 -0.745305 19787141458
10.002784 0.009807 -0.647239 19787166539
10.071430 0.039227 -0.509946 19787191454
10.061625 -0.019613 -0.245166 19787216444
10.012591 -0.039227 -0.156906 19787241461
10.012591 -0.068647 -0.039227 19787266454
10.012591 -0.107873 0.098067 19787291472
10.061625 -0.186326 0.313813 19787316465
10.012591 -0.196133 0.470719 19787341475
9.963558 -0.147100 0.725692 19787366460
9.816459 -0.029420 1.166991 19787391459
9.787038 -0.078453 1.618097 19787416465
9.816459 -0.078453 1.775004 19787441454
9.885104 -0.078453 1.951524 19787466454
9.777231 -0.078453 2.235916 19787491452
9.679165 -0.049033 2.392823 19787516447
9.630132 -0.029420 2.510503 19787541447
9.522259 -0.029420 2.637989 19787566437
9.404578 -0.029420 2.677216 19787591448
9.433999 -0.049033 2.892962 19787616434
9.365352 -0.058840 2.971415 19787641438
9.139799 -0.039227 3.442135 19787666438
9.080959 -0.039227 3.540201 19787691451
8.973086 -0.019613 3.579428 19787716449
8.865212 0.019613 3.824594 19787741423
8.610240 -0.039227 4.432606 19787766446
8.502367 -0.009807 4.628739 19787791592
8.316040 0.068647 4.756226 19787816436
8.041454 0.068647 5.128879 19787841476
7.757061 0.039227 5.942831 19787866439
7.668801 0.009807 6.099737 19787891558
7.580542 0.009807 6.187996 19787916450
7.305955 -0.039227 6.550843 19787941465
7.178468 -0.039227 6.590069 19787966463
7.129435 -0.019613 6.697943 19787991459
7.041175 -0.039227 6.766589 19788016433
6.796009 0.029420 6.874462 19788041458
6.688136 0.068647 6.952915 19788066454
6.580263 0.009807 6.992142 19788091450
6.501810 -0.009807 7.168662 19788116422
6.364516 -0.068647 7.247115 19788141451
6.276257 -0.098067 7.305955 19788166448
6.217417 -0.039227 7.482475 19788191447
6.070317 0.127486 7.492281 19788216433
5.776117 0.039227 7.560929 19788241451
5.658438 0.029420 7.619768 19788266438
5.619211 0.039227 7.747255 19788291456
5.383852 -0.029420 7.855128 19788316487
5.256365 -0.068647 8.031648 19788341448
5.138685 -0.068647 7.963001 19788366483
5.050425 -0.049033 8.453333 19788391449
4.883712 -0.068647 8.561207 19788416483
4.707192 0.058840 8.649467 19788441451
4.560093 0.019613 8.472947 19788466488
4.079567 -0.049033 7.904161 19788491457
4.265893 -0.186326 8.884827 19788516472
4.059954 -0.205940 9.394772 19788541463
3.814787 -0.264780 9.179026 19788566475
3.667687 -0.284393 8.835793 19788591458
3.716721 -0.264780 8.992700 19788616473
3.697107 -0.274586 9.228059 19788641461
3.432328 -0.205940 9.179026 19788666482
3.275421 -0.127486 9.041733 19788691462
3.216582 -0.068647 8.659273 19788716481
3.216582 0.088260 8.669080 19788741450
3.157742 0.137293 9.149606 19788766485
2.745862 0.088260 9.375159 19788791464
2.765476 0.058840 9.129992 19788816488
2.667409 0.039227 9.139799 19788841464
2.559536 0.009807 9.129992 19788866489
2.432050 0.049033 9.080959 19788891487
2.265337 0.078453 9.071153 19788916481
2.157463 0.039227 9.041733 19788941449
1.882877 0.078453 9.443805 19788966487
1.784810 0.117680 9.286899 19788991470
1.569064 0.058840 9.129992 19789016472
1.333705 0.078453 9.218252 19789041478
0.147100 0.441299 9.826264 19789066475
0.470719 0.264780 9.659552 19789091481
0.872792 0.264780 9.463418 19789116468
0.921825 -0.019613 9.610518 19789141478
0.166713 -0.049033 9.639938 19789166829
-0.078453 0.009807 9.826264 19789191477
-0.264780 0.058840 9.757618 19789216483
-0.382459 0.107873 9.532065 19789241478
-0.519753 0.156906 9.532065 19789266480
-0.833565 0.176520 9.659552 19789291466
-1.059118 0.284393 9.787038 19789316464
-1.127765 0.343233 9.404578 19789341465
-1.196411 0.323619 9.169219 19789366459
-1.206218 0.304006 9.218252 19789391515
-1.372931 0.362846 9.237865 19789416488
-1.686744 0.362846 9.267285 19789441454
-1.931910 0.313813 8.943666 19789466488
-2.039783 0.245166 9.002505 19789491485
-2.412436 0.235360 9.012313 19789516481
-2.902769 0.215746 8.845599 19789541482
-3.353875 0.372653 8.737726 19789566480
-3.736334 0.460913 8.708306 19789591488
-4.412993 0.588399 7.923775 19789616460
-4.746419 0.421686 7.708028 19789641479
-5.266171 0.441299 8.100294 19789666482
-5.913410 0.323619 8.090487 19789691476
-6.482196 0.323619 7.100015 19789716508
-6.864655 0.196133 6.982336 19789741486
-7.188275 0.245166 6.531229 19789766484
-7.600155 0.225553 6.276257 19789791479
-8.119907 0.147100 5.619211 19789816514
-8.247394 0.156906 5.226945 19789841468
-8.414106 0.205940 4.795453 19789866485
-8.943666 0.323619 4.059954 19789891849
-9.149606 0.313813 3.530394 19789916513
-9.306512 0.323619 2.922382 19789941481
-9.571292 0.294200 2.441856 19789966487
-9.855684 0.147100 2.255530 19789991466
-9.894911 0.186326 1.961330 19790016509
-9.983171 0.205940 1.549451 19790041471
-10.061625 0.205940 1.059118 19790066462
-10.061625 0.264780 0.156906 19790091481
-10.042011 0.304006 -0.196133 19790116461
-10.051817 0.254973 -0.313813 19790141488
-9.973364 0.205940 -0.549172 19790166484
-9.953751 0.215746 -0.784532 19790191487
-9.875298 0.254973 -1.117958 19790216500
-9.894911 0.254973 -1.441578 19790241486
-9.885104 0.205940 -1.951524 19790266484
-9.894911 0.127486 -2.333983 19790291479
-9.953751 0.215746 -2.598763 19790316502
-9.924331 0.196133 -2.706636 19790341462
-9.679165 0.196133 -3.157742 19790366471
-9.581099 0.313813 -3.030255 19790391466
-9.433999 0.323619 -3.040062 19790416503
-9.414385 0.294200 -3.334261 19790441470
-9.345738 0.264780 -3.922661 19790466479
-9.394772 0.274586 -4.108987 19790491475
-9.394772 0.215746 -4.148213 19790516502
-9.228059 0.205940 -4.305120 19790541471
-9.257479 0.137293 -4.412993 19790566464
-9.306512 0.127486 -4.432606 19790591473
-9.237865 0.205940 -4.501253 19790616499
-9.208446 0.225553 -4.609126 19790641470
-9.208446 0.254973 -4.540480 19790666476
-9.198639 0.245166 -4.579706 19790691471
-9.188832 0.205940 -4.658159 19790716470
-9.218252 0.225553 -4.658159 19790741467
-9.228059 0.254973 -4.599319 19790766486
-9.179026 0.284393 -4.677773 19790791433
-9.120186 0.245166 -4.540480 19790816479
-9.071153 0.323619 -4.707192 19790841465
-9.110379 0.284393 -4.697386 19790866476
-9.129992 0.294200 -4.579706 19790891464
-9.218252 0.254973 -4.403186 19790916503
-9.237865 0.245166 -4.481639 19790941484
-9.237865 0.274586 -4.412993 19790966469
-9.277092 0.254973 -4.354153 19790991490
-9.424192 0.333426 -3.912854 19791016496
-9.424192 0.304006 -3.804981 19791041490
-9.433999 0.284393 -3.706914 19791066457
-9.581099 0.323619 -3.540201 19791091483
-9.865492 0.362846 -2.981222 19791116506
-9.816459 0.382459 -2.383016 19791141487
-9.836071 0.509946 -1.882877 19791166467
-10.316597 0.284393 -1.088538 19791191471
-10.198916 -0.343233 -0.980665 19791216502
-10.296983 -0.049033 -1.157185 19791241458
-10.257757 0.323619 -0.686466 19791266477
-9.983171 0.372653 0.578592 19791291461
-9.992978 0.519753 0.588399 19791316502
-9.924331 0.519753 0.715886 19791341478
-9.796844 0.509946 0.941439 19791366472
-9.532065 0.578592 2.265337 19791391464
-9.443805 0.666852 2.765476 19791416507
-9.473226 0.666852 3.314648 19791441486
-9.188832 0.588399 3.628461 19791466463
-8.894632 0.529559 3.716721 19791491478
-8.541594 0.431493 3.932467 19791516501
-8.306233 0.441299 4.226666 19791541478
-7.786481 0.353039 5.197526 19791566474
-7.688415 0.313813 5.423078 19791591471
-7.590348 0.402073 5.727084 19791616488
-7.502088 0.304006 5.834958 19791641481
-7.207889 0.137293 6.246837 19791666471
-7.060789 0.137293 6.442970 19791691454
-6.903882 0.088260 6.668523 19791716499
-6.835236 0.068647 6.943109 19791741478
-6.609683 0.137293 7.354988 19791766479
-6.462583 0.098067 7.531508 19791791474
-6.187996 0.078453 7.786481 19791816499
-5.746698 0.127486 7.904161 19791841466
-5.472112 0.176520 7.874741 19791866482
-5.099458 0.186326 8.012034 19791891463
-4.648353 0.274586 8.149327 19791916482
-4.295313 0.294200 8.325847 19791941479
-4.108987 0.274586 8.453333 19791966473
-3.804981 0.245166 8.610240 19791991480
-3.442135 0.215746 8.776953 19792016503
-2.951802 0.137293 9.061346 19792041482
-2.696829 0.156906 9.090766 19792066479
-2.451663 0.137293 9.100572 19792091480
-2.000557 0.196133 9.443805 19792116500
-1.627904 0.235360 9.502645 19792141467
-1.431771 0.235360 9.404578 19792166471
-1.206218 0.254973 9.590905 19792191471
-0.558979 0.235360 8.610240 19792216415
-0.294200 0.117680 8.669080 19792241407
-0.156906 0.088260 9.061346 19792266405
-0.058840 0.058840 9.492838 19792291414
0.254973 0.058840 9.590905 19792316511
0.284393 -0.019613 9.473226 19792341490
0.127486 -0.078453 9.424192 19792366485
0.451106 0.058840 9.080959 19792391472
0.558979 0.147100 9.316319 19792416423
0.608012 0.225553 9.669358 19792441474
0.617819 0.225553 9.639938 19792466490
0.676659 0.235360 9.551678 19792491481
0.676659 0.304006 9.473226 19792516513
0.372653 -0.627626 9.787038 19792541478
0.411879 0.058840 9.473226 19792566483
1.196411 0.225553 8.943666 19792591462
1.343511 0.274586 9.198639 19792616494
1.333705 0.225553 9.384965 19792641457
1.245445 0.147100 9.404578 19792666489
0.931632 -0.107873 9.198639 19792691454
1.019892 0.039227 9.306512 19792716512
1.510224 0.196133 9.443805 19792741481
1.637711 0.284393 9.335932 19792766485
1.559257 0.225553 9.473226 19792791487
1.461191 0.186326 9.512452 19792816432
1.431771 0.166713 9.483032 19792841471
1.470998 0.274586 9.463418 19792866461
1.510224 0.225553 9.551678 19792891457
