0.000000 19784166485
0.000000 19784191482
0.000000 19784216500
0.000000 19784241493
0.000000 19784267024
0.000000 19784291486
0.000000 19784316451
0.000000 19784341482
0.000000 19784366465
0.000000 19784391476
0.000000 19784416475
0.000000 19784441489
0.000000 19784466482
0.000000 19784491410
0.000000 19784516485
0.000000 19784541464
0.000000 19784566487
0.000000 19784591484
0.000000 19784616507
0.000000 19784641478
0.000000 19784666480
0.000000 19784691458
0.000000 19784716487
0.000000 19784741476
0.000000 19784766466
0.000000 19784791475
0.000000 19784816500
0.000000 19784841475
0.000000 19784866455
0.000000 19784891461
0.000000 19784916500
0.000000 19784941478
0.000000 19784966461
0.000000 19784991464
0.000000 19785016502
0.000000 19785041469
0.000000 19785066468
0.000000 19785091472
0.000000 19785116501
0.000000 19785141479
0.000000 19785166477
0.000000 19785191466
0.000000 19785216494
0.000000 19785241468
0.000000 19785266463
0.000000 19785291465
0.000000 19785316500
0.000000 19785341480
0.000000 19785366472
0.000000 19785391463
0.000000 19785416496
0.000000 19785441476
0.000000 19785466474
0.000000 19785491459
0.000000 19785516501
0.000000 19785541468
0.000000 19785566466
0.000000 19785591459
0.000000 19785616490
0.000000 19785641473
0.000000 19785666463
0.000000 19785691465
0.000000 19785716441
0.000000 19785741472
0.000000 19785766464
0.000000 19785791463
0.000000 19785816492
0.000000 19785841470
0.000000 19785866459
0.000000 19785891462
0.000000 19785916492
0.000000 19785941462
0.000000 19785966462
0.000000 19785991465
0.000000 19786016493
0.000000 19786041476
0.000000 19786066473
0.000000 19786091465
0.000000 19786116491
0.000000 19786141471
0.000000 19786166460
0.000000 19786191459
0.000000 19786216467
0.000000 19786241468
0.000000 19786266465
0.000000 19786291445
0.000000 19786316491
0.000000 19786341472
0.000000 19786366468
0.000000 19786391464
0.000000 19786416498
0.000000 19786441855
0.000000 19786466485
0.000000 19786491474
0.000000 19786516504
0.000000 19786541469
0.000000 19786566471
0.000000 19786591461
0.000000 19786616490
0.000000 19786641463
0.000000 19786666451
0.000000 19786691460
0.000000 19786716490
0.000000 19786741473
0.000000 19786766459
0.000000 19786791458
0.000000 19786816481
0.000000 19786841467
0.000000 19786866449
0.000000 19786891444
0.000000 19786916529
0.000000 19786941455
0.000000 19786966470
0.000000 19786991472
0.000000 19787016566
0.000000 19787041468
0.000000 19787066703
0.000000 19787091464
0.000000 19787116474
0.000000 19787141458
0.000000 19787166539
0.000000 19787191454
0.000000 19787216444
0.000000 19787241461
0.000000 19787266454
0.000000 19787291472
0.000000 19787316465
0.000000 19787341475
0.000000 19787366460
0.000000 19787391459
0.000000 19787416465
0.000000 19787441454
0.000000 19787466454
0.000000 19787491452
0.000000 19787516447
0.000000 19787541447
0.000000 19787566437
0.000000 19787591448
0.000000 19787616434
0.000000 19787641438
0.000000 19787666438
0.000000 19787691451
0.000000 19787716449
0.000000 19787741423
0.000000 19787766446
0.000000 19787791592
0.000000 19787816436
0.000000 19787841476
0.000000 19787866439
0.000000 19787891558
0.000000 19787916450
0.000000 19787941465
0.000000 19787966463
0.000000 19787991459
0.000000 19788016433
0.000000 19788041458
0.000000 19788066454
0.000000 19788091450
0.000000 19788116422
0.000000 19788141451
0.000000 19788166448
0.000000 19788191447
0.000000 19788216433
0.000000 19788241451
0.000000 19788266438
0.000000 19788291456
0.000000 19788316487
0.000000 19788341448
0.000000 19788366483
0.000000 19788391449
0.000000 19788416483
0.000000 19788441451
0.000000 19788466488
0.000000 19788491457
0.000000 19788516472
0.000000 19788541463
0.000000 19788566475
0.000000 19788591458
0.000000 19788616473
0.000000 19788641461
0.000000 19788666482
0.000000 19788691462
0.000000 19788716481
0.000000 19788741450
0.000000 19788766485
0.000000 19788791464
0.000000 19788816488
0.000000 19788841464
0.000000 19788866489
0.000000 19788891487
0.000000 19788916481
0.000000 19788941449
0.000000 19788966487
0.000000 19788991470
0.000000 19789016472
0.000000 19789041478
0.000000 19789066475
0.000000 19789091481
0.000000 19789116468
0.000000 19789141478
0.000000 19789166829
0.000000 19789191477
0.000000 19789216483
0.000000 19789241478
0.000000 19789266480
0.000000 19789291466
0.000000 19789316464
0.000000 19789341465
0.000000 19789366459
0.000000 19789391515
0.000000 19789416488
0.000000 19789441454
0.000000 19789466488
5.000000 19789491485
5.000000 19789516481
5.000000 19789541482
5.000000 19789566480
5.000000 19789591488
5.000000 19789616460
5.000000 19789641479
5.000000 19789666482
5.000000 19789691476
5.000000 19789716508
5.000000 19789741486
5.000000 19789766484
5.000000 19789791479
5.000000 19789816514
5.000000 19789841468
5.000000 19789866485
5.000000 19789891849
5.000000 19789916513
5.000000 19789941481
5.000000 19789966487
5.000000 19789991466
5.000000 19790016509
5.000000 19790041471
5.000000 19790066462
5.000000 19790091481
5.000000 19790116461
5.000000 19790141488
5.000000 19790166484
5.000000 19790191487
5.000000 19790216500
5.000000 19790241486
5.000000 19790266484
5.000000 19790291479
5.000000 19790316502
5.000000 19790341462
5.000000 19790366471
5.000000 19790391466
5.000000 19790416503
5.000000 19790441470
5.000000 19790466479
5.000000 19790491475
5.000000 19790516502
5.000000 19790541471
5.000000 19790566464
5.000000 19790591473
5.000000 19790616499
5.000000 19790641470
5.000000 19790666476
5.000000 19790691471
5.000000 19790716470
5.000000 19790741467
5.000000 19790766486
5.000000 19790791433
5.000000 19790816479
5.000000 19790841465
5.000000 19790866476
5.000000 19790891464
5.000000 19790916503
5.000000 19790941484
5.000000 19790966469
5.000000 19790991490
5.000000 19791016496
5.000000 19791041490
5.000000 19791066457
5.000000 19791091483
5.000000 19791116506
5.000000 19791141487
5.000000 19791166467
5.000000 19791191471
5.000000 19791216502
5.000000 19791241458
5.000000 19791266477
5.000000 19791291461
5.000000 19791316502
5.000000 19791341478
5.000000 19791366472
5.000000 19791391464
5.000000 19791416507
5.000000 19791441486
5.000000 19791466463
5.000000 19791491478
5.000000 19791516501
5.000000 19791541478
5.000000 19791566474
5.000000 19791591471
5.000000 19791616488
5.000000 19791641481
5.000000 19791666471
5.000000 19791691454
5.000000 19791716499
5.000000 19791741478
5.000000 19791766479
5.000000 19791791474
5.000000 19791816499
5.000000 19791841466
5.000000 19791866482
5.000000 19791891463
5.000000 19791916482
5.000000 19791941479
5.000000 19791966473
5.000000 19791991480
5.000000 19792016503
5.000000 19792041482
5.000000 19792066479
5.000000 19792091480
5.000000 19792116500
5.000000 19792141467
5.000000 19792166471
5.000000 19792191471
5.000000 19792216415
5.000000 19792241407
5.000000 19792266405
5.000000 19792291414
5.000000 19792316511
5.000000 19792341490
5.000000 19792366485
5.000000 19792391472
5.000000 19792416423
5.000000 19792441474
5.000000 19792466490
5.000000 19792491481
5.000000 19792516513
5.000000 19792541478
0.000000 19792566483
0.000000 19792591462
0.000000 19792616494
0.000000 19792641457
0.000000 19792666489
0.000000 19792691454
0.000000 19792716512
0.000000 19792741481
0.000000 19792766485
0.000000 19792791487
0.000000 19792816432
0.000000 19792841471
0.000000 19792866461
0.000000 19792891457
