12.600000 -3.657500 -2.170000 13374627890
12.600000 -1.750000 -2.642500 13374652888
8.715000 0.087500 -2.467500 13374677877
-2.625000 1.575000 1.697500 13374702956
-3.552500 0.560000 1.050000 13374727990
-3.307500 -1.540000 0.262500 13374753011
-2.467500 -20.177500 -1.347500 13374777988
9.327500 -67.007500 -0.787500 13374802992
44.992500 -136.517502 -9.485000 13374828163
97.177498 -238.472504 -48.912498 13374853188
166.897507 -284.970001 -119.139999 13374878159
201.145004 -361.480011 -251.125000 13374904607
262.640015 -372.592499 -327.022491 13374928273
316.785004 -372.557495 -377.720001 13374953407
304.342499 -281.662506 -381.552490 13374978380
194.039993 -210.979996 -334.932495 13375003399
145.057495 -74.007500 -210.962494 13375028380
75.985001 21.315001 -27.947500 13375053402
-5.565000 39.025002 221.410004 13375078378
-92.224998 81.112503 525.612488 13375103375
-161.839996 89.180000 573.159973 13375128370
-116.007500 173.774994 573.159973 13375153401
-69.930000 558.914978 153.527496 13375178373
-247.625000 95.322502 -278.704987 13375203374
-136.902496 -289.187500 -484.452515 13375228374
181.072495 -100.345001 -512.049988 13375253398
151.095001 -116.410004 -518.104980 13375278385
151.742508 -191.642502 -447.404999 13375303374
157.184998 -155.732498 -306.302490 13375328374
111.527504 -104.737503 81.445000 13375353400
85.417503 60.025002 340.059998 13375378376
46.165001 233.100006 555.187500 13375403379
-1.417500 361.619995 573.159973 13375428399
-77.455002 517.859985 573.159973 13375453406
-182.630005 567.507507 378.927490 13375478374
-324.170013 116.199997 -48.299999 13375503378
-144.567505 5.425000 -68.250000 13375528379
-4.777500 174.982498 -8.400000 13375553391
-43.435001 258.125000 -16.485001 13375578383
-96.687500 245.752502 -33.617500 13375603370
-95.217499 146.440002 -20.177500 13375628383
-37.047501 71.995003 -3.255000 13375653400
-13.142500 26.705000 10.500000 13375678372
-13.545000 26.022501 10.202500 13375703374
-21.559999 16.887501 10.990000 13375728359
-18.882500 -2.992500 13.667500 13375753392
2.502500 -14.525000 16.764999 13375778360
13.457500 -23.940001 17.184999 13375803355
16.257500 -12.512500 8.680000 13375828345
0.805000 -7.140000 4.410000 13375853371
