13.265000 -5.127500 2.765000 18775437006
13.545000 -5.092500 -0.945000 18775462116
10.342500 -7.857500 -0.402500 18775487128
4.340000 -7.682500 0.052500 18775512126
2.170000 -6.930000 0.052500 18775537004
0.122500 -5.302500 0.560000 18775562121
0.315000 -5.425000 0.612500 18775587111
0.630000 -5.232500 0.122500 18775612135
1.662500 -4.427500 -1.120000 18775637005
1.522500 -1.172500 -2.817500 18775662123
2.782500 -2.205000 -2.205000 18775687121
2.240000 -4.060000 -0.472500 18775712132
1.400000 -4.217500 -0.297500 18775737003
2.502500 -4.410000 -1.715000 18775762119
4.287500 -5.442500 -1.767500 18775787115
4.025000 -6.177500 -0.857500 18775812120
2.817500 -5.915000 -0.140000 18775837098
3.412500 -6.632500 -0.227500 18775862126
3.360000 -8.575000 0.035000 18775887120
2.117500 -5.302500 -0.787500 18775912131
2.345000 -4.672500 -1.365000 18775937002
0.665000 -3.832500 -1.697500 18775962117
-2.065000 -4.375000 -1.557500 18775987114
-2.660000 -4.812500 -1.277500 18776012127
-1.697500 -4.392500 -0.927500 18776037003
-1.802500 -4.585000 -1.540000 18776062117
-1.802500 -4.217500 -3.255000 18776087111
3.062500 -4.777500 -5.862500 18776112128
6.562500 -6.947500 -10.395000 18776137009
10.570000 -10.570000 -15.767500 18776162123
19.985001 -11.585000 -25.620001 18776187118
37.415001 -3.412500 -30.257500 18776212148
63.665001 2.292500 -43.680000 18776237034
61.932499 3.010000 -61.372501 18776261999
47.862499 -6.947500 -64.330002 18776287134
36.977501 -12.565000 -62.177502 18776312132
21.472500 -20.457500 -59.657501 18776337010
17.167500 -14.210000 -62.877499 18776362117
20.370001 -8.715000 -66.675003 18776387116
26.337500 0.315000 -65.625000 18776412132
30.922501 6.405000 -57.242500 18776437026
27.090000 12.372500 -56.490002 18776462131
19.110001 22.504999 -58.695000 18776487088
10.465000 19.372499 -60.287498 18776512133
8.872500 19.442499 -58.047501 18776537019
11.235000 77.629997 -74.340004 18776562131
77.157501 49.402500 -70.385002 18776587135
62.790001 34.860001 -55.125000 18776612136
46.007500 1.137500 -47.529999 18776637013
34.334999 -21.857500 -45.727501 18776662137
18.497499 -54.285000 -55.160000 18776687133
18.147501 -35.945000 -66.080002 18776711978
7.857500 -65.625000 -58.642502 18776737014
6.755000 -43.715000 -55.632500 18776762093
8.435000 20.440001 -35.472500 18776787133
24.500000 57.242500 -11.865000 18776812137
39.462502 48.422501 -14.157500 18776837013
56.927502 13.965000 -32.042500 18776862134
42.822498 -26.075001 -68.809998 18776886992
-7.700000 -36.242500 -78.540001 18776912138
-38.762501 -35.314999 -81.497498 18776937015
-60.462502 -23.205000 -95.147499 18776962137
-64.330002 -36.014999 -106.190002 18776987094
-46.952499 -55.125000 -106.050003 18777012147
-29.697500 -67.147499 -94.517502 18777037021
-16.397501 -48.404999 -111.510002 18777062128
-0.542500 -20.299999 -139.177505 18777087127
13.930000 -11.165000 -122.517502 18777112151
19.932501 -16.170000 -93.327499 18777137017
22.120001 -15.207500 -72.712502 18777162110
23.240000 -23.992500 -66.132500 18777187134
22.680000 -29.820000 -67.392502 18777212102
22.522501 -25.934999 -81.129997 18777237007
20.912500 -24.027500 -83.247498 18777262136
22.120001 -25.392500 -72.660004 18777287131
22.732500 -9.205000 -47.670002 18777312136
11.655000 -20.212500 -47.424999 18777337103
-10.675000 -32.532501 -56.087502 18777362136
-50.365002 -42.122501 -44.310001 18777387126
-51.327499 -30.240000 -36.627499 18777412138
-50.487499 -17.797501 -40.862499 18777437052
7.157500 -15.172500 -28.174999 18777462138
11.830000 -5.950000 -25.182501 18777487140
1.242500 32.112499 -23.957500 18777512140
-30.135000 40.599998 -32.270000 18777537062
-31.570000 -6.720000 -46.952499 18777561938
-9.170000 -16.747499 -49.384998 18777587100
5.197500 -12.355000 -46.987499 18777612111
31.237499 -24.639999 -35.262501 18777637015
54.477501 -31.255001 -14.752501 18777662092
44.537498 -31.674999 -3.447500 18777687095
32.270000 -20.195000 -15.662500 18777712138
15.925000 -22.207500 -25.410000 18777737019
8.505000 -22.225000 -21.857500 18777762131
6.580000 -15.505000 -18.427500 18777787103
6.387500 -15.172500 -14.402500 18777812136
5.232500 -9.205000 -12.425000 18777837065
-1.172500 -7.192500 -11.725000 18777862133
-2.205000 -9.117500 -9.117500 18777887088
-2.100000 -16.992500 -9.275000 18777912137
-0.192500 -20.877501 -9.485000 18777937016
2.467500 -14.630000 -9.747500 18777962135
1.207500 -6.090000 -8.872500 18777987096
4.655000 -9.957500 -5.407500 18778012125
8.540000 -5.022500 5.022500 18778037017
9.502500 -11.147500 4.497500 18778062120
10.062500 -15.172500 6.457500 18778087096
3.342500 -14.787500 7.542500 18778112093
-6.090000 -4.865000 6.475000 18778137018
-11.165000 -4.987500 2.975000 18778162090
-9.817500 -6.597500 1.715000 18778187099
-4.637500 -3.867500 1.120000 18778212134
-3.167500 1.925000 -1.540000 18778237020
-4.742500 -5.127500 -2.642500 18778262133
-0.490000 -8.715000 -1.592500 18778287105
2.275000 0.315000 -0.752500 18778312145
-1.155000 0.280000 0.962500 18778337007
-5.985000 -5.302500 1.172500 18778362120
-8.925000 -8.802500 -1.960000 18778387075
-9.747500 -4.602500 -4.042500 18778412136
