-1.441578 -2.088817 9.345738 21945274310
-1.451384 -2.059397 9.404578 21945299296
-1.412158 -2.000557 9.433999 21945324298
-1.274865 -1.892684 9.326125 21945349310
-1.166991 -1.814230 9.277092 21945374293
-1.108152 -1.745584 9.237865 21945399218
-1.176798 -1.735777 9.218252 21945424290
-1.304285 -1.804424 9.306512 21945449291
-1.372931 -1.843650 9.316319 21945474306
-1.412158 -1.833844 9.296705 21945499297
-1.068925 -1.706357 9.286899 21945524302
-1.451384 -1.765197 9.228059 21945549307
-1.431771 -1.922104 9.179026 21945574296
-1.461191 -2.010364 9.247672 21945599305
-1.441578 -1.843650 9.110379 21945624296
-1.343511 -1.892684 8.992700 21945649289
-1.196411 -1.794617 8.992700 21945674306
-1.225831 -1.637711 9.129992 21945699309
-1.314091 -1.451384 9.492838 21945724293
-1.314091 -1.333705 9.610518 21945749313
-1.265058 -1.147378 9.728198 21945774294
-1.265058 -1.049312 9.855684 21945799298
-1.431771 -0.970859 10.002784 21945824301
-1.412158 -1.019892 10.071430 21945849312
-1.382738 -1.108152 9.934137 21945874295
-1.147378 -0.794339 9.885104 21945899304
-1.039505 -0.490333 9.679165 21945924294
-0.951245 -0.196133 9.806651 21945949318
-0.961052 -0.049033 10.081238 21945974282
-1.304285 0.029420 10.365630 21945999298
-1.421964 0.068647 10.257757 21946024304
-1.461191 0.186326 10.022397 21946049311
-1.372931 0.196133 9.865492 21946074241
-1.039505 0.323619 9.767425 21946099290
-1.000278 0.549172 9.639938 21946124284
-0.980665 0.706079 9.757618 21946149315
-0.921825 0.853179 9.953751 21946174284
-1.019892 0.941439 10.061625 21946199299
-1.039505 1.078732 10.287177 21946224287
-1.137571 1.157185 10.267564 21946249304
-1.117958 1.343511 10.198916 21946274292
-1.166991 1.265058 10.404857 21946299298
-1.176798 1.421964 10.620603 21946324285
-1.127765 1.363124 10.571569 21946349302
-0.823759 0.902212 10.669637 21946374473
-0.725692 1.039505 10.659830 21946399292
-0.225553 1.186605 10.699056 21946424292
0.382459 0.961052 10.002784 21946449310
0.715886 0.676659 9.836071 21946474761
1.196411 0.215746 9.708585 21946499296
1.510224 0.009807 9.512452 21946524284
2.137850 -0.068647 9.492838 21946549307
2.049590 -0.117680 9.463418 21946574289
2.000557 -0.284393 9.149606 21946599298
2.098624 -0.372653 8.767146 21946624290
2.333983 -0.686466 8.119907 21946649304
2.412436 -0.627626 8.070874 21946674283
2.333983 -0.696272 8.031648 21946699284
2.235916 -0.725692 7.972808 21946724284
2.020170 -0.647239 8.119907 21946749314
1.824037 -0.460913 8.129714 21946774290
1.696550 -0.637432 7.963001 21946799299
1.588677 -0.666852 7.904161 21946824290
1.520031 -0.539366 7.864934 21946849304
1.520031 -0.421686 7.874741 21946874283
1.608291 -0.284393 7.845321 21946899310
1.765197 0.196133 7.600155 21946924288
1.892684 0.382459 7.649189 21946949300
1.892684 0.519753 7.678608 21946974284
1.755391 0.706079 7.551122 21946999301
1.804424 0.813952 7.855128 21947024293
1.863264 1.068925 8.247394 21947049291
1.892684 1.314091 8.786759 21947074285
2.059397 1.559257 9.414385 21947099303
2.196690 1.755391 9.659552 21947124278
2.255530 1.863264 9.777231 21947149295
2.314370 2.039783 9.953751 21947174288
2.128043 2.049590 9.963558 21947199286
2.088817 2.049590 9.983171 21947224285
2.118237 2.000557 9.885104 21947249295
2.098624 1.951524 9.806651 21947274282
2.304563 1.804424 9.590905 21947299293
2.333983 1.725971 9.512452 21947324290
2.314370 1.559257 9.443805 21947349407
2.265337 1.529838 9.286899 21947374278
2.206496 1.431771 9.237865 21947399289
2.098624 1.323898 9.169219 21947424293
2.039783 1.137571 9.277092 21947449283
1.902490 0.843372 9.286899 21947474275
1.892684 0.715886 9.277092 21947499307
1.971137 0.706079 9.286899 21947524282
2.088817 0.764919 9.277092 21947549280
2.118237 0.715886 9.100572 21947574286
2.049590 0.862985 9.129992 21947599295
2.020170 0.961052 9.179026 21947624286
1.843650 0.872792 9.345738 21947649273
1.676937 0.970859 9.512452 21947674290
1.804424 0.892405 9.512452 21947699301
1.922104 0.902212 9.414385 21947724281
1.990750 1.059118 9.492838 21947749295
1.941717 1.117958 9.384965 21947774293
2.000557 1.137571 9.424192 21947799290
2.029977 1.157185 9.316319 21947824290
1.873070 1.166991 9.100572 21947849294
2.049590 1.098345 8.825986 21947874286
2.294756 1.039505 8.845599 21947899288
2.235916 1.147378 8.737726 21947924288
1.971137 1.245445 8.973086 21947949291
1.882877 1.225831 9.012313 21947974296
1.824037 1.117958 9.110379 21947999298
1.716164 1.216025 9.277092 21948024300
1.598484 1.274865 9.306512 21948049289
1.441578 1.206218 9.561485 21948074264
1.353318 1.039505 9.522259 21948099294
1.922104 1.784810 9.384965 21948124363
2.333983 1.971137 9.718391 21948149288
2.569343 2.324176 10.012591 21948174322
2.432050 2.392823 10.267564 21948199288
2.373209 1.922104 10.071430 21948224326
2.402630 1.676937 9.816459 21948249291
2.461469 1.716164 9.904717 21948274269
2.294756 1.735777 9.787038 21948299297
2.128043 1.372931 9.139799 21948324276
2.000557 1.127765 8.414106 21948349279
1.608291 0.549172 8.482754 21948374438
1.039505 0.490333 10.189111 21948399294
0.647239 0.313813 10.296983 21948424574
0.627626 0.519753 9.924331 21948449285
0.725692 0.706079 9.630132 21948474272
0.990472 0.617819 9.492838 21948499299
1.088538 0.539366 9.365352 21948524300
1.235638 0.549172 9.257479 21948549286
1.382738 0.558979 9.110379 21948574314
1.392545 0.912019 8.767146 21948599275
1.333705 1.157185 8.708306 21948624299
1.382738 1.235638 8.620047 21948649310
1.333705 1.225831 8.688693 21948674304
1.196411 1.402351 8.629853 21948699296
1.166991 1.412158 8.688693 21948724295
1.127765 1.294478 8.924053 21948749281

