4.322500 -5.617500 2.117500 21945301570
4.655000 -6.912500 -0.892500 21945326530
2.432500 -9.047500 -4.147500 21945351569
1.960000 -9.415000 -3.535000 21945376529
2.922500 -9.572500 -1.802500 21945401580
5.110000 -10.027500 -0.105000 21945426541
6.020000 -9.222500 0.262500 21945451576
5.635000 -8.977500 -0.647500 21945476567
4.882500 -8.522500 -2.607500 21945501567
4.427500 -10.115000 10.692500 21945526570
11.375000 -10.377500 6.265000 21945551576
7.612500 -5.757500 3.570000 21945576563
2.187500 -5.390000 -3.360000 21945601791
5.005000 -4.935000 -5.950000 21945626566
6.562500 -4.480000 -7.035000 21945651596
12.915000 -4.410000 -4.427500 21945676568
22.434999 -4.322500 -1.382500 21945701710
27.947500 -5.320000 -3.220000 21945726572
29.260000 -7.227500 -7.017500 21945751571
30.975000 -8.942500 -10.255000 21945776566
30.817501 -10.815000 -8.785000 21945801530
30.957500 -13.877501 -7.315000 21945826568
31.674999 -17.902500 -7.945000 21945851526
29.365000 -16.799999 -11.270000 21945876570
24.167500 -13.650000 -15.260000 21945901564
24.062500 -12.442500 -15.032500 21945926565
29.014999 -10.150000 -10.692500 21945951526
39.007500 -10.885000 -6.825000 21945976562
47.145000 -18.725000 -3.255000 21946001533
50.592499 -21.350000 -3.237500 21946026566
48.772499 -20.299999 -5.897500 21946052633
43.697498 -11.165000 -11.672500 21946076470
34.055000 -7.962500 -14.752501 21946101529
28.420000 -5.110000 -6.825000 21946126584
23.852501 -4.515000 -1.855000 21946151571
22.207500 -7.035000 -3.797500 21946176561
22.540001 -11.462500 -0.350000 21946201534
21.245001 -14.840000 1.680000 21946226570
21.227501 -17.622499 4.602500 21946251568
18.112499 -18.497499 16.344999 21946276576
13.020000 -25.129999 21.787500 21946301565
11.392500 -31.395000 25.357500 21946326578
9.205000 -32.270000 30.135000 21946351569
-0.787500 -33.180000 27.335001 21946376571
-14.577500 -31.430000 12.652500 21946401575
-35.577499 -34.107502 9.380000 21946426573
-36.732502 -41.545002 14.070000 21946451568
-39.707500 -41.562500 15.820000 21946476588
-40.040001 -43.540001 10.535000 21946501569
-34.072498 -43.084999 0.367500 21946526572
-26.740000 -40.810001 -5.617500 21946551582
-21.840000 -44.134998 -3.727500 21946576564
-3.115000 -43.067501 4.970000 21946601562
-1.382500 -42.455002 1.487500 21946626719
0.507500 -37.240002 -8.085000 21946651568
-2.485000 -31.115000 -21.350000 21946677125
-1.417500 -31.815001 -25.917500 21946701560
0.752500 -26.915001 -27.895000 21946726573
2.800000 -22.627501 -32.392502 21946751567
3.745000 -22.102501 -32.357502 21946776525
6.282500 -18.602501 -32.007500 21946801567
4.427500 -15.575000 -36.820000 21946826554
2.940000 -16.764999 -44.799999 21946851566
3.482500 -18.602501 -53.357502 21946876523
4.585000 -17.219999 -56.385002 21946901564
5.565000 -19.705000 -55.807499 21946926523
3.412500 -19.372499 -52.832500 21946951571
1.242500 -21.000000 -55.125000 21946976564
1.277500 -16.485001 -52.709999 21947001572
0.525000 -10.167500 -50.557499 21947026536
-2.117500 -6.387500 -50.907501 21947051570
-3.920000 -1.977500 -44.064999 21947076526
-8.067500 -1.330000 -40.740002 21947101567
-7.227500 2.432500 -35.752499 21947126593
-3.535000 3.185000 -27.527500 21947151570
-0.542500 -0.717500 -18.165001 21947176559
2.782500 -4.042500 -13.107500 21947201566
5.705000 -6.597500 -11.270000 21947226593
7.647500 -8.715000 -8.820000 21947251561
8.785000 -9.257500 -4.182500 21947276558
7.875000 -6.160000 -3.325000 21947304804
6.212500 -4.672500 -3.570000 21947326576
4.515000 0.647500 -2.205000 21947351586
-1.242500 -1.085000 -0.735000 21947376570
-1.382500 -1.732500 3.605000 21947401573
-1.925000 0.927500 3.587500 21947426563
-1.032500 2.380000 4.952500 21947451584
-0.595000 1.207500 3.465000 21947476562
3.780000 -0.455000 2.467500 21947501570
8.102500 -1.977500 -0.087500 21947526580
10.727500 -0.525000 0.105000 21947551583
5.845000 0.105000 -1.592500 21947576561
5.005000 1.067500 -4.252500 21947601752
4.637500 -0.122500 -4.322500 21947626599
4.112500 -2.607500 -4.690000 21947651576
5.512500 -6.667500 -7.105000 21947676571
9.310000 -6.807500 -7.962500 21947701526
9.747500 -6.457500 -9.397500 21947726593
8.890000 -11.445000 -10.552500 21947751995
13.090000 -13.090000 -7.437500 21947776567
14.332500 -11.707500 -4.305000 21947801581
12.775000 -8.662500 -2.800000 21947826594
8.312500 -6.107500 -2.555000 21947851533
3.937500 -7.490000 -5.040000 21947876575
2.397500 4.112500 -8.085000 21947901568
4.585000 5.775000 -6.422500 21947926596
-1.400000 9.257500 -3.587500 21947951529
-4.742500 10.517500 -3.692500 21947976587
-3.640000 11.322500 1.242500 21948001522
-2.415000 4.690000 7.507500 21948026609
7.875000 -2.747500 5.757500 21948051563
15.767500 -2.345000 2.222500 21948076574
19.355000 -34.982502 -13.947500 21948101584
18.129999 -7.157500 -17.412500 21948126601
23.205000 -20.754999 -13.632500 21948151530
23.275000 -19.687500 -1.312500 21948176581
21.647501 -8.102500 13.020000 21948201565
8.050000 -0.577500 16.170000 21948226609
-28.227501 -1.260000 7.822500 21948251578
-37.450001 -2.432500 5.145000 21948276572
-31.780001 3.237500 5.705000 21948301564
-10.395000 20.492500 -3.517500 21948326591
-4.900000 51.625000 -13.772500 21948351563
-2.975000 65.275002 -16.870001 21948376585
-18.480000 26.985001 -14.962500 21948401564
-25.602501 -31.517500 -6.422500 21948426610
1.067500 -33.057499 -4.742500 21948451569
27.335001 -21.385000 1.802500 21948476568
31.097500 -12.425000 5.792500 21948501587
15.540000 -11.287500 5.180000 21948526675
13.300000 -11.707500 1.750000 21948551563
13.965000 -12.075000 -2.502500 21948576565
11.130000 -11.427500 -4.252500 21948601561
5.967500 -9.362500 -3.937500 21948627140
3.675000 -7.630000 -3.570000 21948651560
3.902500 -9.625000 -6.352500 21948676600
2.415000 -11.935000 -6.107500 21948701571
-4.375000 -5.652500 -2.765000 21948726569
-6.247500 -1.172500 -1.225000 21948751563
-4.917500 -3.517500 -1.680000 21948776544
