8.220000 5.580000 1.620000 21945287429
8.580000 5.340000 1.500000 21945312425
8.639999 5.280000 1.560000 21945337436
8.460000 5.340000 1.740000 21945362429
8.700000 5.340000 1.620000 21945387428
8.400000 5.400000 1.680000 21945412459
8.400000 5.280000 1.560000 21945437451
8.280000 5.640000 1.680000 21945462542
8.520000 5.160000 1.440000 21945487433
8.580000 5.340000 1.500000 21945512537
8.820000 5.460000 1.500000 21945537413
8.220000 5.460000 1.500000 21945562541
8.099999 5.340000 1.380000 21945587427
8.520000 5.160000 1.560000 21945612543
8.220000 5.340000 1.740000 21945637413
8.639999 5.520000 1.440000 21945662574
8.280000 5.280000 1.680000 21945687437
8.340000 5.220000 1.620000 21945712553
8.099999 4.980000 1.500000 21945737419
8.340000 5.100000 1.740000 21945762544
8.520000 5.160000 1.440000 21945787437
8.280000 5.400000 1.680000 21945812556
8.639999 5.400000 1.440000 21945837483
8.639999 5.160000 1.560000 21945862554
8.520000 4.920000 1.560000 21945887441
8.220000 5.460000 1.740000 21945912539
8.400000 5.040000 1.920000 21945937463
8.040000 4.920000 1.560000 21945962547
8.280000 5.160000 1.560000 21945987536
8.040000 4.800000 1.560000 21946012558
8.520000 4.680000 1.440000 21946037441
8.460000 5.100000 1.500000 21946062574
7.980000 4.620000 1.500000 21946087424
8.400000 4.800000 1.440000 21946112568
8.220000 4.860000 1.500000 21946137451
8.460000 4.380000 1.500000 21946162555
8.400000 4.800000 1.680000 21946187440
8.400000 4.920000 1.800000 21946212559
8.340000 4.740000 1.620000 21946237445
8.460000 4.620000 1.500000 21946262504
8.099999 4.500000 1.740000 21946287438
8.040000 4.560000 1.680000 21946312429
8.280000 4.560000 1.800000 21946337437
7.920000 4.560000 1.440000 21946362434
7.740000 4.140000 1.380000 21946387441
7.860000 4.500000 1.620000 21946412884
7.680000 4.440000 1.440000 21946437455
7.920000 4.320000 1.080000 21946462445
7.800000 4.560000 1.320000 21946487458
7.560000 4.440000 0.840000 21946512428
7.320000 4.680000 0.960000 21946537431
7.560000 4.560000 1.080000 21946562440
7.320000 4.920000 0.480000 21946587432
7.260000 4.500000 0.540000 21946612432
7.080000 4.680000 0.480000 21946637441
7.260000 4.620000 0.660000 21946662431
7.380000 4.740000 0.660000 21946687430
7.080000 4.920000 0.480000 21946712432
6.840000 4.680000 0.360000 21946737434
6.900000 4.980000 0.300000 21946762447
6.900000 4.980000 0.420000 21946787437
7.380000 4.980000 0.180000 21946812438
7.020000 4.860000 0.420000 21946837440
7.200000 5.040000 0.360000 21946862427
7.080000 5.280000 0.120000 21946887432
7.260000 5.220000 0.300000 21946912428
7.020000 5.100000 0.660000 21946937431
6.780000 5.220000 0.300000 21946962433
7.140000 5.340000 0.300000 21946987578
7.140000 5.580000 0.180000 21947012445
7.080000 5.640000 0.480000 21947037458
7.080000 5.760000 0.360000 21947062435
6.900000 5.940000 0.180000 21947087439
7.440000 6.000000 0.180000 21947112422
6.960000 6.120000 0.240000 21947137435
7.140000 6.300000 0.300000 21947162427
7.380000 6.060000 0.420000 21947187439
7.200000 6.120000 0.240000 21947212472
7.320000 6.120000 0.240000 21947237439
7.020000 5.820000 0.660000 21947262426
7.200000 6.120000 0.120000 21947287422
7.200000 6.480000 0.120000 21947312546
7.200000 6.120000 0.120000 21947337453
7.140000 6.060000 0.060000 21947362489
7.140000 6.300000 0.180000 21947387439
7.380000 6.300000 0.300000 21947412431
7.620000 6.060000 0.420000 21947437445
7.140000 6.300000 0.180000 21947462437
7.200000 6.240000 0.720000 21947487446
7.440000 6.120000 0.360000 21947512437
7.200000 6.120000 0.360000 21947537438
7.140000 6.060000 0.540000 21947562455
7.320000 6.120000 0.360000 21947587459
7.200000 5.880000 0.480000 21947612431
7.080000 6.000000 0.360000 21947637427
7.140000 5.940000 0.300000 21947662459
7.500000 5.940000 0.660000 21947687436
7.740000 6.060000 0.540000 21947712481
7.560000 5.760000 0.360000 21947737435
6.900000 6.180000 0.180000 21947762480
7.440000 6.120000 0.120000 21947787480
7.080000 6.120000 0.360000 21947812465
7.380000 5.820000 0.420000 21947837441
7.440000 6.000000 0.480000 21947862452
7.200000 6.000000 0.600000 21947887443
7.260000 5.820000 0.300000 21947912469
7.500000 5.940000 0.300000 21947937434
7.320000 6.120000 0.360000 21947962485
7.440000 6.120000 0.360000 21947987546
7.500000 5.940000 0.300000 21948012453
7.260000 6.180000 0.300000 21948037449
7.560000 5.760000 0.600000 21948062424
7.260000 6.180000 0.540000 21948087430
7.560000 6.000000 0.720000 21948112432
7.380000 6.180000 0.420000 21948137452
7.140000 6.180000 0.180000 21948162432
7.200000 6.120000 0.360000 21948187438
7.260000 6.060000 0.540000 21948212432
7.560000 6.000000 0.720000 21948237434
7.140000 6.180000 0.420000 21948262428
7.620000 6.300000 0.420000 21948287428
7.200000 6.240000 0.600000 21948312429
7.200000 6.000000 0.120000 21948337437
7.560000 6.000000 0.480000 21948362435
7.680000 6.120000 0.720000 21948387431
7.800000 6.360000 0.480000 21948412452
7.800000 6.240000 1.200000 21948437450
7.500000 6.300000 0.660000 21948462421
7.920000 6.120000 0.600000 21948487431
7.860000 6.060000 0.780000 21948512427
7.440000 6.120000 0.720000 21948537437
7.680000 6.240000 0.600000 21948562428
7.740000 5.820000 0.420000 21948587438
7.500000 6.060000 0.540000 21948612422
7.740000 6.300000 0.660000 21948637471
7.560000 5.880000 0.720000 21948662426
7.380000 6.060000 0.780000 21948687448
7.800000 6.120000 0.360000 21948712428
7.620000 6.060000 0.660000 21948737428
7.680000 6.000000 0.480000 21948762424
