0.049033 0.196133 9.836071 13273120518
0.078453 0.166713 9.826264 13273145491
0.049033 0.196133 9.826264 13273170519
0.039227 0.186326 9.826264 13273195498
0.068647 0.166713 9.885104 13273220517
0.068647 0.137293 9.836071 13273245488
0.039227 0.147100 9.875298 13273270517
0.049033 0.137293 9.894911 13273295507
0.029420 0.147100 9.894911 13273320571
0.019613 0.147100 9.845878 13273345477
-0.902212 -0.186326 9.816459 13273370518
-0.313813 -0.107873 9.943945 13273395507
-0.215746 -0.078453 9.767425 13273420517
-0.088260 -0.039227 9.865492 13273445494
0.009807 0.019613 9.836071 13273470517
0.127486 0.166713 9.875298 13273495743
0.078453 0.137293 9.816459 13273520513
0.049033 0.078453 10.012591 13273545523
0.127486 0.098067 9.924331 13273570512
0.068647 0.176520 9.806651 13273595519
0.039227 0.039227 9.855684 13273620514
0.009807 -0.009807 9.826264 13273645501
-0.068647 -0.049033 9.953751 13273670523
0.019613 -0.117680 9.826264 13273695518
0.058840 0.078453 9.885104 13273720525
-0.049033 0.078453 9.845878 13273745502
-0.186326 0.009807 9.845878 13273770515
-0.098067 0.009807 9.953751 13273795515
-0.029420 0.098067 9.836071 13273820517
-0.039227 0.176520 9.855684 13273845494
0.186326 0.392266 9.865492 13273870514
0.068647 0.294200 9.875298 13273895520
0.088260 0.304006 9.855684 13273920519
0.098067 0.304006 9.836071 13273945495
0.009807 0.215746 9.855684 13273970522
-0.039227 0.205940 9.875298 13273995514
0.029420 0.313813 9.914525 13274020520
0.058840 0.284393 9.855684 13274045501
0.078453 0.333426 9.953751 13274070512
-0.029420 0.186326 9.914525 13274095519
0.039227 0.117680 9.875298 13274120520
0.049033 0.137293 9.875298 13274145496
0.078453 0.225553 9.757618 13274170513
0.166713 0.451106 9.777231 13274195514
0.068647 0.362846 9.806651 13274220521
-0.009807 0.304006 9.806651 13274245495
0.078453 0.313813 9.845878 13274270516
0.088260 0.254973 9.777231 13274295519
0.068647 0.254973 9.845878 13274320513
0.029420 0.215746 9.806651 13274345495
-0.009807 0.147100 9.757618 13274370513
-0.009807 0.147100 9.934137 13274395520
-0.049033 0.088260 9.914525 13274420523
-0.039227 0.058840 9.885104 13274445499
0.078453 0.147100 9.855684 13274470516
0.019613 0.274586 9.845878 13274495512
0.137293 0.284393 9.757618 13274520512
0.107873 0.294200 9.826264 13274545497
0.058840 0.284393 9.738005 13274570519
0.254973 0.343233 9.943945 13274595518
0.176520 0.402073 9.885104 13274620519
0.264780 0.392266 9.845878 13274645499
0.098067 0.372653 9.787038 13274672037
0.147100 0.421686 9.787038 13274695532
0.049033 0.284393 9.757618 13274720524
-0.019613 0.382459 9.836071 13274745527
0.098067 0.294200 9.953751 13274770531
0.049033 0.186326 9.826264 13274795520
0.088260 0.088260 9.894911 13274820517
0.098067 0.078453 9.914525 13274845498
0.068647 0.166713 9.875298 13274870515
0.039227 0.088260 9.875298 13274895511
0.049033 0.088260 10.012591 13274920522
0.009807 -0.068647 9.963558 13274945530
0.205940 -0.009807 9.973364 13274970513
-0.009807 -0.009807 10.002784 13274995568
0.049033 0.166713 9.894911 13275020518
-0.107873 0.284393 9.757618 13275045530
-0.490333 1.000278 10.051817 13275070516
-0.480526 0.804145 9.826264 13275095616
-0.205940 0.558979 9.688972 13275120514
-0.068647 0.421686 9.806651 13275145494
0.274586 0.245166 9.816459 13275170514
0.284393 0.284393 9.767425 13275195501
0.353039 1.029698 9.522259 13275220515
0.205940 0.617819 9.855684 13275245494
-0.088260 0.235360 9.620325 13275270517
-0.156906 0.205940 9.816459 13275295503
-0.156906 0.254973 9.865492 13275320514
0.166713 0.294200 9.904717 13275345499
0.215746 0.304006 9.875298 13275370513
0.196133 0.225553 9.836071 13275395497
0.245166 0.225553 9.894911 13275420513
0.431493 0.343233 9.973364 13275445495
0.392266 0.333426 9.855684 13275470509
0.353039 0.411879 9.914525 13275495503
0.254973 0.372653 9.963558 13275520515
-0.137293 0.205940 9.983171 13275545490
-0.274586 0.353039 9.885104 13275570512
-0.304006 0.411879 9.894911 13275595499
-0.205940 0.333426 9.953751 13275620524
-0.205940 0.245166 9.865492 13275645493
-0.186326 0.254973 9.806651 13275670511
-0.098067 0.333426 9.816459 13275695502
0.019613 0.402073 9.875298 13275720518
-0.009807 0.147100 9.924331 13275745489
-0.039227 0.058840 9.983171 13275770518
0.068647 0.117680 9.983171 13275795506
0.147100 0.313813 9.855684 13275820526
0.039227 0.196133 9.777231 13275845488
0.039227 0.058840 9.787038 13275870525
0.058840 0.117680 9.885104 13275895500
0.009807 0.245166 9.943945 13275920520
0.009807 0.539366 9.953751 13275945482
0.039227 0.480526 10.002784 13275970553
0.127486 0.372653 9.885104 13275995499
0.215746 0.519753 9.934137 13276020516
-0.029420 0.362846 9.806651 13276045494
0.009807 0.411879 9.826264 13276070584
0.009807 0.362846 9.777231 13276095499
-0.088260 0.323619 9.610518 13276120521
-0.254973 0.411879 9.767425 13276145500
-0.500139 0.451106 9.541871 13276170524
-0.676659 0.598206 9.826264 13276195496
-0.558979 0.205940 9.943945 13276220513
-0.353039 0.039227 9.904717 13276245488
-0.186326 0.019613 9.943945 13276270514
-0.049033 0.205940 9.865492 13276295495
0.382459 0.127486 9.875298 13276320568
0.441299 0.245166 9.924331 13276345492
0.362846 0.284393 9.855684 13276370525
0.500139 0.431493 9.845878 13276395489
0.402073 0.039227 9.826264 13276420519
0.196133 -0.009807 9.826264 13276445493
-0.088260 0.068647 9.914525 13276470521
-0.460913 0.039227 9.816459 13276495535
-0.608012 0.274586 9.767425 13276520520
-0.460913 0.411879 9.738005 13276545492
-0.245166 0.451106 9.777231 13276570515
-0.313813 0.323619 9.620325 13276595515
-0.264780 0.333426 9.630132 13276620530
-0.186326 0.333426 9.816459 13276645524
-0.137293 0.392266 9.738005 13276670517
-0.068647 0.343233 9.757618 13276695527
-0.117680 0.382459 9.885104 13276720515
-0.088260 0.343233 9.875298 13276745472
-0.235360 0.323619 9.875298 13276770506
-0.313813 0.421686 9.845878 13276795519
-0.235360 0.431493 9.787038 13276820520
-0.107873 0.343233 9.796844 13276845496
-0.049033 0.333426 9.796844 13276870551
-0.019613 0.205940 9.816459 13276895520
-0.029420 0.205940 9.806651 13276920522
0.058840 0.343233 9.865492 13276945491
0.039227 0.313813 9.894911 13276970516
-0.215746 0.215746 9.914525 13276995503
-0.245166 0.166713 9.904717 13277020517
-0.078453 0.235360 9.904717 13277045520
0.009807 0.225553 9.914525 13277070509
-0.049033 0.215746 9.943945 13277095519
-0.117680 0.313813 9.983171 13277120519
-0.205940 0.313813 9.875298 13277145497
-0.353039 0.205940 9.855684 13277170520
0.117680 -0.107873 10.091044 13277195518
-0.117680 -0.039227 10.110658 13277220518
-0.608012 0.225553 10.051817 13277250588
-0.853179 0.284393 10.061625 13277270557
-0.529559 0.392266 9.836071 13277295530
-0.254973 0.421686 9.973364 13277320530
-0.117680 0.470719 9.855684 13277345528
-0.088260 0.588399 9.914525 13277370525
0.029420 0.323619 9.816459 13277395521
0.156906 0.362846 9.787038 13277420524
0.225553 0.470719 9.836071 13277445529
0.137293 0.392266 9.826264 13277470535
-0.049033 0.068647 9.777231 13277495529
-0.156906 0.127486 10.718670 13277520526
-0.127486 -0.058840 10.385243 13277545547
0.117680 -0.196133 10.355824 13277570528
0.147100 -0.215746 10.081238 13277595527
0.147100 -0.127486 9.963558 13277620531
0.147100 -0.039227 10.189111 13277645518
-0.039227 -0.068647 9.639938 13277670548
-0.068647 -0.117680 9.914525 13277695534
0.058840 0.196133 9.845878 13277720544
0.009807 0.441299 9.943945 13277745530
-0.049033 0.392266 9.885104 13277770526
-0.039227 0.294200 9.845878 13277795524
0.029420 0.372653 9.659552 13277820529
-0.009807 0.372653 9.943945 13277845531
0.039227 0.460913 9.914525 13277870531
-0.029420 0.333426 9.904717 13277895528
0.029420 0.274586 9.845878 13277920527
-0.019613 0.196133 9.836071 13277945534
0.098067 0.127486 9.796844 13277970526
0.098067 0.049033 9.875298 13277995553
0.068647 0.127486 9.953751 13278020522
0.068647 0.294200 9.894911 13278045497
0.186326 0.098067 9.698778 13278070516
0.058840 0.137293 10.022397 13278095509
0.156906 0.225553 9.894911 13278120527
0.088260 0.431493 10.179304 13278145498
0.196133 0.245166 10.042011 13278170521
0.147100 0.147100 10.130271 13278195510
0.480526 0.294200 9.335932 13278220526
0.235360 0.009807 9.845878 13278245497
0.156906 -0.009807 9.845878 13278270519
0.186326 -0.009807 9.904717 13278295509
0.107873 0.029420 9.943945 13278320517
0.147100 0.166713 9.787038 13278345498
0.176520 0.078453 9.855684 13278370514
0.323619 0.137293 9.747811 13278395514
0.353039 0.088260 9.757618 13278420553
0.333426 -0.019613 9.943945 13278445523
-0.009807 0.009807 10.120463 13278470527
-0.186326 -0.117680 9.453611 13278495520
-0.205940 -0.029420 9.757618 13278520535
0.225553 0.019613 9.688972 13278545529
0.362846 0.019613 9.767425 13278570527
0.147100 0.156906 9.816459 13278595527
0.107873 0.215746 9.934137 13278620526
0.166713 -0.049033 9.816459 13278645525
0.117680 -0.039227 9.875298 13278670519
0.068647 -0.019613 9.914525 13278695526
-0.039227 0.166713 9.894911 13278720530
-0.078453 0.235360 9.875298 13278745527
-0.078453 0.029420 9.924331 13278770506
0.068647 -0.039227 9.953751 13278795520
0.039227 -0.039227 9.816459 13278820518
-0.009807 -0.029420 9.943945 13278845526
-0.068647 -0.176520 9.963558 13278870516
-0.049033 -0.117680 9.943945 13278895528
-0.117680 -0.029420 9.845878 13278920526
-0.186326 -0.049033 9.904717 13278945525
-0.137293 0.147100 9.894911 13278970517
-0.254973 0.176520 9.875298 13278995527
-0.078453 0.098067 9.845878 13279020502
-0.078453 0.098067 9.953751 13279045522
-0.009807 0.215746 9.787038 13279070515
-0.068647 0.264780 9.865492 13279095527
0.049033 0.156906 9.796844 13279120529
0.009807 0.264780 9.845878 13279145527
0.019613 0.156906 9.806651 13279170514
0.186326 0.098067 9.826264 13279195530
0.029420 0.304006 9.924331 13279220525
0.009807 0.392266 9.894911 13279245527
0.068647 0.274586 9.914525 13279270512
0.058840 0.078453 9.885104 13279295524
0.029420 0.127486 9.855684 13279320526
-0.068647 0.245166 9.924331 13279345532
-0.058840 0.235360 9.747811 13279370527
-0.088260 0.068647 9.826264 13279395532
-0.137293 0.088260 9.904717 13279420522
-0.058840 0.304006 9.914525 13279445530
-0.107873 0.333426 9.953751 13279470523
-0.107873 0.333426 9.914525 13279495506
0.058840 0.254973 9.924331 13279520931
0.088260 0.225553 9.865492 13279545531
0.078453 0.264780 9.826264 13279570519
0.019613 0.156906 9.845878 13279595532
0.049033 0.088260 9.787038 13279620521
0.039227 0.137293 9.826264 13279645529
0.029420 0.009807 9.855684 13279670527
-0.009807 0.088260 9.806651 13279695535
-0.009807 0.107873 9.816459 13279720546
-0.029420 0.098067 9.836071 13279745525
-0.009807 0.117680 9.826264 13279770573
0.009807 0.068647 9.757618 13279795532
0.019613 0.166713 9.806651 13279820509
-0.019613 0.205940 9.836071 13279845529
-0.107873 0.196133 9.796844 13279870518
-0.205940 0.294200 9.855684 13279895534
-0.117680 0.127486 9.855684 13279920513
-0.058840 -0.029420 9.885104 13279945525
-0.058840 -0.029420 9.875298 13279970489
-0.058840 0.098067 9.855684 13279995513
-0.068647 0.117680 9.855684 13280020507
-0.068647 0.284393 9.806651 13280045533
-0.019613 0.176520 9.826264 13280070575
0.049033 0.029420 9.924331 13280095523
