-1.920000 -1.200000 -1.680000 13273140422
-1.680000 -1.560000 -1.680000 13273165234
-1.800000 -1.200000 -2.040000 13273190430
-1.680000 -1.560000 -1.560000 13273215455
-2.100000 -1.020000 -1.860000 13273240431
-1.800000 -0.720000 -1.560000 13273265230
-1.680000 -1.200000 -1.080000 13273290419
-1.620000 -1.260000 -1.380000 13273315432
-1.560000 -1.200000 -1.680000 13273340474
-1.800000 -1.320000 -1.560000 13273365239
-1.920000 -1.320000 -1.680000 13273390442
-1.680000 -1.080000 -1.200000 13273415456
-1.800000 -1.320000 -1.680000 13273440445
-1.860000 -1.500000 -1.500000 13273465239
-1.860000 -1.260000 -1.380000 13273490456
-1.980000 -1.140000 -1.620000 13273515446
-2.280000 -1.440000 -1.800000 13273540488
-2.220000 -1.260000 -1.860000 13273565232
-2.400000 -1.320000 -1.320000 13273590243
-2.280000 -1.320000 -1.560000 13273615434
-2.400000 -1.320000 -1.680000 13273640229
-2.640000 -1.200000 -1.560000 13273665229
-3.300000 -1.500000 -1.260000 13273690231
-3.300000 -1.500000 -1.740000 13273715429
-2.940000 -1.140000 -1.380000 13273740259
-3.480000 -1.560000 -1.800000 13273765237
-4.020000 -1.860000 -1.500000 13273790237
-3.840000 -1.800000 -1.440000 13273815438
-3.720000 -1.680000 -1.200000 13273840237
-4.320000 -2.040000 -1.440000 13273865245
-4.500000 -1.980000 -1.260000 13273890239
-4.380000 -2.220000 -1.500000 13273915439
-4.620000 -2.340000 -1.740000 13273940255
-4.560000 -2.520000 -1.680000 13273965231
-4.560000 -2.640000 -1.320000 13273990249
-4.440000 -2.760000 -1.560000 13274015467
-4.860000 -2.460000 -1.500000 13274040229
-4.920000 -2.880000 -1.560000 13274065227
-4.980000 -2.700000 -1.620000 13274090232
-4.740000 -2.580000 -1.620000 13274115432
-4.920000 -3.120000 -1.680000 13274140229
-4.860000 -3.180000 -1.380000 13274165227
-5.100000 -3.180000 -1.740000 13274190240
-5.100000 -3.540000 -1.380000 13274215437
-5.400000 -3.600000 -1.560000 13274240236
-5.400000 -3.360000 -1.560000 13274265257
-5.580000 -3.660000 -1.500000 13274290240
-5.220000 -4.140000 -1.620000 13274315442
-5.520000 -3.720000 -1.320000 13274340241
-5.280000 -4.320000 -1.680000 13274365235
-5.700000 -4.140000 -1.500000 13274390241
-5.520000 -4.560000 -1.200000 13274415442
-5.400000 -4.320000 -1.440000 13274440243
-5.460000 -4.380000 -1.620000 13274465233
-5.580000 -4.740000 -1.740000 13274490237
-5.640000 -4.560000 -1.560000 13274515437
-5.400000 -4.680000 -1.560000 13274540239
-5.640000 -5.040000 -1.680000 13274565230
-5.820000 -5.100000 -1.500000 13274590235
-5.640000 -4.800000 -1.320000 13274615435
-5.760000 -5.520000 -1.560000 13274640237
-5.700000 -5.340000 -1.500000 13274665240
-5.640000 -5.280000 -1.440000 13274690297
-5.640000 -5.400000 -1.560000 13274715270
-5.220000 -5.820000 -1.380000 13274740250
-5.760000 -5.640000 -1.320000 13274765245
-5.640000 -6.000000 -1.560000 13274790240
-5.700000 -6.300000 -1.500000 13274815449
-5.520000 -6.480000 -1.440000 13274840246
-5.520000 -6.120000 -1.440000 13274865253
-5.460000 -6.540000 -1.500000 13274890246
-5.400000 -6.480000 -1.320000 13274915454
-5.100000 -7.020000 -1.500000 13274940256
-5.580000 -6.780000 -1.500000 13274965243
-5.100000 -7.260000 -1.380000 13274990252
-5.040000 -7.080000 -1.080000 13275015461
-5.100000 -7.260000 -1.500000 13275040238
-4.800000 -7.560000 -1.200000 13275065228
-4.860000 -7.620000 -1.380000 13275090236
-4.980000 -7.620000 -1.380000 13275115437
-4.980000 -7.740000 -1.140000 13275140241
-4.860000 -7.980000 -1.260000 13275165228
-4.680000 -7.920000 -1.200000 13275190244
-4.740000 -7.980000 -1.380000 13275215439
-4.680000 -7.920000 -1.320000 13275240238
-4.860000 -8.099999 -1.500000 13275265230
-4.860000 -8.099999 -1.500000 13275290236
-4.620000 -8.340000 -1.620000 13275315429
-4.320000 -8.280000 -1.440000 13275340233
-4.620000 -8.220000 -1.380000 13275365247
-4.620000 -8.220000 -1.500000 13275390240
-4.080000 -8.520000 -1.560000 13275415436
-4.080000 -8.639999 -1.320000 13275440241
-4.200000 -8.639999 -1.320000 13275465253
-3.840000 -8.520000 -1.560000 13275490237
-4.080000 -8.880000 -0.960000 13275515441
-3.960000 -8.760000 -1.680000 13275540259
-4.020000 -9.059999 -1.380000 13275565239
-3.480000 -9.000000 -1.200000 13275590244
-3.660000 -9.300000 -1.140000 13275615434
-3.780000 -9.179999 -1.500000 13275640247
-3.120000 -9.240000 -1.560000 13275665229
-3.300000 -9.540000 -1.620000 13275690237
-3.060000 -9.540000 -1.020000 13275715435
-3.060000 -9.179999 -1.140000 13275740250
-2.940000 -9.540000 -1.740000 13275765237
-2.700000 -9.780000 -1.380000 13275790239
-2.460000 -9.540000 -1.380000 13275815438
-2.340000 -10.020000 -1.260000 13275840243
-2.280000 -9.599999 -1.200000 13275865231
-2.220000 -9.900000 -1.500000 13275890240
-2.280000 -9.719999 -1.200000 13275915439
-1.800000 -9.719999 -1.200000 13275940245
-1.740000 -9.780000 -1.500000 13275965222
-1.500000 -9.780000 -1.140000 13275990263
-1.560000 -9.960000 -1.560000 13276015564
-1.020000 -10.020000 -1.380000 13276040343
-1.200000 -9.599999 -1.200000 13276065331
-1.020000 -10.020000 -1.260000 13276090230
-0.900000 -10.139999 -1.500000 13276115545
-0.660000 -10.260000 -1.020000 13276140241
-0.780000 -9.900000 -1.380000 13276165345
-0.600000 -10.200000 -1.320000 13276190230
-0.120000 -9.960000 -1.200000 13276215549
-0.600000 -9.960000 -1.200000 13276240238
-0.180000 -9.900000 -1.380000 13276265352
-0.420000 -10.020000 -1.140000 13276290240
-0.180000 -10.020000 -1.620000 13276315340
0.120000 -9.840000 -1.560000 13276340244
0.060000 -10.020000 -1.380000 13276365343
0.540000 -9.900000 -1.260000 13276390208
0.420000 -9.780000 -1.140000 13276415559
0.240000 -9.960000 -1.440000 13276440241
0.600000 -9.960000 -1.200000 13276465335
0.900000 -9.780000 -1.380000 13276490243
1.200000 -9.960000 -1.560000 13276515665
1.500000 -9.780000 -1.380000 13276540247
1.200000 -9.480000 -1.440000 13276565366
1.740000 -9.660000 -1.380000 13276590239
1.620000 -9.300000 -1.500000 13276615570
1.680000 -9.480000 -1.560000 13276640252
1.980000 -9.179999 -1.260000 13276665349
1.980000 -8.940000 -1.260000 13276690237
1.920000 -8.880000 -1.200000 13276715557
2.220000 -8.820000 -1.620000 13276740236
2.160000 -9.120000 -1.320000 13276765349
2.160000 -9.000000 -0.960000 13276790237
2.220000 -8.820000 -1.380000 13276815544
2.040000 -8.760000 -1.320000 13276840232
2.220000 -8.820000 -1.380000 13276865345
2.160000 -8.880000 -1.440000 13276890226
2.100000 -8.820000 -1.500000 13276915586
2.580000 -8.820000 -1.260000 13276940234
2.400000 -8.760000 -1.680000 13276965360
2.400000 -8.760000 -1.440000 13276990236
2.340000 -8.460000 -1.500000 13277015575
2.400000 -8.520000 -1.440000 13277040233
2.460000 -8.460000 -1.260000 13277065344
2.220000 -8.460000 -1.140000 13277090228
2.520000 -8.400000 -1.200000 13277115558
2.760000 -8.400000 -1.560000 13277140243
2.820000 -8.220000 -1.380000 13277165347
2.340000 -8.340000 -1.740000 13277190238
2.580000 -8.460000 -1.140000 13277215574
2.700000 -8.099999 -1.380000 13277240233
2.880000 -7.920000 -1.320000 13277265390
3.120000 -7.920000 -1.560000 13277290242
2.940000 -7.980000 -1.500000 13277315591
2.880000 -7.680000 -1.560000 13277340240
2.760000 -7.800000 -1.320000 13277365360
3.300000 -7.500000 -1.260000 13277390251
3.000000 -7.560000 -1.440000 13277415574
3.060000 -7.140000 -1.380000 13277440258
3.180000 -7.500000 -1.140000 13277465375
3.300000 -7.140000 -1.260000 13277490254
3.360000 -7.320000 -1.440000 13277515591
3.060000 -7.140000 -1.740000 13277540790
3.060000 -7.140000 -1.620000 13277565386
3.180000 -6.780000 -1.260000 13277590258
3.240000 -6.840000 -1.680000 13277615580
3.120000 -6.600000 -1.560000 13277640241
3.360000 -6.360000 -1.560000 13277665362
3.180000 -6.180000 -1.500000 13277690246
3.240000 -6.240000 -1.440000 13277715226
3.240000 -6.120000 -1.080000 13277740257
3.180000 -5.820000 -1.380000 13277765367
3.180000 -5.700000 -1.260000 13277790272
3.300000 -5.580000 -1.500000 13277815580
3.420000 -5.700000 -1.500000 13277840247
3.660000 -5.460000 -1.500000 13277865375
3.360000 -5.280000 -1.680000 13277890244
3.120000 -5.160000 -1.680000 13277915588
3.120000 -4.800000 -1.680000 13277940255
3.000000 -4.800000 -1.560000 13277965375
2.880000 -4.800000 -1.680000 13277992396
3.120000 -4.560000 -1.800000 13278015389
3.180000 -4.380000 -1.500000 13278040253
2.700000 -4.500000 -1.500000 13278065373
3.420000 -3.900000 -1.620000 13278090244
2.940000 -4.140000 -1.620000 13278115374
2.520000 -4.080000 -1.560000 13278140239
2.640000 -3.960000 -1.800000 13278165363
2.460000 -3.660000 -1.620000 13278190241
2.460000 -3.540000 -1.620000 13278215568
2.580000 -3.300000 -1.740000 13278240242
2.880000 -3.480000 -1.920000 13278265350
2.160000 -3.360000 -1.560000 13278290233
2.640000 -3.480000 -1.560000 13278315573
2.520000 -3.600000 -1.560000 13278340247
2.400000 -3.600000 -1.800000 13278365234
2.340000 -3.180000 -1.860000 13278390244
2.400000 -3.360000 -1.560000 13278415453
2.460000 -3.060000 -1.500000 13278440252
2.520000 -3.120000 -1.680000 13278465238
2.340000 -3.300000 -1.740000 13278490251
2.520000 -3.000000 -1.560000 13278515449
2.280000 -3.240000 -1.440000 13278540251
2.460000 -3.060000 -1.500000 13278565226
2.280000 -3.120000 -1.560000 13278590237
2.280000 -3.120000 -1.680000 13278615441
2.280000 -3.120000 -1.680000 13278640241
2.460000 -2.820000 -1.620000 13278665224
1.980000 -2.940000 -1.380000 13278690266
2.460000 -2.700000 -1.620000 13278715590
2.280000 -2.760000 -1.680000 13278740240
2.160000 -2.640000 -1.680000 13278765236
2.040000 -2.640000 -1.680000 13278790242
2.160000 -2.640000 -1.560000 13278815436
2.040000 -2.760000 -1.560000 13278840246
1.800000 -2.640000 -1.920000 13278865237
2.160000 -2.520000 -1.800000 13278890239
1.800000 -2.160000 -1.560000 13278915440
1.320000 -2.520000 -1.560000 13278940242
1.560000 -2.400000 -1.680000 13278965241
1.380000 -2.340000 -1.740000 13278990243
1.560000 -2.040000 -1.680000 13279015480
1.320000 -2.040000 -1.560000 13279040245
1.320000 -2.160000 -1.560000 13279065221
1.200000 -1.680000 -1.800000 13279090250
1.140000 -1.620000 -1.500000 13279115235
1.020000 -1.740000 -1.620000 13279140249
1.020000 -2.220000 -1.500000 13279165344
0.960000 -1.680000 -1.560000 13279190247
0.780000 -1.860000 -1.380000 13279215568
0.960000 -1.800000 -1.800000 13279240245
0.660000 -1.620000 -1.740000 13279265337
0.420000 -1.740000 -1.740000 13279290239
0.480000 -1.680000 -1.680000 13279315556
0.240000 -1.560000 -1.320000 13279340253
0.360000 -2.040000 -2.040000 13279365353
0.360000 -1.320000 -1.680000 13279390237
-0.120000 -1.320000 -1.440000 13279415566
-0.360000 -1.560000 -1.440000 13279440239
-0.240000 -1.560000 -1.680000 13279465342
-0.180000 -1.260000 -1.380000 13279490254
-0.540000 -1.260000 -1.860000 13279515555
-0.420000 -1.500000 -1.500000 13279540245
-0.900000 -1.260000 -1.500000 13279565342
-0.660000 -1.140000 -1.620000 13279590239
-0.780000 -1.260000 -1.740000 13279615521
-0.720000 -1.200000 -1.440000 13279640243
-0.900000 -1.020000 -1.740000 13279665364
-1.020000 -1.260000 -1.620000 13279690243
-1.200000 -1.320000 -1.560000 13279715656
-0.960000 -1.080000 -1.680000 13279740261
-1.200000 -1.080000 -1.320000 13279765357
-1.140000 -1.380000 -1.500000 13279790239
-1.320000 -1.200000 -1.440000 13279815561
-1.080000 -0.960000 -1.440000 13279840239
-1.440000 -0.960000 -1.200000 13279865357
-1.620000 -1.140000 -1.740000 13279890240
-1.500000 -1.140000 -1.860000 13279915571
-1.800000 -1.080000 -1.560000 13279940252
-1.620000 -1.260000 -1.500000 13279965357
-1.620000 -1.380000 -1.620000 13279990254
-1.620000 -1.020000 -1.740000 13280015591
-1.800000 -1.200000 -1.680000 13280040247
-1.920000 -1.320000 -1.920000 13280065363
-1.740000 -1.260000 -1.620000 13280090239
-1.620000 -1.020000 -1.380000 13280115372
