0.000000 13273120518
0.000000 13273145491
0.000000 13273170519
0.000000 13273195498
0.000000 13273220517
0.000000 13273245488
0.000000 13273270517
0.000000 13273295507
0.000000 13273320571
0.000000 13273345477
0.000000 13273370518
0.000000 13273395507
0.000000 13273420517
0.000000 13273445494
0.000000 13273470517
0.000000 13273495743
0.000000 13273520513
0.000000 13273545523
0.000000 13273570512
0.000000 13273595519
0.000000 13273620514
0.000000 13273645501
0.000000 13273670523
0.000000 13273695518
0.000000 13273720525
0.000000 13273745502
0.000000 13273770515
0.000000 13273795515
0.000000 13273820517
0.000000 13273845494
0.000000 13273870514
0.000000 13273895520
0.000000 13273920519
0.000000 13273945495
0.000000 13273970522
0.000000 13273995514
0.000000 13274020520
0.000000 13274045501
0.000000 13274070512
0.000000 13274095519
0.000000 13274120520
0.000000 13274145496
0.000000 13274170513
0.000000 13274195514
0.000000 13274220521
0.000000 13274245495
0.000000 13274270516
0.000000 13274295519
0.000000 13274320513
0.000000 13274345495
0.000000 13274370513
0.000000 13274395520
0.000000 13274420523
0.000000 13274445499
0.000000 13274470516
0.000000 13274495512
0.000000 13274520512
0.000000 13274545497
0.000000 13274570519
0.000000 13274595518
0.000000 13274620519
0.000000 13274645499
0.000000 13274672037
0.000000 13274695532
0.000000 13274720524
0.000000 13274745527
0.000000 13274770531
0.000000 13274795520
0.000000 13274820517
0.000000 13274845498
0.000000 13274870515
0.000000 13274895511
0.000000 13274920522
0.000000 13274945530
0.000000 13274970513
0.000000 13274995568
0.000000 13275020518
0.000000 13275045530
0.000000 13275070516
0.000000 13275095616
0.000000 13275120514
0.000000 13275145494
0.000000 13275170514
0.000000 13275195501
0.000000 13275220515
0.000000 13275245494
0.000000 13275270517
0.000000 13275295503
0.000000 13275320514
0.000000 13275345499
0.000000 13275370513
0.000000 13275395497
0.000000 13275420513
0.000000 13275445495
0.000000 13275470509
0.000000 13275495503
0.000000 13275520515
0.000000 13275545490
0.000000 13275570512
0.000000 13275595499
0.000000 13275620524
0.000000 13275645493
0.000000 13275670511
0.000000 13275695502
0.000000 13275720518
0.000000 13275745489
0.000000 13275770518
0.000000 13275795506
0.000000 13275820526
0.000000 13275845488
0.000000 13275870525
0.000000 13275895500
0.000000 13275920520
0.000000 13275945482
0.000000 13275970553
0.000000 13275995499
0.000000 13276020516
0.000000 13276045494
0.000000 13276070584
0.000000 13276095499
0.000000 13276120521
0.000000 13276145500
0.000000 13276170524
0.000000 13276195496
0.000000 13276220513
0.000000 13276245488
0.000000 13276270514
0.000000 13276295495
0.000000 13276320568
0.000000 13276345492
0.000000 13276370525
0.000000 13276395489
0.000000 13276420519
0.000000 13276445493
0.000000 13276470521
0.000000 13276495535
0.000000 13276520520
0.000000 13276545492
0.000000 13276570515
0.000000 13276595515
0.000000 13276620530
0.000000 13276645524
0.000000 13276670517
0.000000 13276695527
0.000000 13276720515
0.000000 13276745472
0.000000 13276770506
0.000000 13276795519
0.000000 13276820520
0.000000 13276845496
0.000000 13276870551
0.000000 13276895520
0.000000 13276920522
0.000000 13276945491
0.000000 13276970516
0.000000 13276995503
0.000000 13277020517
0.000000 13277045520
0.000000 13277070509
0.000000 13277095519
0.000000 13277120519
0.000000 13277145497
0.000000 13277170520
0.000000 13277195518
0.000000 13277220518
0.000000 13277250588
0.000000 13277270557
0.000000 13277295530
0.000000 13277320530
0.000000 13277345528
0.000000 13277370525
0.000000 13277395521
0.000000 13277420524
0.000000 13277445529
0.000000 13277470535
0.000000 13277495529
0.000000 13277520526
0.000000 13277545547
0.000000 13277570528
0.000000 13277595527
0.000000 13277620531
0.000000 13277645518
0.000000 13277670548
0.000000 13277695534
0.000000 13277720544
0.000000 13277745530
0.000000 13277770526
0.000000 13277795524
0.000000 13277820529
0.000000 13277845531
0.000000 13277870531
0.000000 13277895528
0.000000 13277920527
0.000000 13277945534
0.000000 13277970526
0.000000 13277995553
0.000000 13278020522
0.000000 13278045497
0.000000 13278070516
0.000000 13278095509
0.000000 13278120527
0.000000 13278145498
0.000000 13278170521
0.000000 13278195510
0.000000 13278220526
0.000000 13278245497
0.000000 13278270519
0.000000 13278295509
0.000000 13278320517
0.000000 13278345498
0.000000 13278370514
0.000000 13278395514
0.000000 13278420553
0.000000 13278445523
0.000000 13278470527
0.000000 13278495520
0.000000 13278520535
0.000000 13278545529
0.000000 13278570527
0.000000 13278595527
0.000000 13278620526
0.000000 13278645525
0.000000 13278670519
0.000000 13278695526
0.000000 13278720530
0.000000 13278745527
0.000000 13278770506
0.000000 13278795520
0.000000 13278820518
0.000000 13278845526
0.000000 13278870516
0.000000 13278895528
0.000000 13278920526
0.000000 13278945525
0.000000 13278970517
0.000000 13278995527
0.000000 13279020502
0.000000 13279045522
0.000000 13279070515
0.000000 13279095527
0.000000 13279120529
0.000000 13279145527
0.000000 13279170514
0.000000 13279195530
0.000000 13279220525
0.000000 13279245527
0.000000 13279270512
0.000000 13279295524
0.000000 13279320526
0.000000 13279345532
0.000000 13279370527
0.000000 13279395532
0.000000 13279420522
0.000000 13279445530
0.000000 13279470523
0.000000 13279495506
0.000000 13279520931
0.000000 13279545531
0.000000 13279570519
0.000000 13279595532
0.000000 13279620521
0.000000 13279645529
0.000000 13279670527
0.000000 13279695535
0.000000 13279720546
0.000000 13279745525
0.000000 13279770573
0.000000 13279795532
0.000000 13279820509
0.000000 13279845529
0.000000 13279870518
0.000000 13279895534
0.000000 13279920513
0.000000 13279945525
0.000000 13279970489
0.000000 13279995513
0.000000 13280020507
0.000000 13280045533
0.000000 13280070575
0.000000 13280095523
