-0.385000 -5.197500 -3.027500 22537927093
-0.297500 -4.410000 -2.065000 22537952674
1.802500 -4.095000 0.735000 22537977099
5.320000 -4.567500 0.805000 22538002084
11.182500 -8.767500 -2.660000 22538027099
6.457500 -13.842500 -5.040000 22538052092
1.260000 -16.905001 -6.615000 22538077095
-2.205000 -12.565000 -4.742500 22538102085
-0.367500 -10.780000 -4.497500 22538127100
3.955000 -8.715000 -2.695000 22538152075
6.702500 -5.985000 0.210000 22538177102
8.855000 -5.827500 -1.417500 22538202096
10.605000 -7.910000 -4.952500 22538227101
11.235000 -9.975000 -4.025000 22538252099
9.765000 -10.377500 -3.360000 22538277101
9.135000 -7.297500 -2.905000 22538302107
7.070000 -3.867500 -4.830000 22538327100
6.842500 2.397500 -7.735000 22538352099
6.387500 1.312500 -8.872500 22538377095
7.017500 4.410000 -7.070000 22538402099
5.565000 11.287500 -6.562500 22538427118
7.997500 21.280001 -6.825000 22538452099
10.640000 15.872500 -7.612500 22538477092
9.187500 10.150000 -5.372500 22538502101
5.687500 13.720000 -5.110000 22538527092
5.582500 13.772500 -4.515000 22538552102
2.607500 16.782499 -6.195000 22538577091
2.782500 18.392500 -3.937500 22538602098
2.800000 22.487499 -0.262500 22538627096
3.587500 36.207500 6.912500 22538652102
-0.087500 57.417500 11.690000 22538677087
-1.260000 43.470001 8.487500 22538702106
0.490000 30.205000 6.002500 22538727083
-6.492500 8.627500 4.550000 22538752097
-12.950000 26.582500 7.490000 22538777093
-6.807500 21.910000 6.492500 22538802098
-7.910000 15.907500 4.235000 22538827303
-9.677500 26.967501 0.210000 22538852098
-6.212500 34.860001 -3.885000 22538877089
-1.120000 47.110001 -7.665000 22538902104
5.827500 54.180000 -8.452500 22538927084
4.620000 63.087502 -6.772500 22538952099
2.957500 66.972504 -5.827500 22538977091
1.557500 85.925003 -8.032500 22539002102
-3.815000 91.927498 -16.187500 22539027058
4.357500 121.292503 -10.482500 22539052090
5.845000 112.997498 -2.520000 22539077086
13.475000 93.537498 -5.127500 22539102099
17.150000 100.345001 -5.180000 22539127084
11.515000 102.654999 -2.327500 22539152100
12.005000 100.572502 0.612500 22539177089
10.675000 97.824997 1.155000 22539202102
6.877500 84.769997 2.170000 22539227063
6.125000 79.712502 4.305000 22539252107
11.970000 77.577499 -0.770000 22539277081
11.252500 81.165001 -3.990000 22539303391
7.262500 81.025002 -5.162500 22539327095
4.025000 76.510002 -6.842500 22539352093
3.990000 69.247498 -13.492500 22539377086
3.027500 76.264999 -12.915000 22539402100
1.697500 77.612503 -9.415000 22539427079
-0.367500 71.522499 -10.605000 22539452094
1.347500 71.872498 -13.090000 22539477083
1.172500 75.565002 -11.847500 22539502096
0.490000 69.965004 -10.342500 22539527081
3.465000 70.402504 -9.940000 22539552094
4.095000 87.797501 -9.782500 22539577133
-2.747500 102.514999 -4.497500 22539602096
-2.327500 116.095001 1.855000 22539627128
0.647500 114.747498 -0.577500 22539652104
2.345000 117.985001 -1.050000 22539677180
-0.490000 112.209999 -0.140000 22539702095
-0.490000 104.824997 -2.642500 22539727171
0.332500 95.654999 -2.187500 22539752237
-1.207500 98.980003 -2.450000 22539777073
-3.447500 108.044998 -4.690000 22539802100
-1.715000 110.669998 -5.337500 22539827171
0.017500 96.967499 -4.095000 22539852098
1.015000 77.752502 -5.950000 22539877283
6.860000 53.987499 -8.732500 22539902201
11.917500 40.599998 -9.310000 22539927064
15.680000 53.777500 -5.582500 22539952099
12.495000 71.050003 -5.337500 22539977063
11.305000 76.037498 -5.477500 22540002077
7.245000 71.644997 -3.692500 22540027063
6.982500 75.389999 -0.770000 22540052196
4.970000 76.107498 0.577500 22540077067
1.137500 76.632500 2.100000 22540102072
-2.152500 80.394997 4.585000 22540127062
-7.980000 78.889999 3.255000 22540152074
-8.960000 74.235001 2.135000 22540177055
-11.445000 71.364998 1.522500 22540202100
-10.605000 64.889999 2.520000 22540227136
-7.245000 63.122501 4.060000 22540252100
-4.305000 62.247501 3.972500 22540277084
-3.377500 63.017502 4.952500 22540302075
-1.470000 62.895000 7.192500 22540327173
-0.385000 60.095001 7.962500 22540352099
-1.750000 60.952499 8.347500 22540377078
-5.022500 60.217499 8.050000 22540402099
-9.537500 52.465000 5.372500 22540427087
-8.942500 39.917500 3.307500 22540452101
-5.530000 41.195000 2.275000 22540477112
-4.882500 42.507500 2.275000 22540502095
-4.112500 34.842499 1.610000 22540527069
-0.420000 32.882500 1.172500 22540552098
0.717500 32.077499 1.417500 22540577069
0.105000 34.545002 1.400000 22540602104
1.400000 41.334999 1.347500 22540627065
1.715000 50.382500 -1.575000 22540652101
2.730000 72.082497 -7.490000 22540677066
5.092500 93.852501 -0.455000 22540702100
1.400000 101.237503 7.682500 22540727095
-6.300000 91.682503 9.292500 22540752100
-9.502500 50.154999 10.272500 22540777079
-14.472500 10.115000 5.897500 22540802101
-9.310000 0.070000 4.585000 22540827161
-5.127500 1.505000 2.695000 22540852102
-2.852500 10.045000 2.590000 22540877080
-1.190000 17.290001 1.907500 22540902099
-1.015000 13.002500 -1.750000 22540927075
0.595000 16.379999 -0.682500 22540952095
-0.455000 17.570000 -1.120000 22540977124
-2.520000 7.402500 -1.207500 22541002102
0.280000 3.517500 -0.875000 22541027076
1.330000 2.257500 -1.610000 22541052077
3.395000 1.155000 -1.627500 22541077077
3.447500 0.227500 -1.575000 22541102102
2.292500 2.380000 -1.592500 22541127080
1.172500 1.190000 -3.535000 22541152099
-0.455000 5.985000 -4.462500 22541177071
-3.447500 5.600000 -4.532500 22541202101
-2.240000 1.697500 -3.587500 22541227074
-1.137500 3.430000 -2.537500 22541252097
0.875000 -2.397500 -2.170000 22541277075
2.625000 -4.427500 -1.732500 22541302100
1.837500 -3.605000 -1.365000 22541327082
0.385000 1.540000 -0.682500 22541352093
-2.135000 4.322500 -0.770000 22541377077
-3.342500 8.907500 -0.577500 22541402109
-7.000000 7.752500 0.717500 22541427129
-6.947500 2.047500 2.345000 22541452114
-4.130000 -5.547500 2.415000 22541477081
2.975000 -10.010000 1.575000 22541502096
5.337500 -11.480000 1.260000 22541527079
5.757500 -13.247500 -0.245000 22541552095
6.037500 -11.497500 0.035000 22541577079
7.630000 -13.772500 -0.525000 22541602096
8.662500 -9.065000 1.260000 22541627076
6.685000 -9.432500 2.660000 22541652106
6.107500 -11.060000 2.870000 22541677074
3.710000 -12.162500 0.857500 22541702103
4.620000 -23.467501 -0.367500 22541727085
4.340000 -12.495000 6.352500 22541752236
0.367500 -8.995000 11.270000 22541777074
-2.695000 -22.155001 19.809999 22541802108
-2.030000 -12.617500 20.545000 22541827073
8.505000 -8.575000 13.247500 22541852535
13.930000 -3.185000 2.502500 22541877105
5.005000 -6.685000 2.712500 22541902081
-2.310000 -8.680000 5.495000 22541927113
-3.902500 -5.337500 10.535000 22541952123
1.750000 -3.185000 9.047500 22541977105
6.755000 -2.572500 5.880000 22542002091
10.080000 2.275000 5.530000 22542027105
9.870000 -1.872500 5.792500 22542052084
9.380000 -8.417500 -0.087500 22542077105
3.675000 -8.767500 -4.760000 22542104924
0.052500 -9.397500 -7.787500 22542127107
-1.295000 -8.120000 -5.547500 22542152110
