5.000000 22537896535
5.000000 22537921527
5.000000 22537946542
5.000000 22537971586
5.000000 22537996538
5.000000 22538021546
5.000000 22538046538
5.000000 22538071649
5.000000 22538096547
5.000000 22538121539
5.000000 22538146532
5.000000 22538171545
5.000000 22538196551
5.000000 22538221519
5.000000 22538246547
5.000000 22538271539
5.000000 22538296547
5.000000 22538321540
5.000000 22538346536
5.000000 22538371541
5.000000 22538396537
5.000000 22538421531
5.000000 22538446537
5.000000 22538471534
5.000000 22538496545
5.000000 22538521532
5.000000 22538546539
5.000000 22538571528
5.000000 22538596546
5.000000 22538621543
5.000000 22538646542
5.000000 22538671520
5.000000 22538696539
5.000000 22538721542
5.000000 22538746537
5.000000 22538771538
5.000000 22538796535
5.000000 22538821542
5.000000 22538846529
5.000000 22538871525
5.000000 22538896533
5.000000 22538921537
5.000000 22538946537
5.000000 22538971529
5.000000 22538996543
5.000000 22539021525
5.000000 22539046518
5.000000 22539071524
5.000000 22539096520
5.000000 22539121536
5.000000 22539146521
5.000000 22539171539
5.000000 22539196542
5.000000 22539221534
5.000000 22539246520
5.000000 22539271531
5.000000 22539296552
5.000000 22539321586
5.000000 22539346527
5.000000 22539371539
5.000000 22539396548
5.000000 22539421549
5.000000 22539446526
5.000000 22539471542
5.000000 22539496545
5.000000 22539521554
5.000000 22539546535
5.000000 22539571541
5.000000 22539596540
5.000000 22539621551
5.000000 22539646541
5.000000 22539671547
5.000000 22539696545
5.000000 22539721549
5.000000 22539746533
5.000000 22539771538
5.000000 22539796550
5.000000 22539821557
5.000000 22539846526
5.000000 22539871545
5.000000 22539896539
5.000000 22539921557
5.000000 22539946532
5.000000 22539971541
5.000000 22539996535
5.000000 22540021543
5.000000 22540046537
5.000000 22540071514
5.000000 22540096542
5.000000 22540121545
5.000000 22540146534
5.000000 22540171535
5.000000 22540196527
5.000000 22540221558
5.000000 22540246515
5.000000 22540271558
5.000000 22540296536
5.000000 22540321553
5.000000 22540346528
5.000000 22540371546
5.000000 22540396535
5.000000 22540421556
5.000000 22540446530
5.000000 22540471548
5.000000 22540496623
5.000000 22540521547
5.000000 22540546559
5.000000 22540571548
5.000000 22540596576
5.000000 22540621547
5.000000 22540646538
5.000000 22540671556
5.000000 22540696547
5.000000 22540721549
5.000000 22540746537
5.000000 22540771551
5.000000 22540796549
5.000000 22540821547
5.000000 22540846525
5.000000 22540871544
5.000000 22540896546
5.000000 22540921548
5.000000 22540946534
5.000000 22540971552
5.000000 22540996559
5.000000 22541021556
5.000000 22541046534
5.000000 22541071553
5.000000 22541096556
5.000000 22541121557
5.000000 22541146540
5.000000 22541171549
5.000000 22541196542
5.000000 22541221554
5.000000 22541246515
5.000000 22541271555
5.000000 22541296550
5.000000 22541321553
5.000000 22541346543
5.000000 22541371554
5.000000 22541396558
5.000000 22541421563
5.000000 22541446558
5.000000 22541471558
5.000000 22541496553
5.000000 22541521546
5.000000 22541546541
5.000000 22541571557
5.000000 22541596556
5.000000 22541621554
5.000000 22541646539
5.000000 22541671546
5.000000 22541696550
5.000000 22541721557
5.000000 22541746532
5.000000 22541771550
5.000000 22541796555
5.000000 22541821552
5.000000 22541846538
5.000000 22541871553
5.000000 22541896558
0.000000 22541921565
0.000000 22541946547
0.000000 22541971532
0.000000 22541996560
0.000000 22542021541
0.000000 22542046545
0.000000 22542071559
0.000000 22542096551
0.000000 22542121548
