-0.455000 -2.117500 0.542500 9988772399
-1.085000 -8.820000 3.622500 9988797389
-1.627500 -8.697500 6.475000 9988822385
-9.397500 1.680000 6.702500 9988847410
-33.494999 6.317500 -19.792500 9988872386
-44.292500 -29.102501 -8.925000 9988897394
-22.487499 -63.227501 -13.947500 9988922387
9.047500 -83.965004 -103.827499 9988947410
69.667503 -119.945000 -177.992508 9988972381
112.105003 -159.494995 -256.497498 9988997356
167.492508 -166.005005 -313.827515 9989022384
196.437500 -172.742508 -349.790009 9989047415
214.287506 -176.994995 -321.842499 9989072385
237.212494 -113.504997 -234.377502 9989097386
202.720001 -47.792500 70.157501 9989122376
41.299999 -52.605000 336.209991 9989147399
-59.430000 19.180000 552.195007 9989172366
-108.395004 86.205002 573.159973 9989197364
-65.449997 239.050003 559.405029 9989222367
-93.625000 386.434998 115.675003 9989247460
-215.074997 -108.797501 -347.899994 9989272415
34.369999 -284.042511 -399.420013 9989297373
166.880005 -24.815001 -505.382507 9989322367
46.392502 1.067500 -526.119995 9989347228
12.932500 -110.792503 -483.262512 9989372369
87.849998 -196.157501 -317.432495 9989397374
168.839996 -91.052498 -109.532501 9989422371
115.570000 -37.134998 378.087494 9989447397
84.367500 30.590000 572.827515 9989472371
71.680000 145.110001 573.159973 9989497367
75.687500 472.674988 557.830017 9989522461
-106.452499 479.167511 191.274994 9989547365
-240.642502 3.640000 -0.420000 9989572372
-20.282499 -169.977493 -22.820000 9989597367
120.137497 63.910000 -29.260000 9989622380
11.217500 155.889999 -34.772499 9989647395
-48.247501 20.264999 -22.207500 9989672362
10.832500 -46.672501 -6.702500 9989697369
43.189999 11.095000 11.427500 9989722365
12.985000 48.895000 6.527500 9989747395
