-6.000000 -8.160000 3.360000 9988757578
-6.060000 -8.340000 3.420000 9988780576
-6.000000 -7.920000 3.360000 9988805511
-6.120000 -8.280000 3.480000 9988830506
-5.820000 -8.220000 3.420000 9988855504
-6.060000 -8.099999 3.180000 9988880511
-5.880000 -8.040000 3.240000 9988905508
-5.820000 -8.460000 3.540000 9988930506
-5.820000 -8.580000 3.420000 9988955505
-5.340000 -8.580000 4.140000 9988980538
-4.680000 -9.000000 4.800000 9989005750
-3.660000 -9.300000 4.980000 9989030507
-2.820000 -9.179999 5.340000 9989055534
-1.800000 -9.000000 6.120000 9989080507
-1.620000 -8.580000 6.540000 9989105507
-1.800000 -8.639999 6.600000 9989130486
-1.980000 -8.460000 6.420000 9989155489
-2.820000 -8.460000 6.300000 9989180483
-4.200000 -7.560000 6.120000 9989205487
-4.980000 -7.020000 5.580000 9989230488
-5.520000 -7.320000 5.160000 9989255675
-5.040000 -8.280000 5.040000 9989280536
-3.840000 -8.639999 5.520000 9989305511
-2.940000 -9.179999 6.060000 9989330491
-2.100000 -9.300000 5.700000 9989357754
-1.020000 -9.540000 5.940000 9989380538
-0.120000 -8.880000 6.120000 9989405499
-0.120000 -8.880000 6.240000 9989430493
-0.480000 -8.520000 6.480000 9989455499
-1.740000 -8.580000 6.540000 9989480509
-2.940000 -7.740000 6.900000 9989505611
-4.740000 -7.140000 5.940000 9989530487
-5.340000 -7.620000 5.220000 9989555521
-5.040000 -7.200000 5.280000 9989580530
-4.800000 -7.080000 5.760000 9989605488
-5.160000 -7.200000 5.400000 9989630553
-5.400000 -7.560000 5.160000 9989655487
-5.340000 -7.500000 5.460000 9989680491
-5.400000 -7.560000 5.760000 9989705495
-5.040000 -7.440000 5.400000 9989730488
