1.977500 -1.575000 -2.187500 16691185924
2.012500 -5.477500 0.297500 16691210936
-1.312500 -5.390000 0.717500 16691235917
-1.995000 -5.110000 0.892500 16691260915
-1.417500 -6.317500 0.682500 16691285926
-0.770000 -6.352500 0.175000 16691310933
-2.275000 -6.510000 1.242500 16691335919
-6.737500 -6.020000 0.455000 16691360919
-7.105000 -4.742500 -0.752500 16691385914
-5.897500 -3.902500 -1.557500 16691410942
-6.790000 -2.117500 -1.907500 16691435921
-7.700000 -0.472500 -2.397500 16691460917
-8.557500 -5.355000 -1.697500 16691485931
-9.677500 -5.600000 -1.225000 16691511033
-11.987500 -5.022500 -0.997500 16691535918
-13.160000 -5.407500 -1.522500 16691560919
-11.777500 -4.707500 -1.767500 16691585920
-11.060000 -4.410000 -2.170000 16691610935
-10.990000 -6.510000 -1.312500 16691635918
-12.092500 -5.425000 -0.857500 16691660944
-11.882500 -2.467500 -1.312500 16691685936
-10.500000 -0.822500 -2.730000 16691710947
-10.412500 -4.602500 -2.117500 16691735963
-15.102500 -6.125000 -1.172500 16691760945
-17.150000 -2.135000 -1.855000 16691785925
-18.217501 -1.260000 -1.802500 16691810949
-20.807501 -4.165000 -0.245000 16691835922
-22.872499 -5.302500 -0.507500 16691860943
-23.450001 -7.140000 -0.472500 16691885932
-21.612499 -6.002500 -0.437500 16691910951
-21.297501 -3.517500 -1.225000 16691935923
-21.490000 -1.190000 -2.257500 16691960941
-19.950001 -5.320000 -2.992500 16691985926
-18.795000 -5.722500 -3.902500 16692010959
-15.802500 -6.317500 -3.570000 16692035921
-14.420000 -4.182500 -3.080000 16692060943
-13.475000 -2.257500 -3.955000 16692085930
-13.212500 -0.735000 -4.130000 16692110945
-12.635000 -1.697500 -3.430000 16692135916
-13.002500 -5.810000 -2.275000 16692160946
-13.440001 -4.112500 -2.240000 16692185930
-13.807500 -4.025000 -2.047500 16692210963
-15.470000 -6.405000 -0.297500 16692235941
-17.412500 -6.632500 0.402500 16692260936
-19.460001 -4.812500 -0.367500 16692285954
-22.504999 -4.270000 0.420000 16692310947
-23.660000 -3.920000 2.135000 16692335943
-25.375000 1.627500 1.190000 16692360946
-27.457500 7.350000 -1.470000 16692385952
-26.180000 4.550000 -2.957500 16692410950
-26.302500 -0.682500 -2.730000 16692435946
-27.282499 -4.375000 -3.045000 16692460937
-26.057501 -6.527500 -2.450000 16692485951
-23.817499 -5.792500 -1.592500 16692510926
-23.764999 -5.880000 -1.925000 16692535941
-22.207500 -7.647500 -5.845000 16692560946
-18.200001 -11.392500 -7.297500 16692585949
-15.627501 -11.760000 -7.245000 16692611053
-11.655000 -6.107500 -8.820000 16692635943
-9.712500 -5.862500 -11.357500 16692660931
-11.077500 -6.510000 -10.797500 16692685952
-17.219999 -14.560000 -9.992500 16692710929
-20.317499 -13.947500 -9.450000 16692735945
-23.222500 -11.690000 -10.552500 16692760951
-22.312500 -13.142500 -12.390000 16692785953
-21.035000 -10.762500 -13.667500 16692811004
-19.722500 -11.007500 -12.862500 16692835948
-17.184999 -10.097500 -11.567500 16692860916
-18.287500 -9.467500 -8.557500 16692885948
-26.477501 -13.685000 -3.535000 16692910916
-33.372501 -17.272501 1.470000 16692935947
-39.217499 -13.230000 0.910000 16692960958
-39.970001 -11.060000 -3.517500 16692985949
-36.382500 -8.837500 -7.087500 16693010924
-28.857500 -6.632500 -7.332500 16693035947
-17.377501 -11.462500 -5.302500 16693060908
-18.655001 -13.160000 -5.757500 16693085953
-18.129999 -7.665000 -6.212500 16693110932
-12.372500 -7.175000 -5.180000 16693135937
-11.602500 -9.100000 -7.385000 16693160914
-13.265000 -8.295000 -11.375000 16693185952
-12.547500 34.072498 -15.032500 16693210927
-19.915001 10.430000 -18.217501 16693235940
-33.775002 -11.322500 -10.482500 16693260917
-31.867500 -29.977501 -2.957500 16693285947
-23.362499 -27.370001 -3.955000 16693310929
-17.045000 -12.617500 -6.492500 16693335947
-8.120000 2.240000 -9.240000 16693360917
4.147500 -5.022500 -4.795000 16693385943
3.027500 -11.392500 -0.595000 16693410922
-2.012500 -6.877500 -1.505000 16693435946
-5.267500 -8.610000 -3.832500 16693460909
-4.480000 -15.032500 -5.740000 16693486021
-8.470000 -6.720000 -9.065000 16693510930
-14.997500 -7.350000 -11.235000 16693535923
-19.267500 -8.347500 -5.355000 16693560914
-13.142500 -8.627500 -6.090000 16693585945
-8.382500 -8.715000 -5.407500 16693610924
-5.652500 -11.427500 -3.430000 16693635924
-8.225000 -11.077500 -1.260000 16693661046
-11.305000 -8.767500 -0.490000 16693685940
-14.752501 -8.855000 -1.417500 16693711026
-16.240000 -9.485000 -3.727500 16693735954
-16.240000 -10.062500 -7.227500 16693760960
-15.715000 -11.812500 -7.840000 16693785929
-17.342501 -13.282500 -6.317500 16693811045
-19.075001 -11.987500 -5.075000 16693835967
-18.917500 -12.582500 -6.160000 16693861043
-18.200001 -11.672500 -5.180000 16693885926
-18.182501 -8.680000 -4.025000 16693911043
-16.660000 -7.105000 -3.307500 16693935931
-16.170000 -3.727500 -0.647500 16693960915
-22.014999 -4.060000 1.942500 16693986097
-25.042500 -6.457500 0.735000 16694010939
-23.187500 -8.855000 -1.610000 16694035939
-24.955000 -7.682500 -0.752500 16694060915
-28.367500 -5.845000 1.417500 16694085943
-29.137501 -6.965000 -1.102500 16694110928
-25.077499 -12.390000 -5.197500 16694135942
-22.715000 -15.802500 -9.292500 16694160921
-19.355000 -17.272501 -11.497500 16694185978
-15.697500 -19.004999 -10.325000 16694210925
-15.120000 -17.500000 -7.910000 16694235941
-14.490000 -13.790000 -7.035000 16694260917
-16.047501 -12.635000 -5.845000 16694285946
-17.377501 -11.777500 0.665000 16694310945
-8.382500 -13.370000 1.872500 16694335939
-11.235000 -10.377500 1.487500 16694361036
-9.310000 -5.162500 1.137500 16694385949
15.680000 -8.400000 -3.972500 16694410930
27.860001 -9.327500 -17.780001 16694435943
31.150000 -4.042500 -18.969999 16694460925
22.750000 -5.897500 -13.142500 16694486079
6.510000 -3.657500 -2.747500 16694510935
-13.195000 -5.407500 5.582500 16694536037
-16.135000 -11.427500 6.580000 16694560921
-12.950000 -18.042500 -0.262500 16694586088
-13.650000 -16.502501 -3.027500 16694610931
-18.672501 -12.617500 -3.552500 16694636040
-21.892500 -18.427500 -5.005000 16694660926
-22.977501 -23.450001 -9.660000 16694686079
-28.174999 -24.622499 -12.180000 16694710933
-39.375000 -19.337500 -12.390000 16694735944
-38.762501 -18.112499 -10.692500 16694760918
-36.505001 -22.540001 -6.912500 16694785947
-37.240002 -24.797501 -3.097500 16694811013
-42.122501 -23.782499 1.067500 16694835946
-48.264999 -22.540001 1.242500 16694861047
-50.277500 -24.674999 0.735000 16694885949
-48.702499 -23.922501 1.400000 16694911042
-44.852501 -20.177500 -0.245000 16694935972
-41.545002 -19.180000 -4.287500 16694961044
-37.275002 -17.237499 -12.985000 16694985948
-27.790001 -15.207500 -16.957500 16695011042
-22.137501 -12.092500 -17.097500 16695035947
-19.355000 -7.245000 -13.125000 16695060924
-21.297501 -10.307500 -10.797500 16695085945
-25.182501 -11.970000 -6.790000 16695110940
-26.145000 -8.295000 0.105000 16695135931
-28.787500 -8.032500 2.275000 16695160932
-31.570000 -12.600000 -3.202500 16695185950
-35.717499 -12.687500 -5.897500 16695210953
-38.185001 -8.382500 -4.725000 16695236168
-41.282501 -3.482500 -2.800000 16695260941
-45.884998 -8.470000 -4.252500 16695285940
-43.820000 -9.537500 -6.020000 16695310955
-42.910000 -6.965000 -6.667500 16695335927
-50.820000 -9.047500 -7.787500 16695360935
-56.735001 -16.677500 -9.222500 16695385948
-53.025002 -15.872500 -6.300000 16695410947
-49.577499 -11.165000 -3.010000 16695435907
-51.799999 -4.847500 -9.712500 16695460946
-55.632500 -5.757500 -15.172500 16695485963
-56.455002 -3.762500 -15.592500 16695510946
-57.102501 1.330000 -15.487500 16695535982
-57.102501 -2.152500 -17.920000 16695560933
-54.757500 -1.487500 -24.027500 16695585953
-47.040001 6.545000 -23.222500 16695610964
-44.974998 6.125000 -23.379999 16695635919
-43.837502 2.187500 -22.575001 16695660950
-42.717499 3.710000 -17.727501 16695685944
-45.360001 4.445000 -12.302500 16695710966
-50.505001 -0.717500 -6.475000 16695735942
-57.959999 -3.815000 -3.920000 16695760937
-59.849998 -3.867500 1.802500 16695785947
-62.545002 -2.887500 1.470000 16695810954
-60.742500 -1.977500 0.280000 16695835944
-58.187500 -5.145000 -2.170000 16695860940
-52.272499 -5.845000 -3.115000 16695885945
-47.792500 -3.955000 -1.610000 16695910961
-44.275002 -11.270000 -0.262500 16695935944
-44.869999 -16.642500 1.907500 16695960938
-48.930000 -12.967500 6.492500 16695985957
-47.915001 -13.265000 6.265000 16696010954
-38.220001 -14.822500 5.635000 16696035931
-25.934999 -13.475000 9.835000 16696077604
-21.805000 -14.280000 11.427500 16696086061
-27.702499 -18.865000 12.250000 16696111277
-38.500000 -19.250000 9.625000 16696136024
-54.232502 -18.567499 7.560000 16696160939
-62.317501 -12.337500 2.975000 16696185940
-45.167500 3.395000 4.532500 16696210922
-17.657499 10.832500 2.502500 16696235933
0.490000 13.615000 -4.690000 16696260939
0.367500 8.610000 -2.975000 16696285938
-2.940000 1.417500 -0.157500 16696310934
-2.450000 0.892500 0.525000 16696335938
4.060000 0.175000 4.725000 16696361043
-2.152500 -2.502500 8.312500 16696385947
-8.277500 -6.090000 10.010000 16696411050
-11.200000 -5.687500 9.345000 16696435936
-7.315000 -3.482500 7.595000 16696460961
-7.892500 -6.300000 4.795000 16696486064
-16.660000 -11.287500 5.390000 16696510943
-24.237499 -14.105000 6.125000 16696535936
-27.702499 -9.730000 2.520000 16696561004
-29.452499 -8.015000 -0.752500 16696585942
-36.627499 -16.222500 -7.980000 16696610941
-46.112499 -17.027500 -8.925000 16696635933
-39.830002 -14.192500 -9.450000 16696660917
-18.305000 -10.885000 -9.992500 16696685930
-4.060000 -9.362500 -13.615000 16696710924
1.365000 -10.815000 -14.682500 16696735944
7.997500 -11.112500 -12.547500 16696760922
7.577500 -12.285000 -12.372500 16696785962
2.310000 -14.735000 -13.597500 16696810929
0.857500 -14.840000 -12.757500 16696835927
-2.275000 -13.632500 -9.432500 16696860926
-5.267500 -15.032500 -6.772500 16696885941
-3.745000 -18.357500 -3.815000 16696910921
-2.380000 -23.555000 -1.627500 16696935933
-7.280000 -31.552500 -2.310000 16696960903
-15.505000 -33.355000 -8.015000 16696986547
-28.490000 -29.277500 -11.182500 16697010931
-26.600000 -41.667500 -6.807500 16697035926
-17.237499 -41.055000 -2.520000 16697060925
-8.295000 -25.812500 8.575000 16697085929
-19.372499 -16.922501 17.097500 16697110914
-24.727501 -20.632500 20.440001 16697135932
-25.340000 -20.702499 24.657499 16697160916
-33.582500 -17.465000 29.032499 16697185908
-42.542500 -10.622500 28.017500 16697210937
-48.912498 -12.022500 27.405001 16697235914
-51.555000 -12.075000 23.905001 16697260914
-49.770000 -6.562500 14.280000 16697286008
-43.802502 -3.587500 12.075000 16697310918
-46.882500 -0.560000 16.222500 16697335933
-53.462502 -3.307500 15.732500 16697360904
-42.630001 -12.477500 15.470000 16697386031
-35.455002 -18.025000 19.197500 16697410942
-43.014999 -5.355000 20.142500 16697435919
-51.799999 -5.635000 16.415001 16697460927
-41.860001 -12.320000 4.637500 16697485954
-23.502501 -5.617500 1.120000 16697510917
-29.750000 -5.215000 5.425000 16697535915
-35.630001 -9.922500 7.962500 16697560918
-34.685001 -14.367500 7.542500 16697585911
-36.049999 1.767500 4.725000 16697610939
-34.912498 -5.792500 3.745000 16697635908
-24.535000 -9.922500 2.835000 16697660924
-23.467501 0.910000 2.677500 16697685922
-27.860001 -4.742500 5.775000 16697710920
-22.837500 -11.252500 9.047500 16697735916
-19.740000 -8.277500 11.742500 16697760911
-30.432501 -2.485000 8.575000 16697785910
-30.415001 -12.267500 1.050000 16697810948
-19.337500 -20.860001 1.662500 16697835912
-21.262501 -15.715000 2.065000 16697861320
-30.205000 -6.545000 3.150000 16697885922
-25.987499 -13.562500 5.250000 16697910941
-16.940001 -17.377501 7.927500 16697935922
-15.907500 -21.332500 14.857500 16697960940
-23.450001 -17.850000 15.067500 16697985914
-27.457500 -14.455000 9.362500 16698010974
-22.504999 -14.927500 9.292500 16698035912
-23.957500 -14.297500 10.955000 16698060909
-26.985001 -9.695000 10.097500 16698085929
-21.962500 -9.135000 6.177500 16698110947
-20.562500 -3.307500 3.045000 16698135929
-25.007500 -3.412500 6.317500 16698160930
-19.687500 -11.410000 5.407500 16698185912
-12.127500 -3.552500 2.747500 16698210949
-16.887501 -2.677500 7.035000 16698235910
-18.410000 -5.757500 10.307500 16698260906
-14.000000 -9.555000 8.785000 16698285927
-8.697500 -10.342500 7.787500 16698310944
-8.767500 -9.800000 8.522500 16698335924
-14.105000 -14.945000 9.555000 16698360942
-16.379999 -13.055000 4.847500 16698385909
-17.500000 -5.092500 -6.352500 16698410956
-21.752501 -3.010000 -6.020000 16698435904
-25.987499 -5.355000 -1.452500 16698460923
-28.770000 -11.847500 4.900000 16698485929
-28.980000 -11.095000 7.315000 16698510947
-25.812500 -8.487500 9.730000 16698535925
-22.032499 -6.282500 12.582500 16698560931
-21.594999 -5.127500 13.457500 16698585907
-24.552500 -2.450000 8.942500 16698610948
-27.719999 1.452500 1.505000 16698635909
-31.955000 -9.170000 6.335000 16698660930
-31.132500 -23.677500 14.315001 16698685914
-29.715000 -21.752501 10.937500 16698710937
-28.910000 -14.140000 6.545000 16698736107
-28.770000 -7.945000 5.757500 16698760939
-34.212502 -9.310000 8.032500 16698785911
-35.665001 -7.630000 10.062500 16698810951
-36.224998 -2.677500 10.325000 16698835929
-34.755001 3.220000 8.540000 16698860925
-34.825001 11.235000 14.665000 16698885944
-43.994999 -26.267500 21.805000 16698910947
-60.847500 -14.682500 24.254999 16698935906
-58.222500 -10.780000 10.762500 16698960937
-33.880001 -11.270000 9.030000 16698985945
-22.942499 -15.050000 7.822500 16699010967
-20.317499 -17.325001 3.325000 16699035939
-25.480000 -9.240000 -0.210000 16699060936
-27.982500 6.440000 2.135000 16699085948
-32.549999 0.945000 4.935000 16699110950
-35.875000 -17.010000 7.210000 16699135916
-38.692501 -15.575000 9.397500 16699160947
-33.775002 -15.120000 9.397500 16699186053
-29.452499 -15.242500 6.860000 16699210964
-25.725000 -17.132500 2.817500 16699235939
-20.807501 -14.735000 1.697500 16699260935
-20.195000 -15.470000 -1.452500 16699285951
-21.997499 -9.205000 -3.465000 16699310951
-37.029999 3.535000 -4.795000 16699335937
-45.360001 -7.717500 -4.725000 16699360939
-49.857502 -10.482500 -4.200000 16699385943
-41.947498 -3.745000 -4.847500 16699410955
-32.340000 3.412500 -7.420000 16699435940
-25.952499 2.222500 -3.412500 16699460937
-28.017500 3.797500 -0.945000 16699485948
-30.625000 2.257500 -0.997500 16699510946
-34.842499 3.675000 -3.272500 16699535937
-41.177502 8.277500 -10.727500 16699560952
-52.360001 9.975000 -10.150000 16699585950
-54.250000 5.705000 -8.715000 16699610988
-49.717499 12.460000 -4.602500 16699635944
-36.224998 19.967501 0.367500 16699660939
-26.460001 22.120001 1.907500 16699685948
-22.067499 11.655000 -2.625000 16699710955
-15.995000 5.162500 0.280000 16699735938
-9.660000 2.712500 6.580000 16699760943
-18.707500 2.345000 7.297500 16699785956
-24.010000 2.467500 7.070000 16699810929
-29.907499 4.865000 4.147500 16699836048
-38.237499 4.620000 1.977500 16699860933
-41.527500 2.467500 2.397500 16699885942
-42.279999 5.740000 -0.525000 16699910948
-40.355000 6.842500 -1.155000 16699935925
-38.832500 9.292500 -1.207500 16699960947
-34.737499 6.160000 -5.337500 16699985943
-37.240002 5.827500 -9.135000 16700010933
-38.167500 9.730000 -9.240000 16700035935
-37.205002 6.597500 -8.522500 16700060931
-44.782501 3.762500 -11.742500 16700085951
-53.305000 16.887501 -37.520000 16700110953
-67.620003 20.457500 -40.337502 16700135925
-60.882500 15.627501 -41.842499 16700160952
-40.950001 18.690001 -40.197498 16700185933
-21.210001 20.650000 -33.215000 16700210951
-34.457500 18.252501 -22.347500 16700235941
-57.802502 15.627501 -5.057500 16700260933
-44.660000 13.422500 1.680000 16700285951
-31.482500 11.007500 -7.822500 16700311047
-28.962500 11.042500 -15.697500 16700335930
-37.152500 14.857500 -18.410000 16700361037
-45.430000 11.515000 -6.317500 16700385944
-45.167500 9.222500 -5.722500 16700411041
-46.095001 13.510000 -16.205000 16700435929
-48.720001 11.707500 -17.237499 16700461035
-45.465000 8.942500 -18.427500 16700486333
-40.705002 6.807500 -16.257500 16700510959
-31.780001 6.440000 -8.750000 16700535936
-28.577499 5.670000 -9.537500 16700560945
-25.777500 4.375000 -13.020000 16700585955
-20.510000 3.902500 -11.602500 16700610959
-18.392500 3.325000 0.560000 16700635945
-16.835001 0.507500 2.520000 16700660935
-16.887501 0.542500 -0.315000 16700685972
-15.400000 2.362500 -1.417500 16700710961
-10.447500 0.682500 -1.732500 16700735968
-10.710000 -1.172500 -1.767500 16700760945
-15.207500 -0.630000 -0.892500 16700785942
-22.120001 0.280000 -2.625000 16700810954
-23.292500 -0.595000 -9.537500 16700835941
-27.860001 -3.045000 1.995000 16700860937
-36.365002 -3.902500 13.790000 16700885919
-37.397499 -1.417500 3.447500 16700910962
-33.145000 8.365000 -5.512500 16700935931
-34.404999 16.712500 -13.895000 16700960951
-40.372501 9.100000 -7.245000 16700985991
-22.242500 4.795000 -8.855000 16701010966
-27.825001 2.835000 -7.332500 16701035964
-40.687500 6.720000 -5.670000 16701060945
-53.427502 3.027500 -2.922500 16701085950
-63.577499 -0.402500 4.637500 16701110935
-73.815002 2.782500 6.440000 16701136035
-76.702499 0.542500 9.065000 16701160950
-80.500000 -0.017500 13.895000 16701185942
-81.637497 2.222500 10.430000 16701210970
-71.977501 4.690000 5.967500 16701235956
-59.674999 2.537500 -1.225000 16701260941
-32.584999 0.822500 -5.390000 16701285921
-23.047501 -3.377500 -7.157500 16701310980
-18.042500 -1.452500 -7.507500 16701335920
-14.787500 -1.995000 -7.962500 16701361400
-14.752501 -5.057500 -6.650000 16701385927
-23.712500 -12.092500 -5.985000 16701410958
-30.957500 -24.027500 -6.737500 16701435917
-36.295002 -59.482502 -9.625000 16701460939
-47.459999 -63.279999 -13.230000 16701485921
-52.027500 -49.384998 -10.780000 16701510955
-53.095001 -21.070000 -3.482500 16701535916
-52.709999 -8.820000 -5.215000 16701560918
-49.420002 1.732500 -11.445000 16701585928
-40.459999 1.767500 -16.520000 16701610946
-37.450001 1.855000 -21.927500 16701635921
-35.560001 2.765000 -26.337500 16701660942
-34.965000 -2.800000 -22.855000 16701685925
-38.150002 -0.560000 -20.142500 16701710953
-37.607502 -13.352500 -22.452499 16701735922
-36.067501 -16.905001 -21.052500 16701760922
-37.607502 0.577500 -12.565000 16701785926
-38.290001 4.865000 -12.530000 16701810947
-42.927502 1.522500 -19.320000 16701835920
-49.507500 0.175000 -21.805000 16701860943
-57.470001 2.450000 -19.705000 16701885926
-56.139999 4.672500 -18.497499 16701910947
-52.097500 0.840000 -14.000000 16701935917
-50.207500 -0.105000 -8.767500 16701960945
-48.860001 -6.422500 -6.282500 16701985935
-49.857502 -13.370000 -6.422500 16702010965
-53.270000 -15.417500 -8.960000 16702035923
-53.287498 -13.667500 -4.812500 16702060941
-53.445000 -17.937500 -0.997500 16702085921
-60.637501 -26.722500 0.122500 16702110951
-66.010002 -22.487499 -0.280000 16702135926
-69.247498 -22.662500 1.295000 16702160944
-64.120003 -18.934999 -0.192500 16702185930
-48.177502 -19.897501 -2.555000 16702210950
-34.422501 -5.180000 -4.112500 16702236499
-31.552500 -8.155000 -3.290000 16702260948
-36.084999 -15.365000 -5.057500 16702285927
-40.267502 -11.900000 -8.505000 16702310965
-41.825001 -10.762500 -6.947500 16702336121
-51.415001 -15.277500 -4.900000 16702360945
-54.320000 -11.567500 -5.582500 16702385928
-48.509998 -5.302500 -3.902500 16702410960
-49.139999 -3.272500 -3.815000 16702435916
-50.697498 -0.140000 -3.430000 16702460941
-44.992500 4.637500 -1.907500 16702485924
-37.240002 1.540000 -1.172500 16702510968
-32.077499 -0.070000 -2.415000 16702535945
-24.657499 -0.315000 -2.695000 16702560941
-22.627501 -3.412500 -2.572500 16702585953
-22.592501 -3.657500 -3.185000 16702610944
-20.422501 -9.222500 -4.322500 16702635918
-22.645000 -10.535000 -4.742500 16702660948
-23.415001 -10.867500 -5.705000 16702685948
-24.570000 -13.790000 -6.055000 16702710956
-26.600000 -16.957500 -6.387500 16702735942
-27.667500 -22.067499 -5.302500 16702760943
-31.184999 -26.827499 -4.672500 16702785961
-35.665001 -19.687500 -0.630000 16702813772
-39.654999 -16.362499 1.732500 16702835882
-38.797501 -10.920000 5.512500 16702860939
-36.820000 5.635000 9.485000 16702885930
-27.230000 13.265000 10.202500 16702910962
-20.317499 8.925000 9.380000 16702935937
-13.562500 5.495000 5.845000 16702960928
-7.455000 6.090000 3.587500 16702985953
-2.362500 11.025000 2.835000 16703010928
-1.592500 8.697500 1.470000 16703035923
-6.300000 6.807500 -0.227500 16703060963
-9.695000 8.417500 -3.710000 16703085933
-11.672500 10.605000 -4.182500 16703111100
-17.605000 -3.692500 -7.770000 16703135941
-23.362499 -4.375000 -7.402500 16703160928
-21.840000 -0.840000 -7.157500 16703185943
-14.472500 -6.545000 -10.692500 16703210951
-4.165000 -5.705000 -13.212500 16703235921
2.205000 -20.912500 -27.212500 16703260961
5.285000 -36.049999 -28.332500 16703285931
-1.085000 -26.844999 -26.442499 16703310932
5.897500 -17.937500 -14.087500 16703335954
9.537500 -0.647500 -6.107500 16703360926
4.830000 -7.297500 -5.705000 16703385952
1.610000 -16.660000 -4.655000 16703410939
1.837500 -25.637501 -7.105000 16703435923
4.865000 -28.682501 -9.485000 16703460944
13.650000 -20.107500 -11.847500 16703485954
25.707500 -12.390000 -10.097500 16703510937
25.287500 -9.275000 -6.947500 16703535956
17.867500 -26.004999 -5.127500 16703560932
11.270000 -26.302500 -2.852500 16703585955
8.960000 -36.049999 -10.430000 16703610956
8.015000 -26.792500 -22.977501 16703635935
12.740000 -15.802500 -29.382500 16703660954
12.442500 -2.852500 -27.667500 16703685938
7.367500 0.035000 -17.219999 16703710948
4.165000 -6.195000 -0.945000 16703735954
-1.277500 -11.287500 14.245000 16703760936
-9.730000 -14.192500 14.052500 16703785966
-14.157500 -9.152500 9.905000 16703810955
-14.472500 -4.147500 6.457500 16703835953
-10.115000 -3.412500 5.180000 16703860950
-6.510000 -2.765000 2.257500 16703886011
-5.162500 1.400000 -1.242500 16703910947
