-0.660000 4.020000 0.780000 16691168737
-0.660000 3.900000 0.780000 16691193841
-0.660000 3.780000 0.660000 16691218958
-0.900000 3.900000 0.780000 16691243731
-0.900000 4.020000 0.540000 16691268742
-0.780000 4.020000 1.020000 16691293839
-0.840000 3.720000 0.720000 16691318928
-0.840000 4.080000 0.720000 16691343752
-0.840000 3.840000 0.840000 16691368847
-0.780000 3.900000 0.900000 16691393867
-0.600000 3.840000 0.840000 16691419087
-0.540000 4.020000 0.660000 16691443727
-0.720000 3.840000 0.480000 16691468849
-0.480000 3.840000 0.480000 16691493861
-0.600000 3.960000 0.840000 16691519045
-0.720000 3.960000 0.960000 16691543739
-0.420000 4.140000 0.780000 16691568838
-0.780000 4.140000 0.540000 16691593836
-0.540000 4.140000 0.780000 16691619061
-0.600000 3.840000 0.600000 16691643731
-0.840000 4.320000 0.720000 16691668898
-0.600000 4.320000 0.720000 16691693868
-0.540000 4.380000 0.780000 16691719044
-0.360000 4.440000 0.840000 16691743738
-0.480000 3.960000 0.600000 16691768843
-0.600000 4.680000 0.600000 16691793846
-0.240000 4.440000 0.360000 16691819056
-0.420000 4.740000 0.540000 16691843735
-0.720000 4.320000 0.480000 16691868840
-0.300000 4.380000 0.540000 16691893865
-0.480000 4.560000 0.240000 16691919053
-0.300000 4.740000 0.300000 16691943764
-0.540000 4.860000 0.300000 16691968847
-0.420000 4.740000 0.300000 16691993836
-0.600000 4.680000 0.600000 16692019080
-0.480000 4.560000 0.240000 16692043735
-0.360000 4.800000 0.480000 16692068845
-0.600000 4.920000 0.360000 16692093844
-0.240000 5.040000 0.480000 16692119056
-0.480000 4.800000 0.240000 16692143747
-0.420000 5.220000 0.060000 16692168859
-0.600000 4.920000 0.240000 16692193842
-0.360000 5.040000 0.120000 16692219084
-0.300000 4.980000 -0.060000 16692243728
-0.360000 5.160000 -0.060000 16692268832
-0.300000 5.340000 0.300000 16692293847
-0.480000 5.040000 0.120000 16692319060
-0.240000 5.520000 0.120000 16692343721
-0.360000 5.520000 0.120000 16692368844
-0.060000 5.340000 0.060000 16692393857
-0.480000 5.280000 0.120000 16692419055
-0.120000 5.400000 0.120000 16692443717
-0.180000 5.700000 -0.180000 16692468844
-0.300000 5.700000 0.300000 16692493864
-0.360000 5.640000 -0.240000 16692519053
-0.180000 6.060000 -0.060000 16692543747
-0.060000 6.060000 0.180000 16692568860
-0.240000 5.760000 0.180000 16692593845
-0.180000 6.060000 -0.180000 16692619147
-0.240000 5.760000 0.120000 16692643729
-0.060000 5.940000 -0.060000 16692668854
-0.360000 6.000000 -0.120000 16692693857
0.060000 6.060000 0.060000 16692719037
-0.300000 6.420000 0.180000 16692743729
-0.120000 6.360000 0.120000 16692768811
-0.360000 6.240000 -0.120000 16692793840
-0.360000 6.120000 0.120000 16692818940
-0.360000 6.240000 0.360000 16692843720
0.060000 6.540000 0.060000 16692868724
-0.240000 6.360000 0.240000 16692893850
-0.600000 6.480000 0.120000 16692918944
-0.420000 6.420000 0.180000 16692943736
-0.240000 6.840000 0.120000 16692968741
0.060000 6.780000 0.060000 16692993837
-0.180000 7.020000 0.060000 16693018974
-0.420000 6.780000 -0.060000 16693043745
-0.360000 6.840000 0.120000 16693068716
-0.240000 6.840000 -0.120000 16693093861
-0.300000 7.020000 0.420000 16693118924
-0.240000 7.080000 0.240000 16693143729
-0.480000 7.200000 0.240000 16693168721
-0.360000 6.720000 0.240000 16693193827
-0.360000 7.320000 0.240000 16693218934
-0.300000 7.260000 0.420000 16693243727
-0.420000 7.140000 0.180000 16693268913
-0.360000 7.200000 0.180000 16693294032
-0.180000 7.500000 0.060000 16693319141
-0.120000 7.440000 0.240000 16693343907
-0.480000 7.440000 0.120000 16693368924
-0.300000 6.900000 0.060000 16693394014
-0.600000 7.320000 0.060000 16693419119
-0.660000 7.380000 -0.060000 16693443909
-0.420000 7.260000 0.420000 16693468902
-0.300000 7.740000 0.540000 16693494033
-0.300000 7.380000 0.060000 16693519119
-0.540000 7.500000 0.300000 16693543906
-0.420000 7.380000 0.300000 16693568926
-0.600000 7.560000 0.240000 16693594031
-0.360000 7.440000 0.120000 16693619101
-0.300000 7.500000 0.420000 16693644696
-0.300000 7.500000 0.420000 16693668977
-0.300000 7.740000 0.420000 16693694763
-0.780000 7.860000 0.420000 16693718974
-0.480000 7.560000 0.120000 16693744802
-0.480000 8.040000 0.120000 16693769012
-0.360000 7.680000 0.480000 16693794766
-0.360000 7.680000 0.600000 16693818970
-0.600000 7.920000 0.360000 16693844901
-0.540000 7.980000 0.660000 16693868974
-0.600000 7.920000 0.360000 16693894833
-0.540000 8.220000 0.540000 16693919099
-0.600000 8.160000 0.360000 16693944810
-0.720000 7.920000 0.600000 16693969607
-0.540000 8.220000 0.540000 16693993866
-0.660000 8.220000 0.900000 16694019547
-0.600000 8.280000 0.240000 16694044137
-0.540000 8.460000 0.780000 16694069126
-0.540000 8.340000 0.660000 16694094237
-0.600000 8.280000 0.600000 16694119347
-0.660000 8.460000 0.660000 16694144126
-0.660000 8.700000 0.540000 16694169198
-0.600000 8.280000 0.600000 16694194256
-0.900000 8.580000 0.780000 16694219332
-0.540000 8.580000 0.780000 16694244130
-0.540000 8.340000 0.900000 16694269123
-0.780000 8.820000 0.780000 16694294231
-0.720000 8.400000 0.960000 16694319331
-0.780000 8.820000 0.540000 16694344126
-0.600000 8.880000 0.840000 16694369168
-0.540000 8.700000 0.900000 16694394251
-0.600000 8.760000 0.960000 16694419383
-0.540000 8.700000 0.660000 16694444136
-0.600000 8.400000 0.600000 16694469638
-0.960000 8.400000 1.080000 16694493742
-1.080000 8.520000 0.840000 16694519833
-0.600000 8.760000 1.200000 16694543732
-0.900000 8.820000 0.900000 16694569609
-0.720000 8.880000 0.960000 16694593792
-0.660000 8.700000 0.780000 16694619829
-1.020000 8.700000 0.780000 16694643735
-0.600000 8.639999 1.320000 16694669669
-0.840000 8.760000 1.320000 16694693720
-1.140000 8.820000 1.020000 16694719887
-1.080000 9.000000 1.320000 16694744123
-0.960000 9.000000 1.320000 16694769122
-1.080000 8.760000 1.440000 16694794232
-1.140000 8.940000 1.500000 16694819332
-1.200000 9.480000 1.560000 16694844781
-1.080000 9.120000 1.800000 16694869138
-0.960000 9.240000 1.680000 16694894802
-1.320000 9.599999 1.920000 16694919013
-1.200000 9.719999 1.800000 16694944849
-1.320000 9.840000 1.920000 16694969913
-1.140000 9.780000 2.220000 16694994874
-1.560000 9.840000 2.400000 16695019169
-1.380000 9.660000 1.980000 16695044789
-1.620000 9.900000 1.980000 16695069121
-1.260000 10.139999 2.460000 16695094236
-1.320000 9.360000 2.280000 16695119375
-1.260000 9.780000 2.220000 16695144135
-1.380000 9.900000 2.100000 16695169194
-1.440000 9.840000 2.280000 16695194231
-1.440000 9.960000 2.520000 16695219331
-1.620000 9.780000 2.580000 16695244140
-1.380000 9.780000 2.820000 16695269126
-1.500000 10.260000 2.820000 16695294237
-1.500000 10.139999 2.820000 16695319329
-1.320000 10.440000 2.880000 16695344110
-1.380000 10.139999 2.820000 16695369108
-1.560000 10.320000 3.240000 16695394244
-1.440000 10.080000 3.240000 16695419386
-1.380000 10.500000 3.780000 16695444121
-1.260000 10.380000 3.660000 16695471392
-1.440000 10.200000 3.240000 16695494472
-1.440000 10.559999 3.720000 16695519397
-1.620000 10.380000 3.660000 16695544168
-1.380000 10.380000 3.780000 16695569130
-1.440000 10.440000 4.080000 16695594664
-1.620000 10.020000 3.900000 16695619723
-1.860000 10.380000 3.540000 16695644592
-1.680000 10.559999 4.080000 16695669590
-1.740000 10.380000 4.140000 16695694568
-1.800000 10.200000 4.200000 16695719692
-1.740000 10.380000 4.020000 16695744551
-1.920000 10.440000 4.320000 16695769433
-1.560000 10.320000 4.560000 16695794102
-1.620000 10.620000 4.500000 16695819189
-1.800000 10.320000 4.680000 16695844007
-1.680000 10.320000 5.040000 16695868983
-1.800000 10.679999 4.920000 16695894091
-1.680000 10.320000 4.920000 16695919269
-1.740000 10.620000 5.100000 16695943973
-1.800000 10.920000 5.280000 16695968988
-2.100000 10.620000 5.340000 16695994090
-1.800000 10.679999 5.520000 16696019214
-1.560000 10.080000 5.520000 16696044547
-1.800000 10.559999 5.400000 16696083223
-1.620000 10.500000 5.580000 16696097635
-1.740000 10.500000 5.580000 16696120791
-1.740000 10.620000 5.580000 16696145809
-1.440000 10.800000 5.880000 16696170754
-1.800000 10.559999 6.000000 16696195808
-1.740000 10.500000 6.300000 16696220772
-1.680000 10.679999 6.000000 16696245784
-1.380000 10.620000 6.060000 16696270766
-1.620000 10.500000 6.060000 16696295730
-1.560000 10.800000 5.760000 16696320745
-1.800000 10.920000 5.760000 16696345789
-1.560000 10.320000 6.000000 16696370666
-1.680000 10.440000 6.120000 16696395850
-1.560000 10.920000 6.000000 16696421055
-1.620000 10.740000 6.180000 16696445768
-1.620000 10.860000 6.060000 16696470848
-1.500000 10.620000 5.940000 16696495717
-1.200000 10.440000 5.880000 16696520822
-1.380000 10.620000 6.180000 16696545800
-1.680000 10.679999 6.480000 16696570767
-1.620000 10.620000 6.540000 16696595787
-1.560000 10.320000 6.480000 16696620788
-1.680000 10.559999 6.720000 16696645844
-1.440000 10.440000 6.480000 16696670829
-1.620000 10.380000 6.300000 16696695740
-1.560000 10.320000 6.480000 16696720774
-1.800000 10.440000 6.720000 16696745609
-1.380000 10.260000 6.540000 16696770583
-1.440000 10.200000 6.360000 16696795594
-1.500000 10.139999 6.780000 16696820609
-1.560000 10.200000 6.600000 16696845611
-1.560000 10.440000 6.480000 16696870642
-1.680000 10.200000 6.600000 16696895596
-1.440000 10.440000 6.720000 16696920623
-1.740000 10.380000 6.660000 16696945605
-1.680000 9.960000 6.840000 16696970603
-1.560000 10.200000 6.960000 16696995597
-1.680000 10.200000 6.960000 16697020617
-1.740000 10.260000 7.020000 16697045604
-1.740000 10.500000 7.260000 16697070636
-1.560000 9.960000 7.440000 16697095582
-1.500000 10.139999 7.380000 16697120626
-1.380000 10.380000 7.500000 16697145624
-1.320000 10.200000 7.560000 16697170612
-1.440000 10.200000 7.920000 16697195602
-1.080000 10.320000 7.680000 16697220614
-1.500000 10.139999 7.500000 16697245604
-1.380000 10.020000 7.620000 16697270600
-0.900000 10.139999 7.740000 16697295585
-1.020000 10.260000 7.980000 16697320603
-1.440000 9.960000 7.920000 16697345614
-0.960000 10.080000 8.280000 16697370597
-1.020000 10.020000 7.740000 16697395595
-1.080000 10.200000 8.280000 16697420627
-1.200000 10.080000 7.920000 16697445597
-1.200000 9.960000 8.400000 16697470615
-1.140000 9.780000 8.099999 16697495580
-0.720000 10.080000 8.160000 16697520804
-1.440000 9.840000 8.280000 16697545616
-1.140000 9.900000 8.700000 16697570683
-1.080000 9.840000 8.760000 16697595601
-0.720000 9.480000 8.280000 16697620614
-1.080000 9.599999 8.520000 16697645596
-1.020000 9.660000 8.460000 16697670603
-1.080000 9.719999 9.000000 16697695587
-0.960000 9.480000 8.760000 16697720605
-0.900000 9.660000 8.460000 16697745604
-0.900000 9.660000 9.179999 16697770607
-0.840000 9.599999 8.880000 16697795620
-1.020000 9.300000 8.820000 16697820617
-0.960000 9.360000 8.880000 16697845618
-0.660000 9.300000 8.700000 16697870612
-1.080000 9.360000 9.000000 16697895598
-0.960000 9.120000 9.000000 16697920610
-1.020000 9.300000 8.820000 16697945628
-0.420000 9.179999 8.940000 16697970623
-0.720000 9.240000 9.120000 16697995615
-0.780000 9.059999 9.179999 16698020739
-0.600000 9.360000 9.240000 16698045607
-0.480000 9.000000 9.360000 16698070615
-0.540000 9.059999 9.420000 16698095592
-0.540000 8.820000 9.540000 16698120611
-0.780000 8.820000 9.059999 16698145606
-0.660000 8.820000 9.660000 16698170597
-0.600000 8.639999 9.480000 16698195577
-0.480000 8.880000 9.599999 16698220595
-0.600000 8.880000 9.480000 16698245596
-0.720000 8.880000 9.480000 16698270620
-0.720000 8.760000 9.599999 16698295586
-0.480000 9.000000 9.240000 16698320629
-0.360000 9.000000 9.120000 16698345624
-0.240000 9.000000 9.599999 16698370599
-0.540000 8.700000 9.660000 16698395580
-0.720000 8.760000 9.599999 16698420608
-0.360000 8.639999 9.840000 16698445600
-0.600000 8.639999 9.719999 16698470606
-0.360000 8.639999 9.960000 16698495584
-0.360000 8.520000 9.960000 16698520600
-0.720000 8.400000 9.599999 16698545598
-0.120000 8.160000 9.960000 16698570593
-0.420000 8.460000 10.020000 16698595580
-0.420000 8.220000 10.020000 16698620619
-0.180000 8.340000 9.900000 16698645602
-0.720000 8.160000 9.840000 16698670613
-0.300000 8.220000 10.020000 16698695585
-0.180000 8.099999 9.900000 16698720591
-0.420000 8.220000 10.139999 16698745594
-0.300000 7.860000 10.139999 16698770594
-0.360000 7.800000 10.080000 16698795580
-0.420000 7.860000 10.139999 16698820605
-0.240000 8.040000 9.960000 16698845621
-0.240000 7.680000 10.200000 16698870634
-0.300000 7.860000 10.260000 16698895584
-0.480000 7.560000 10.080000 16698920594
-0.240000 7.320000 10.320000 16698945615
-0.240000 7.320000 9.960000 16698970614
-0.480000 7.320000 10.440000 16698995592
-0.480000 7.440000 10.080000 16699020596
-0.180000 7.260000 10.020000 16699045610
-0.360000 7.320000 10.320000 16699070608
-0.240000 7.080000 10.200000 16699095568
-0.240000 6.960000 10.320000 16699120600
-0.360000 6.960000 10.200000 16699145584
-0.420000 6.660000 10.500000 16699170614
-0.240000 6.840000 10.200000 16699195677
-0.120000 6.960000 10.080000 16699220615
-0.240000 6.720000 10.320000 16699245719
0.060000 6.900000 10.380000 16699270582
0.060000 6.840000 10.200000 16699295728
-0.060000 6.420000 10.020000 16699320602
-0.240000 6.720000 10.320000 16699345730
-0.360000 6.000000 10.320000 16699370608
-0.300000 6.060000 10.260000 16699395583
0.180000 6.060000 10.500000 16699420608
-0.120000 6.120000 10.200000 16699445604
-0.300000 5.820000 10.380000 16699470597
-0.420000 6.180000 10.260000 16699495582
0.060000 5.580000 10.139999 16699520597
-0.120000 5.760000 10.320000 16699545614
-0.060000 5.580000 10.260000 16699570607
-0.240000 5.160000 10.200000 16699595591
-0.240000 5.400000 10.200000 16699620610
-0.240000 5.160000 10.320000 16699645605
-0.540000 5.340000 9.780000 16699670607
-0.540000 5.100000 10.020000 16699695609
-0.360000 5.160000 9.719999 16699720608
-1.020000 5.100000 9.900000 16699745648
-0.900000 5.100000 10.020000 16699770653
-0.960000 5.160000 9.840000 16699795765
-0.480000 5.040000 9.719999 16699820615
-0.480000 5.160000 9.599999 16699845700
-0.720000 4.680000 9.599999 16699870620
-0.540000 4.980000 9.780000 16699895597
-0.720000 4.800000 9.719999 16699920612
-0.660000 4.380000 9.660000 16699945597
-0.840000 4.320000 9.599999 16699970619
-0.840000 4.320000 9.719999 16699995610
-1.140000 4.500000 9.420000 16700020650
-1.080000 4.200000 9.360000 16700045607
-1.260000 4.020000 9.179999 16700070720
-1.020000 4.020000 9.179999 16700095622
-0.900000 3.660000 9.179999 16700120602
-0.960000 3.840000 9.120000 16700145599
-1.140000 3.540000 9.059999 16700170617
-1.020000 3.300000 8.820000 16700195591
-1.140000 3.180000 8.700000 16700221359
-1.260000 3.180000 8.220000 16700245612
-1.020000 3.180000 8.580000 16700270608
-1.080000 3.120000 8.520000 16700295799
-1.140000 2.820000 8.099999 16700320857
-0.840000 2.880000 8.520000 16700345770
-1.200000 2.760000 8.160000 16700370646
-1.200000 2.760000 8.160000 16700395824
-1.020000 2.220000 8.220000 16700420837
-0.900000 2.580000 7.980000 16700445757
-1.020000 2.340000 7.860000 16700470611
-0.900000 2.340000 7.860000 16700495730
-0.900000 2.220000 7.860000 16700520767
-1.020000 2.220000 7.620000 16700545751
-1.140000 2.460000 7.260000 16700570794
-1.020000 2.340000 7.500000 16700595708
-0.960000 1.920000 7.680000 16700620759
-1.080000 2.160000 7.320000 16700645832
-1.080000 2.160000 7.680000 16700670718
-0.900000 2.100000 7.140000 16700695705
-1.020000 2.100000 6.900000 16700720750
-1.500000 1.980000 7.140000 16700745724
-1.080000 1.920000 6.960000 16700770769
-1.200000 1.920000 6.720000 16700795710
-1.020000 1.980000 7.020000 16700820744
-1.080000 1.680000 7.080000 16700845867
-1.080000 1.920000 7.200000 16700870731
-1.080000 1.800000 6.960000 16700895806
-1.080000 1.920000 6.960000 16700920746
-1.080000 1.440000 6.720000 16700945736
-0.840000 2.040000 6.720000 16700970615
-1.140000 1.740000 6.540000 16700995591
-0.960000 1.560000 6.600000 16701020606
-1.560000 1.200000 6.360000 16701045629
-1.260000 1.500000 6.180000 16701070633
-1.080000 1.320000 5.880000 16701095594
-0.900000 1.500000 6.060000 16701120900
-1.080000 1.560000 5.640000 16701145611
-1.200000 1.440000 5.760000 16701170599
-1.260000 1.500000 5.580000 16701195585
-1.560000 1.680000 5.160000 16701220597
-1.020000 1.500000 5.100000 16701245602
-1.260000 1.620000 4.980000 16701270581
-1.500000 1.860000 4.980000 16701295579
-1.140000 1.740000 4.980000 16701320597
-0.960000 1.440000 4.920000 16701345592
-1.200000 1.680000 4.920000 16701370603
-1.080000 1.680000 4.800000 16701395572
-0.900000 1.620000 4.980000 16701420606
-1.140000 1.500000 4.740000 16701445611
-1.080000 1.560000 4.920000 16701470590
-1.320000 1.440000 4.800000 16701495584
-1.020000 1.620000 4.860000 16701520606
-1.080000 1.440000 4.680000 16701545590
-1.020000 1.620000 4.500000 16701570603
-0.960000 1.800000 4.440000 16701595601
-1.020000 1.260000 4.140000 16701620597
-0.780000 1.620000 4.140000 16701645605
-1.080000 1.200000 4.560000 16701670590
-0.960000 1.320000 4.080000 16701695581
-1.080000 1.440000 4.200000 16701720605
-0.960000 1.200000 3.960000 16701745675
-0.720000 1.320000 3.960000 16701770612
-0.900000 1.500000 3.660000 16701795694
-0.720000 1.200000 3.720000 16701820593
-0.300000 1.740000 4.020000 16701845704
-0.720000 1.440000 3.600000 16701870595
-0.660000 1.260000 3.300000 16701895684
-0.600000 1.680000 3.240000 16701920606
-0.660000 1.260000 3.060000 16701945702
-0.660000 1.620000 3.060000 16701970605
-0.180000 1.620000 2.820000 16701995694
-0.300000 1.620000 2.700000 16702020610
-0.420000 1.860000 2.940000 16702045706
-0.360000 1.800000 2.280000 16702070599
-0.600000 1.920000 2.400000 16702095680
-0.240000 1.800000 2.640000 16702120607
-0.420000 2.100000 2.340000 16702145707
-0.480000 2.040000 2.280000 16702170613
-0.660000 2.100000 2.340000 16702195691
-0.840000 2.400000 2.160000 16702220653
-0.540000 2.580000 2.220000 16702245754
-0.960000 2.520000 2.160000 16702270589
-0.420000 2.460000 1.740000 16702295698
-0.600000 2.160000 1.680000 16702320597
-0.480000 2.520000 1.920000 16702345824
-0.300000 2.580000 1.740000 16702370620
-0.420000 2.700000 1.620000 16702395843
-0.420000 3.060000 1.500000 16702420598
-0.720000 2.760000 1.080000 16702445843
-0.840000 3.120000 1.080000 16702470599
-0.300000 2.940000 1.500000 16702495824
-0.300000 2.940000 1.260000 16702520603
-0.360000 3.240000 1.080000 16702545709
-0.180000 3.060000 1.260000 16702570591
-0.240000 3.480000 0.840000 16702595700
-0.540000 3.180000 0.780000 16702620590
-0.480000 3.240000 1.080000 16702645726
-0.120000 3.240000 0.960000 16702670589
-0.300000 3.420000 1.140000 16702695702
-0.420000 3.300000 0.900000 16702720591
-0.420000 3.540000 0.780000 16702745730
-0.300000 3.540000 0.660000 16702770647
-0.480000 3.600000 0.840000 16702795710
-0.480000 3.480000 0.960000 16702820653
-0.480000 3.360000 0.600000 16702845744
-0.720000 3.720000 0.720000 16702870584
-0.540000 4.020000 0.900000 16702895702
-0.360000 4.200000 0.720000 16702920605
-0.420000 4.020000 0.420000 16702945714
-0.360000 4.200000 0.360000 16702970591
-0.240000 4.200000 0.120000 16702995703
-0.300000 4.020000 0.420000 16703020577
-0.420000 4.260000 0.420000 16703045714
0.060000 3.900000 0.300000 16703070598
-0.300000 4.140000 0.300000 16703095702
-0.060000 4.260000 0.540000 16703120594
-0.180000 4.140000 0.300000 16703145718
-0.180000 4.200000 0.480000 16703170587
-0.180000 4.140000 0.300000 16703195714
-0.060000 4.380000 0.300000 16703220588
-0.060000 4.800000 0.240000 16703246711
-0.180000 4.020000 0.180000 16703270606
-0.240000 3.960000 0.480000 16703295732
-0.420000 4.140000 0.660000 16703320680
-0.060000 4.020000 0.300000 16703345720
-0.120000 4.200000 0.480000 16703370697
-0.480000 4.080000 0.240000 16703395734
-0.120000 4.080000 0.720000 16703420723
-0.300000 4.140000 0.420000 16703445714
-0.300000 3.900000 0.540000 16703472843
-0.480000 4.080000 0.600000 16703495739
-0.420000 4.020000 0.300000 16703520625
-0.420000 3.900000 0.540000 16703545739
-0.660000 3.900000 0.540000 16703570600
-0.540000 3.780000 0.780000 16703595728
-0.720000 4.320000 0.480000 16703620594
-0.540000 3.900000 0.780000 16703645733
-0.480000 3.840000 0.600000 16703670594
-0.840000 3.600000 0.840000 16703695720
-0.420000 3.660000 0.660000 16703720607
-0.600000 3.840000 0.840000 16703745731
-0.660000 3.900000 0.660000 16703770588
-0.540000 3.660000 0.660000 16703795724
-0.480000 4.080000 0.720000 16703820598
-0.600000 3.840000 0.720000 16703845728
-0.720000 3.840000 0.720000 16703870627
-0.360000 4.080000 0.720000 16703895691
