1.147378 0.362846 9.855684 9849904476
1.166991 0.372653 10.257757 9849929480
1.314091 0.382459 9.855684 9849954447
1.421964 0.372653 9.561485 9849979486
1.363124 0.343233 9.512452 9850004478
1.314091 0.323619 9.610518 9850029483
1.274865 0.421686 9.669358 9850054447
1.176798 0.402073 9.787038 9850079482
1.147378 0.421686 10.032204 9850104484
1.157185 0.441299 9.571292 9850129485
1.098345 0.402073 9.855684 9850154448
0.970859 0.421686 10.140078 9850179474
0.872792 0.470719 9.669358 9850204487
0.941439 0.500139 9.404578 9850229493
0.872792 0.480526 10.081238 9850254439
0.794339 0.509946 9.924331 9850279485
0.784532 0.490333 9.610518 9850304482
0.715886 0.500139 9.522259 9850329485
0.500139 0.460913 9.394772 9850354447
0.166713 0.480526 9.590905 9850379486
-0.078453 0.539366 9.816459 9850404490
-0.235360 0.500139 10.120463 9850429482
-0.402073 0.392266 10.032204 9850454451
-0.509946 0.402073 9.836071 9850479489
-0.578592 0.382459 9.698778 9850504482
-0.617819 0.362846 9.080959 9850529476
-0.980665 0.382459 9.022120 9850554451
-1.402351 0.343233 9.012313 9850579488
-1.961330 0.362846 9.492838 9850604469
-2.824315 0.402073 9.483032 9850629483
-3.334261 0.313813 8.678886 9850654453
-4.040340 0.235360 7.972808 9850679483
-4.844486 0.186326 7.894354 9850704485
-6.413549 0.147100 7.315762 9850729474
-7.247115 0.098067 7.080402 9850754450
-7.913968 -0.039227 6.697943 9850779485
-8.531787 -0.088260 6.541036 9850804490
-9.110379 -0.117680 4.795453 9850829482
-9.483032 -0.029420 3.922661 9850854451
-9.826264 0.058840 3.216582 9850879477
-10.159691 -0.068647 2.971415 9850904485
-10.306790 -0.088260 1.657324 9850929476
-10.257757 -0.058840 1.147378 9850954447
-10.032204 -0.098067 0.568786 9850979481
-9.796844 -0.039227 0.166713 9851004486
-10.002784 -0.264780 -0.264780 9851029471
-8.884827 0.902212 -0.264780 9851054445
-9.345738 0.274586 -0.264780 9851079491
-9.738005 -0.215746 -0.558979 9851104491
-10.140078 -0.147100 -1.745584 9851129471
-10.198916 -0.068647 -1.804424 9851154450
-10.247950 -0.078453 -1.274865 9851179490
-10.100850 -0.078453 -1.166991 9851204486
-9.728198 0.176520 -1.637711 9851229493
-10.051817 -0.196133 -1.451384 9851254451
-9.983171 -0.088260 -1.431771 9851279480
-10.022397 0.009807 -2.079010 9851304482
-10.198916 0.078453 -2.245723 9851329476
-10.140078 0.049033 -2.137850 9851354447
-9.963558 -0.068647 -1.882877 9851379484
-9.924331 -0.029420 -2.549729 9851404487
-9.983171 -0.254973 -2.687022 9851429479
-10.022397 -0.411879 -2.432050 9851454449
-9.836071 -0.304006 -3.422521 9851479483
-9.757618 -0.353039 -6.707749 9851504484
-9.885104 -0.529559 -7.227501 9851529479
-9.973364 -0.696272 -4.638546 9851554451
-8.590627 -0.107873 -4.010921 9851579482
-7.658995 -0.274586 -9.865492 9851604484
-6.864655 -0.078453 -9.483032 9851629484
-6.315483 -0.088260 -7.433442 9851654452
-5.393658 0.088260 -6.462583 9851679485
-4.638546 -0.127486 -9.698778 9851704486
-4.305120 -0.049033 -9.894911 9851729484
-4.069760 0.147100 -9.649745 9851754449
-4.187440 -0.058840 -9.218252 9851779480
-3.569621 -0.127486 -9.228059 9851804489
-3.697107 0.058840 -9.345738 9851829479
-4.040340 -0.107873 -9.316319 9851854450
-4.069760 -0.039227 -9.669358 9851879489
-3.981500 -0.127486 -9.943945 9851904491
-4.001114 -0.215746 -9.816459 9851929478
-4.207053 -0.313813 -9.433999 9851954448
-4.363960 -0.353039 -9.022120 9851979489
-4.540480 0.058840 -9.139799 9852004478
-4.805259 -0.009807 -9.561485 9852029482
-5.021006 -0.019613 -9.904717 9852054444
-4.971972 0.078453 -9.394772 9852079482
-4.913132 -0.088260 -8.884827 9852104484
-4.893519 -0.127486 -8.924053 9852129477
-5.364238 -0.009807 -9.129992 9852154437
-5.070039 -0.039227 -8.894632 9852179497
-4.942552 -0.137293 -9.061346 9852204469
-5.266171 -0.196133 -9.012313 9852229483
-5.844764 -0.078453 -9.159412 9852254442
-4.805259 0.088260 -9.757618 9852279485
-4.942552 -0.019613 -9.394772 9852304474
-5.707471 -0.019613 -8.649467 9852329478
-5.619211 -0.137293 -8.051261 9852354444
-6.050704 0.029420 -8.825986 9852379488
-6.335097 -0.254973 -9.394772 9852404490
-6.590069 -0.215746 -9.247672 9852429485
-5.883991 0.137293 -8.306233 9852454441
-5.815344 0.098067 -8.590627 9852479480
-5.962444 0.058840 -8.708306 9852504472
-5.982057 -0.127486 -8.786759 9852529473
-5.658438 -0.294200 -8.041454 9852555284
-6.021284 -0.421686 -8.453333 9852579491
-6.344903 -0.460913 -9.129992 9852604480
-6.011477 -0.039227 -9.492838 9852629483
-5.923217 -0.254973 -8.580820 9852654444
-6.138963 -0.411879 -9.090766 9852679484
-5.511338 0.009807 -8.943666 9852704481
-5.579985 0.058840 -8.757339 9852729479
-6.168384 -1.343511 -9.012313 9852754443
-5.383852 -0.588399 -9.512452 9852779480
-5.128879 -0.254973 -9.836071 9852804476
-4.756226 -0.421686 -9.679165 9852829473
-4.422800 -0.637432 -7.600155 9852854448
-4.334540 -0.588399 -8.884827 9852879484
-4.412993 -0.647239 -9.865492 9852904475
-4.540480 -0.745305 -9.296705 9852929467
-4.550286 -0.608012 -9.757618 9852954445
-4.471833 -0.539366 -9.973364 9852979489
-4.334540 -0.392266 -9.277092 9853004453
-4.344347 -0.402073 -8.394494 9853029465
-4.138407 -0.500139 -9.983171 9853054440
-4.050147 -0.500139 -9.208446 9853079480
-4.030534 -0.578592 -9.600712 9853104478
-4.128600 -0.568786 -10.316597 9853129478
-4.226666 -0.843372 -10.012591 9853154441
-3.952080 -0.666852 -9.718391 9853179480
-3.755947 -0.676659 -9.875298 9853204462
-3.589234 -0.578592 -10.032204 9853229479
-3.383295 -0.304006 -9.532065 9853254425
-3.187161 -0.333426 -9.581099 9853279478
-3.147935 -0.362846 -9.728198 9853304490
-2.912575 -0.323619 -10.414664 9853329467
-2.961608 -0.254973 -10.532343 9853354469
-2.971415 -0.274586 -10.061625 9853379483
-2.981222 -0.362846 -9.963558 9853404481
-2.765476 -0.372653 -10.522536 9853429481
-2.814509 -0.353039 -10.120463 9853454446
-2.726249 -0.421686 -10.081238 9853479487
-2.618376 -0.470719 -10.395051 9853504475
-2.490890 -0.431493 -9.973364 9853529487
-2.402630 -0.382459 -10.414664 9853554447
-2.392823 -0.392266 -10.718670 9853579479
-2.324176 -0.421686 -10.522536 9853604484
-1.931910 -0.343233 -10.581376 9853629483
-1.863264 -0.362846 -10.708863 9853654447
-1.804424 -0.372653 -10.493117 9853679483
-1.549451 -0.392266 -9.718391 9853704475
-1.304285 -0.353039 -10.738283 9853729476
-1.274865 -0.284393 -10.404857 9853754446
-1.255251 -0.294200 -10.247950 9853779479
-1.245445 -0.313813 -10.630409 9853804481
-1.127765 -0.264780 -10.728477 9853829478
-1.049312 -0.205940 -10.610797 9853854450
-1.108152 -0.186326 -10.865769 9853879480
-0.931632 -0.264780 -11.199195 9853904485
-0.657046 -0.431493 -10.473503 9853929469
-0.500139 -0.343233 -10.159691 9853954449
-0.362846 -0.304006 -10.346016 9853979480
-0.304006 -0.254973 -10.640217 9854004480
-0.264780 -0.215746 -10.600989 9854029483
-0.245166 -0.156906 -10.414664 9854054447
-0.117680 -0.176520 -10.493117 9854079480
0.058840 -0.235360 -10.650023 9854104480
0.049033 -0.225553 -10.512731 9854129485
0.078453 -0.274586 -10.728477 9854154452
0.088260 -0.304006 -10.836349 9854179485
0.088260 -0.264780 -10.875576 9854204482
0.264780 -0.274586 -10.875576 9854229486
0.362846 -0.304006 -10.463697 9854254451
0.353039 -0.186326 -10.365630 9854279482
0.323619 -0.098067 -10.659830 9854304484
0.343233 -0.186326 -10.767703 9854329483
0.392266 -0.166713 -10.542150 9854354449
0.411879 -0.176520 -10.581376 9854379490
0.480526 -0.235360 -10.610797 9854404487
0.558979 -0.284393 -10.728477 9854429478
0.608012 -0.205940 -10.895190 9854454451
0.755112 -0.137293 -11.012870 9854479483
1.078732 -0.166713 -10.797122 9854504505
1.294478 -0.166713 -10.277370 9854529482
1.657324 -0.156906 -10.169497 9854554449
1.971137 -0.225553 -10.042011 9854579482
2.128043 -0.078453 -9.885104 9854604487
2.196690 -0.088260 -10.267564 9854629488
2.294756 -0.137293 -10.424470 9854654450
2.157463 -0.156906 -10.444084 9854679489
2.177077 -0.196133 -10.512731 9854704487
2.216303 -0.186326 -10.659830 9854729484
2.402630 -0.235360 -10.797122 9854754450
2.677216 -0.127486 -10.895190 9854779488
3.147935 -0.264780 -10.767703 9854804486
3.648074 -0.215746 -10.718670 9854829479
4.148213 -0.147100 -10.296983 9854854450
5.246559 -0.127486 -8.600433 9854879490
5.933024 -0.156906 -7.894354 9854904486
6.492003 -0.166713 -7.119628 9854929486
7.090209 -0.205940 -6.295870 9854954450
7.541315 -0.205940 -6.325290 9854979487
7.766868 -0.205940 -6.658716 9855004483
7.923775 -0.186326 -7.031369 9855029482
8.119907 -0.235360 -6.884269 9855054449
8.217974 -0.333426 -6.335097 9855079490
8.335654 -0.186326 -6.178190 9855104485
8.531787 -0.176520 -5.874184 9855129482
8.747533 -0.088260 -5.697665 9855154450
8.835793 -0.068647 -5.472112 9855179482
8.894632 -0.019613 -5.070039 9855204482
9.041733 -0.284393 -4.687580 9855229486
9.286899 -0.333426 -4.628739 9855254449
9.522259 -0.284393 -4.040340 9855279488
9.286899 -0.088260 -3.432328 9855304486
9.659552 -0.088260 -3.177355 9855329478
9.836071 -0.137293 -3.324455 9855354451
9.787038 -0.245166 -2.363403 9855379489
9.757618 -0.215746 -1.578871 9855404407
9.963558 -0.372653 -1.117958 9855429490
10.238144 -0.107873 -0.951245 9855454447
10.091044 -0.205940 -0.058840 9855479490
9.992978 -0.049033 0.353039 9855504485
10.110658 -0.156906 0.794339 9855529471
9.747811 -0.058840 1.019892 9855554451
9.747811 -0.117680 2.108430 9855579491
9.708585 -0.039227 2.598763 9855604489
9.492838 -0.205940 2.530116 9855629479
9.110379 0.049033 4.030534 9855654448
9.002505 0.019613 4.344347 9855679486
8.825986 -0.049033 4.677773 9855704489
8.600433 0.009807 4.834679 9855729491
8.129714 0.088260 5.795731 9855754448
8.100294 0.107873 5.952637 9855779484
7.864934 0.127486 5.844764 9855804485
7.492281 0.117680 6.295870 9855829484
7.090209 0.225553 6.913689 9855854451
6.796009 0.254973 7.100015 9855879489
6.580263 0.147100 7.060789 9855904483
6.286063 0.372653 7.727641 9855929481
5.805537 0.372653 8.159134 9855954450
5.530951 0.333426 8.257200 9855979490
5.177912 0.313813 8.561207 9856004477
5.011199 0.372653 8.502367 9856029467
4.579706 0.372653 8.904439 9856054368
4.305120 0.441299 9.394772 9856079491
4.128600 0.431493 9.296705 9856104494
3.726527 0.382459 9.022120 9856129479
3.393101 0.460913 8.747533 9856154452
3.128322 0.460913 8.835793 9856179481
2.961608 0.402073 9.424192 9856204489
2.687022 0.353039 9.384965 9856229487
2.490890 0.451106 10.042011 9856254447
2.363403 0.362846 9.855684 9856279485
2.157463 0.333426 9.483032 9856304489
1.794617 0.490333 9.767425 9856329485
1.529838 0.588399 10.571569 9856354447
1.353318 0.539366 10.306790 9856379486
1.304285 0.519753 10.061625 9856404484
1.019892 0.421686 9.816459 9856429482
0.794339 0.617819 10.032204 9856454447
0.647239 0.647239 10.198916 9856479472
0.617819 0.608012 10.012591 9856504480
0.313813 0.598206 9.894911 9856529479
0.254973 0.715886 10.091044 9856554448
0.254973 0.706079 9.914525 9856579475
0.274586 0.715886 10.140078 9856604474
0.284393 0.745305 9.806651 9856629482
