3.692500 0.577500 -0.350000 9849931377
3.202500 -10.797500 1.452500 9849956364
2.030000 -8.820000 7.595000 9849981367
10.307500 3.885000 8.645000 9850006370
7.402500 16.747499 6.667500 9850031377
6.317500 16.030001 7.542500 9850056369
5.652500 10.605000 5.705000 9850081366
3.377500 0.787500 3.080000 9850106376
-4.515000 18.795000 -1.645000 9850131421
-5.180000 34.160000 -0.910000 9850156372
-2.240000 -7.297500 -0.385000 9850181370
2.817500 -10.185000 -4.917500 9850206365
-3.010000 22.067499 -0.630000 9850231376
0.630000 11.585000 0.525000 9850256367
4.620000 1.750000 -1.067500 9850281410
-1.102500 24.692499 -3.272500 9850306405
-0.175000 41.632500 -0.490000 9850331392
2.712500 60.900002 0.332500 9850356371
0.857500 78.732498 -4.287500 9850381383
-4.655000 78.680000 -5.512500 9850406382
-4.112500 49.542500 -6.790000 9850431385
-6.405000 17.762501 -8.137500 9850456372
-4.270000 -7.192500 -7.192500 9850481377
-7.612500 18.795000 -1.540000 9850506380
-12.670000 37.012501 -0.682500 9850531386
-5.722500 88.970001 -0.560000 9850556371
-3.955000 135.904999 -0.455000 9850581380
-3.727500 147.472504 -1.575000 9850606381
-1.400000 143.482498 4.655000 9850631395
1.575000 161.350006 3.150000 9850656372
0.682500 206.307495 0.070000 9850681375
-0.857500 271.897491 -6.055000 9850706412
-4.900000 291.690002 -7.752500 9850731411
-2.065000 291.042511 -7.210000 9850756408
-1.645000 278.967499 -6.790000 9850781409
-5.075000 252.000000 -12.460000 9850806411
-9.642500 215.617508 -13.947500 9850831420
-17.325001 206.044998 -14.910000 9850856408
-21.665001 187.967499 -9.520000 9850881423
-16.747499 166.039993 -8.452500 9850906412
-9.222500 153.369995 -8.260000 9850931420
-7.000000 145.792496 -1.505000 9850956388
-5.565000 125.090004 1.837500 9850981384
-5.180000 103.599998 9.065000 9851006383
-3.920000 63.035000 10.832500 9851031400
-6.545000 30.642500 9.170000 9851056372
-7.735000 -25.672501 9.485000 9851081377
-4.042500 -38.517502 5.145000 9851106378
-11.130000 -18.217501 2.450000 9851131398
-15.715000 34.457500 -4.340000 9851156382
-10.220000 42.945000 -6.142500 9851181374
-7.105000 -0.315000 -5.442500 9851206373
-7.367500 -5.302500 -3.202500 9851231385
-7.140000 15.942500 2.345000 9851256413
-7.805000 14.070000 -0.105000 9851281412
-6.772500 21.682501 -2.397500 9851306417
-7.385000 32.305000 0.787500 9851331422
0.017500 57.032501 2.712500 9851356409
3.657500 56.717499 -0.350000 9851381357
4.882500 60.672501 -2.695000 9851406334
6.055000 82.407501 -2.292500 9851431378
9.030000 89.372498 -7.630000 9851456375
7.770000 116.882500 -7.892500 9851481376
4.200000 208.705002 -6.457500 9851506385
4.900000 401.747498 4.567500 9851531381
-0.822500 346.622498 -7.595000 9851556374
-13.650000 168.227493 -5.845000 9851581373
-17.097500 161.805008 -4.900000 9851606377
-8.190000 320.862488 -12.460000 9851631403
0.612500 290.412506 -11.147500 9851656366
4.847500 30.520000 -7.892500 9851681376
0.805000 -12.040000 -7.910000 9851706384
-8.120000 60.742500 -6.632500 9851731388
-17.500000 67.952499 -0.507500 9851756369
-13.370000 40.775002 4.462500 9851781374
-6.632500 -7.052500 4.042500 9851806377
3.902500 -3.780000 8.592500 9851831388
6.965000 -27.247499 11.812500 9851856378
16.887501 -46.707500 15.610000 9851881386
12.145000 -38.080002 22.295000 9851906378
7.087500 -15.627501 18.847500 9851931384
-7.420000 -20.299999 16.152500 9851956383
-12.565000 -41.177502 12.740000 9851981379
-9.432500 -70.227501 16.309999 9852006378
-3.920000 -58.012501 21.752501 9852031385
-2.082500 9.695000 15.575000 9852056379
-1.365000 29.750000 12.040000 9852081384
7.175000 5.407500 9.012500 9852106383
14.525000 -31.430000 1.855000 9852131404
11.900000 -5.092500 -3.762500 9852156439
5.687500 3.307500 -1.592500 9852181390
-1.470000 -25.322500 0.122500 9852206376
-3.885000 -40.355000 -0.682500 9852231384
-3.342500 -49.840000 -8.837500 9852256371
-1.890000 -30.117500 -6.720000 9852281379
0.962500 5.442500 5.512500 9852306378
3.902500 -18.882500 3.570000 9852331374
8.872500 -62.212502 3.237500 9852356373
8.015000 -46.987499 -0.822500 9852381393
-4.462500 -3.080000 -0.577500 9852406381
-6.317500 28.577499 -15.295000 9852431385
-1.190000 5.477500 -8.732500 9852456370
-2.957500 -4.655000 -3.867500 9852481369
-6.405000 14.052500 1.382500 9852506376
-6.545000 22.434999 1.750000 9852531386
-0.770000 6.422500 2.800000 9852556271
-4.585000 -26.862499 -2.345000 9852581387
-7.385000 -27.422501 -9.747500 9852606372
-4.690000 1.277500 -14.945000 9852631415
8.487500 46.795002 -10.062500 9852656373
9.852500 37.134998 -15.610000 9852681370
4.112500 41.369999 -11.935000 9852706413
9.992500 23.030001 -2.730000 9852731410
12.775000 21.245001 0.367500 9852756418
19.092501 60.025002 -4.690000 9852781412
18.112499 85.959999 0.052500 9852806413
16.100000 95.637497 8.767500 9852831409
8.802500 49.174999 6.597500 9852856424
-0.087500 -30.485001 4.567500 9852881434
-2.047500 -5.950000 3.902500 9852906376
3.010000 13.930000 2.520000 9852931377
1.295000 -7.122500 -1.855000 9852956380
-1.715000 19.722500 -3.115000 9852981375
6.790000 50.119999 -1.225000 9853006403
4.252500 6.737500 -1.540000 9853031197
-7.402500 10.377500 -1.540000 9853056178
2.047500 16.152500 1.487500 9853081179
-0.490000 -0.717500 0.245000 9853106185
-5.285000 28.857500 -1.190000 9853131189
-4.672500 65.029999 -1.085000 9853156185
-9.782500 43.802502 0.070000 9853181179
-13.002500 31.325001 -0.175000 9853206181
-10.937500 52.797501 -2.345000 9853231181
-9.555000 43.820000 0.332500 9853256186
-6.562500 18.952499 2.660000 9853281177
-5.162500 0.857500 3.640000 9853306183
1.610000 -6.037500 2.415000 9853331176
5.547500 9.625000 -0.315000 9853356205
9.030000 21.875000 0.612500 9853381192
6.842500 13.020000 0.175000 9853406188
2.765000 19.792500 1.382500 9853431195
5.635000 32.200001 1.715000 9853456180
1.802500 18.917500 1.435000 9853481179
-4.007500 19.110001 -0.437500 9853506180
-4.410000 25.129999 -0.875000 9853531180
-5.425000 5.075000 -0.560000 9853556181
0.052500 22.942499 0.525000 9853581178
1.680000 45.395000 -0.262500 9853606189
-2.065000 45.167500 0.070000 9853631194
-0.997500 43.767502 -0.087500 9853656195
0.945000 67.777504 0.210000 9853681179
-6.597500 36.347500 -1.715000 9853706186
-5.145000 -2.450000 -2.992500 9853731178
-1.662500 18.882500 -2.537500 9853756180
-2.362500 9.520000 -3.202500 9853781178
-2.450000 4.707500 -2.432500 9853806182
1.942500 12.635000 -3.027500 9853831177
4.060000 16.100000 -1.032500 9853856181
0.945000 34.474998 0.490000 9853881187
-7.000000 55.877499 0.892500 9853906180
-7.035000 64.470001 0.262500 9853931182
-5.530000 28.822500 -1.837500 9853956179
-6.020000 12.652500 -1.452500 9853981182
-3.185000 -3.797500 -1.627500 9854006183
1.645000 8.347500 -1.890000 9854031175
4.410000 16.432501 -1.487500 9854056178
2.817500 14.875000 -0.455000 9854081175
-0.525000 15.732500 -0.157500 9854106177
0.227500 8.487500 -0.560000 9854131398
-2.187500 9.695000 -0.805000 9854156369
-3.045000 16.852501 -2.030000 9854181369
-2.660000 21.297501 -3.640000 9854206375
-2.730000 31.150000 -3.430000 9854231371
-5.617500 23.030001 -3.640000 9854256380
-3.990000 -6.912500 -1.557500 9854281372
1.417500 0.035000 0.192500 9854306368
-1.960000 13.737500 2.345000 9854331371
-0.682500 14.612500 0.700000 9854356371
0.420000 8.662500 0.315000 9854381341
0.735000 11.410000 1.452500 9854406371
0.192500 14.472500 0.227500 9854431389
-0.945000 37.275002 -1.347500 9854456369
-3.990000 64.644997 -0.070000 9854481411
-2.537500 81.375000 0.682500 9854506435
-3.517500 88.217499 -1.207500 9854531415
-9.292500 72.169998 0.070000 9854556401
-5.425000 42.805000 0.070000 9854581413
2.467500 1.312500 -1.347500 9854606375
0.087500 -2.047500 -2.257500 9854631394
-1.610000 -0.122500 -0.385000 9854656377
2.922500 4.987500 -1.225000 9854681388
3.867500 17.657499 -0.210000 9854706370
2.957500 33.722500 -0.210000 9854731376
1.942500 60.182499 -1.015000 9854756361
1.207500 121.292503 -0.525000 9854781371
-3.832500 155.470001 -0.297500 9854806375
-4.987500 186.865005 0.822500 9854831384
-1.190000 234.430008 4.725000 9854856369
-4.690000 240.695007 6.685000 9854881383
-4.410000 217.490005 8.190000 9854906372
-4.060000 161.052505 6.037500 9854931386
-2.310000 100.887497 6.807500 9854956374
-1.522500 32.340000 0.175000 9854981374
-2.187500 21.805000 -1.522500 9855006372
-3.202500 37.397499 0.577500 9855031390
-0.665000 71.540001 0.262500 9855056371
-0.227500 71.050003 -3.377500 9855081370
-2.905000 65.012497 -3.850000 9855106371
-2.887500 64.470001 -0.647500 9855131390
-1.225000 69.142502 2.415000 9855156366
-1.242500 90.264999 3.710000 9855181375
-0.035000 103.250000 1.750000 9855206375
-0.157500 92.820000 0.787500 9855231388
1.137500 78.610001 0.192500 9855256371
0.280000 96.932503 2.152500 9855281375
0.875000 101.797501 -0.192500 9855306373
2.485000 85.715004 0.752500 9855331381
-1.995000 102.059998 3.920000 9855356375
-8.487500 148.225006 3.115000 9855381225
-5.495000 132.335007 -3.202500 9855406233
-1.137500 92.820000 -1.977500 9855431386
-0.402500 108.535004 0.490000 9855456376
-0.175000 130.934998 -0.945000 9855481372
2.275000 107.992500 -6.107500 9855506373
6.387500 105.525002 -3.832500 9855531383
2.275000 134.085007 -0.822500 9855556381
-1.207500 148.277496 -3.377500 9855581374
2.467500 127.084999 -4.427500 9855606377
2.992500 143.237503 -1.382500 9855631389
5.267500 141.452499 -3.045000 9855656366
8.487500 112.332504 -5.880000 9855681374
8.767500 109.410004 -4.305000 9855706371
5.652500 118.020004 -4.602500 9855731382
6.790000 87.552498 -9.677500 9855756371
10.360000 87.605003 -9.362500 9855781377
8.120000 107.275002 -7.280000 9855806374
6.510000 111.860001 -7.332500 9855831381
7.490000 103.932503 -7.017500 9855856378
6.720000 96.915001 -6.492500 9855881381
4.165000 114.607498 -1.942500 9855906380
7.822500 110.355003 -0.455000 9855931386
7.437500 92.557503 1.207500 9855956379
1.855000 105.367500 4.900000 9855981374
3.342500 89.302498 3.272500 9856006369
5.320000 73.360001 -0.262500 9856031402
-0.577500 88.654999 3.605000 9856056664
-1.505000 71.172501 4.287500 9856081378
3.517500 54.197502 3.570000 9856106362
2.222500 62.387501 3.255000 9856131387
-1.260000 55.352501 2.187500 9856156373
-5.302500 59.744999 2.135000 9856181376
-0.875000 49.000000 1.540000 9856206373
1.382500 53.672501 2.450000 9856231368
0.350000 66.290001 3.780000 9856256375
0.157500 37.712502 0.105000 9856281370
1.820000 46.445000 -0.805000 9856306377
1.505000 70.857498 -0.035000 9856331373
3.815000 56.349998 -1.225000 9856356366
9.607500 29.172501 -4.252500 9856381388
9.100000 36.207500 -5.320000 9856406226
5.845000 56.805000 -3.482500 9856431426
6.702500 44.327499 -3.220000 9856456491
8.015000 33.005001 -3.377500 9856481424
8.540000 20.702499 -2.362500 9856506593
8.470000 22.855000 -2.625000 9856531426
7.052500 10.605000 -4.340000 9856556481
6.317500 10.552500 -4.742500 9856581418
6.177500 -7.157500 -2.590000 9856606595
1.995000 5.512500 -2.380000 9856631461
-0.385000 5.337500 -2.817500 9856656494
