-0.480000 -0.840000 -1.440000 9849919707
-0.480000 -1.080000 -1.440000 9849944515
-0.660000 -1.260000 -1.620000 9849969524
-0.600000 -1.320000 -1.680000 9849994521
-0.480000 -1.200000 -1.920000 9850019724
-0.480000 -1.200000 -1.440000 9850044518
-0.540000 -1.260000 -1.140000 9850069516
-0.360000 -1.320000 -1.560000 9850094518
-0.780000 -1.380000 -1.620000 9850119721
-0.180000 -1.020000 -1.620000 9850144523
-0.360000 -1.080000 -1.440000 9850169515
-0.420000 -1.380000 -1.860000 9850194520
-0.600000 -1.320000 -1.800000 9850219724
-0.420000 -1.260000 -1.620000 9850244508
-0.720000 -1.320000 -1.560000 9850269501
-0.480000 -1.320000 -1.320000 9850294541
-0.480000 -0.960000 -1.680000 9850319735
-0.180000 -1.140000 -1.620000 9850344525
-0.120000 -1.080000 -1.320000 9850369516
0.060000 -1.380000 -1.740000 9850394552
0.120000 -1.560000 -1.560000 9850419727
0.060000 -1.140000 -1.500000 9850444527
0.240000 -1.200000 -1.440000 9850469523
-0.120000 -1.320000 -1.200000 9850494526
0.420000 -1.380000 -1.380000 9850519720
0.240000 -0.960000 -1.680000 9850544527
0.420000 -1.020000 -1.260000 9850569518
0.660000 -1.020000 -1.140000 9850594523
0.960000 -1.200000 -1.200000 9850619720
0.780000 -1.380000 -1.020000 9850644524
1.380000 -1.140000 -0.660000 9850669528
1.800000 -0.960000 -0.240000 9850694517
2.040000 -1.080000 -0.120000 9850719729
2.220000 -1.500000 0.060000 9850744535
2.280000 -1.080000 0.960000 9850769532
2.100000 -1.260000 1.020000 9850794535
2.700000 -1.140000 1.500000 9850819730
2.520000 -1.080000 1.680000 9850844535
2.580000 -1.140000 2.220000 9850869535
2.400000 -0.840000 2.160000 9850894548
2.400000 -0.600000 2.520000 9850919752
2.340000 -1.380000 2.940000 9850944542
2.100000 -0.900000 3.300000 9850969527
2.280000 -1.080000 3.240000 9850994531
2.220000 -1.140000 3.300000 9851019746
1.860000 -1.260000 3.540000 9851044639
2.220000 -1.260000 3.420000 9851069513
2.340000 -1.140000 3.540000 9851094530
2.160000 -0.960000 3.720000 9851119719
2.340000 -1.140000 3.420000 9851144530
1.920000 -1.080000 3.600000 9851169519
2.340000 -0.900000 3.660000 9851194538
2.100000 -1.020000 3.780000 9851219715
2.040000 -1.200000 3.480000 9851244520
2.220000 -1.140000 3.300000 9851269532
2.160000 -1.080000 3.840000 9851294541
2.040000 -1.200000 3.960000 9851319724
1.620000 -0.900000 3.780000 9851344533
1.980000 -1.020000 3.900000 9851369536
1.740000 -0.900000 4.140000 9851394536
1.860000 -0.900000 4.020000 9851419711
1.620000 -1.140000 4.140000 9851444533
1.680000 -0.840000 4.080000 9851469523
1.500000 -0.780000 4.380000 9851494552
1.140000 -0.900000 4.500000 9851519742
0.660000 -0.900000 4.980000 9851544528
0.360000 -0.840000 5.400000 9851569535
-0.120000 -1.200000 5.280000 9851594524
-0.180000 -1.020000 5.340000 9851619716
-0.600000 -0.960000 5.640000 9851644539
-0.900000 -0.900000 5.820000 9851669528
-1.260000 -1.020000 5.820000 9851694529
-1.620000 -1.140000 5.460000 9851719713
-1.260000 -1.140000 5.700000 9851744527
-1.260000 -1.020000 5.580000 9851769517
-1.500000 -1.260000 5.700000 9851794531
-1.560000 -1.080000 5.640000 9851819716
-1.380000 -0.780000 5.700000 9851844531
-1.140000 -1.020000 5.460000 9851869518
-1.380000 -0.900000 5.580000 9851894541
-1.500000 -1.140000 5.700000 9851919712
-0.960000 -0.960000 5.520000 9851944529
-1.020000 -1.020000 5.700000 9851969517
-0.960000 -1.200000 5.520000 9851994528
-0.720000 -0.960000 5.640000 9852019762
-1.020000 -1.140000 5.700000 9852044527
-0.540000 -1.140000 5.460000 9852069517
-0.660000 -1.020000 5.580000 9852094532
-0.360000 -0.960000 5.760000 9852119715
-0.960000 -0.840000 5.640000 9852144531
-0.540000 -1.020000 5.220000 9852169576
-0.360000 -0.960000 5.400000 9852194535
-0.600000 -0.840000 5.400000 9852219728
-0.240000 -0.840000 5.640000 9852244541
-0.360000 -1.080000 5.400000 9852269518
-0.360000 -0.840000 5.400000 9852294542
-0.300000 -0.780000 5.340000 9852319709
-0.420000 -1.140000 5.340000 9852344526
0.060000 -1.020000 5.340000 9852369523
-0.300000 -0.780000 5.220000 9852394538
-0.300000 -1.080000 5.400000 9852419706
-0.300000 -0.960000 5.280000 9852444518
0.060000 -0.900000 5.340000 9852469517
-0.060000 -0.780000 5.100000 9852494521
-0.480000 -0.840000 5.520000 9852519717
-0.360000 -1.200000 5.520000 9852544550
-0.060000 -0.900000 5.460000 9852570089
-0.180000 -0.900000 5.700000 9852594531
-0.300000 -1.020000 5.580000 9852619735
-0.120000 -0.600000 5.400000 9852644537
-0.180000 -0.780000 5.220000 9852669518
-0.600000 -0.600000 5.520000 9852694522
-0.600000 -0.960000 5.400000 9852719737
-0.600000 -0.960000 5.400000 9852744536
-0.660000 -0.780000 5.460000 9852769542
-0.720000 -0.600000 5.760000 9852794558
-0.900000 -1.020000 5.340000 9852819731
-1.080000 -0.960000 5.400000 9852844538
-1.200000 -0.480000 5.400000 9852869539
-0.900000 -0.780000 5.220000 9852894557
-0.600000 -0.720000 5.280000 9852919715
-1.080000 -0.600000 5.640000 9852944527
-1.200000 -0.720000 5.280000 9852969512
-0.900000 -1.140000 5.460000 9852994531
-1.200000 -0.720000 5.280000 9853019746
-0.720000 -0.360000 5.280000 9853045407
-1.200000 -0.840000 5.640000 9853070347
-0.960000 -0.600000 5.520000 9853095364
-1.440000 -0.840000 5.520000 9853120364
-1.380000 -0.900000 5.460000 9853145369
-1.320000 -0.720000 5.040000 9853170366
-1.020000 -1.140000 5.460000 9853195353
-1.380000 -0.540000 5.340000 9853220350
-1.140000 -1.020000 5.340000 9853245353
-1.740000 -1.020000 5.340000 9853270356
-1.500000 -0.900000 5.100000 9853295356
-1.560000 -1.080000 5.520000 9853320361
-1.440000 -0.840000 5.520000 9853347112
-1.500000 -0.420000 5.460000 9853370423
-1.260000 -1.020000 5.340000 9853395387
-1.560000 -0.840000 5.160000 9853420369
-1.440000 -0.840000 5.280000 9853445367
-1.560000 -0.840000 5.280000 9853470360
-1.320000 -0.840000 5.160000 9853495346
-1.560000 -1.080000 5.280000 9853520359
-1.740000 -0.780000 5.460000 9853545353
-1.860000 -0.900000 5.580000 9853570388
-1.620000 -0.660000 5.340000 9853595353
-1.500000 -0.780000 5.460000 9853620369
-2.160000 -0.840000 5.400000 9853645378
-1.680000 -0.960000 5.520000 9853670372
-2.160000 -0.720000 5.400000 9853695343
-2.100000 -0.900000 5.340000 9853720371
-2.160000 -0.720000 5.280000 9853745346
-2.280000 -0.960000 5.400000 9853770360
-1.800000 -0.840000 5.280000 9853795359
-2.160000 -0.840000 5.280000 9853820360
-2.040000 -0.840000 5.280000 9853845342
-2.040000 -0.960000 5.400000 9853870350
-2.400000 -0.720000 5.280000 9853895356
-2.280000 -0.720000 5.040000 9853920355
-2.640000 -0.840000 5.520000 9853945371
-2.340000 -0.780000 4.980000 9853970355
-2.460000 -0.540000 4.980000 9853995350
-2.400000 -0.720000 5.160000 9854020358
-2.520000 -0.720000 5.280000 9854045347
-2.760000 -0.600000 5.280000 9854070369
-2.400000 -0.720000 5.160000 9854095358
-2.820000 -1.020000 5.220000 9854120348
-2.640000 -0.960000 5.400000 9854144543
-2.820000 -0.780000 5.220000 9854169517
-2.640000 -0.960000 5.040000 9854194515
-2.760000 -1.080000 5.280000 9854219705
-2.640000 -0.840000 5.280000 9854244520
-2.640000 -0.960000 5.040000 9854269511
-2.760000 -0.960000 5.400000 9854294519
-2.820000 -0.900000 5.220000 9854319706
-2.820000 -0.900000 5.220000 9854344521
-2.700000 -0.780000 5.100000 9854369519
-2.580000 -0.780000 5.220000 9854394525
-2.580000 -0.780000 4.980000 9854419707
-2.820000 -0.900000 4.860000 9854444519
-2.700000 -0.780000 4.980000 9854469523
-2.760000 -0.960000 5.040000 9854494552
-3.360000 -0.960000 4.920000 9854519765
-3.600000 -0.840000 4.800000 9854544532
-3.540000 -0.780000 5.100000 9854569527
-3.480000 -0.840000 4.920000 9854594535
-3.300000 -1.020000 4.620000 9854619718
-3.120000 -0.960000 4.920000 9854644532
-3.540000 -0.900000 4.980000 9854669524
-3.060000 -0.540000 5.220000 9854694519
-3.600000 -0.840000 4.920000 9854719719
-3.240000 -0.480000 5.040000 9854744524
-3.780000 -0.900000 4.980000 9854769526
-3.540000 -0.900000 4.860000 9854794518
-4.200000 -0.720000 4.560000 9854819711
-4.020000 -0.660000 4.020000 9854844521
-4.320000 -0.960000 3.720000 9854869522
-4.560000 -0.840000 3.600000 9854894535
-4.620000 -1.020000 3.300000 9854919716
-4.920000 -0.360000 3.000000 9854944525
-4.440000 -0.960000 3.120000 9854969523
-4.680000 -0.840000 2.880000 9854994523
-4.680000 -0.840000 2.880000 9855019757
-5.160000 -1.080000 3.240000 9855044520
-4.680000 -0.720000 2.880000 9855069518
-5.040000 -0.720000 2.400000 9855094523
-5.040000 -0.840000 2.640000 9855119714
-4.980000 -0.900000 2.820000 9855144527
-4.800000 -0.600000 2.160000 9855169522
-5.160000 -0.840000 2.040000 9855194518
-4.980000 -0.660000 2.100000 9855219718
-4.800000 -0.840000 1.800000 9855244525
-4.800000 -0.720000 1.800000 9855269516
-4.980000 -0.780000 1.620000 9855294543
-5.160000 -0.720000 1.320000 9855319716
-4.980000 -0.780000 0.900000 9855344528
-5.100000 -0.780000 1.500000 9855369526
-4.860000 -0.780000 1.260000 9855394557
-4.800000 -0.840000 0.960000 9855419528
-4.980000 -0.900000 0.900000 9855444525
-4.740000 -0.540000 0.660000 9855469523
-4.500000 -0.660000 0.540000 9855494524
-4.380000 -0.780000 0.300000 9855519727
-4.680000 -0.840000 0.120000 9855544525
-4.320000 -0.840000 0.120000 9855569534
-4.080000 -0.960000 0.120000 9855594520
-4.080000 -0.960000 -0.120000 9855619712
-4.140000 -0.780000 -0.300000 9855644530
-3.900000 -0.900000 -0.660000 9855669527
-3.780000 -0.780000 -0.420000 9855694520
-3.360000 -0.840000 -0.840000 9855719721
-3.480000 -1.080000 -0.600000 9855744525
-3.300000 -1.020000 -0.900000 9855769522
-3.420000 -1.140000 -0.900000 9855794520
-3.180000 -0.780000 -1.140000 9855819733
-2.760000 -0.960000 -1.320000 9855844524
-2.760000 -0.960000 -1.560000 9855869513
-2.640000 -1.320000 -1.440000 9855894528
-2.520000 -1.080000 -1.440000 9855919722
-2.400000 -0.960000 -1.320000 9855944523
-2.160000 -1.080000 -1.680000 9855969527
-2.160000 -1.080000 -1.680000 9855994523
-1.920000 -1.200000 -1.920000 9856019731
-1.740000 -0.780000 -1.860000 9856055827
-1.500000 -1.140000 -1.860000 9856070255
-1.440000 -1.440000 -1.680000 9856094547
-1.440000 -1.080000 -1.800000 9856119730
-1.080000 -1.080000 -1.560000 9856144534
-1.020000 -0.780000 -1.740000 9856169521
-1.200000 -1.200000 -1.800000 9856194524
-0.900000 -1.260000 -1.740000 9856219722
-0.960000 -1.080000 -2.040000 9856244529
-0.840000 -1.200000 -1.800000 9856269517
-0.960000 -1.080000 -1.800000 9856294517
-0.600000 -1.080000 -1.560000 9856319724
-0.600000 -1.200000 -1.560000 9856344519
-0.180000 -1.140000 -1.860000 9856369522
-0.180000 -1.380000 -1.500000 9856394528
-0.240000 -1.080000 -2.040000 9856419523
-0.180000 -1.380000 -1.740000 9856444515
0.120000 -1.200000 -1.680000 9856469521
-0.120000 -1.200000 -1.680000 9856494523
-0.180000 -1.140000 -1.620000 9856519514
-0.240000 -1.440000 -1.800000 9856544519
0.240000 -1.680000 -1.920000 9856569516
-0.240000 -1.440000 -1.800000 9856594513
-0.120000 -1.320000 -1.920000 9856619541
0.060000 -1.500000 -1.620000 9856644525
