0.000000 9849904476
0.000000 9849929480
0.000000 9849954447
0.000000 9849979486
0.000000 9850004478
0.000000 9850029483
0.000000 9850054447
0.000000 9850079482
0.000000 9850104484
0.000000 9850129485
0.000000 9850154448
0.000000 9850179474
0.000000 9850204487
0.000000 9850229493
0.000000 9850254439
0.000000 9850279485
0.000000 9850304482
0.000000 9850329485
0.000000 9850354447
0.000000 9850379486
0.000000 9850404490
0.000000 9850429482
0.000000 9850454451
0.000000 9850479489
0.000000 9850504482
0.000000 9850529476
0.000000 9850554451
0.000000 9850579488
0.000000 9850604469
0.000000 9850629483
0.000000 9850654453
0.000000 9850679483
0.000000 9850704485
0.000000 9850729474
0.000000 9850754450
0.000000 9850779485
0.000000 9850804490
0.000000 9850829482
0.000000 9850854451
0.000000 9850879477
0.000000 9850904485
0.000000 9850929476
0.000000 9850954447
0.000000 9850979481
0.000000 9851004486
0.000000 9851029471
0.000000 9851054445
0.000000 9851079491
0.000000 9851104491
0.000000 9851129471
0.000000 9851154450
0.000000 9851179490
0.000000 9851204486
0.000000 9851229493
0.000000 9851254451
0.000000 9851279480
0.000000 9851304482
0.000000 9851329476
0.000000 9851354447
0.000000 9851379484
0.000000 9851404487
0.000000 9851429479
0.000000 9851454449
0.000000 9851479483
0.000000 9851504484
0.000000 9851529479
0.000000 9851554451
0.000000 9851579482
0.000000 9851604484
0.000000 9851629484
0.000000 9851654452
0.000000 9851679485
0.000000 9851704486
0.000000 9851729484
0.000000 9851754449
0.000000 9851779480
0.000000 9851804489
0.000000 9851829479
0.000000 9851854450
0.000000 9851879489
0.000000 9851904491
0.000000 9851929478
0.000000 9851954448
0.000000 9851979489
0.000000 9852004478
0.000000 9852029482
0.000000 9852054444
0.000000 9852079482
0.000000 9852104484
0.000000 9852129477
0.000000 9852154437
0.000000 9852179497
0.000000 9852204469
0.000000 9852229483
0.000000 9852254442
0.000000 9852279485
0.000000 9852304474
0.000000 9852329478
0.000000 9852354444
0.000000 9852379488
0.000000 9852404490
0.000000 9852429485
0.000000 9852454441
0.000000 9852479480
0.000000 9852504472
0.000000 9852529473
0.000000 9852555284
0.000000 9852579491
0.000000 9852604480
0.000000 9852629483
0.000000 9852654444
0.000000 9852679484
0.000000 9852704481
0.000000 9852729479
0.000000 9852754443
0.000000 9852779480
0.000000 9852804476
0.000000 9852829473
0.000000 9852854448
0.000000 9852879484
0.000000 9852904475
0.000000 9852929467
0.000000 9852954445
0.000000 9852979489
0.000000 9853004453
0.000000 9853029465
0.000000 9853054440
0.000000 9853079480
0.000000 9853104478
0.000000 9853129478
0.000000 9853154441
0.000000 9853179480
0.000000 9853204462
0.000000 9853229479
0.000000 9853254425
0.000000 9853279478
0.000000 9853304490
0.000000 9853329467
0.000000 9853354469
0.000000 9853379483
0.000000 9853404481
0.000000 9853429481
0.000000 9853454446
0.000000 9853479487
0.000000 9853504475
0.000000 9853529487
0.000000 9853554447
0.000000 9853579479
0.000000 9853604484
0.000000 9853629483
0.000000 9853654447
0.000000 9853679483
0.000000 9853704475
0.000000 9853729476
0.000000 9853754446
0.000000 9853779479
0.000000 9853804481
0.000000 9853829478
0.000000 9853854450
0.000000 9853879480
0.000000 9853904485
0.000000 9853929469
0.000000 9853954449
0.000000 9853979480
0.000000 9854004480
0.000000 9854029483
0.000000 9854054447
0.000000 9854079480
0.000000 9854104480
0.000000 9854129485
0.000000 9854154452
0.000000 9854179485
0.000000 9854204482
0.000000 9854229486
0.000000 9854254451
0.000000 9854279482
0.000000 9854304484
0.000000 9854329483
0.000000 9854354449
0.000000 9854379490
0.000000 9854404487
0.000000 9854429478
0.000000 9854454451
0.000000 9854479483
0.000000 9854504505
0.000000 9854529482
0.000000 9854554449
0.000000 9854579482
0.000000 9854604487
0.000000 9854629488
0.000000 9854654450
0.000000 9854679489
0.000000 9854704487
0.000000 9854729484
0.000000 9854754450
0.000000 9854779488
0.000000 9854804486
0.000000 9854829479
0.000000 9854854450
0.000000 9854879490
0.000000 9854904486
0.000000 9854929486
0.000000 9854954450
0.000000 9854979487
0.000000 9855004483
0.000000 9855029482
0.000000 9855054449
0.000000 9855079490
0.000000 9855104485
0.000000 9855129482
0.000000 9855154450
0.000000 9855179482
0.000000 9855204482
0.000000 9855229486
0.000000 9855254449
0.000000 9855279488
0.000000 9855304486
0.000000 9855329478
0.000000 9855354451
0.000000 9855379489
0.000000 9855404407
0.000000 9855429490
0.000000 9855454447
0.000000 9855479490
0.000000 9855504485
0.000000 9855529471
0.000000 9855554451
0.000000 9855579491
0.000000 9855604489
0.000000 9855629479
0.000000 9855654448
0.000000 9855679486
0.000000 9855704489
0.000000 9855729491
0.000000 9855754448
0.000000 9855779484
0.000000 9855804485
0.000000 9855829484
0.000000 9855854451
0.000000 9855879489
0.000000 9855904483
0.000000 9855929481
0.000000 9855954450
0.000000 9855979490
0.000000 9856004477
0.000000 9856029467
0.000000 9856054368
0.000000 9856079491
0.000000 9856104494
0.000000 9856129479
0.000000 9856154452
0.000000 9856179481
0.000000 9856204489
0.000000 9856229487
0.000000 9856254447
0.000000 9856279485
0.000000 9856304489
0.000000 9856329485
0.000000 9856354447
0.000000 9856379486
0.000000 9856404484
0.000000 9856429482
0.000000 9856454447
0.000000 9856479472
0.000000 9856504480
0.000000 9856529479
0.000000 9856554448
0.000000 9856579475
0.000000 9856604474
0.000000 9856629482
