1.029698 0.284393 9.875298 9828006557
1.078732 0.274586 9.914525 9828031558
1.127765 0.264780 9.816459 9828056554
1.078732 0.264780 9.777231 9828081572
1.049312 0.254973 9.747811 9828106564
1.098345 0.156906 9.757618 9828131562
1.088538 0.156906 9.718391 9828156544
1.078732 0.196133 9.747811 9828181569
1.078732 0.215746 9.688972 9828206564
1.157185 0.245166 9.816459 9828231560
1.127765 0.254973 9.855684 9828256530
1.157185 0.235360 9.787038 9828281573
1.176798 0.235360 9.718391 9828306562
1.117958 0.274586 9.718391 9828331569
1.059118 0.304006 9.669358 9828356530
0.990472 0.323619 9.787038 9828381573
0.931632 0.333426 9.845878 9828406563
0.696272 0.254973 9.443805 9828431559
0.558979 0.225553 9.659552 9828456531
0.284393 0.274586 9.855684 9828481573
0.078453 0.313813 9.855684 9828506558
-0.264780 0.284393 9.963558 9828531564
-0.529559 0.245166 10.012591 9828556542
-0.657046 0.274586 9.787038 9828581566
-0.853179 0.264780 9.551678 9828606563
-1.206218 0.313813 9.267285 9828631565
-1.569064 0.284393 9.433999 9828656541
-1.990750 0.333426 9.806651 9828681575
-2.324176 0.294200 9.943945 9828706563
-2.834122 0.294200 9.188832 9828731555
-3.206775 0.313813 9.375159 9828756531
-3.608848 0.235360 9.404578 9828781567
-3.883434 0.235360 8.973086 9828806559
-4.530673 0.254973 9.120186 9828831564
-4.687580 0.264780 8.776953 9828856540
-5.011199 0.323619 8.669080 9828881577
-5.285785 0.304006 8.296427 9828906566
-5.521145 0.304006 7.825707 9828931573
-5.795731 0.323619 7.776674 9828956550
-5.962444 0.323619 7.796288 9828981570
-6.609683 0.264780 7.835515 9829006561
-6.854849 0.304006 7.502088 9829031577
-6.894075 0.254973 6.894075 9829056557
-7.021562 0.176520 6.697943 9829081570
-7.649189 0.284393 6.501810 9829106570
-7.894354 0.254973 6.325290 9829131568
-8.090487 0.304006 6.109544 9829156543
-8.276814 0.313813 5.825150 9829181572
-8.571013 0.304006 5.109265 9829206566
-8.845599 0.323619 5.089652 9829231575
-8.865212 0.382459 4.785646 9829256545
-8.865212 0.343233 4.207053 9829281580
-9.208446 0.264780 3.785367 9829306566
-9.286899 0.264780 3.167548 9829331575
-9.365352 0.304006 2.981222 9829356586
-9.541871 0.294200 2.873349 9829381577
-9.914525 0.372653 2.137850 9829406574
-9.983171 0.225553 1.529838 9829431580
-10.042011 0.205940 1.078732 9829456555
-10.100850 0.284393 0.961052 9829481567
-10.267564 0.313813 0.392266 9829506578
-10.228337 0.284393 -0.039227 9829531575
-10.218531 0.254973 -0.568786 9829556534
-10.091044 0.274586 -1.510224 9829581575
-10.159691 0.333426 -1.863264 9829606571
-10.061625 0.392266 -2.069203 9829631571
-9.738005 0.529559 -2.500696 9829656552
-9.600712 0.323619 -3.736334 9829681572
-9.561485 0.598206 -4.363960 9829706573
-9.512452 0.647239 -4.403186 9829731574
-9.286899 0.431493 -4.383573 9829756558
-8.571013 0.657046 -5.727084 9829781578
-8.325847 0.500139 -6.276257 9829806572
-8.620047 0.362846 -6.531229 9829831569
-8.443527 0.480526 -6.227223 9829856555
-7.247115 0.470719 -6.668523 9829881575
-7.178468 0.735499 -7.374601 9829906571
-7.296148 0.578592 -7.963001 9829931569
-7.001948 0.843372 -8.002228 9829956551
-6.344903 0.813952 -8.227780 9829981574
-6.246837 0.715886 -8.649467 9830006573
-5.854571 0.706079 -9.277092 9830031573
-5.717278 0.588399 -8.894632 9830056558
-5.236752 0.647239 -9.424192 9830081569
-5.021006 0.637432 -9.630132 9830106563
-4.707192 0.519753 -9.384965 9830131572
-4.491446 0.617819 -9.414385 9830156549
-4.167827 0.666852 -9.787038 9830181575
-3.903047 0.686466 -9.512452 9830206574
-3.599041 0.774725 -10.159691 9830231570
-3.265615 0.500139 -9.708585 9830256551
-3.040062 0.529559 -9.688972 9830281570
-2.824315 0.441299 -10.189111 9830306568
-2.549729 0.529559 -10.434277 9830331553
-2.147657 0.598206 -10.365630 9830356552
-2.000557 0.578592 -10.502923 9830381573
-1.784810 0.578592 -10.493117 9830406578
-1.725971 0.608012 -10.473503 9830431570
-1.323898 0.657046 -10.650023 9830456549
-1.304285 0.764919 -10.179304 9830481583
-1.117958 0.706079 -10.336210 9830506578
-1.068925 0.539366 -10.640217 9830531571
-0.892405 0.539366 -10.522536 9830556557
-0.784532 0.568786 -10.483310 9830581570
-0.725692 0.529559 -10.718670 9830606579
-0.706079 0.402073 -10.434277 9830631572
-0.529559 0.470719 -10.787316 9830656540
-0.529559 0.529559 -10.728477 9830681572
-0.627626 0.500139 -10.434277 9830706581
-0.529559 0.558979 -10.787316 9830731561
-0.598206 0.500139 -10.336210 9830756551
-0.706079 0.451106 -10.444084 9830781566
-0.657046 0.362846 -10.581376 9830806577
-0.774725 0.274586 -10.532343 9830831565
-0.961052 0.225553 -10.650023 9830856553
-0.941439 0.186326 -10.581376 9830881561
-1.029698 0.205940 -10.571569 9830906579
-1.186605 0.274586 -10.551956 9830931568
-1.382738 0.156906 -10.404857 9830956549
-1.451384 0.137293 -10.483310 9830981564
