1.767500 -0.210000 1.260000 9828033488
-0.332500 -1.172500 0.525000 9828058456
-2.187500 -3.010000 0.420000 9828083449
-2.502500 0.962500 -0.595000 9828108477
-1.645000 0.017500 -0.315000 9828133486
-1.575000 -2.555000 0.507500 9828158477
-3.447500 -3.027500 -0.105000 9828183462
-3.570000 -2.782500 -0.560000 9828208469
-1.680000 2.240000 0.700000 9828233498
-1.435000 -1.662500 0.490000 9828258474
-0.175000 -0.770000 0.157500 9828283467
2.555000 7.157500 0.332500 9828308472
3.832500 12.057500 0.402500 9828333487
3.640000 20.650000 0.892500 9828358469
3.780000 28.997499 0.420000 9828383458
4.462500 23.695000 -1.015000 9828408472
2.275000 46.025002 0.647500 9828433488
1.837500 64.627502 0.157500 9828458477
2.415000 68.722504 0.280000 9828483468
-0.945000 64.434998 0.700000 9828508474
0.752500 57.067501 0.052500 9828533489
-0.350000 42.035000 0.227500 9828558473
-2.870000 49.962502 1.470000 9828583459
-3.377500 64.487503 0.297500 9828608468
-3.990000 82.932503 -0.787500 9828633490
-6.072500 100.992500 -1.277500 9828658472
-5.092500 88.847504 -0.875000 9828683457
-2.240000 70.647499 1.137500 9828708469
-2.922500 89.144997 2.432500 9828733493
0.910000 122.324997 1.522500 9828758474
4.357500 111.790001 1.435000 9828783447
2.082500 105.035004 1.680000 9828808471
2.170000 96.845001 2.905000 9828833491
0.857500 72.555000 1.907500 9828858474
-2.152500 58.029999 1.540000 9828883462
-5.355000 62.632500 1.995000 9828908471
-4.900000 69.037498 1.120000 9828933487
-5.127500 77.717499 0.175000 9828958458
-5.827500 92.102501 -0.997500 9828983469
-1.837500 91.437500 -0.735000 9829008465
0.612500 81.322502 2.432500 9829033492
-0.402500 83.982498 4.252500 9829058470
1.872500 90.614998 3.465000 9829083460
3.080000 91.559998 5.495000 9829108463
2.660000 100.537498 7.595000 9829133492
2.730000 100.940002 4.655000 9829158459
-0.140000 99.627502 2.345000 9829183461
0.245000 91.297501 -0.455000 9829208460
-0.735000 79.327499 -0.385000 9829233500
-3.552500 70.402504 -0.490000 9829258461
-5.092500 65.432503 1.767500 9829283465
-6.125000 65.187500 3.517500 9829308459
-6.632500 95.620003 0.927500 9829333494
-1.767500 116.217499 2.240000 9829358480
-1.697500 123.602501 3.325000 9829383464
0.017500 129.132507 3.972500 9829408465
-0.175000 136.447495 3.447500 9829433488
-0.490000 148.050003 -1.347500 9829458462
-3.500000 142.642502 -1.137500 9829483473
-4.392500 122.955002 -2.555000 9829508465
-2.922500 85.644997 -2.817500 9829533488
-4.935000 86.904999 -1.942500 9829558462
-7.052500 97.317497 -0.700000 9829583469
-6.790000 110.197502 -0.717500 9829608465
-6.580000 113.470001 -0.017500 9829633490
-5.670000 106.540001 2.292500 9829658457
-5.442500 107.432503 -0.122500 9829683452
-4.427500 125.125000 -0.700000 9829708463
-2.415000 147.875000 9.957500 9829733499
-3.062500 123.357498 8.750000 9829758465
0.035000 111.177498 11.935000 9829783465
-4.112500 140.524994 14.595000 9829808460
-0.577500 156.274994 11.585000 9829833488
4.025000 113.452499 8.277500 9829858460
2.047500 96.635002 12.250000 9829883468
-3.237500 101.360001 14.210000 9829908460
-3.412500 111.947502 10.342500 9829933491
3.395000 106.434998 8.592500 9829958464
1.522500 80.867500 13.195000 9829983475
2.887500 73.535004 10.150000 9830008468
11.847500 71.855003 8.067500 9830033491
21.735001 55.737499 7.280000 9830058457
13.790000 53.427502 6.457500 9830083460
6.755000 91.385002 6.335000 9830108461
9.135000 86.834999 6.230000 9830133492
12.512500 63.612499 6.947500 9830158460
6.527500 61.547501 5.250000 9830183465
-9.030000 74.724998 8.260000 9830208461
-9.695000 65.239998 7.805000 9830233569
-3.307500 70.419998 6.002500 9830258466
-8.627500 56.787498 0.647500 9830283464
-7.525000 51.817501 0.070000 9830308468
2.135000 72.467499 -3.255000 9830333485
6.580000 52.674999 -6.440000 9830358473
1.067500 44.957500 -8.032500 9830383455
-0.157500 50.172501 -8.417500 9830408465
3.115000 44.222500 -6.125000 9830433497
2.502500 50.435001 -7.280000 9830458461
4.007500 51.450001 -8.015000 9830483407
3.080000 10.727500 -3.430000 9830508468
2.520000 24.377501 -4.567500 9830533507
2.940000 32.375000 -8.767500 9830558460
4.830000 17.745001 -7.017500 9830583463
3.535000 22.417500 -7.052500 9830608463
0.507500 10.587500 -8.837500 9830633488
2.362500 -7.367500 -7.367500 9830658462
6.177500 1.400000 -6.317500 9830683458
9.975000 -9.852500 -7.070000 9830708458
7.542500 -5.460000 -5.372500 9830733500
7.980000 -13.037500 -2.432500 9830758466
6.720000 -25.637501 -0.997500 9830783459
7.210000 -23.730000 -1.365000 9830808462
8.172500 -21.210001 -3.255000 9830833487
3.290000 -17.797501 -3.727500 9830858447
2.625000 -14.262500 -3.027500 9830883465
4.602500 -12.110000 -2.870000 9830908461
3.622500 -18.497499 -1.645000 9830933491
3.430000 -25.952499 -0.367500 9830958464
5.495000 -21.577499 -0.210000 9830983473
5.740000 -7.420000 -0.717500 9831008463
