-0.720000 -1.080000 -1.560000 9828021968
-0.600000 -1.200000 -1.680000 9828046637
-0.420000 -1.020000 -1.740000 9828071834
-0.540000 -1.020000 -1.980000 9828096641
-0.240000 -1.320000 -1.920000 9828121926
-0.300000 -1.140000 -1.500000 9828146639
-0.300000 -1.380000 -1.620000 9828171738
-0.180000 -1.260000 -1.620000 9828196656
-0.300000 -1.020000 -1.620000 9828221930
-0.420000 -1.260000 -1.620000 9828246650
-0.660000 -1.260000 -1.620000 9828271746
-0.540000 -1.500000 -1.860000 9828296630
-0.420000 -1.020000 -2.100000 9828321944
-0.420000 -0.780000 -1.620000 9828346643
-0.420000 -1.020000 -1.620000 9828371755
-0.480000 -1.080000 -1.320000 9828396641
-0.540000 -1.140000 -1.740000 9828421931
-0.180000 -1.500000 -1.380000 9828446645
-0.180000 -1.020000 -1.500000 9828471744
-0.180000 -1.020000 -1.620000 9828496650
0.120000 -0.960000 -1.560000 9828521942
0.060000 -1.140000 -1.620000 9828546640
0.480000 -0.960000 -1.680000 9828571748
0.240000 -1.200000 -1.320000 9828596640
0.900000 -1.140000 -1.140000 9828621929
0.780000 -1.140000 -1.020000 9828646644
0.720000 -1.320000 -1.320000 9828671745
0.780000 -1.020000 -0.900000 9828696636
1.020000 -1.380000 -1.260000 9828721953
1.080000 -1.200000 -1.080000 9828746647
1.560000 -1.200000 -0.600000 9828771746
1.860000 -1.140000 -0.900000 9828796629
1.680000 -1.200000 -0.840000 9828821937
1.680000 -1.200000 -0.360000 9828846641
1.800000 -1.200000 -0.600000 9828871740
2.160000 -1.080000 -0.240000 9828896636
1.800000 -1.200000 -0.720000 9828921939
2.220000 -1.380000 -0.060000 9828946641
1.980000 -1.260000 -0.060000 9828971741
2.340000 -1.020000 0.300000 9828996666
2.160000 -1.200000 0.240000 9829021992
2.100000 -1.380000 0.540000 9829046642
2.400000 -1.200000 0.360000 9829071745
2.340000 -1.140000 0.660000 9829096641
2.700000 -1.260000 0.900000 9829121937
2.580000 -1.260000 0.780000 9829146642
2.520000 -1.080000 0.960000 9829171736
2.580000 -1.620000 1.380000 9829196639
2.940000 -1.260000 1.380000 9829221932
2.520000 -1.200000 1.680000 9829246656
2.700000 -1.380000 1.620000 9829271755
2.700000 -0.900000 1.860000 9829296751
2.700000 -1.260000 2.100000 9829321935
2.940000 -1.260000 1.980000 9829347369
2.700000 -1.620000 2.340000 9829371816
2.760000 -1.440000 1.920000 9829396650
2.880000 -1.080000 2.520000 9829421957
2.340000 -1.260000 2.820000 9829446645
2.400000 -1.560000 3.000000 9829471760
2.400000 -1.200000 3.360000 9829496663
2.400000 -1.320000 3.240000 9829522000
2.280000 -1.080000 3.720000 9829546651
2.400000 -1.440000 3.720000 9829571761
2.280000 -1.320000 3.720000 9829596641
1.980000 -1.380000 4.380000 9829621954
2.100000 -1.140000 4.380000 9829646647
1.620000 -1.140000 4.260000 9829671758
1.680000 -1.200000 4.680000 9829696635
1.500000 -1.020000 4.980000 9829721952
1.500000 -1.380000 4.740000 9829746656
1.020000 -1.140000 4.980000 9829771764
1.080000 -1.320000 4.920000 9829796651
1.020000 -1.620000 5.460000 9829821953
1.200000 -1.080000 5.160000 9829846643
0.600000 -1.320000 5.280000 9829871762
0.540000 -1.260000 5.220000 9829896635
0.540000 -1.140000 5.580000 9829921946
0.120000 -1.320000 5.400000 9829946637
-0.120000 -1.200000 5.880000 9829971632
0.120000 -1.560000 5.640000 9829996644
-0.240000 -1.200000 5.520000 9830021879
-0.360000 -0.840000 5.520000 9830046652
-0.660000 -1.020000 5.580000 9830071635
-0.360000 -1.440000 5.520000 9830096632
-0.600000 -1.440000 5.640000 9830121821
-0.720000 -1.080000 5.520000 9830146642
-0.780000 -1.260000 5.700000 9830171635
-0.780000 -0.900000 5.340000 9830196633
-0.840000 -1.080000 6.000000 9830221828
-0.660000 -1.020000 5.700000 9830246673
-1.200000 -0.960000 5.520000 9830271643
-1.320000 -1.200000 5.760000 9830296649
-1.620000 -1.140000 5.460000 9830321852
-1.620000 -1.140000 5.700000 9830346644
-1.680000 -1.080000 5.520000 9830371636
-1.680000 -1.080000 5.760000 9830396774
-1.920000 -1.080000 5.520000 9830422565
-2.040000 -1.080000 5.880000 9830446646
-2.160000 -1.320000 5.640000 9830471637
-1.980000 -1.020000 5.460000 9830496675
-2.220000 -1.260000 5.580000 9830521851
-2.160000 -1.200000 5.400000 9830546659
-2.100000 -1.140000 5.580000 9830571639
-2.160000 -1.200000 5.280000 9830596640
-2.340000 -1.140000 5.220000 9830621831
-2.280000 -1.200000 5.400000 9830646646
-2.400000 -1.080000 5.520000 9830671642
-2.340000 -1.140000 5.460000 9830696635
-2.340000 -1.260000 5.460000 9830721825
-2.460000 -1.380000 5.580000 9830746652
-2.040000 -0.840000 5.520000 9830771643
-2.040000 -1.320000 5.160000 9830796637
-2.340000 -1.020000 5.460000 9830821827
-2.160000 -1.080000 5.400000 9830846638
-2.220000 -1.260000 5.220000 9830871629
-2.160000 -1.080000 5.160000 9830896635
-1.980000 -1.020000 5.100000 9830921835
-1.980000 -0.780000 5.580000 9830946643
-2.100000 -1.020000 5.460000 9830971640
-2.160000 -1.080000 5.760000 9830996647
