2.415000 -5.582500 -0.752500 18886054479
2.187500 -5.652500 -0.735000 18886079456
2.730000 -5.617500 -0.840000 18886104453
2.415000 -5.495000 -0.805000 18886129458
2.520000 -5.390000 -0.770000 18886154480
2.467500 -5.442500 -0.840000 18886179455
2.205000 -5.652500 -0.682500 18886204458
2.695000 -5.617500 -0.927500 18886229451
2.467500 -5.582500 -0.735000 18886254477
2.502500 -5.600000 -0.665000 18886279442
2.712500 -5.792500 -0.700000 18886304454
2.450000 -5.460000 -0.875000 18886329458
2.572500 -5.442500 -0.770000 18886354501
2.572500 -5.390000 -0.805000 18886379462
2.625000 -5.582500 -0.612500 18886404400
2.555000 -5.232500 -0.700000 18886429453
2.537500 -4.095000 -0.350000 18886454489
2.135000 -5.145000 -0.752500 18886479559
2.170000 -5.617500 -1.015000 18886504462
2.292500 -5.775000 -0.805000 18886529489
2.555000 -5.617500 -0.752500 18886554340
2.152500 -5.390000 -0.735000 18886579540
2.170000 -5.460000 -0.910000 18886604464
2.607500 -5.600000 -0.787500 18886629422
2.712500 -5.600000 -0.927500 18886654483
2.450000 -5.425000 -0.840000 18886679434
2.467500 -5.740000 -0.665000 18886704469
2.730000 -6.562500 0.805000 18886729426
2.450000 -5.705000 -0.927500 18886754498
2.957500 -6.055000 -0.857500 18886779474
2.432500 -5.617500 -0.770000 18886804473
2.870000 -5.460000 -0.577500 18886829468
2.607500 -5.617500 -0.787500 18886854492
2.695000 -5.495000 -0.595000 18886879470
2.485000 -5.582500 -0.735000 18886904469
2.520000 -5.477500 -0.735000 18886929473
2.257500 -5.425000 -0.962500 18886954330
2.450000 -5.670000 -0.787500 18886979317
2.257500 -5.722500 -0.752500 18887004471
2.450000 -5.530000 -0.840000 18887029470
2.625000 -5.722500 -0.805000 18887054486
2.537500 -5.652500 -0.805000 18887079465
2.345000 -5.565000 -0.770000 18887104458
2.642500 -5.652500 -0.665000 18887129459
2.677500 -5.687500 -0.892500 18887154480
