1.890000 0.472500 -0.472500 451587136.000000
-1.785000 0.927500 -15.225000 451685472.000000
-5.022500 0.297500 2.275000 451785504.000000
-5.040000 0.297500 2.310000 451885600.000000
-5.022500 0.332500 2.275000 451985728.000000
-4.987500 0.052500 2.275000 452085504.000000
-5.075000 0.892500 2.292500 452185408.000000
-5.057500 0.017500 2.292500 452285408.000000
-5.057500 0.192500 2.310000 452385408.000000
-5.057500 0.262500 2.292500 452485408.000000
-5.075000 0.297500 2.292500 452585408.000000
-5.057500 1.977500 2.275000 452685504.000000
-5.075000 11.427500 2.082500 452785632.000000
-5.057500 -21.437500 2.782500 452885632.000000
-5.232500 12.127500 1.872500 452985536.000000
-5.092500 -1.277500 1.820000 453085568.000000
-5.110000 1.312500 2.240000 453185472.000000
-5.110000 -0.332500 2.310000 453285536.000000
-5.127500 0.892500 2.275000 453385376.000000
-5.127500 -0.227500 2.257500 453485440.000000
-5.092500 0.612500 2.660000 453585376.000000
-5.127500 0.542500 2.607500 453685440.000000
-5.110000 0.507500 2.222500 453785376.000000
-5.127500 0.402500 2.607500 453885408.000000
-5.127500 0.087500 2.380000 453985568.000000
-5.110000 0.332500 2.275000 454085632.000000
-5.127500 0.192500 2.257500 454185536.000000
-5.110000 0.157500 2.240000 454285632.000000
-5.075000 1.382500 2.222500 454385376.000000
-5.145000 -0.647500 2.310000 454485376.000000
-5.110000 0.087500 2.275000 454585792.000000
-5.110000 0.017500 2.222500 454685632.000000
-5.110000 0.087500 2.257500 454785504.000000
-5.127500 0.227500 2.240000 454885632.000000
-5.092500 1.102500 2.240000 454985888.000000
-5.110000 0.157500 2.257500 455085408.000000
-5.057500 3.097500 2.240000 455185408.000000
-5.180000 -0.892500 2.257500 455285536.000000
-5.127500 -0.087500 2.257500 455385504.000000
-5.127500 0.297500 2.240000 455485504.000000
-5.145000 -0.052500 2.275000 455585472.000000
-5.145000 0.017500 2.257500 455685408.000000
-5.127500 -0.227500 2.275000 455785408.000000
-5.162500 1.417500 3.640000 455885440.000000
-5.145000 -0.332500 2.275000 455985504.000000
-5.145000 0.087500 2.240000 456085440.000000
-5.180000 0.017500 2.257500 456186336.000000
-5.180000 0.472500 2.257500 456285472.000000
-5.162500 0.682500 2.240000 456385664.000000
-5.162500 0.542500 2.362500 456485472.000000
-5.180000 -0.542500 2.257500 456585408.000000
-5.127500 0.402500 2.222500 456685472.000000
-5.162500 0.297500 2.257500 456785472.000000
-5.110000 -0.122500 2.257500 456885472.000000
-5.162500 0.402500 2.257500 456985504.000000
-5.127500 0.157500 2.257500 457085504.000000
-5.162500 0.472500 2.222500 457185472.000000
-5.162500 -0.017500 2.240000 457285376.000000
-5.127500 0.402500 2.222500 457385376.000000
-5.145000 0.612500 2.205000 457485344.000000
-5.092500 2.187500 2.187500 457585440.000000
-5.110000 1.487500 2.240000 457685632.000000
-5.110000 4.532500 2.467500 457785376.000000
-5.075000 10.622500 1.995000 457885344.000000
-5.092500 7.472500 2.502500 457985344.000000
-5.180000 -5.407500 2.642500 458085344.000000
-5.232500 1.557500 2.362500 458185344.000000
-5.215000 0.332500 2.782500 458285440.000000
-5.180000 -0.297500 2.747500 458385504.000000
-5.197500 -0.472500 2.222500 458485504.000000
-5.250000 0.927500 2.695000 458585472.000000
-5.232500 4.637500 3.447500 458685664.000000
-5.705000 8.697500 5.145000 458785536.000000
-5.705000 4.007500 2.642500 458885504.000000
-5.967500 2.852500 4.655000 458985536.000000
-8.627500 12.057500 4.567500 459085728.000000
-10.325000 24.517500 -3.412500 459185600.000000
-6.947500 42.507500 9.625000 459286944.000000
-7.997500 83.947502 11.270000 459385376.000000
-6.335000 101.377502 5.162500 459485472.000000
-4.830000 72.607498 5.442500 459587648.000000
5.862500 86.362503 -4.095000 459685408.000000
-5.267500 166.687500 6.002500 459785440.000000
-12.495000 140.017502 5.845000 459885344.000000
3.307500 139.912506 0.332500 459985376.000000
30.117500 140.822495 7.175000 460085344.000000
21.139999 235.182495 13.352500 460185728.000000
11.410000 152.547501 18.690001 460285376.000000
8.015000 113.417503 21.332500 460385376.000000
-0.157500 35.507500 10.027500 460485376.000000
-6.965000 80.552498 9.327500 460585664.000000
-9.677500 50.382500 -6.947500 460685344.000000
-8.330000 27.002501 -7.945000 460785504.000000
-9.012500 18.812500 -3.220000 460885376.000000
5.442500 69.072502 -18.445000 460985376.000000
-2.940000 10.902500 2.537500 461085344.000000
-2.957500 17.832500 1.960000 461186240.000000
-3.132500 23.152500 2.607500 461285344.000000
-14.402500 12.687500 -5.932500 461385504.000000
-5.355000 11.777500 -6.422500 461485504.000000
-4.567500 56.367500 -1.522500 461585536.000000
-3.150000 162.697495 -6.597500 461685504.000000
-6.352500 187.932495 5.320000 461785536.000000
-13.037500 241.517502 8.452500 461885536.000000
-13.912500 157.727493 5.162500 461985504.000000
-10.990000 102.287498 1.680000 462085760.000000
-5.180000 82.372498 -0.070000 462185376.000000
9.135000 80.272499 1.172500 462285376.000000
-10.500000 112.927498 -2.292500 462385600.000000
-40.792500 296.117493 -19.057501 462485440.000000
-8.557500 328.457489 10.342500 462585376.000000
-9.082500 212.327499 53.112499 462685472.000000
-4.322500 1.942500 39.480000 462785600.000000
-4.655000 9.327500 3.955000 462885536.000000
-5.040000 15.592500 2.012500 462985664.000000
-5.180000 -13.457500 -2.397500 463085408.000000
-5.005000 4.952500 -18.865000 463185728.000000
-4.987500 -2.257500 -15.715000 463285632.000000
-5.372500 1.662500 9.765000 463385440.000000
-5.267500 -0.367500 0.595000 463486496.000000
-5.197500 0.122500 -2.467500 463585600.000000
-5.320000 -0.577500 6.860000 463685504.000000
-5.320000 -0.472500 6.335000 463789568.000000
-5.267500 0.402500 4.987500 463885536.000000
-5.250000 0.682500 2.152500 463985536.000000
-5.285000 1.067500 2.082500 464085504.000000
-5.232500 -0.542500 2.117500 464185504.000000
-5.320000 2.082500 2.205000 464285440.000000
-5.285000 0.332500 2.205000 464385376.000000
-5.250000 0.822500 2.205000 464485472.000000
-5.267500 0.402500 2.240000 464585408.000000
-5.302500 0.647500 2.240000 464685504.000000
-5.285000 0.507500 2.222500 464785472.000000
-5.285000 0.122500 2.205000 464885440.000000
-5.232500 -0.402500 2.257500 464985536.000000
-5.302500 -0.227500 2.257500 465085568.000000
-5.267500 0.122500 2.240000 465185472.000000
-5.267500 0.822500 2.205000 465285504.000000
-5.302500 3.132500 3.850000 465385376.000000
-5.320000 -3.447500 2.397500 465485376.000000
-5.267500 0.857500 2.240000 465585376.000000
-5.250000 0.017500 2.240000 465685440.000000
-5.267500 0.297500 2.222500 465785696.000000
-5.267500 1.102500 2.222500 465885376.000000
-5.250000 0.367500 2.222500 465985376.000000
-5.267500 -0.157500 2.240000 466085376.000000
-5.127500 0.927500 2.222500 466185824.000000
-5.355000 0.262500 2.205000 466285376.000000
-5.285000 0.297500 2.205000 466385344.000000
-5.285000 0.192500 2.205000 466485536.000000
-5.285000 0.122500 2.170000 466585632.000000
-5.302500 -0.402500 2.240000 466685536.000000
-5.267500 0.262500 2.205000 466785504.000000
-5.285000 0.262500 2.205000 466885440.000000
-5.302500 1.312500 2.310000 466985504.000000
-5.267500 2.467500 2.432500 467085504.000000
-5.285000 -0.472500 3.745000 467185504.000000
-5.232500 2.222500 4.007500 467285600.000000
-5.180000 7.332500 2.047500 467386528.000000
-5.302500 25.462500 0.490000 467485344.000000
-15.942500 39.987499 9.257500 467585408.000000
-8.522500 93.957497 14.577500 467685696.000000
9.555000 143.517502 -3.185000 467785472.000000
-4.935000 153.247498 5.075000 467885536.000000
-38.447498 196.122498 15.172500 467985408.000000
-8.505000 227.517502 -2.660000 468085440.000000
2.660000 201.337494 0.070000 468185344.000000
19.600000 354.217499 20.895000 468285344.000000
-2.975000 115.202499 5.547500 468385408.000000
1.697500 85.592499 16.485001 468485536.000000
-8.960000 81.007500 -12.495000 468585408.000000
-6.230000 86.782501 -6.265000 468685408.000000
-4.970000 59.237499 2.607500 468785376.000000
-5.337500 0.472500 11.305000 468885376.000000
-5.075000 1.312500 4.690000 468985632.000000
-5.460000 3.727500 -3.185000 469085376.000000
-5.040000 12.267500 -4.077500 469186304.000000
-4.585000 97.842499 -3.955000 469285408.000000
-2.975000 153.352493 -2.835000 469385376.000000
-3.570000 221.112503 2.625000 469485344.000000
-7.280000 194.302505 0.175000 469585536.000000
-14.630000 146.457504 6.107500 469685536.000000
-26.320000 147.472504 2.730000 469785504.000000
-12.005000 163.607498 0.070000 469885696.000000
27.492500 243.897507 4.497500 469985440.000000
-31.570000 381.342499 -17.412500 470085504.000000
-9.257500 54.057499 -1.995000 470185376.000000
-3.220000 34.317501 1.942500 470285504.000000
-5.950000 41.807499 10.360000 470385376.000000
-3.395000 34.107502 11.480000 470485472.000000
1.645000 88.602501 15.015000 470585472.000000
-2.975000 12.967500 -1.242500 470685472.000000
-5.337500 2.222500 2.187500 470785504.000000
-5.355000 3.622500 2.240000 470885472.000000
-5.530000 28.717501 3.307500 470985472.000000
-5.477500 -8.382500 2.397500 471085504.000000
-5.372500 2.432500 2.170000 471185472.000000
-5.337500 0.612500 2.205000 471285888.000000
-5.337500 0.752500 2.205000 471385408.000000
-5.337500 1.452500 2.205000 471485536.000000
-5.320000 0.542500 2.170000 471585920.000000
-5.180000 3.727500 2.187500 471685504.000000
-5.407500 -1.207500 2.292500 471785472.000000
-5.355000 0.192500 2.187500 471885344.000000
-5.320000 0.437500 2.187500 471985760.000000
-5.110000 8.382500 2.205000 472085440.000000
-5.425000 -2.852500 2.310000 472185792.000000
-5.337500 -0.262500 2.205000 472285440.000000
-5.320000 -0.017500 2.222500 472385376.000000
-5.355000 0.122500 2.187500 472485376.000000
-5.337500 0.297500 2.345000 472585440.000000
-5.320000 0.157500 2.187500 472685376.000000
-5.320000 0.122500 2.240000 472785408.000000
-5.320000 0.052500 2.170000 472885376.000000
-5.337500 0.192500 2.257500 472985696.000000
-5.337500 1.067500 2.677500 473085568.000000
-5.390000 2.502500 3.010000 473185568.000000
-5.372500 -0.157500 3.640000 473285536.000000
-5.372500 0.997500 1.942500 473385472.000000
-5.320000 15.067500 1.960000 473485472.000000
-12.547500 38.202499 6.177500 473585472.000000
-10.342500 101.867500 6.650000 473685376.000000
-1.382500 185.097504 -4.865000 473785376.000000
12.932500 221.777496 -2.152500 473885376.000000
15.015000 259.192505 -9.257500 473985376.000000
4.637500 190.242508 -4.025000 474085472.000000
-16.397501 251.947495 -4.410000 474185504.000000
-1.855000 360.762512 -0.612500 474285376.000000
15.645000 210.157501 35.297501 474385344.000000
-7.105000 15.522500 -3.045000 474485568.000000
-22.049999 74.497498 1.312500 474585696.000000
9.677500 19.792500 -2.712500 474685440.000000
-4.620000 43.417500 6.597500 474785440.000000
-5.267500 59.237499 -5.337500 474885472.000000
-5.022500 0.507500 -0.052500 474985600.000000
-5.145000 0.402500 -14.297500 475085984.000000
-5.512500 2.082500 1.085000 475185568.000000
-4.515000 10.937500 -7.315000 475286016.000000
-4.392500 15.172500 -18.007500 475385568.000000
-0.612500 70.927498 -71.889999 475485536.000000
-16.100000 202.737503 39.900002 475590656.000000
-29.557501 299.477509 30.817501 475690816.000000
-14.332500 200.532501 5.477500 475790848.000000
-3.552500 172.357498 -0.682500 475890880.000000
24.674999 135.852493 1.102500 475990880.000000
36.715000 150.727493 7.262500 476090624.000000
-65.169998 431.182495 -51.240002 476190752.000000
-12.950000 88.952499 -1.960000 476290624.000000
0.105000 93.887497 3.570000 476390624.000000
-2.905000 63.192501 11.217500 476490880.000000
2.257500 77.822502 24.307501 476590720.000000
-2.135000 17.902500 2.852500 476690816.000000
-5.530000 9.782500 -0.455000 476790656.000000
-5.617500 12.862500 2.012500 476890944.000000
-5.442500 6.177500 2.117500 476990976.000000
-5.355000 -2.222500 2.257500 477091104.000000
-5.337500 0.822500 2.187500 477191424.000000
-5.250000 7.052500 2.152500 477290656.000000
-5.512500 -4.182500 2.380000 477390720.000000
-5.390000 0.157500 2.240000 477490752.000000
-5.390000 0.717500 2.240000 477590752.000000
-5.372500 1.312500 2.187500 477690848.000000
-5.355000 0.437500 2.222500 477790816.000000
-5.372500 0.507500 2.222500 477890848.000000
-5.355000 0.437500 2.222500 477990976.000000
-5.407500 0.402500 2.205000 478090880.000000
-5.355000 -0.157500 2.222500 478190656.000000
-5.285000 1.032500 2.730000 478290752.000000
-5.407500 0.822500 2.187500 478390656.000000
-5.372500 0.087500 2.257500 478490816.000000
-5.355000 0.612500 2.240000 478591008.000000
-5.355000 0.157500 2.240000 478690624.000000
-5.442500 -0.017500 2.257500 478790624.000000
-5.372500 0.332500 2.205000 478890944.000000
-5.390000 -0.192500 2.240000 478990592.000000
-5.390000 -0.192500 2.240000 479090816.000000
-5.372500 0.612500 2.450000 479190880.000000
-5.372500 -0.017500 2.222500 479290880.000000
-5.372500 0.367500 2.222500 479390816.000000
-5.390000 -0.087500 2.222500 479490688.000000
-5.372500 0.297500 2.345000 479591360.000000
-5.407500 0.052500 2.467500 479690912.000000
-5.355000 0.507500 2.205000 479790944.000000
-5.372500 0.297500 2.205000 479891392.000000
-5.355000 0.122500 2.240000 479990944.000000
-5.372500 0.577500 2.205000 480091072.000000
-5.390000 0.927500 3.080000 480190816.000000
-5.390000 -0.437500 2.310000 480290816.000000
-5.390000 1.627500 2.187500 480390720.000000
-5.372500 -0.542500 2.257500 480490816.000000
-5.425000 -1.767500 2.275000 480590720.000000
-5.127500 -16.677500 2.257500 480690816.000000
-5.372500 4.812500 2.170000 480790720.000000
-5.320000 -15.907500 2.275000 480890816.000000
-12.565000 -30.957500 1.592500 480990720.000000
-5.057500 -72.502502 8.767500 481090816.000000
-8.750000 -116.987503 0.280000 481190720.000000
-12.145000 -150.307495 -12.950000 481290816.000000
-3.692500 -74.042503 -0.682500 481390720.000000
3.535000 -85.032501 8.190000 481490816.000000
-3.062500 -131.022507 5.722500 481590880.000000
24.447500 -178.307495 14.490000 481691360.000000
-10.132500 -154.577499 5.530000 481790912.000000
-68.425003 -417.112488 24.587500 481890944.000000
-8.715000 -33.267502 8.067500 481990752.000000
-10.097500 -54.652500 11.567500 482091616.000000
-6.475000 -60.287498 5.757500 482190912.000000
25.655001 -200.182495 -12.757500 482290912.000000
-8.977500 2.747500 -0.577500 482390816.000000
-27.650000 -0.787500 -0.997500 482490720.000000
-5.337500 0.297500 2.257500 482590816.000000
-5.355000 0.297500 2.275000 482690912.000000
-5.372500 0.297500 2.257500 482790976.000000
-5.355000 0.297500 2.222500 482890912.000000
-5.425000 0.192500 2.310000 482990976.000000
-5.337500 0.297500 2.310000 483091072.000000
-5.460000 -0.017500 2.170000 483190976.000000
-5.792500 -3.622500 -4.147500 483290912.000000
-5.355000 -10.692500 -11.130000 483390912.000000
-5.477500 -25.322500 -2.152500 483490976.000000
-5.495000 37.922501 104.370003 483590912.000000
-5.897500 0.192500 41.685001 483690944.000000
-5.057500 0.332500 -19.162500 483790912.000000
-4.217500 0.472500 -63.822502 483890976.000000
-5.110000 0.192500 -29.907499 483990912.000000
-5.040000 0.227500 -19.022501 484090976.000000
-5.705000 -2.397500 -3.587500 484190944.000000
-5.337500 -4.077500 -13.107500 484290976.000000
-5.477500 -16.957500 -16.082500 484390944.000000
-5.775000 -38.622501 -8.137500 484490976.000000
-6.195000 -92.627502 -1.172500 484591072.000000
-6.405000 -275.432495 2.380000 484690944.000000
-10.885000 -282.222504 2.940000 484790912.000000
-0.140000 -244.002502 6.317500 484895872.000000
-18.987499 -284.602509 2.817500 484995456.000000
27.632500 -292.897491 -40.232502 485095392.000000
-11.497500 -366.852509 -50.242500 485195488.000000
21.297501 -70.962502 3.010000 485295488.000000
4.812500 -70.122498 9.135000 485395456.000000
12.862500 -37.082500 7.857500 485495392.000000
-4.340000 8.382500 2.975000 485595488.000000
-6.125000 19.687500 2.012500 485695392.000000
-5.302500 1.417500 2.380000 485795520.000000
-5.302500 -0.087500 2.257500 485895456.000000
-5.302500 0.192500 2.222500 485995392.000000
-5.267500 2.607500 2.170000 486095616.000000
-5.320000 0.262500 2.222500 486195392.000000
-5.302500 0.927500 2.222500 486295520.000000
-5.302500 0.822500 2.327500 486395488.000000
-5.320000 0.612500 2.450000 486495648.000000
-5.162500 -0.402500 2.275000 486595424.000000
-5.337500 0.787500 2.240000 486695424.000000
-5.285000 0.542500 2.240000 486795488.000000
-5.267500 3.622500 3.027500 486895712.000000
-5.302500 0.437500 2.835000 486995616.000000
-5.285000 -1.137500 2.310000 487095584.000000
-5.285000 -2.397500 2.327500 487195520.000000
-5.040000 -22.172501 1.540000 487295456.000000
-5.425000 0.087500 4.707500 487395392.000000
-6.107500 -8.872500 2.660000 487495520.000000
-13.335000 -34.947498 8.487500 487595456.000000
-3.185000 -24.692499 16.695000 487695520.000000
-3.325000 -79.957497 7.665000 487795488.000000
-7.122500 -93.677498 -1.347500 487895488.000000
-1.872500 -101.657501 13.615000 487995392.000000
-15.645000 -137.427505 -18.462500 488095520.000000
0.647500 -108.062500 6.247500 488195488.000000
8.942500 -117.337502 11.865000 488295488.000000
7.752500 -194.057495 10.202500 488395424.000000
12.477500 -392.717499 7.927500 488495488.000000
-6.545000 -304.902496 3.832500 488595520.000000
-6.002500 -142.537506 2.257500 488695424.000000
-12.127500 -86.957497 18.182501 488795488.000000
11.865000 -104.457497 9.275000 488895520.000000
1.732500 -84.507500 8.820000 488995424.000000
-32.095001 -0.367500 7.210000 489095904.000000
-5.267500 0.367500 2.310000 489195360.000000
-5.337500 0.297500 2.275000 489295488.000000
-5.372500 0.227500 2.275000 489395424.000000
-5.460000 0.052500 9.030000 489495488.000000
-5.565000 -2.432500 -5.022500 489596096.000000
-5.407500 -14.927500 -7.997500 489695392.000000
-5.652500 -25.217501 -3.202500 489795488.000000
-6.527500 -66.237503 -6.107500 489895520.000000
-9.135000 -141.032501 -9.817500 489995392.000000
6.965000 -73.237503 29.592501 490095456.000000
2.502500 -70.507500 16.170000 490195360.000000
-7.962500 -99.907501 0.402500 490295488.000000
-11.497500 -144.252502 -2.327500 490395456.000000
-8.575000 -190.837494 2.590000 490495488.000000
-11.655000 -410.497498 11.445000 490595680.000000
20.615000 -378.927490 -27.335001 490695360.000000
-5.337500 -173.442505 -6.405000 490795488.000000
-7.245000 -40.162498 6.457500 490895392.000000
-5.775000 -123.847504 0.402500 490995456.000000
8.662500 -76.597504 5.687500 491095392.000000
-5.792500 -13.317500 2.660000 491195488.000000
-5.285000 0.507500 2.275000 491295392.000000
-5.372500 -2.992500 2.327500 491395488.000000
-5.425000 -6.702500 2.380000 491495520.000000
-5.232500 -8.872500 2.485000 491595392.000000
-5.320000 2.607500 9.030000 491695488.000000
-5.267500 -0.087500 2.292500 491795520.000000
-5.302500 0.647500 2.292500 491895424.000000
-5.320000 1.837500 2.222500 491995360.000000
-5.285000 -0.297500 2.275000 492095648.000000
-5.337500 0.227500 2.275000 492195424.000000
-5.285000 -0.507500 2.292500 492295520.000000
-5.285000 0.647500 2.222500 492395520.000000
-5.285000 1.172500 2.222500 492495392.000000
-5.337500 0.052500 2.275000 492595648.000000
-5.267500 0.752500 2.222500 492695488.000000
-5.302500 0.752500 2.240000 492795488.000000
-5.302500 0.647500 2.240000 492895520.000000
-5.285000 0.297500 2.222500 492995360.000000
-5.302500 0.297500 2.117500 493095424.000000
-5.302500 0.612500 2.222500 493195456.000000
-5.285000 0.857500 2.257500 493295456.000000
-5.267500 0.192500 2.240000 493395360.000000
-5.320000 0.017500 2.240000 493495584.000000
-5.285000 0.262500 1.750000 493595744.000000
-5.285000 0.997500 2.397500 493695488.000000
-5.302500 1.417500 2.660000 493795488.000000
-5.302500 0.227500 2.310000 493895392.000000
-5.302500 0.262500 2.257500 493995488.000000
-5.302500 0.052500 2.240000 494095456.000000
-5.320000 -0.297500 2.240000 494195392.000000
-5.232500 -5.022500 0.035000 494295520.000000
-7.437500 -34.352501 8.715000 494395424.000000
-14.857500 -33.792500 21.525000 494495488.000000
-0.315000 -105.577499 27.299999 494595392.000000
5.372500 -86.957497 25.165001 494695488.000000
-7.157500 -46.987499 -2.467500 494795392.000000
-12.285000 -53.882500 -11.077500 494895488.000000
-9.450000 -108.097504 -10.290000 494995520.000000
-2.800000 -137.077499 2.362500 495095424.000000
-1.330000 -170.922501 6.790000 495195552.000000
8.312500 -348.477509 10.447500 495295488.000000
-14.437500 -403.847504 11.777500 495395552.000000
-4.760000 -140.997498 1.890000 495495456.000000
-11.480000 -94.762497 13.755000 495595552.000000
-9.590000 -28.332500 11.550000 495695488.000000
-11.620000 -124.477501 22.767500 495795552.000000
-6.212500 -114.257500 8.802500 495895488.000000
-15.260000 -0.017500 5.652500 495995552.000000
-5.215000 0.262500 -3.850000 496095488.000000
-5.320000 0.262500 2.275000 496195616.000000
-5.302500 0.297500 2.275000 496295488.000000
-5.652500 0.157500 18.375000 496395488.000000
-5.127500 -0.017500 7.735000 496495456.000000
-6.160000 -27.982500 -14.647500 496595680.000000
-6.160000 -63.157501 -7.717500 496695392.000000
-5.197500 -139.247498 3.430000 496795488.000000
0.822500 -110.162498 11.497500 496895456.000000
-2.415000 -79.222504 6.772500 496995488.000000
-8.942500 -121.397499 0.770000 497095456.000000
-3.272500 -193.427505 4.270000 497195488.000000
15.960000 -420.017487 3.885000 497295424.000000
17.745001 -247.257507 -14.402500 497395488.000000
4.235000 -197.242508 -14.192500 497495392.000000
-10.832500 -266.157501 -30.712500 497595488.000000
4.672500 -0.122500 1.067500 497695456.000000
3.727500 -56.367500 20.457500 497795392.000000
-5.145000 6.457500 38.167500 497895488.000000
-5.740000 2.397500 11.007500 497995456.000000
-5.670000 -20.842501 55.562500 498095456.000000
-5.250000 -3.097500 1.942500 498195520.000000
-5.320000 2.082500 2.240000 498295488.000000
-5.285000 0.787500 2.275000 498395520.000000
-5.180000 6.457500 2.450000 498495360.000000
-5.407500 -2.327500 2.275000 498595392.000000
-5.285000 -0.332500 2.205000 498695392.000000
-5.320000 -0.437500 2.065000 498795456.000000
-5.145000 1.102500 2.257500 498895584.000000
-5.390000 -0.297500 2.240000 498995392.000000
-5.302500 0.367500 2.222500 499095424.000000
-5.302500 0.997500 2.222500 499195456.000000
-5.372500 0.892500 2.205000 499295424.000000
-5.302500 -0.437500 2.047500 499395392.000000
-5.267500 -0.962500 1.575000 499495456.000000
-5.302500 1.067500 2.205000 499595840.000000
-5.512500 0.227500 2.257500 499695360.000000
-5.302500 -0.262500 2.082500 499795488.000000
-5.320000 0.577500 2.222500 499895456.000000
-4.917500 0.962500 2.275000 499995360.000000
-5.337500 0.612500 2.240000 500095424.000000
-5.320000 -0.542500 2.205000 500195488.000000
-5.320000 -0.122500 2.082500 500295488.000000
-4.952500 0.262500 2.135000 500395392.000000
-5.355000 0.647500 2.012500 500495392.000000
-5.285000 -0.367500 1.890000 500595520.000000
-5.320000 2.047500 2.152500 500695488.000000
-5.302500 -1.522500 2.292500 500795456.000000
-5.337500 0.682500 2.240000 500895392.000000
-5.302500 0.507500 2.222500 500995488.000000
-5.320000 0.332500 2.240000 501095616.000000
-5.337500 0.297500 2.257500 501195424.000000
-5.337500 0.297500 2.240000 501295456.000000
-5.285000 0.297500 2.240000 501395456.000000
-5.320000 0.332500 2.240000 501495424.000000
-5.372500 0.262500 2.240000 501595456.000000
-5.372500 0.192500 2.240000 501695424.000000
-5.320000 0.262500 2.257500 501795488.000000
-5.337500 0.262500 2.240000 501895488.000000
-5.320000 0.332500 2.240000 501995456.000000
-5.320000 0.332500 2.240000 502095392.000000
-5.337500 0.332500 2.222500 502195520.000000
-5.320000 0.297500 2.257500 502295488.000000
-5.250000 2.572500 2.240000 502395392.000000
-5.372500 -1.592500 2.310000 502495360.000000
-5.302500 0.052500 2.257500 502595584.000000
-5.337500 0.262500 2.240000 502695360.000000
-5.337500 0.332500 2.257500 502795424.000000
-5.320000 -0.087500 2.257500 502895712.000000
-5.285000 0.542500 2.257500 502995360.000000
-5.302500 -2.747500 2.327500 503095392.000000
-5.337500 5.617500 2.205000 503195520.000000
-5.302500 3.867500 2.205000 503295328.000000
-5.425000 -6.457500 2.415000 503395456.000000
-5.320000 2.572500 2.205000 503495456.000000
-5.390000 1.697500 2.240000 503595392.000000
-5.337500 -0.542500 2.327500 503695392.000000
-5.110000 -9.747500 2.450000 503795392.000000
-5.337500 12.932500 2.030000 503895520.000000
-5.250000 3.202500 2.187500 503995456.000000
-5.320000 -12.582500 2.485000 504095584.000000
-5.302500 2.887500 2.240000 504195456.000000
-5.215000 7.507500 2.117500 504295520.000000
-5.355000 1.452500 2.222500 504395456.000000
-5.285000 1.137500 2.257500 504495424.000000
-5.302500 0.892500 2.275000 504595488.000000
-5.285000 0.542500 2.275000 504695456.000000
-5.285000 0.437500 2.257500 504795392.000000
-5.302500 0.332500 2.257500 504895456.000000
-5.320000 0.262500 2.222500 504995392.000000
-5.302500 0.297500 2.257500 505095488.000000
-5.302500 0.332500 2.275000 505195520.000000
-5.302500 0.297500 2.275000 505295392.000000
-5.320000 0.297500 2.240000 505395488.000000
-5.302500 0.332500 2.292500 505495488.000000
-5.302500 0.332500 2.275000 505595584.000000
-5.302500 0.297500 2.275000 505695520.000000
-5.285000 0.297500 2.257500 505795488.000000
-5.267500 0.332500 2.275000 505895488.000000
-5.320000 0.297500 2.257500 505995456.000000
-5.320000 0.262500 2.275000 506095360.000000
-5.285000 0.297500 2.292500 506195488.000000
-5.285000 0.297500 2.310000 506295392.000000
-5.320000 0.297500 2.275000 506395456.000000
-5.267500 0.332500 2.240000 506495360.000000
-5.302500 0.332500 2.257500 506595488.000000
-5.302500 0.297500 2.275000 506695360.000000
-5.285000 0.297500 2.240000 506795520.000000
-5.267500 0.262500 2.257500 506895456.000000
-5.302500 0.297500 2.275000 506995424.000000
-5.267500 -0.752500 2.292500 507095552.000000
-5.372500 0.647500 2.240000 507195392.000000
-5.285000 0.997500 2.257500 507295456.000000
-5.320000 0.332500 2.257500 507395552.000000
-5.285000 0.157500 2.292500 507495456.000000
-5.250000 0.017500 2.240000 507595424.000000
-5.337500 0.822500 2.222500 507695424.000000
-5.320000 0.437500 2.240000 507795424.000000
-5.285000 0.017500 2.257500 507895456.000000
-5.320000 0.087500 2.257500 507995360.000000
-5.250000 -0.577500 2.275000 508095360.000000
-5.320000 2.082500 2.205000 508195360.000000
-5.320000 0.822500 2.222500 508295392.000000
-5.320000 -0.682500 2.257500 508395360.000000
-5.302500 -0.227500 2.240000 508495360.000000
-5.390000 -5.617500 2.415000 508595456.000000
-5.372500 7.647500 2.117500 508695392.000000
-5.355000 -0.297500 2.257500 508795328.000000
-5.337500 -0.017500 2.240000 508895456.000000
-5.320000 -0.052500 2.222500 508995584.000000
-5.302500 0.402500 2.205000 509095520.000000
-5.320000 0.332500 2.205000 509195456.000000
-5.320000 0.297500 2.222500 509295488.000000
-5.320000 0.332500 2.205000 509395488.000000
-5.355000 0.297500 2.205000 509495488.000000
-5.337500 0.297500 2.275000 509595488.000000
-5.355000 0.297500 2.222500 509695360.000000
-5.320000 0.297500 2.222500 509795520.000000
-5.337500 0.332500 2.222500 509895488.000000
-5.355000 0.332500 2.257500 509995488.000000
-5.355000 0.297500 2.240000 510095552.000000
-5.355000 0.297500 2.222500 510195520.000000
-5.337500 0.297500 2.240000 510295488.000000
-5.355000 0.297500 2.240000 510395456.000000
-5.337500 0.297500 2.222500 510495392.000000
-5.337500 0.297500 2.222500 510595488.000000
-5.320000 0.332500 2.240000 510695488.000000
-5.355000 0.332500 2.240000 510795392.000000
-5.320000 0.297500 2.222500 510895520.000000
-5.355000 0.297500 2.240000 510995488.000000
-5.355000 0.332500 2.257500 511095424.000000
-5.337500 0.297500 2.257500 511195744.000000
-5.320000 0.052500 2.275000 511295424.000000
-5.372500 -0.157500 2.275000 511395392.000000
-5.320000 0.787500 2.222500 511495488.000000
-5.337500 0.367500 2.257500 511595552.000000
-5.355000 0.367500 2.205000 511695584.000000
-5.320000 4.287500 2.187500 511795360.000000
-5.407500 -2.502500 2.345000 511895360.000000
-5.337500 -0.122500 2.275000 511995488.000000
-5.355000 0.017500 2.240000 512095488.000000
-5.390000 -1.347500 2.292500 512195712.000000
-5.337500 1.627500 2.240000 512295360.000000
-5.337500 0.682500 2.257500 512395456.000000
-5.355000 0.402500 2.240000 512495520.000000
-5.232500 1.242500 2.222500 512595488.000000
-5.425000 -1.802500 2.310000 512695392.000000
-5.355000 1.207500 2.222500 512795360.000000
-5.355000 0.542500 2.205000 512895488.000000
-5.355000 0.087500 2.240000 512995488.000000
-5.320000 -3.832500 2.310000 513095552.000000
-5.337500 4.182500 2.152500 513195552.000000
-5.372500 0.542500 2.240000 513295552.000000
-5.355000 0.332500 2.187500 513395520.000000
-5.425000 1.487500 2.222500 513495392.000000
-5.390000 -1.452500 2.275000 513595392.000000
-5.337500 0.822500 2.205000 513695488.000000
-5.372500 0.577500 2.240000 513795552.000000
-5.320000 0.612500 2.222500 513895392.000000
-5.355000 0.052500 2.257500 513995424.000000
-5.372500 0.017500 2.240000 514095392.000000
-5.355000 0.437500 2.205000 514195584.000000
-5.372500 0.262500 2.187500 514295456.000000
-5.372500 0.297500 2.205000 514395456.000000
-5.372500 0.297500 2.205000 514495456.000000
-5.355000 0.297500 2.240000 514595552.000000
-5.372500 0.297500 2.222500 514695488.000000
-5.390000 0.297500 2.222500 514795456.000000
-5.355000 0.297500 2.205000 514895424.000000
-5.372500 0.297500 2.222500 514995488.000000
-5.390000 0.297500 2.222500 515095488.000000
-5.372500 0.332500 2.240000 515195392.000000
-5.355000 0.332500 2.240000 515295488.000000
-5.337500 0.297500 2.240000 515395360.000000
-5.390000 0.297500 2.240000 515495456.000000
-5.390000 0.262500 2.292500 515595520.000000
-5.355000 0.332500 2.240000 515695392.000000
-5.372500 0.332500 2.257500 515795520.000000
-5.372500 0.297500 2.257500 515895392.000000
-5.355000 0.297500 2.257500 515995456.000000
-5.337500 0.297500 2.240000 516095680.000000
-5.355000 0.332500 2.222500 516195488.000000
-5.337500 0.332500 2.257500 516295456.000000
-5.355000 0.297500 2.257500 516395392.000000
-5.372500 0.332500 2.257500 516495488.000000
-5.337500 0.297500 2.222500 516595392.000000
-5.355000 0.297500 2.257500 516695488.000000
-5.355000 0.297500 2.240000 516795488.000000
-5.337500 0.297500 2.292500 516895456.000000
-5.355000 0.332500 2.257500 516995360.000000
-5.355000 0.297500 2.222500 517095488.000000
-5.355000 0.332500 2.222500 517195360.000000
-5.337500 0.332500 2.275000 517295488.000000
-5.355000 0.297500 2.240000 517395392.000000
-5.302500 0.332500 2.257500 517495456.000000
-5.355000 0.297500 2.257500 517595456.000000
-5.337500 0.297500 2.240000 517695520.000000
-5.320000 0.297500 2.240000 517795488.000000
-5.355000 0.297500 2.257500 517895424.000000
-5.355000 0.297500 2.240000 517995680.000000
-5.337500 0.297500 2.257500 518095456.000000
-5.372500 0.332500 2.275000 518195520.000000
-5.337500 0.332500 2.240000 518295360.000000
-5.337500 0.297500 2.240000 518495360.000000
-5.320000 0.297500 2.257500 518595488.000000
-5.355000 0.332500 2.257500 518695392.000000
-5.302500 0.367500 2.257500 518795520.000000
