-0.774725 -0.137293 -10.483310 13153441629
-0.647239 -0.137293 -10.532343 13153464167
-0.676659 -0.098067 -10.551956 13153489124
-0.715886 -0.058840 -10.267564 13153514224
-0.706079 -0.019613 -10.346016 13153539227
-0.715886 0.009807 -10.532343 13153564164
-0.755112 0.068647 -10.650023 13153589210
-0.715886 0.117680 -10.444084 13153614288
-0.578592 0.068647 -10.277370 13153639236
-0.411879 0.009807 -10.404857 13153664396
-0.441299 0.039227 -10.591184 13153689197
-0.519753 0.029420 -10.355824 13153714191
-0.529559 0.029420 -10.257757 13153739233
-0.588399 -0.029420 -10.296983 13153764195
-0.519753 -0.029420 -10.326404 13153789216
-0.470719 0.039227 -10.600989 13153814177
-0.402073 0.068647 -10.650023 13153839237
-0.362846 0.078453 -10.659830 13153864198
-0.421686 0.088260 -10.610797 13153889208
-0.549172 0.127486 -10.806930 13153914213
-0.480526 0.137293 -10.846155 13153939245
-0.480526 0.147100 -10.904996 13153964219
-0.549172 0.186326 -10.944223 13153989213
-0.558979 0.235360 -10.757896 13154014222
-0.460913 0.156906 -10.777510 13154039239
-0.500139 0.186326 -10.787316 13154064220
-0.529559 0.215746 -10.816736 13154089207
-0.480526 0.166713 -10.551956 13154114214
-0.470719 0.117680 -10.542150 13154139237
-0.598206 0.078453 -10.757896 13154164214
-0.794339 0.049033 -10.738283 13154189208
-0.794339 0.049033 -10.512731 13154214213
-0.715886 -0.078453 -10.483310 13154239238
-0.696272 0.137293 -10.326404 13154264215
-0.696272 0.058840 -10.571569 13154289210
-0.647239 0.068647 -10.551956 13154314208
-0.745305 0.058840 -10.659830 13154339238
-0.745305 0.058840 -10.728477 13154364210
-0.980665 -0.049033 -10.502923 13154389215
-1.078732 0.029420 -10.718670 13154414211
-1.019892 0.019613 -10.591184 13154439215
-0.843372 0.049033 -10.689250 13154464194
-0.764919 0.205940 -10.708863 13154489212
-0.853179 0.235360 -10.512731 13154514207
-0.951245 0.196133 -10.532343 13154539237
-0.980665 0.166713 -10.571569 13154564205
-1.000278 0.088260 -10.502923 13154589202
-0.980665 0.147100 -10.444084 13154614193
-0.862985 0.156906 -10.493117 13154639239
-0.843372 0.156906 -10.581376 13154664216
-0.843372 0.098067 -10.561764 13154689235
-0.823759 0.039227 -10.581376 13154714198
-0.882599 0.039227 -10.650023 13154739239
-0.912019 0.029420 -10.738283 13154764209
-0.912019 0.039227 -10.630409 13154789209
-0.843372 0.058840 -10.650023 13154814195
-0.774725 0.088260 -10.777510 13154839238
-0.333426 0.176520 -11.365909 13154864202
-0.137293 0.235360 -11.444363 13154889215
0.029420 0.304006 -11.336489 13154914202
0.245166 0.353039 -11.258036 13154939242
0.931632 0.441299 -10.355824 13154964200
1.323898 0.460913 -10.375437 13154989202
1.794617 0.451106 -10.326404 13155014201
2.373209 0.529559 -9.973364 13155039239
3.559814 0.470719 -9.649745 13155064190
4.089374 0.470719 -9.384965 13155089212
4.707192 0.588399 -9.237865 13155114207
5.285785 0.617819 -9.129992 13155139239
6.187996 0.470719 -8.237587 13155164198
6.550843 0.333426 -7.502088 13155189216
6.943109 0.372653 -8.041454 13155214197
7.443248 0.304006 -8.021841 13155239238
8.061068 0.205940 -5.854571 13155264203
8.404300 0.245166 -4.913132 13155289211
8.649467 0.186326 -4.609126 13155314202
9.061346 0.196133 -4.579706 13155339241
9.424192 0.068647 -3.559814 13155364208
9.512452 0.225553 -2.873349 13155389208
9.845878 0.235360 -2.677216 13155414189
9.953751 0.254973 -2.687022 13155439238
9.914525 0.254973 -1.873070 13155464199
10.002784 0.353039 -1.480804 13155489214
10.159691 0.323619 -1.039505 13155514197
10.071430 0.235360 -0.647239 13155539238
10.042011 0.274586 -0.529559 13155564201
10.100850 0.313813 -0.323619 13155589226
10.100850 0.294200 -0.235360 13155614211
10.091044 0.294200 0.215746 13155639229
10.247950 0.284393 -0.049033 13155664205
10.355824 0.274586 -0.039227 13155689201
10.355824 0.313813 0.068647 13155714197
10.228337 0.343233 0.186326 13155739229
10.189111 0.353039 0.323619 13155764197
10.149883 0.353039 0.402073 13155789212
10.120463 0.323619 0.245166 13155814218
10.306790 0.313813 0.088260 13155839233
10.395051 0.264780 -0.019613 13155864209
10.395051 0.245166 0.176520 13155889211
10.267564 0.254973 0.196133 13155914191
10.267564 0.382459 0.117680 13155939236
10.198916 0.402073 0.009807 13155964209
10.238144 0.362846 -0.156906 13155989217
10.355824 0.372653 -0.441299 13156014209
10.267564 0.372653 -0.774725 13156039234
10.120463 0.333426 -1.098345 13156064214
10.022397 0.313813 -1.598484 13156089209
9.953751 0.264780 -2.108430 13156114213
9.934137 0.196133 -3.285228 13156139236
9.679165 0.313813 -3.481361 13156164205
9.433999 0.372653 -3.628461 13156189209
9.061346 0.215746 -4.667966 13156214228
8.629853 0.215746 -5.109265 13156239232
8.316040 0.225553 -5.383852 13156264216
7.874741 0.215746 -5.962444 13156289208
7.413828 0.323619 -6.884269 13156314202
7.050982 0.196133 -7.286342 13156339236
6.590069 -0.029420 -8.178747 13156364206
6.129157 -0.039227 -8.669080 13156389207
5.325011 -0.107873 -8.875020 13156414206
4.854292 -0.254973 -9.247672 13156439240
4.207053 -0.098067 -9.473226 13156464213
3.795174 -0.068647 -9.983171 13156489201
2.755669 -0.009807 -10.718670 13156514209
2.265337 -0.137293 -10.424470 13156539240
1.775004 0.019613 -10.542150 13156564212
1.323898 -0.029420 -10.669637 13156589207
0.127486 -0.098067 -10.542150 13156614187
-0.353039 -0.039227 -10.473503 13156639236
-0.941439 0.078453 -10.483310 13156664196
-1.333705 0.117680 -10.640217 13156689204
-2.324176 -0.039227 -10.042011 13156714197
-2.843929 -0.088260 -10.071430 13156739237
-3.393101 -0.215746 -9.659552 13156764201
-4.050147 -0.176520 -9.767425 13156789200
-4.824872 -0.254973 -9.453611 13156814194
-5.226945 -0.294200 -9.237865 13156839241
-5.501531 -0.343233 -8.835793 13156864198
-6.335097 -0.274586 -8.590627 13156889198
-6.854849 -0.225553 -8.178747 13156914198
-7.609962 -0.205940 -8.178747 13156939242
-7.776674 -0.107873 -7.629575 13156964213
-7.874741 -0.039227 -7.070595 13156989217
-8.129714 0.009807 -6.492003 13157014189
-8.198360 0.049033 -6.227223 13157039238
-8.414106 0.068647 -5.991864 13157064215
-8.600433 0.186326 -5.217138 13157089212
-8.688693 0.147100 -4.707192 13157114210
-8.816179 0.088260 -4.354153 13157139235
-9.002505 0.019613 -3.981500 13157164214
-9.522259 -0.156906 -3.530394 13157189210
-9.757618 -0.107873 -3.147935 13157214221
-9.698778 -0.088260 -2.961608 13157239236
-9.718391 -0.078453 -2.598763 13157264210
-10.091044 -0.137293 -1.912297 13157289208
-10.277370 -0.088260 -1.775004 13157314206
-10.228337 -0.176520 -1.372931 13157339237
-10.179304 -0.205940 -1.078732 13157364205
-10.326404 -0.186326 -0.470719 13157389215
-10.247950 -0.186326 -0.235360 13157414204
-10.169497 -0.254973 0.127486 13157439240
-9.855684 -0.127486 0.137293 13157464216
-10.120463 -0.235360 0.549172 13157489215
-10.120463 -0.215746 0.539366 13157514204
-10.081238 -0.205940 0.774725 13157539254
-10.042011 -0.274586 1.010085 13157564211
-10.012591 -0.245166 1.078732 13157589213
-9.963558 -0.186326 1.049312 13157614307
-9.904717 -0.196133 1.117958 13157639238
-9.953751 -0.215746 1.186605 13157664207
-9.983171 -0.205940 1.019892 13157689215
-9.894911 -0.147100 0.961052 13157714207
-9.992978 -0.156906 1.010085 13157739238
-10.042011 -0.176520 0.902212 13157764205
-10.051817 -0.166713 0.921825 13157789212
-10.042011 -0.127486 0.853179 13157814210
-10.042011 -0.098067 0.892405 13157839238
-10.042011 -0.068647 0.853179 13157864213
-10.051817 -0.107873 0.882599 13157889212
-10.002784 -0.078453 0.833565 13157914204
-10.012591 -0.088260 0.961052 13157939237
-9.963558 -0.068647 0.715886 13157964213
-9.963558 -0.088260 0.745305 13157989212
-9.875298 -0.098067 0.706079 13158014211
-9.836071 -0.068647 0.755112 13158039236
-9.943945 -0.156906 0.608012 13158064210
-9.924331 -0.304006 0.274586 13158089209
-9.983171 -0.205940 0.274586 13158114218
-10.100850 -0.107873 0.372653 13158139241
-10.002784 -0.088260 0.676659 13158164206
-10.042011 -0.088260 0.598206 13158189206
-10.110658 -0.107873 0.539366 13158214212
-10.042011 -0.088260 0.568786 13158239235
-10.032204 -0.098067 0.617819 13158264216
-10.120463 -0.117680 0.617819 13158289205
-10.267564 -0.147100 0.470719 13158314223
-10.247950 -0.058840 0.294200 13158339243
-10.267564 -0.078453 0.313813 13158364218
-10.326404 -0.088260 0.323619 13158389206
-10.316597 -0.029420 0.235360 13158414212
-10.091044 0.029420 0.421686 13158439255
-9.983171 0.009807 0.441299 13158464211
-10.169497 -0.127486 0.568786 13158489212
-10.110658 -0.009807 0.343233 13158514203
-9.845878 -0.009807 0.313813 13158539230
-9.777231 -0.058840 0.402073 13158564212
-9.796844 -0.039227 0.558979 13158589195
-9.855684 -0.147100 0.588399 13158614200
-10.091044 -0.264780 0.617819 13158639239
-10.257757 -0.333426 0.568786 13158664211
-10.208724 -0.313813 0.382459 13158689204
-10.218531 -0.254973 0.205940 13158714208
-10.198916 -0.176520 0.225553 13158739238
-10.247950 -0.137293 0.137293 13158764201
-10.159691 -0.029420 -0.058840 13158789216
-10.130271 -0.029420 -0.068647 13158814218
-9.934137 0.019613 -0.098067 13158839245
-9.924331 -0.029420 0.058840 13158864217
-9.865492 0.049033 0.107873 13158889213
-10.012591 0.009807 0.264780 13158914222
