12.670000 -3.797500 -2.152500 13153473891
12.670000 -1.592500 -3.727500 13153498892
8.120000 -0.262500 -4.865000 13153524002
-2.957500 -8.242500 -5.687500 13153548977
0.857500 -7.105000 -5.285000 13153573979
-0.175000 -3.797500 -4.777500 13153598970
-4.550000 3.115000 -2.835000 13153623994
-5.495000 1.347500 -1.715000 13153648980
-1.190000 -10.115000 -4.672500 13153673998
-4.112500 -3.517500 -4.305000 13153698979
-11.585000 4.532500 -3.377500 13153723993
-13.020000 7.542500 -4.130000 13153748983
-7.507500 4.095000 -3.587500 13153773984
-6.282500 2.187500 -3.342500 13153798983
-6.300000 5.827500 -2.765000 13153823982
-3.517500 6.335000 -2.415000 13153848987
-4.760000 5.460000 -3.132500 13153873982
-2.712500 -0.525000 -2.957500 13153899005
-1.942500 -2.625000 -0.420000 13153923972
-1.855000 1.277500 -0.770000 13153948970
-1.452500 2.397500 -0.805000 13153973976
-0.997500 -1.820000 0.577500 13153998988
-4.375000 -1.715000 1.067500 13154023975
-3.640000 1.942500 1.120000 13154048989
1.382500 -2.607500 -0.665000 13154073978
-1.312500 0.070000 -0.525000 13154098985
-3.727500 0.717500 -0.350000 13154123976
-0.980000 -6.510000 -2.187500 13154148994
8.190000 -6.440000 -2.415000 13154173984
5.372500 -0.962500 -0.122500 13154198984
-4.795000 -0.822500 2.012500 13154223984
-1.382500 -2.222500 0.647500 13154248994
4.707500 -9.625000 -0.577500 13154273981
5.880000 -2.310000 3.517500 13154298984
4.322500 -1.575000 2.135000 13154323979
2.450000 -0.665000 2.362500 13154348985
0.927500 -2.992500 2.187500 13154373981
-0.315000 -7.752500 5.110000 13154398988
7.280000 -6.632500 3.867500 13154423983
6.667500 -0.297500 3.307500 13154449008
2.695000 4.672500 -2.660000 13154474000
-5.582500 5.460000 -3.150000 13154498987
-6.667500 -0.192500 -2.362500 13154523978
-1.767500 -3.185000 -1.382500 13154548974
0.350000 -1.627500 -1.855000 13154573994
-0.035000 2.012500 -4.707500 13154598976
-2.520000 -1.627500 -3.447500 13154623987
0.087500 -2.135000 -3.237500 13154648962
1.557500 -2.205000 -2.887500 13154674048
0.455000 -2.887500 -2.905000 13154698987
0.910000 -0.070000 -5.040000 13154723993
-1.977500 3.587500 -4.445000 13154748985
-2.922500 10.010000 -4.060000 13154773974
-3.062500 18.865000 -4.287500 13154798979
-5.687500 21.385000 -4.077500 13154823993
-3.377500 37.170002 -4.672500 13154848977
-3.972500 60.025002 -5.705000 13154873976
-9.205000 90.982498 -4.427500 13154898975
-16.100000 140.402496 -2.520000 13154923997
-24.815001 151.410004 3.325000 13154948984
-24.237499 151.479996 5.775000 13154973978
-14.542500 153.649994 5.932500 13154998985
-16.187500 169.225006 4.672500 13155024003
-15.277500 165.042496 6.685000 13155048976
-7.665000 151.445007 8.610000 13155073978
-4.812500 147.630005 9.992500 13155098973
3.535000 164.132507 9.310000 13155123982
16.712500 181.089996 8.767500 13155148982
10.045000 174.264999 7.227500 13155173974
10.237500 155.820007 2.380000 13155198975
4.550000 158.410004 0.560000 13155223988
-0.472500 183.977493 0.700000 13155248975
4.375000 179.322495 1.225000 13155273986
18.934999 141.767502 -2.852500 13155298979
24.150000 136.972504 -2.450000 13155323986
17.745001 145.285004 -4.550000 13155348976
11.322500 136.062500 -8.767500 13155373970
8.732500 108.150002 -7.402500 13155398979
9.625000 103.407501 -4.567500 13155423989
8.872500 89.529999 -3.395000 13155448979
2.240000 85.417503 -1.540000 13155473970
-0.665000 74.165001 2.432500 13155498973
0.052500 66.430000 3.115000 13155523992
1.137500 63.227501 -1.067500 13155548965
0.875000 51.467499 -1.872500 13155574015
0.175000 36.732502 -0.857500 13155598998
-4.235000 23.590000 0.245000 13155623992
-4.585000 1.505000 2.747500 13155648979
-5.267500 1.417500 2.135000 13155673976
-6.860000 14.245000 -1.592500 13155698976
-4.952500 15.137500 -3.097500 13155723988
-2.800000 16.170000 -2.625000 13155748983
-3.622500 14.000000 -2.205000 13155773975
-3.675000 0.665000 -0.017500 13155798976
-0.542500 -6.247500 1.452500 13155823983
-0.875000 -10.657500 1.225000 13155848977
-2.607500 -7.350000 1.032500 13155873972
-3.255000 -13.702500 -1.102500 13155898974
1.015000 -25.847500 -2.187500 13155923983
2.537500 -38.587502 -1.802500 13155948984
2.485000 -57.994999 -2.677500 13155973974
0.525000 -70.245003 -3.517500 13155998975
0.402500 -81.305000 -2.800000 13156023983
-1.452500 -94.465004 -2.222500 13156048990
-0.892500 -112.752502 -1.137500 13156073980
1.715000 -124.232498 1.330000 13156098979
3.535000 -126.437500 1.487500 13156123986
3.097500 -118.632500 -1.435000 13156148971
2.852500 -124.442497 -1.522500 13156174051
2.817500 -138.792496 -0.350000 13156198973
3.727500 -131.827499 -1.172500 13156224067
5.827500 -136.272507 -1.592500 13156248975
9.310000 -149.065002 1.820000 13156274034
20.002501 -161.297501 2.817500 13156298974
24.780001 -162.399994 5.810000 13156324053
26.372499 -166.074997 6.790000 13156348974
16.817499 -156.660004 4.112500 13156373941
5.022500 -155.750000 1.732500 13156398984
-2.502500 -164.657501 1.015000 13156423940
-3.237500 -171.324997 2.047500 13156448977
-4.987500 -180.267502 3.167500 13156473937
-6.965000 -174.387497 0.875000 13156498975
-3.465000 -165.392502 0.910000 13156523943
-3.430000 -159.250000 1.697500 13156548987
-3.780000 -159.634995 0.822500 13156573935
-2.275000 -155.365005 2.012500 13156598973
1.522500 -147.070007 -2.415000 13156623935
0.245000 -154.892502 -2.485000 13156648980
1.505000 -148.680008 2.152500 13156673987
7.455000 -133.630005 1.960000 13156698987
11.655000 -131.845001 0.122500 13156723977
12.075000 -134.382507 -4.340000 13156748979
8.785000 -135.660004 -6.842500 13156773984
6.142500 -127.330002 -4.637500 13156798983
13.247500 -127.154999 -4.462500 13156823978
16.344999 -117.092499 -4.305000 13156848976
13.370000 -136.744995 1.295000 13156873991
-5.530000 -136.517502 3.360000 13156898981
-10.045000 -141.942505 10.657500 13156923984
-8.312500 -129.324997 15.417500 13156948979
-2.240000 -123.392502 14.875000 13156973978
-2.187500 -113.347504 5.372500 13156998940
-13.405000 -121.904999 4.515000 13157023977
-17.710001 -124.302498 4.007500 13157048983
-11.480000 -106.470001 1.750000 13157073976
5.775000 -104.702499 3.465000 13157098976
10.605000 -103.565002 -1.120000 13157123975
11.742500 -102.410004 -4.952500 13157148964
14.577500 -101.919998 -7.297500 13157173978
15.855000 -88.322502 -6.125000 13157198975
8.330000 -91.927498 -3.797500 13157223975
5.565000 -90.334999 -0.490000 13157248978
6.037500 -77.997498 -3.972500 13157273978
3.115000 -74.129997 -6.982500 13157298971
3.045000 -80.849998 -5.862500 13157323972
0.927500 -83.474998 -4.672500 13157348987
0.507500 -83.142502 -6.475000 13157373973
-2.345000 -76.370003 -5.250000 13157398972
0.017500 -67.934998 -2.922500 13157423973
-1.942500 -55.020000 -1.592500 13157448978
-6.195000 -31.570000 -2.222500 13157473974
-2.397500 -30.257500 -4.305000 13157498974
-1.347500 -28.787500 -1.995000 13157523977
-2.240000 -22.540001 -0.595000 13157548988
-0.630000 -13.772500 -0.070000 13157573978
1.837500 -12.495000 3.657500 13157598978
2.730000 -6.807500 4.620000 13157623975
0.490000 10.745000 2.782500 13157648981
0.980000 13.807500 2.467500 13157673977
0.770000 7.857500 2.747500 13157698975
2.275000 14.070000 5.372500 13157723980
-0.122500 16.642500 5.040000 13157748976
-0.052500 11.305000 4.200000 13157773985
2.345000 10.780000 5.792500 13157798976
-0.017500 10.552500 5.005000 13157823974
0.770000 7.385000 1.382500 13157848973
2.240000 5.442500 0.787500 13157873974
1.732500 3.482500 0.735000 13157898976
2.677500 2.782500 0.227500 13157923975
2.485000 2.450000 0.262500 13157948981
1.295000 6.720000 -0.332500 13157973973
1.680000 6.387500 -0.420000 13157998980
1.575000 3.237500 -2.485000 13158023969
3.815000 0.227500 -4.847500 13158048983
6.895000 0.647500 -4.585000 13158073975
5.302500 3.605000 -7.735000 13158098977
-8.225000 5.197500 -4.637500 13158123978
-12.950000 4.865000 -0.840000 13158148975
-3.570000 3.832500 -1.137500 13158173976
6.160000 7.385000 -2.065000 13158198976
8.067500 5.722500 -1.225000 13158223976
2.397500 8.977500 -0.612500 13158248981
0.402500 12.005000 -0.892500 13158273972
1.050000 10.692500 -0.017500 13158298975
3.185000 9.590000 3.482500 13158325571
1.172500 9.415000 3.570000 13158348987
-1.487500 4.812500 1.155000 13158373980
-3.202500 -1.995000 0.927500 13158398981
-2.292500 -0.122500 3.727500 13158424010
-5.460000 3.062500 4.235000 13158448983
-6.702500 8.032500 1.767500 13158473975
-2.082500 -1.942500 3.325000 13158498979
-1.960000 3.482500 7.997500 13158523979
-1.662500 9.030000 5.740000 13158548983
-5.687500 8.470000 5.390000 13158573976
-7.070000 7.945000 4.077500 13158598981
-5.967500 2.695000 0.350000 13158623993
-1.172500 1.732500 -0.035000 13158648981
0.280000 -0.350000 0.140000 13158673977
5.775000 0.122500 2.065000 13158698974
10.570000 3.535000 3.587500 13158723976
9.835000 0.665000 4.095000 13158748979
6.580000 -0.437500 4.742500 13158773976
10.290000 3.920000 6.212500 13158798995
10.780000 0.945000 4.252500 13158823990
5.092500 2.257500 4.357500 13158848987
5.250000 1.120000 1.312500 13158873990
2.800000 5.705000 -0.962500 13158898979
3.115000 3.412500 -3.447500 13158923956
4.725000 4.847500 -1.767500 13158948988
