9.380000 0.665000 -3.430000 22760145921
3.570000 2.730000 -4.147500 22760170937
-0.105000 4.165000 -5.250000 22760195926
-4.025000 1.697500 -4.235000 22760220927
-4.620000 3.517500 -1.522500 22760245924
-2.170000 4.200000 0.542500 22760270901
2.222500 4.147500 1.120000 22760295928
4.830000 1.050000 1.137500 22760320908
4.655000 -3.622500 0.140000 22760345934
0.280000 -5.810000 -1.330000 22760370908
-1.085000 -8.295000 -3.010000 22760395933
-0.735000 -8.942500 -2.432500 22760420908
-0.122500 -9.695000 -0.717500 22760445932
-1.400000 -10.430000 0.735000 22760470907
-2.992500 -9.030000 1.260000 22760495932
-4.952500 -9.135000 2.222500 22760520907
-7.122500 -9.327500 3.132500 22760545931
-6.772500 -7.787500 4.970000 22760570910
-6.755000 -9.555000 7.875000 22760595931
-5.320000 -10.325000 14.402500 22760620906
-0.910000 -12.232500 17.202499 22760645935
-2.345000 -15.155000 16.712500 22760670908
-8.260000 -20.002501 10.500000 22760695936
-16.205000 -16.957500 6.002500 22760720911
-20.230000 -11.025000 1.015000 22760745926
-23.712500 -12.670000 0.630000 22760770913
-25.707500 -16.117500 2.992500 22760795936
-29.085001 -18.812500 8.575000 22760820911
-37.222500 -14.455000 12.967500 22760845934
-45.535000 -15.050000 16.379999 22760870907
-54.215000 -12.792500 20.930000 22760895934
-59.255001 -7.052500 21.945000 22760920909
-62.457500 -10.150000 22.557501 22760945936
-74.497498 -14.332500 18.882500 22760970909
-79.275002 -9.310000 12.827500 22760995938
-81.059998 -5.757500 3.395000 22761020910
-85.750000 -3.517500 2.572500 22761045935
-89.775002 -6.142500 3.587500 22761070907
-92.627502 -7.297500 4.865000 22761095935
-90.264999 -4.917500 5.477500 22761120911
-86.257500 -12.775000 6.510000 22761145939
-86.345001 -15.120000 7.945000 22761170912
-90.965004 -17.167500 9.660000 22761195933
-93.904999 -19.512501 8.155000 22761220905
-93.205002 -18.200001 6.982500 22761245925
-92.084999 -14.000000 5.337500 22761270907
-93.047501 -19.075001 3.255000 22761295930
-90.527504 -16.817499 4.445000 22761320903
-91.769997 -15.120000 5.775000 22761345932
-95.550003 -22.575001 4.042500 22761370925
-98.840004 -16.327499 3.062500 22761395931
-99.400002 -7.577500 2.310000 22761420936
-92.260002 -12.075000 3.395000 22761445930
-87.132500 -14.822500 4.602500 22761470927
-87.989998 -17.447500 9.450000 22761495927
-90.387497 -17.850000 10.972500 22761520927
-89.827499 -17.762501 10.272500 22761545927
-86.099998 -21.350000 8.505000 22761570929
-81.007500 -17.605000 8.732500 22761595927
-79.415001 -18.410000 -1.330000 22761620926
-79.047501 -16.485001 -0.770000 22761645930
-78.137497 -17.674999 -1.907500 22761670928
-82.459999 -14.980000 -6.650000 22761695931
-96.040001 -20.790001 -9.520000 22761720928
-96.652504 -22.697500 -7.245000 22761745930
-93.502502 -25.707500 -0.245000 22761770927
-95.392502 -27.125000 5.197500 22761795927
-102.427498 -26.267500 11.550000 22761820929
-115.395004 -22.662500 19.879999 22761845932
-117.250000 -22.277500 14.437500 22761870929
-116.532501 -21.857500 8.557500 22761895928
-114.397499 -18.252501 15.015000 22761920930
-112.402504 -9.555000 18.077499 22761945927
-109.917503 -11.305000 8.610000 22761970930
-102.847504 -5.407500 7.000000 22761995932
-97.790001 -4.375000 5.845000 22762020926
-98.629997 -10.692500 10.517500 22762045928
-96.669998 -9.852500 13.002500 22762070929
-91.682503 -5.302500 14.315001 22762095928
-88.690002 -0.962500 14.315001 22762120930
-88.847504 -12.635000 2.660000 22762145930
-95.777504 -11.952500 -0.682500 22762170930
-101.815002 -12.880000 1.680000 22762195927
-98.769997 -18.882500 2.047500 22762220926
-92.872498 -9.082500 3.535000 22762245928
-89.459999 -23.467501 1.837500 22762270930
-90.965004 -23.677500 7.735000 22762295930
-84.875000 -23.555000 10.360000 22762320932
-81.199997 -20.387501 12.075000 22762345938
-76.544998 -24.465000 11.392500 22762370934
-72.904999 -13.055000 14.175000 22762395930
-77.419998 -20.160000 14.980000 22762420910
-79.065002 -25.497499 13.055000 22762445872
-70.752502 -21.945000 16.257500 22762470932
-63.577499 -22.137501 20.370001 22762495934
-59.447502 -24.535000 18.445000 22762520934
-63.122501 -16.450001 11.550000 22762545932
-65.135002 -18.760000 19.092501 22762570935
-51.730000 -18.637501 23.450001 22762595936
-41.842499 -18.094999 20.842501 22762620934
-35.157501 -11.217500 13.492500 22762645932
-27.930000 -10.710000 15.015000 22762670930
-23.695000 -15.522500 17.622499 22762695931
-19.775000 -15.260000 17.290001 22762720930
-27.615000 -5.740000 19.180000 22762745933
-37.660000 -17.815001 17.710001 22762770929
-47.180000 -18.655001 16.922501 22762795927
-48.352501 -23.397501 12.547500 22762820945
-44.869999 -12.845000 7.700000 22762845933
-33.145000 -2.957500 8.942500 22762870927
-22.504999 -0.157500 9.905000 22762895927
-14.455000 -6.772500 6.650000 22762920931
-8.697500 -9.082500 6.457500 22762945925
-4.830000 -15.155000 20.877501 22762970931
5.442500 -26.757500 19.600000 22762995926
-1.400000 -33.092499 12.127500 22763020927
-17.955000 -29.469999 5.425000 22763045926
-32.759998 -24.325001 4.620000 22763070927
-33.827499 -25.952499 6.772500 22763095928
-32.095001 -34.195000 9.467500 22763120930
-38.482502 -27.719999 7.927500 22763145922
-48.527500 -36.172501 3.412500 22763170925
-64.977501 -39.514999 4.952500 22763195926
-76.142502 -29.277500 12.057500 22763220928
-83.737503 -8.925000 17.167500 22763245924
-71.137497 -4.777500 18.375000 22763270926
-46.987499 -3.377500 24.097500 22763295936
-19.897501 -23.957500 12.845000 22763320956
4.970000 -36.505001 -7.700000 22763345939
3.902500 -32.689999 -28.157499 22763370933
-17.622499 -7.122500 -22.014999 22763396032
-26.477501 7.717500 -11.375000 22763420940
-27.072500 21.629999 3.185000 22763445936
-21.052500 19.162500 6.072500 22763470931
-14.840000 18.934999 4.742500 22763495939
-10.605000 29.382500 7.927500 22763520939
-5.215000 32.060001 10.675000 22763545936
0.752500 26.442499 12.722500 22763570938
10.692500 33.512501 17.535000 22763595940
23.660000 38.622501 16.292500 22763620929
26.880001 35.017502 9.730000 22763645939
25.830000 31.202499 5.320000 22763670934
23.100000 24.674999 3.185000 22763695935
20.072500 23.117500 -1.907500 22763720935
18.077499 25.094999 -3.395000 22763745960
19.460001 27.422501 -3.430000 22763770941
21.840000 21.752501 -2.695000 22763795941
21.647501 21.245001 1.890000 22763820938
18.725000 12.320000 6.352500 22763845937
24.692499 -33.670002 9.345000 22763870938
14.227500 -1.645000 3.062500 22763895937
-9.502500 33.740002 4.830000 22763920935
-70.367500 25.602501 0.945000 22763945938
-92.644997 -6.002500 11.077500 22763972974
-76.720001 -13.597500 18.917500 22763995952
-41.404999 -20.422501 10.710000 22764020943
-31.202499 -33.670002 2.572500 22764045937
-33.127499 -27.684999 7.525000 22764070942
-39.392502 -38.465000 16.082500 22764095936
-45.500000 -77.980003 21.822500 22764120936
-59.465000 -81.462502 22.207500 22764145933
-68.565002 -6.265000 26.477501 22764170934
-57.172501 13.422500 15.137500 22764195932
-48.072498 8.312500 14.822500 22764220935
-54.162498 7.525000 17.010000 22764245931
-65.940002 8.680000 27.982500 22764270936
-92.802498 13.387500 34.090000 22764295928
-89.547501 7.315000 33.810001 22764320936
-98.279999 9.572500 35.472500 22764345934
-114.642502 6.912500 40.232502 22764370937
-127.382500 9.625000 39.480000 22764395934
-131.285004 1.995000 33.494999 22764420937
-124.250000 -3.587500 27.230000 22764446043
-128.100006 -0.420000 22.172501 22764470938
-150.447495 -3.412500 22.382500 22764495928
-160.404999 -7.122500 24.202499 22764520931
-157.622498 -1.995000 21.420000 22764545932
-135.992508 0.805000 12.512500 22764570934
-121.730003 0.472500 5.705000 22764595924
-140.787506 -4.620000 19.180000 22764620931
-164.675003 -6.545000 28.910000 22764645918
-181.667496 4.795000 33.180000 22764670934
-188.300003 9.170000 33.302502 22764695918
-182.735001 2.835000 32.672501 22764720932
-184.817505 15.802500 34.982502 22764745920
-193.410004 16.415001 33.232502 22764770929
-178.447495 2.152500 38.762501 22764795918
-159.162506 0.210000 38.062500 22764820930
-138.897507 -6.107500 37.292500 22764845921
-134.854996 -2.012500 30.065001 22764870930
-138.809998 -0.612500 26.250000 22764895918
-151.899994 7.245000 23.205000 22764920929
-157.884995 16.309999 19.844999 22764945924
-143.955002 16.344999 14.525000 22764970930
-130.235001 16.764999 3.762500 22764995921
-104.597504 16.695000 3.150000 22765020930
-93.537498 15.417500 3.062500 22765045917
-88.567497 21.315001 -2.380000 22765070929
-76.440002 21.910000 -6.125000 22765095919
-69.965004 22.382500 -9.205000 22765120932
-65.782501 23.940001 -8.925000 22765145919
-55.737499 24.552500 -5.652500 22765170932
-52.027500 21.017500 -3.307500 22765195918
-55.020000 20.842501 1.365000 22765220930
-52.622501 22.627501 3.202500 22765245919
-55.965000 27.807501 2.310000 22765270928
-51.887501 22.750000 -2.240000 22765296013
-70.980003 31.167500 -12.302500 22765320928
-84.385002 25.007500 -22.767500 22765345918
-22.207500 21.139999 -36.330002 22765370927
-21.735001 18.392500 -30.957500 22765395914
-19.862499 12.215000 -19.915001 22765420907
-19.320000 9.170000 -15.277500 22765445948
-32.340000 6.877500 -4.672500 22765470930
-39.724998 11.690000 -3.727500 22765495909
-39.532501 12.442500 0.367500 22765520928
-44.064999 7.700000 5.897500 22765546017
-37.485001 4.480000 4.217500 22765570928
-32.252499 1.120000 4.427500 22765595918
-28.472500 5.425000 0.682500 22765620934
-23.730000 8.312500 2.380000 22765645931
-16.975000 -5.162500 -0.035000 22765670931
-10.395000 -5.635000 0.945000 22765696022
-8.365000 -1.032500 0.035000 22765720933
-5.652500 -10.272500 -5.705000 22765745907
-1.435000 -12.460000 -6.037500 22765770936
4.287500 -17.045000 -3.587500 22765795913
9.257500 -13.352500 -0.980000 22765820936
1.487500 -7.857500 -1.417500 22765845913
-2.152500 -11.410000 0.910000 22765870935
-4.252500 -6.160000 6.020000 22765895912
-10.955000 -4.550000 7.367500 22765920932
-17.150000 -4.025000 -4.165000 22765945912
-12.670000 3.465000 -5.722500 22765970912
-1.837500 1.400000 -5.582500 22765995911
6.160000 -3.360000 -3.325000 22766020913
1.855000 -6.440000 -2.555000 22766045908
0.630000 -5.565000 -0.332500 22766070910
5.967500 -8.470000 1.015000 22766095911
6.912500 -13.142500 1.382500 22766120912
5.705000 -12.057500 3.675000 22766145913
1.925000 -5.477500 4.357500 22766170913
1.942500 -5.652500 3.027500 22766195911
3.097500 -7.262500 -0.980000 22766220909
2.782500 -1.207500 -3.675000 22766245913
5.880000 0.105000 -6.072500 22766270913
1.505000 -5.810000 -3.955000 22766295908
-0.122500 -4.900000 -1.452500 22766320915
2.152500 -6.965000 2.327500 22766345914
0.822500 -5.932500 6.895000 22766370915
