6.960000 3.840000 0.720000 22760129774
7.140000 3.660000 0.540000 22760154763
6.960000 3.960000 0.480000 22760179794
7.080000 3.840000 0.840000 22760204979
7.200000 3.960000 0.600000 22760229780
7.320000 3.960000 0.600000 22760254773
7.200000 4.200000 0.480000 22760279772
7.080000 4.080000 0.600000 22760304992
7.200000 3.960000 0.480000 22760329774
7.200000 3.960000 0.720000 22760354777
7.080000 3.960000 0.720000 22760379780
7.380000 3.780000 0.540000 22760404985
7.140000 4.020000 0.420000 22760429767
7.200000 3.960000 0.600000 22760454789
7.260000 3.900000 0.540000 22760479770
7.380000 4.020000 0.420000 22760504985
7.320000 3.960000 0.600000 22760529772
7.020000 4.020000 0.540000 22760554772
7.320000 3.840000 0.720000 22760579778
6.960000 3.960000 0.600000 22760604986
7.080000 3.960000 0.480000 22760629779
7.500000 4.260000 0.420000 22760654781
6.960000 3.720000 0.480000 22760679766
7.020000 3.900000 0.300000 22760704973
7.020000 4.020000 0.660000 22760729766
6.780000 4.140000 0.420000 22760754858
6.900000 3.780000 0.420000 22760779774
6.900000 4.500000 0.540000 22760805154
7.020000 4.140000 0.060000 22760829776
6.900000 4.380000 0.300000 22760854780
6.840000 4.680000 0.360000 22760879767
6.660000 4.620000 0.180000 22760904980
6.840000 4.440000 0.120000 22760929785
6.780000 4.860000 0.060000 22760954778
6.720000 5.040000 0.240000 22760979789
6.660000 5.100000 0.180000 22761005095
6.840000 5.280000 0.120000 22761029770
6.480000 5.520000 0.120000 22761054761
6.600000 6.120000 -0.120000 22761079770
6.780000 6.060000 -0.180000 22761104971
6.720000 6.120000 -0.120000 22761129770
6.660000 6.660000 -0.180000 22761154774
6.600000 6.840000 -0.240000 22761179767
6.600000 6.720000 -0.240000 22761204982
6.480000 7.200000 -0.240000 22761229765
6.300000 7.380000 -0.180000 22761254789
6.480000 7.680000 -0.180000 22761279771
6.660000 7.740000 0.300000 22761304975
6.300000 7.860000 0.180000 22761329771
6.480000 8.280000 0.240000 22761354775
6.000000 8.400000 0.120000 22761379763
6.360000 9.000000 0.360000 22761405570
6.360000 9.000000 0.360000 22761429784
6.180000 8.700000 0.420000 22761454770
6.600000 9.360000 0.480000 22761479784
6.420000 9.540000 0.660000 22761504981
6.120000 9.480000 0.960000 22761529772
6.480000 9.719999 0.840000 22761554782
6.360000 9.840000 0.960000 22761579768
6.480000 10.080000 1.200000 22761604967
6.060000 10.139999 1.260000 22761629777
6.240000 10.200000 0.960000 22761654767
6.300000 10.500000 1.500000 22761679772
6.300000 10.740000 1.260000 22761704973
6.420000 10.860000 1.620000 22761729770
6.180000 10.860000 1.740000 22761754770
5.880000 10.920000 1.920000 22761779786
5.880000 11.040000 2.160000 22761804974
6.000000 11.160000 2.520000 22761829779
5.880000 11.280000 2.640000 22761854778
6.120000 11.520000 2.880000 22761879774
6.060000 11.340000 2.820000 22761904984
5.940000 11.700000 3.420000 22761929769
6.240000 11.880000 3.480000 22761954773
6.240000 11.759999 3.720000 22761979775
6.240000 11.880000 4.080000 22762004992
6.120000 11.639999 4.080000 22762029773
6.480000 12.000000 4.560000 22762054787
6.120000 12.000000 4.800000 22762079770
6.300000 12.059999 4.980000 22762104981
6.720000 12.120000 5.160000 22762129773
6.420000 11.820000 5.460000 22762154768
6.060000 11.580000 5.820000 22762179779
6.240000 11.759999 5.880000 22762204971
6.420000 11.820000 6.180000 22762229772
6.360000 12.000000 6.000000 22762254779
6.600000 11.639999 6.360000 22762279772
6.420000 11.700000 6.420000 22762304972
6.900000 11.460000 6.420000 22762329769
6.480000 11.639999 6.720000 22762354772
6.780000 11.219999 7.140000 22762379773
6.720000 10.920000 7.320000 22762404981
6.600000 11.040000 7.200000 22762429799
6.540000 10.980000 7.740000 22762454783
6.720000 10.920000 7.320000 22762479777
6.540000 10.500000 7.860000 22762504982
6.900000 10.740000 7.740000 22762529784
7.140000 10.620000 7.980000 22762554768
7.020000 10.380000 7.740000 22762579790
7.080000 10.320000 7.680000 22762604983
7.020000 10.260000 7.980000 22762629773
7.500000 10.260000 7.980000 22762654767
7.380000 10.139999 8.340000 22762679770
7.320000 10.080000 7.920000 22762704971
7.260000 10.020000 8.220000 22762729770
7.200000 9.599999 8.040000 22762754771
7.500000 9.900000 8.460000 22762779772
7.620000 9.900000 8.220000 22762805316
7.440000 9.480000 8.280000 22762830143
7.440000 9.599999 8.520000 22762855100
7.560000 9.240000 8.400000 22762880162
7.620000 9.300000 8.340000 22762905337
7.380000 9.540000 8.460000 22762930089
7.560000 9.719999 8.760000 22762955085
7.620000 9.660000 8.340000 22762980088
7.560000 9.360000 8.520000 22763005333
7.800000 9.000000 8.280000 22763030078
7.620000 9.300000 8.220000 22763055098
7.620000 9.300000 8.580000 22763080085
7.920000 9.240000 8.280000 22763105297
7.920000 9.240000 8.400000 22763130144
8.099999 9.179999 8.580000 22763155090
8.220000 9.059999 8.580000 22763180078
8.280000 8.880000 8.400000 22763205297
7.920000 8.520000 8.400000 22763230090
8.160000 8.160000 8.280000 22763255074
8.220000 8.460000 8.580000 22763280084
8.340000 8.099999 8.700000 22763306601
8.160000 8.280000 8.639999 22763329986
8.340000 8.099999 8.340000 22763354960
8.220000 8.220000 8.580000 22763379937
8.400000 7.920000 8.639999 22763405568
8.460000 8.460000 8.460000 22763429790
8.220000 8.099999 8.700000 22763454785
8.040000 8.280000 8.880000 22763479771
8.220000 7.980000 8.820000 22763505000
8.160000 8.160000 8.760000 22763529762
8.040000 8.040000 8.880000 22763554765
8.040000 7.920000 9.240000 22763579788
7.980000 8.220000 9.059999 22763604980
7.860000 7.980000 9.179999 22763629774
7.860000 8.220000 8.940000 22763654785
7.500000 8.340000 9.059999 22763679764
7.440000 8.160000 9.000000 22763704986
7.680000 8.160000 9.480000 22763729763
7.260000 8.340000 9.540000 22763754898
7.620000 8.340000 9.300000 22763779781
7.320000 8.520000 9.240000 22763805171
7.320000 8.280000 9.599999 22763829770
7.140000 8.220000 9.540000 22763854810
7.320000 8.400000 9.120000 22763879768
7.260000 8.340000 9.540000 22763904976
7.260000 8.099999 9.660000 22763929772
6.960000 7.920000 9.719999 22763954776
6.900000 7.860000 10.139999 22763981666
7.200000 7.800000 9.599999 22764005159
7.440000 7.920000 9.719999 22764029879
7.560000 7.560000 9.599999 22764054781
7.200000 7.200000 9.599999 22764079882
7.620000 7.260000 9.300000 22764104988
7.560000 7.200000 9.719999 22764129783
7.800000 6.960000 9.360000 22764154768
7.800000 6.840000 9.240000 22764179777
7.680000 6.600000 9.599999 22764204980
7.680000 6.480000 9.599999 22764229769
7.740000 6.540000 9.900000 22764254770
7.440000 6.240000 9.840000 22764279768
7.440000 5.640000 9.480000 22764304976
7.680000 5.520000 9.599999 22764329784
7.500000 5.220000 9.540000 22764354778
7.680000 4.680000 9.719999 22764379789
7.740000 4.740000 9.540000 22764404984
7.080000 4.080000 9.599999 22764429771
7.260000 3.900000 9.660000 22764454949
7.260000 3.420000 9.420000 22764479773
7.080000 3.240000 9.120000 22764504996
7.320000 3.120000 9.000000 22764529774
7.260000 2.820000 8.580000 22764554774
6.840000 2.280000 8.639999 22764579772
6.840000 2.160000 8.280000 22764604978
7.200000 1.920000 8.160000 22764629768
7.080000 1.680000 7.800000 22764654792
6.960000 1.320000 7.560000 22764679768
7.140000 1.020000 7.020000 22764704965
6.780000 1.140000 6.780000 22764729776
6.720000 0.840000 6.240000 22764754773
6.960000 0.480000 5.760000 22764779772
6.420000 0.540000 5.700000 22764804982
6.600000 0.360000 5.160000 22764829769
6.480000 0.600000 4.920000 22764854765
6.540000 0.660000 4.500000 22764879780
6.360000 0.480000 4.320000 22764904970
6.000000 0.600000 3.840000 22764929771
6.060000 0.540000 3.540000 22764954772
6.240000 0.960000 3.000000 22764979769
6.300000 0.900000 3.060000 22765005079
5.760000 0.840000 2.640000 22765029770
6.360000 0.840000 2.640000 22765054770
5.940000 1.140000 2.700000 22765079777
6.180000 1.020000 2.340000 22765104969
6.120000 1.560000 2.280000 22765129769
6.120000 1.440000 2.160000 22765154774
6.240000 1.440000 2.280000 22765179787
6.480000 1.680000 2.280000 22765204960
6.540000 1.620000 2.100000 22765229781
6.840000 1.680000 1.920000 22765254773
6.360000 1.680000 2.280000 22765279764
6.660000 1.980000 1.860000 22765304970
6.780000 1.740000 1.740000 22765329761
6.660000 1.860000 1.860000 22765354769
7.020000 2.220000 1.740000 22765379772
7.080000 2.280000 1.920000 22765404964
7.320000 2.400000 1.680000 22765429798
7.200000 2.640000 2.160000 22765454783
7.200000 2.520000 1.800000 22765479778
7.380000 2.820000 1.740000 22765504988
7.140000 2.580000 1.500000 22765529772
7.320000 2.880000 1.800000 22765554776
7.440000 3.000000 1.680000 22765579769
6.960000 2.880000 1.440000 22765605542
7.260000 2.940000 1.740000 22765629774
7.440000 2.760000 1.440000 22765654769
7.260000 2.940000 1.380000 22765679772
7.440000 3.120000 1.560000 22765705098
7.200000 3.000000 1.440000 22765729771
7.380000 2.820000 1.620000 22765754769
7.620000 3.060000 1.380000 22765779773
7.200000 2.880000 1.320000 22765804973
6.900000 2.700000 1.140000 22765829771
7.500000 2.700000 1.500000 22765854779
7.140000 2.820000 1.500000 22765879786
7.440000 2.760000 1.440000 22765904995
7.380000 3.180000 1.260000 22765929779
7.200000 3.480000 1.440000 22765954783
7.500000 3.180000 1.260000 22765979802
7.260000 2.940000 1.380000 22766005088
7.380000 3.060000 1.620000 22766029781
7.440000 3.120000 0.960000 22766054789
7.500000 2.940000 1.500000 22766079783
7.380000 3.180000 1.620000 22766104982
7.680000 3.000000 1.680000 22766129790
7.320000 3.000000 1.320000 22766154786
7.320000 2.880000 1.560000 22766179779
6.900000 2.820000 1.380000 22766205110
7.200000 2.880000 1.200000 22766229784
6.960000 3.240000 1.440000 22766254920
7.260000 2.820000 1.260000 22766279778
7.260000 2.940000 1.500000 22766305182
7.200000 3.000000 1.440000 22766329785
7.500000 2.700000 1.260000 22766354890
