-46.252499 0.385000 7.980000 18676449044
-41.142502 -3.167500 8.715000 18676474069
-33.845001 -1.645000 10.412500 18676499054
-39.900002 -5.617500 19.932501 18676524065
-47.407501 -22.610001 17.990000 18676549060
-41.982502 -37.310001 11.777500 18676574064
-32.724998 -44.782501 10.255000 18676599056
-15.365000 -49.840000 3.447500 18676624035
-2.485000 18.059999 14.157500 18676649072
-19.809999 26.477501 50.259998 18676674022
-21.665001 0.892500 35.770000 18676699058
-25.812500 -30.012501 -4.830000 18676724058
-26.424999 -36.382500 3.482500 18676749059
-20.037500 -41.509998 14.805000 18676774026
-17.272501 -23.502501 14.700000 18676799052
-33.670002 4.305000 17.570000 18676824054
-58.029999 -5.967500 20.055000 18676849045
-54.687500 -20.247499 19.389999 18676874070
-40.950001 -12.040000 8.890000 18676899051
-29.225000 -31.972500 -8.190000 18676924059
-15.592500 -54.250000 -8.995000 18676949038
-7.490000 -59.849998 -6.247500 18676974039
2.835000 -43.942501 -7.630000 18676998989
8.837500 -36.049999 -7.490000 18677024043
0.857500 -36.907501 -0.840000 18677049041
-7.070000 -28.840000 0.787500 18677074041
-13.055000 -24.115000 -11.147500 18677099074
-13.072500 -11.812500 -22.190001 18677124056
-40.687500 -6.247500 -19.040001 18677149043
-31.605000 -6.125000 -19.740000 18677174041
-31.832500 -63.665001 -26.985001 18677199069
-9.940000 -6.387500 -0.910000 18677224045
-39.602501 9.747500 43.610001 18677249044
-19.687500 -20.230000 80.360001 18677274045
-27.562500 -39.952499 90.860001 18677299067
-32.287498 -58.555000 93.817497 18677324043
-37.240002 -58.712502 94.639999 18677349043
-30.205000 7.892500 65.590004 18677374042
67.340004 -11.217500 66.114998 18677399149
20.335001 -6.020000 52.080002 18677424065
4.130000 27.020000 41.474998 18677449066
22.855000 75.459999 40.862499 18677474061
14.262500 96.809998 33.512501 18677499083
11.287500 32.042500 -1.820000 18677524048
1.067500 26.512501 -5.740000 18677549048
0.035000 37.222500 -9.485000 18677573998
-0.682500 24.062500 -21.577499 18677599082
-3.062500 27.142500 -5.775000 18677624079
0.752500 38.255001 17.307501 18677649060
5.162500 96.407501 53.235001 18677674058
-2.940000 123.654999 64.260002 18677699085
12.950000 156.309998 64.732498 18677724052
13.597500 26.442499 32.007500 18677749061
7.315000 -9.292500 27.317501 18677774062
1.382500 -10.535000 9.712500 18677799087
2.012500 -5.162500 -0.875000 18677824048
2.537500 -5.197500 -0.770000 18677849045
2.572500 -5.565000 -0.805000 18677874045
2.362500 -5.425000 -0.752500 18677899066
2.397500 -5.442500 -0.857500 18677924053
2.590000 -5.652500 -0.507500 18677949048
2.502500 -5.372500 -0.857500 18677974067
2.730000 -5.512500 -0.805000 18677999089
2.625000 -5.600000 -1.032500 18678024068
2.397500 -5.775000 -0.682500 18678049044
2.415000 -5.442500 -0.507500 18678074042
2.222500 -5.600000 -0.787500 18678099084
2.642500 -5.827500 -0.717500 18678124067
2.747500 -5.810000 -1.102500 18678149065
2.485000 -5.687500 -0.787500 18678174076
2.572500 -5.635000 -0.787500 18678199082
2.397500 -5.600000 -0.630000 18678224064
2.170000 -5.827500 -0.927500 18678249385
2.695000 -5.425000 -0.822500 18678274074
2.537500 -5.915000 -0.927500 18678299077
