0.000000 18676421912
0.000000 18676446907
0.000000 18676471917
0.000000 18676496918
0.000000 18676521903
0.000000 18676546901
0.000000 18676571927
0.000000 18676596909
0.000000 18676621903
0.000000 18676646903
0.000000 18676671921
0.000000 18676696919
0.000000 18676721908
0.000000 18676746909
0.000000 18676771916
0.000000 18676796898
0.000000 18676821894
0.000000 18676846916
0.000000 18676871914
0.000000 18676896916
0.000000 18676921916
0.000000 18676946917
0.000000 18676971919
0.000000 18676996920
0.000000 18677021901
0.000000 18677046909
0.000000 18677071898
0.000000 18677096908
0.000000 18677121898
0.000000 18677146909
0.000000 18677171896
0.000000 18677196906
0.000000 18677221887
0.000000 18677246904
0.000000 18677271905
0.000000 18677296894
0.000000 18677321896
0.000000 18677346914
0.000000 18677371901
0.000000 18677396964
0.000000 18677421931
0.000000 18677446930
0.000000 18677471909
0.000000 18677496915
0.000000 18677521897
0.000000 18677546918
0.000000 18677571914
0.000000 18677596898
0.000000 18677621898
0.000000 18677646917
0.000000 18677671917
0.000000 18677696911
0.000000 18677721916
0.000000 18677746911
0.000000 18677771930
0.000000 18677796921
0.000000 18677821916
0.000000 18677846919
0.000000 18677871912
0.000000 18677896910
0.000000 18677921908
0.000000 18677946922
0.000000 18677971917
0.000000 18677996910
0.000000 18678021898
0.000000 18678046921
0.000000 18678071922
0.000000 18678096909
0.000000 18678121910
0.000000 18678146916
0.000000 18678171931
0.000000 18678196903
0.000000 18678221902
0.000000 18678247435
0.000000 18678271924

