-0.470719 -0.833565 9.943945 9879993628
-0.441299 -0.921825 9.855684 9880018634
-0.431493 -0.951245 10.002784 9880043656
-0.480526 -0.853179 9.796844 9880068632
-0.509946 -1.059118 9.973364 9880093632
-0.421686 -1.088538 9.992978 9880118628
-0.451106 -1.049312 9.787038 9880143655
-0.382459 -1.235638 9.934137 9880168623
-0.411879 -1.520031 9.983171 9880193631
-0.441299 -1.657324 10.071430 9880218633
-0.549172 -1.784810 10.179304 9880243658
-0.519753 -1.608291 9.659552 9880268629
-0.519753 -1.902490 9.453611 9880293626
-0.539366 -2.314370 9.698778 9880318631
-0.519753 -2.324176 9.777231 9880343659
-0.804145 -2.814509 9.061346 9880368628
-0.813952 -3.255808 9.120186 9880393633
-0.794339 -3.608848 9.159412 9880418635
-1.088538 -3.932467 9.198639 9880443657
-1.157185 -4.118793 8.571013 9880468632
-1.068925 -4.658159 8.384687 9880493634
-1.049312 -5.109265 8.374881 9880518628
-1.206218 -5.540758 8.198360 9880543659
-1.127765 -5.462305 7.580542 9880568631
-0.970859 -5.776117 7.158855 9880593631
-0.921825 -6.148770 7.286342 9880618627
-1.147378 -6.599876 7.217695 9880643657
-1.068925 -6.717556 6.815622 9880668626
-1.010085 -7.001948 6.580263 9880693630
-0.941439 -7.237308 6.148770 9880718635
-0.745305 -7.502088 5.687858 9880743656
-0.745305 -7.835515 5.442691 9880768630
-0.921825 -7.727641 5.246559 9880793635
-0.843372 -7.923775 5.413271 9880818633
-0.784532 -8.031648 5.609405 9880843656
-0.558979 -7.668801 5.511338 9880868631
-0.598206 -7.747255 5.540758 9880893627
-0.460913 -7.766868 5.805537 9880918631
-0.323619 -7.855128 5.511338 9880943655
-0.362846 -7.933581 5.589791 9880968615
-0.304006 -7.992421 5.275978 9880993629
-0.245166 -7.992421 5.236752 9881018625
-0.117680 -8.119907 5.511338 9881043721
-0.137293 -8.129714 5.285785 9881068637
-0.068647 -8.100294 5.001392 9881093634
-0.019613 -8.041454 5.217138 9881118636
-0.127486 -8.247394 5.089652 9881143659
-0.176520 -8.463140 5.207332 9881168637
-0.186326 -8.610240 5.138685 9881193626
-0.215746 -8.561207 4.579706 9881218642
-0.009807 -8.718113 4.462027 9881243659
0.058840 -8.649467 4.412993 9881268621
0.078453 -8.639660 4.344347 9881293633
0.039227 -8.747533 4.334540 9881318631
0.019613 -8.825986 4.108987 9881343655
0.107873 -8.992700 3.824594 9881368604
0.019613 -8.894632 3.854014 9881393635
0.039227 -8.865212 2.912575 9881418628
0.284393 -9.365352 2.412436 9881443644
0.215746 -9.483032 2.667409 9881468627
0.176520 -9.424192 1.863264 9881493636
0.402073 -9.443805 1.676937 9881518644
0.362846 -9.502645 1.500418 9881543655
0.529559 -9.630132 1.539644 9881568631
0.470719 -9.581099 0.912019 9881593619
0.166713 -9.708585 0.843372 9881618629
0.117680 -9.894911 0.735499 9881643662
0.176520 -10.012591 0.470719 9881668621
0.039227 -10.032204 0.049033 9881693632
0.343233 -9.669358 -0.137293 9881718629
0.441299 -9.855684 -0.588399 9881743664
0.509946 -9.728198 -1.010085 9881768641
0.411879 -9.669358 -1.117958 9881793635
0.696272 -9.875298 -1.549451 9881818636
0.539366 -9.973364 -1.647517 9881843658
0.539366 -9.855684 -1.765197 9881868637
0.549172 -9.551678 -1.833844 9881893630
0.676659 -9.345738 -1.961330 9881918632
0.637432 -9.277092 -2.147657 9881943662
0.490333 -9.159412 -2.363403 9881968633
0.362846 -9.071153 -2.745862 9881993636
0.039227 -9.345738 -3.657881 9882018638
0.039227 -9.100572 -3.873627 9882043656
-0.029420 -9.090766 -4.079567 9882068636
-0.264780 -9.149606 -4.344347 9882093631
-0.627626 -9.022120 -4.746419 9882118628
-0.686466 -9.179026 -4.834679 9882143657
-0.755112 -9.296705 -4.667966 9882168634
-0.578592 -8.943666 -4.795453 9882193628
-0.353039 -8.551400 -4.854292 9882218624
-0.284393 -8.521980 -5.109265 9882243658
-0.186326 -8.355267 -5.256365 9882268631
-0.107873 -8.149327 -5.442691 9882293625
0.049033 -7.943388 -5.942831 9882318627
0.068647 -7.815901 -6.011477 9882343659
0.058840 -7.678608 -6.237030 9882368628
-0.019613 -7.560929 -6.393937 9882393636
-0.029420 -7.472668 -6.511616 9882418622
-0.098067 -7.296148 -6.854849 9882443657
-0.098067 -6.943109 -7.188275 9882468629
-0.029420 -6.158577 -7.825707 9882493635
0.078453 -6.089930 -8.414106 9882518635
0.078453 -6.315483 -8.875020 9882543662
0.078453 -6.217417 -8.884827 9882568631
0.333426 -6.031090 -7.904161 9882593634
0.500139 -5.952637 -7.580542 9882618625
0.755112 -5.540758 -7.531508 9882643654
0.921825 -5.079845 -8.443527 9882668638
0.676659 -4.471833 -9.973364 9882693635
0.725692 -4.471833 -10.189111 9882718633
0.490333 -4.363960 -10.414664 9882743657
0.480526 -4.148213 -10.365630 9882768636
0.137293 -3.775561 -10.100850 9882793633
0.039227 -3.579428 -9.934137 9882818623
0.088260 -3.461748 -9.924331 9882843656
0.127486 -3.089095 -9.963558 9882868632
0.156906 -2.745862 -10.179304 9882893628
0.029420 -2.520309 -10.247950 9882918624
-0.068647 -2.412436 -10.120463 9882943656
-0.156906 -2.294756 -10.042011 9882968634
-0.254973 -2.059397 -10.032204 9882993638
-0.343233 -1.971137 -10.051817 9883018602
-0.372653 -1.902490 -9.875298 9883043659
-0.186326 -1.863264 -10.257757 9883068630
-0.166713 -1.853457 -10.532343 9883093628
-0.049033 -1.775004 -10.561764 9883118631
-0.049033 -1.627904 -10.600989 9883143650
-0.333426 -1.578871 -10.806930 9883168632
-0.254973 -1.304285 -10.679443 9883193623
-0.137293 -1.049312 -10.493117 9883218630
-0.088260 -1.000278 -10.502923 9883243660
-0.323619 -0.784532 -10.581376 9883268624
-0.176520 -0.598206 -10.512731 9883293629
-0.166713 -0.500139 -10.551956 9883318633
-0.284393 -0.549172 -10.806930 9883343655
-0.254973 -0.411879 -10.797122 9883368634
-0.235360 -0.274586 -10.600989 9883393634
-0.088260 -0.068647 -10.483310 9883418635
-0.078453 0.029420 -10.728477 9883443654
-0.147100 -0.029420 -10.993257 9883468643
-0.215746 -0.029420 -11.101129 9883493634
-0.353039 -0.019613 -11.061903 9883518638
-0.372653 0.049033 -10.963836 9883543651
-0.196133 0.274586 -10.757896 9883568635
-0.254973 0.274586 -10.591184 9883593633
-0.304006 0.304006 -10.581376 9883618623
-0.304006 0.294200 -10.591184 9883643664
-0.313813 0.137293 -10.708863 9883668627
-0.205940 0.127486 -10.659830 9883693628
-0.078453 0.147100 -10.679443 9883718647
