-8.750000 -4.725000 -9.572500 9880032826
-7.980000 -4.987500 -10.447500 9880057817
-9.170000 11.147500 -7.140000 9880082818
-12.845000 9.205000 -7.105000 9880107825
-17.115000 5.565000 -7.875000 9880132813
-20.055000 15.592500 -6.300000 9880157819
-35.647499 13.160000 -10.377500 9880182828
-38.902500 3.902500 -14.997500 9880207833
-34.160000 -10.762500 -19.302500 9880232820
-26.687500 -11.445000 -21.665001 9880257818
-32.619999 13.895000 -11.095000 9880282829
-61.110001 23.240000 -7.507500 9880307827
-74.077499 22.907499 -12.127500 9880332831
-80.587502 21.315001 -7.367500 9880357814
-87.307503 21.770000 -4.742500 9880382825
-83.877502 27.387501 -1.575000 9880407827
-80.482498 21.507500 -2.677500 9880432824
-83.790001 10.272500 -9.135000 9880457813
-95.550003 9.310000 0.962500 9880482825
-116.882500 9.135000 3.202500 9880507826
-114.415001 4.445000 -2.730000 9880532824
-105.192497 -2.992500 -11.672500 9880557820
-106.137497 3.342500 -7.542500 9880582831
-101.254997 5.967500 3.832500 9880607830
-81.620003 -1.592500 -0.437500 9880632830
-79.625000 -11.690000 -11.287500 9880657814
-93.257500 -8.802500 -8.837500 9880682827
-94.430000 -10.027500 -7.700000 9880707825
-78.872498 -11.672500 -10.465000 9880732829
-63.700001 -9.520000 -8.312500 9880757822
-52.062500 -6.230000 -7.665000 9880782826
-29.400000 -9.975000 -5.477500 9880807827
-1.890000 -10.605000 -4.532500 9880832814
-6.597500 -15.172500 -0.490000 9880857815
-4.217500 -21.087500 5.075000 9880882823
4.515000 -17.937500 1.085000 9880907829
-10.500000 -17.202499 2.117500 9880932820
-16.572500 -18.217501 -0.700000 9880957812
-7.612500 -17.325001 -5.180000 9880982827
-9.975000 -11.795000 -3.325000 9881007817
-19.530001 -8.540000 -3.587500 9881032861
-13.562500 -8.452500 -9.327500 9881057827
-15.592500 -8.715000 -11.182500 9881082829
-24.780001 -6.387500 -3.797500 9881107830
-27.755001 -1.452500 4.445000 9881132838
-28.630001 -1.785000 2.082500 9881157819
-29.697500 -7.892500 -3.675000 9881182825
-34.002499 -15.225000 -10.027500 9881207824
-45.220001 -8.610000 -6.790000 9881232840
-47.775002 -5.582500 -3.710000 9881257645
-39.252499 -2.957500 -1.715000 9881282831
-35.437500 -1.907500 -0.840000 9881307803
-34.527500 -12.530000 -8.907500 9881332838
-49.402500 -10.885000 -11.095000 9881357660
-67.375000 -13.055000 -9.380000 9881382836
-74.672501 -9.940000 -9.765000 9881407805
-79.239998 -4.952500 -4.130000 9881432832
-77.735001 -8.470000 -5.670000 9881457667
-79.870003 -17.517500 -9.467500 9881482830
-81.514999 -13.335000 -7.175000 9881507830
-76.230003 -13.177500 3.220000 9881532825
-53.970001 -8.907500 6.020000 9881557815
-54.285000 -12.407500 4.935000 9881582823
-57.645000 -13.772500 9.257500 9881607831
-49.875000 -9.152500 9.100000 9881632825
-52.132500 -12.950000 0.455000 9881657812
-62.737499 -18.305000 -5.985000 9881682829
-54.180000 -10.675000 -9.275000 9881707828
-53.322498 -12.267500 -0.735000 9881732834
-68.967499 -10.465000 7.472500 9881757819
-66.097504 -8.907500 5.775000 9881782828
-62.230000 -3.675000 1.102500 9881807836
-58.520000 -5.740000 2.555000 9881832825
-56.490002 2.205000 1.942500 9881857812
-49.455002 2.397500 0.437500 9881882830
-45.955002 -1.312500 2.922500 9881907826
-52.185001 -5.932500 7.000000 9881932824
-62.387501 -3.657500 16.747499 9881957815
-70.595001 2.292500 19.197500 9881982834
-76.247498 1.557500 17.955000 9882007828
-77.437500 4.882500 23.309999 9882032825
-73.202499 7.630000 28.962500 9882057816
-60.287498 12.792500 30.257500 9882082823
-55.825001 6.965000 29.102501 9882107831
-47.215000 11.497500 24.097500 9882132819
-42.087502 20.667500 7.472500 9882157819
-37.730000 23.502501 -15.627501 9882182824
-55.439999 21.157499 -8.995000 9882207824
-56.962502 13.212500 -8.470000 9882232830
-58.345001 14.455000 -10.657500 9882257815
-66.797501 12.967500 -16.082500 9882282826
-67.514999 11.287500 -9.905000 9882307827
-63.437500 13.020000 -6.282500 9882332824
-58.799999 8.172500 -1.697500 9882357813
-53.724998 2.800000 3.290000 9882382825
-53.532501 1.627500 -3.867500 9882407825
-64.400002 -8.015000 -4.147500 9882432813
-87.779999 -11.707500 -4.375000 9882457817
-103.144997 -9.712500 -6.142500 9882482830
-111.895004 0.140000 -12.057500 9882507836
-97.457497 8.750000 -7.070000 9882532827
-70.857498 33.127499 -14.595000 9882557821
-25.882500 38.272499 -13.860000 9882582830
-7.647500 28.559999 -19.267500 9882607826
-24.202499 1.032500 -41.317501 9882632840
-110.529999 -23.292500 -31.867500 9882657816
-135.589996 -28.945000 -15.137500 9882682832
-126.787498 -19.145000 -4.200000 9882707828
-98.209999 -20.352501 6.475000 9882732847
-79.764999 -11.795000 14.472500 9882757820
-51.869999 -8.942500 19.932501 9882782833
-43.680000 -7.857500 21.262501 9882807829
-40.792500 -7.490000 8.820000 9882832835
-53.707500 -8.732500 7.420000 9882857821
-60.270000 -11.742500 21.332500 9882882827
-45.167500 -7.210000 29.172501 9882907827
-32.340000 0.577500 27.737499 9882932837
-25.007500 1.417500 26.127501 9882957816
-23.695000 2.905000 23.695000 9882982832
-27.299999 0.805000 25.375000 9883007835
-27.860001 -2.222500 28.245001 9883032835
-26.232500 -4.392500 24.622499 9883057809
-27.457500 -5.197500 21.297501 9883082827
-26.740000 -2.537500 18.182501 9883107819
-29.260000 2.835000 12.565000 9883132827
-32.340000 14.385000 2.047500 9883157836
-32.462502 16.537500 -3.832500 9883182824
-35.070000 15.277500 -11.182500 9883207889
-39.007500 6.842500 -0.350000 9883232842
-42.752499 -1.207500 3.062500 9883257826
-42.735001 0.857500 -4.112500 9883282828
-38.132500 -6.510000 -0.087500 9883307830
-40.302502 -10.570000 5.582500 9883332836
-38.045002 -6.755000 1.067500 9883357815
-27.317501 -0.910000 -3.167500 9883382830
-22.575001 6.107500 -12.407500 9883407834
-32.095001 1.295000 -6.370000 9883432834
-34.072498 -3.640000 1.540000 9883457817
-24.937500 -3.780000 7.385000 9883482835
-9.117500 -2.835000 9.992500 9883507830
-0.875000 0.787500 -4.970000 9883532838
4.287500 6.177500 -5.967500 9883557819
5.390000 2.852500 0.805000 9883582832
9.030000 2.852500 1.435000 9883607824
7.437500 -0.017500 -0.857500 9883632834
4.462500 1.015000 -2.537500 9883657821
3.675000 0.875000 -2.852500 9883682828
7.770000 0.245000 -2.187500 9883707831
6.317500 3.290000 -0.787500 9883732680
2.222500 3.097500 0.787500 9883757824
