-2.280000 -9.599999 -1.800000 9879988539
-2.520000 -9.840000 -1.680000 9880013442
-2.280000 -9.599999 -2.040000 9880038438
-2.340000 -9.540000 -1.620000 9880063435
-2.460000 -9.179999 -1.740000 9880088436
-2.220000 -9.420000 -1.620000 9880113437
-2.580000 -9.540000 -2.100000 9880138439
-2.280000 -9.480000 -1.920000 9880163436
-2.460000 -9.179999 -2.100000 9880188439
-2.400000 -9.480000 -2.160000 9880213441
-2.220000 -9.420000 -2.220000 9880238440
-2.280000 -9.240000 -2.040000 9880263438
-2.220000 -8.940000 -1.980000 9880288441
-1.920000 -9.360000 -2.520000 9880313438
-2.340000 -8.820000 -2.580000 9880338437
-2.280000 -8.400000 -2.400000 9880363432
-2.040000 -8.639999 -2.640000 9880388436
-1.980000 -8.340000 -2.940000 9880413437
-2.100000 -8.220000 -2.940000 9880438439
-2.220000 -7.740000 -3.300000 9880463433
-2.040000 -7.680000 -3.240000 9880488442
-2.100000 -7.380000 -3.300000 9880513438
-1.980000 -7.260000 -3.420000 9880538461
-2.040000 -6.840000 -3.360000 9880563433
-2.100000 -6.540000 -3.300000 9880588441
-2.040000 -6.240000 -3.360000 9880613438
-1.920000 -6.360000 -3.720000 9880638437
-2.160000 -6.240000 -3.240000 9880663437
-2.280000 -6.000000 -3.360000 9880688438
-2.400000 -5.400000 -3.480000 9880713437
-2.400000 -5.760000 -3.600000 9880738440
-2.340000 -5.340000 -3.420000 9880763434
-2.460000 -5.340000 -3.540000 9880788439
-2.400000 -5.280000 -3.480000 9880813441
-2.400000 -5.160000 -3.480000 9880838440
-2.520000 -5.160000 -3.600000 9880863432
-2.580000 -5.460000 -3.420000 9880888441
-2.640000 -5.160000 -3.480000 9880913443
-2.820000 -5.220000 -3.300000 9880938437
-2.940000 -5.220000 -3.420000 9880963431
-2.700000 -4.980000 -3.420000 9880988530
-2.400000 -4.920000 -3.480000 9881013429
-2.580000 -4.980000 -3.300000 9881038438
-2.640000 -4.800000 -3.240000 9881063463
-2.820000 -5.100000 -3.420000 9881088444
-2.820000 -4.980000 -3.420000 9881113442
-3.060000 -5.100000 -3.060000 9881138440
-2.700000 -4.860000 -3.420000 9881163438
-2.520000 -4.920000 -3.240000 9881188438
-2.700000 -4.620000 -3.420000 9881213442
-2.940000 -4.740000 -3.180000 9881238445
-2.940000 -4.500000 -3.300000 9881264326
-2.940000 -4.380000 -3.300000 9881288441
-2.820000 -4.260000 -3.180000 9881313515
-3.000000 -4.080000 -3.000000 9881338438
-2.760000 -4.080000 -3.120000 9881364230
-2.940000 -3.660000 -3.060000 9881388441
-3.180000 -3.660000 -3.060000 9881413523
-2.940000 -3.660000 -3.060000 9881438610
-3.120000 -3.360000 -3.240000 9881464257
-3.180000 -3.060000 -2.820000 9881488616
-2.880000 -3.240000 -2.760000 9881513615
-3.540000 -2.820000 -2.580000 9881538630
-3.480000 -2.880000 -2.760000 9881563608
-3.540000 -2.940000 -2.460000 9881588624
-3.540000 -2.700000 -2.460000 9881613616
-3.480000 -2.400000 -1.920000 9881638605
-3.060000 -1.980000 -2.340000 9881663616
-3.300000 -2.460000 -1.980000 9881688617
-3.300000 -1.980000 -1.860000 9881713607
-3.300000 -2.100000 -2.100000 9881738616
-3.060000 -1.980000 -1.860000 9881763615
-3.360000 -1.680000 -2.040000 9881788609
-3.660000 -1.860000 -1.500000 9881813611
-3.540000 -1.860000 -1.740000 9881838607
-3.480000 -1.440000 -1.680000 9881863607
-3.660000 -1.500000 -1.260000 9881888609
-3.480000 -1.320000 -1.200000 9881913612
-3.480000 -1.080000 -1.200000 9881938609
-3.480000 -1.080000 -1.080000 9881963606
-3.600000 -1.080000 -0.840000 9881988717
-3.600000 -0.840000 -0.720000 9882013611
-3.420000 -0.540000 -0.780000 9882038609
-3.360000 -0.600000 -0.240000 9882063613
-3.180000 -0.420000 -0.300000 9882088607
-3.000000 -0.480000 -0.720000 9882113629
-3.000000 -0.600000 -0.240000 9882138607
-3.000000 -0.480000 -0.480000 9882163613
-3.000000 -0.240000 -0.480000 9882188605
-3.120000 -0.240000 -0.120000 9882213612
-3.060000 -0.420000 -0.060000 9882238609
-3.360000 -0.360000 -0.120000 9882263613
-3.120000 -0.360000 0.240000 9882288609
-3.060000 -0.060000 0.300000 9882313611
-2.880000 -0.240000 0.240000 9882338606
-3.120000 -0.120000 0.360000 9882363607
-2.820000 -0.060000 0.780000 9882388607
-3.180000 0.060000 0.900000 9882413608
-3.720000 -0.120000 1.200000 9882438607
-3.000000 -0.120000 1.440000 9882463607
-2.940000 -0.060000 1.260000 9882488608
-3.120000 0.120000 1.680000 9882513613
-3.420000 -0.180000 2.100000 9882538611
-3.120000 -0.180000 2.040000 9882563616
-3.120000 0.240000 1.920000 9882588610
-3.300000 0.060000 1.980000 9882613611
-3.540000 0.060000 1.980000 9882638620
-3.300000 -0.420000 2.580000 9882663611
-3.000000 -0.120000 3.000000 9882688603
-3.360000 -0.120000 3.120000 9882713610
-3.000000 -0.120000 3.480000 9882738621
-3.180000 0.060000 3.300000 9882763615
-2.880000 -0.360000 3.480000 9882788609
-3.060000 -0.300000 3.660000 9882813613
-3.120000 -0.240000 3.840000 9882838606
-3.240000 -0.120000 3.840000 9882863610
-3.180000 -0.300000 4.020000 9882888610
-2.700000 -0.300000 4.020000 9882913611
-2.700000 -0.300000 4.140000 9882938604
-2.940000 -0.060000 4.500000 9882963612
-2.760000 -0.480000 4.440000 9882988713
-2.400000 -0.360000 4.800000 9883013613
-2.520000 -0.600000 4.320000 9883038614
-2.760000 -0.600000 4.560000 9883063598
-2.460000 -0.300000 4.500000 9883088606
-2.340000 -0.420000 4.500000 9883113610
-2.520000 -0.480000 4.560000 9883138608
-2.520000 -0.600000 4.680000 9883163630
-2.520000 -0.480000 4.800000 9883188612
-2.580000 -0.900000 4.860000 9883213608
-2.160000 -0.600000 5.040000 9883238618
-2.520000 -0.600000 4.920000 9883263614
-2.340000 -0.660000 4.860000 9883288602
-2.580000 -0.900000 5.340000 9883313610
-2.640000 -0.840000 5.040000 9883338611
-2.280000 -1.200000 5.520000 9883363608
-2.460000 -1.020000 5.220000 9883388604
-2.580000 -1.020000 5.340000 9883413610
-2.520000 -1.080000 5.400000 9883438602
-2.700000 -1.140000 5.580000 9883463608
-2.220000 -1.500000 5.340000 9883488612
-2.580000 -0.780000 5.580000 9883513612
-2.100000 -1.140000 5.340000 9883538606
-2.520000 -1.200000 5.640000 9883563611
-2.220000 -1.260000 5.820000 9883588611
-2.460000 -1.020000 5.100000 9883613609
-2.580000 -1.140000 5.460000 9883638616
-2.280000 -1.200000 5.760000 9883663612
-2.520000 -0.840000 5.520000 9883688631
-2.520000 -1.080000 5.520000 9883713616
