0.000000 9879993628
0.000000 9880018634
0.000000 9880043656
0.000000 9880068632
0.000000 9880093632
0.000000 9880118628
0.000000 9880143655
0.000000 9880168623
0.000000 9880193631
0.000000 9880218633
0.000000 9880243658
0.000000 9880268629
0.000000 9880293626
0.000000 9880318631
0.000000 9880343659
0.000000 9880368628
0.000000 9880393633
0.000000 9880418635
0.000000 9880443657
0.000000 9880468632
0.000000 9880493634
0.000000 9880518628
0.000000 9880543659
0.000000 9880568631
0.000000 9880593631
0.000000 9880618627
0.000000 9880643657
0.000000 9880668626
0.000000 9880693630
0.000000 9880718635
0.000000 9880743656
0.000000 9880768630
0.000000 9880793635
0.000000 9880818633
0.000000 9880843656
0.000000 9880868631
0.000000 9880893627
0.000000 9880918631
0.000000 9880943655
0.000000 9880968615
0.000000 9880993629
0.000000 9881018625
0.000000 9881043721
0.000000 9881068637
0.000000 9881093634
0.000000 9881118636
0.000000 9881143659
0.000000 9881168637
0.000000 9881193626
0.000000 9881218642
0.000000 9881243659
0.000000 9881268621
0.000000 9881293633
0.000000 9881318631
0.000000 9881343655
0.000000 9881368604
0.000000 9881393635
0.000000 9881418628
0.000000 9881443644
0.000000 9881468627
0.000000 9881493636
0.000000 9881518644
0.000000 9881543655
0.000000 9881568631
0.000000 9881593619
0.000000 9881618629
0.000000 9881643662
0.000000 9881668621
0.000000 9881693632
0.000000 9881718629
0.000000 9881743664
0.000000 9881768641
0.000000 9881793635
0.000000 9881818636
0.000000 9881843658
0.000000 9881868637
0.000000 9881893630
0.000000 9881918632
0.000000 9881943662
0.000000 9881968633
0.000000 9881993636
0.000000 9882018638
0.000000 9882043656
0.000000 9882068636
0.000000 9882093631
0.000000 9882118628
0.000000 9882143657
0.000000 9882168634
0.000000 9882193628
0.000000 9882218624
0.000000 9882243658
0.000000 9882268631
0.000000 9882293625
0.000000 9882318627
0.000000 9882343659
0.000000 9882368628
0.000000 9882393636
0.000000 9882418622
0.000000 9882443657
0.000000 9882468629
0.000000 9882493635
0.000000 9882518635
0.000000 9882543662
0.000000 9882568631
0.000000 9882593634
0.000000 9882618625
0.000000 9882643654
0.000000 9882668638
0.000000 9882693635
0.000000 9882718633
0.000000 9882743657
0.000000 9882768636
0.000000 9882793633
0.000000 9882818623
0.000000 9882843656
0.000000 9882868632
0.000000 9882893628
0.000000 9882918624
0.000000 9882943656
0.000000 9882968634
0.000000 9882993638
0.000000 9883018602
0.000000 9883043659
0.000000 9883068630
0.000000 9883093628
0.000000 9883118631
0.000000 9883143650
0.000000 9883168632
0.000000 9883193623
0.000000 9883218630
0.000000 9883243660
0.000000 9883268624
0.000000 9883293629
0.000000 9883318633
0.000000 9883343655
0.000000 9883368634
0.000000 9883393634
0.000000 9883418635
0.000000 9883443654
0.000000 9883468643
0.000000 9883493634
0.000000 9883518638
0.000000 9883543651
0.000000 9883568635
0.000000 9883593633
0.000000 9883618623
0.000000 9883643664
0.000000 9883668627
0.000000 9883693628
0.000000 9883718647
