-5.962444 -1.559257 -7.884548 30738042630
-6.070317 -1.775004 -8.002228 30738064200
-6.158577 -1.853457 -7.904161 30738089169
-6.335097 -1.873070 -8.100294 30738114234
-6.403743 -1.931910 -7.982615 30738139223
-6.344903 -1.961330 -8.021841 30738164267
-6.148770 -1.892684 -8.051261 30738189243
-6.423357 -2.157463 -8.119907 30738214259
-6.541036 -2.128043 -8.061068 30738239237
-6.492003 -2.039783 -8.061068 30738264264
-6.374323 -2.059397 -8.159134 30738289236
-6.531229 -2.137850 -7.943388 30738314261
-6.835236 -2.275143 -7.953194 30738339226
-6.972529 -2.422243 -8.208167 30738364252
-6.903882 -2.961608 -8.031648 30738389247
-6.599876 -2.363403 -7.708028 30738414262
-6.462583 -2.049590 -7.884548 30738439210
-7.011755 -1.980944 -8.208167 30738464248
-6.923496 -2.235916 -7.874741 30738489237
-6.590069 -2.343790 -7.472668 30738514252
-6.354710 -1.755391 -7.678608 30738539228
-5.982057 -1.971137 -8.051261 30738564243
-6.796009 -2.824315 -8.208167 30738589213
-6.060511 -4.040340 -7.443248 30738614247
-6.531229 -3.314648 -5.952637 30738639208
-5.972251 -2.588956 -7.276535 30738664257
-6.021284 -1.470998 -7.815901 30738689227
-5.570178 -1.824037 -8.825986 30738714243
-6.178190 -2.804702 -8.904439 30738739220
-7.129435 -3.608848 -9.865492 30738764267
-6.815622 -4.079567 -9.100572 30738789218
-5.540758 -4.589513 -7.786481 30738814248
-5.364238 -4.177633 -7.551122 30738839198
-5.766311 -4.265893 -7.305955 30738864231
-6.364516 -5.883991 -5.815344 30738889351
-7.090209 -6.178190 -5.266171 30738914239
-7.109822 -5.942831 -4.422800 30738939282
-7.502088 -6.413549 -3.854014 30738964251
-8.208167 -6.237030 -2.981222 30738989274
-8.669080 -7.060789 -3.059675 30739014248
-8.825986 -7.286342 -4.354153 30739039237
-9.002505 -6.403743 -4.226666 30739064237
-9.384965 -5.275978 -3.736334 30739089231
-9.679165 -5.874184 -2.020170 30739114230
-10.002784 -6.138963 -1.323898 30739139247
-10.414664 -5.226945 -1.598484 30739164251
-10.591184 -3.589234 0.460913 30739189237
-10.257757 -3.383295 0.921825 30739214222
-9.885104 -3.128322 0.931632 30739239245
-9.355545 -2.883155 1.578871 30739264220
-8.590627 -2.677216 1.578871 30739289232
-8.620047 -2.687022 2.255530 30739314265
-8.698500 -2.892962 3.079288 30739339252
-8.237587 -3.079288 2.765476 30739364249
-7.717835 -3.040062 2.677216 30739389242
-7.963001 -3.069482 2.961608 30739414254
-8.208167 -2.951802 3.903047 30739439246
-8.531787 -3.040062 4.736613 30739464217
-8.453333 -2.912575 5.197526 30739489246
-7.992421 -2.598763 5.354432 30739514231
-7.658995 -2.304563 5.393658 30739539252
-6.815622 -2.275143 6.021284 30739564255
-6.688136 -1.912297 5.815344 30739589242
-6.599876 -1.559257 5.766311 30739614248
-6.482196 -1.706357 6.129157 30739639242
-6.894075 -1.196411 5.991864 30739664242
-7.021562 -1.078732 6.197803 30739689247
-7.276535 -0.902212 5.962444 30739714243
-7.658995 -0.215746 5.325011 30739739241
-7.786481 -0.196133 5.864377 30739764251
-7.629575 -0.098067 5.727084 30739789244
-7.619768 0.166713 5.344625 30739814282
-7.668801 0.078453 5.648631 30739839245
-7.747255 0.431493 5.207332 30739864251
-7.835515 0.813952 4.815066 30739889244
-7.825707 0.676659 4.618933 30739914254
-7.766868 0.460913 4.736613 30739939232
-7.511894 0.451106 3.883434 30739964246
-7.649189 0.804145 3.383295 30739989244
-7.825707 0.745305 3.716721 30740014244
-7.904161 0.617819 4.158020 30740039232
-7.570735 0.500139 3.824594 30740064250
-7.472668 0.107873 4.207053 30740089261
-7.619768 0.107873 4.560093 30740114242
-7.815901 0.078453 4.805259 30740139223
-9.179026 0.519753 6.570456 30740164246
-9.502645 0.411879 6.982336 30740189225
-9.267285 0.441299 6.335097 30740214251
-8.757339 0.372653 4.962165 30740239247
-8.453333 -0.254973 4.991585 30740264248
-8.384687 -0.961052 5.550564 30740289242
-8.541594 -1.216025 5.589791 30740314254
-8.639660 -0.823759 5.109265 30740339217
-8.267007 -0.804145 4.854292 30740364237
-8.139521 -0.421686 4.491446 30740389241
-8.237587 -0.166713 4.462027 30740414256
-8.414106 -0.284393 5.285785 30740439237
-8.355267 -0.215746 5.550564 30740464241
-8.355267 -0.058840 5.629018 30740489246
-8.414106 0.166713 5.550564 30740514251
-8.747533 0.637432 5.668244 30740539333
-8.806373 0.431493 6.021284 30740564257
-8.698500 0.323619 6.021284 30740589238
-8.561207 0.411879 5.687858 30740614248
-8.276814 0.617819 5.374044 30740639241
-8.198360 0.598206 5.393658 30740664243
-8.139521 0.617819 5.226945 30740689252
-8.129714 0.686466 5.070039 30740714240
-8.080681 0.676659 5.040619 30740739251
-8.208167 0.637432 5.158298 30740764254
-8.286621 0.509946 5.550564 30740789237
-8.247394 0.382459 5.658438 30740814250
-8.070874 0.588399 5.226945 30740839251
-8.061068 0.549172 5.472112 30740864239
-8.159134 0.588399 5.619211 30740889241
-8.119907 0.598206 5.599597 30740914247
-7.992421 0.529559 5.609405 30740939244
-7.933581 0.480526 5.678051 30740964237
-8.012034 0.539366 5.825150 30740989243
-8.031648 0.480526 5.795731 30741014230
-8.051261 0.588399 5.707471 30741039248
-8.080681 0.627626 5.707471 30741064249
-8.110101 0.725692 5.776117 30741089248
-8.021841 0.441299 5.982057 30741114231
-7.923775 0.441299 5.815344 30741139233
-7.815901 0.529559 5.736891 30741164249
-7.855128 0.608012 5.717278 30741189247
-7.933581 0.588399 5.648631 30741214220
-7.963001 0.460913 5.638824 30741239251
-8.012034 0.343233 5.658438 30741264207
-8.198360 0.284393 5.638824 30741289261
-8.394494 0.284393 5.678051 30741314245
-8.482754 0.470719 5.393658 30741339246
-8.502367 0.627626 5.217138 30741364233
-8.414106 0.539366 5.393658 30741389249
-7.953194 0.382459 5.707471 30741414243
-7.747255 0.529559 5.668244 30741439250
-7.678608 0.745305 5.579985 30741464237
-7.639381 0.833565 5.687858 30741489251
-7.570735 0.794339 5.972251 30741514233
-7.609962 0.804145 6.187996 30741539242
-7.580542 0.794339 6.276257 30741564246
-7.472668 0.588399 6.374323 30741589244
-7.374601 0.460913 6.629296 30741614241
-7.374601 0.421686 6.629296 30741639246
-7.374601 0.470719 6.648909 30741664235
-7.482475 0.568786 6.619490 30741689259
-7.482475 0.558979 6.619490 30741714253
-7.521701 0.549172 6.599876 30741739231
-7.580542 0.539366 6.599876 30741764252
-7.590348 0.578592 6.541036 30741789248
-7.629575 0.411879 6.609683 30741814258
-7.639381 0.323619 6.619490 30741839249
-7.737448 0.323619 6.501810 30741864236
-7.708028 0.245166 6.335097 30741889248
-7.757061 0.304006 6.237030 30741914251
-7.825707 0.402073 6.207610 30741939237
-7.825707 0.431493 6.217417 30741964245
-7.590348 0.304006 6.246837 30741989251
-7.482475 0.323619 6.227223 30742014248
-7.472668 0.343233 6.305676 30742039231
-7.511894 0.392266 6.374323 30742064247
