0.000000 30738042630
0.000000 30738064200
0.000000 30738089169
0.000000 30738114234
0.000000 30738139223
0.000000 30738164267
0.000000 30738189243
0.000000 30738214259
0.000000 30738239237
0.000000 30738264264
0.000000 30738289236
0.000000 30738314261
0.000000 30738339226
0.000000 30738364252
0.000000 30738389247
0.000000 30738414262
0.000000 30738439210
0.000000 30738464248
0.000000 30738489237
0.000000 30738514252
0.000000 30738539228
0.000000 30738564243
0.000000 30738589213
0.000000 30738614247
0.000000 30738639208
0.000000 30738664257
0.000000 30738689227
0.000000 30738714243
5.000000 30738739220
5.000000 30738764267
5.000000 30738789218
5.000000 30738814248
0.000000 30738839198
0.000000 30738864231
5.000000 30738889351
5.000000 30738914239
0.000000 30738939282
5.000000 30738964251
5.000000 30738989274
5.000000 30739014248
5.000000 30739039237
5.000000 30739064237
5.000000 30739089231
5.000000 30739114230
0.000000 30739139247
0.000000 30739164251
0.000000 30739189237
0.000000 30739214222
0.000000 30739239245
0.000000 30739264220
0.000000 30739289232
0.000000 30739314265
0.000000 30739339252
0.000000 30739364249
0.000000 30739389242
0.000000 30739414254
0.000000 30739439246
0.000000 30739464217
0.000000 30739489246
0.000000 30739514231
0.000000 30739539252
0.000000 30739564255
0.000000 30739589242
0.000000 30739614248
0.000000 30739639242
0.000000 30739664242
0.000000 30739689247
0.000000 30739714243
0.000000 30739739241
0.000000 30739764251
0.000000 30739789244
0.000000 30739814282
0.000000 30739839245
0.000000 30739864251
0.000000 30739889244
0.000000 30739914254
0.000000 30739939232
0.000000 30739964246
0.000000 30739989244
0.000000 30740014244
0.000000 30740039232
0.000000 30740064250
0.000000 30740089261
0.000000 30740114242
0.000000 30740139223
0.000000 30740164246
0.000000 30740189225
0.000000 30740214251
0.000000 30740239247
0.000000 30740264248
0.000000 30740289242
0.000000 30740314254
0.000000 30740339217
0.000000 30740364237
0.000000 30740389241
0.000000 30740414256
0.000000 30740439237
0.000000 30740464241
0.000000 30740489246
0.000000 30740514251
0.000000 30740539333
0.000000 30740564257
0.000000 30740589238
0.000000 30740614248
0.000000 30740639241
0.000000 30740664243
0.000000 30740689252
0.000000 30740714240
0.000000 30740739251
0.000000 30740764254
0.000000 30740789237
0.000000 30740814250
0.000000 30740839251
0.000000 30740864239
0.000000 30740889241
0.000000 30740914247
0.000000 30740939244
0.000000 30740964237
0.000000 30740989243
0.000000 30741014230
0.000000 30741039248
0.000000 30741064249
0.000000 30741089248
0.000000 30741114231
0.000000 30741139233
0.000000 30741164249
0.000000 30741189247
0.000000 30741214220
0.000000 30741239251
0.000000 30741264207
0.000000 30741289261
0.000000 30741314245
0.000000 30741339246
0.000000 30741364233
0.000000 30741389249
0.000000 30741414243
0.000000 30741439250
0.000000 30741464237
0.000000 30741489251
0.000000 30741514233
0.000000 30741539242
0.000000 30741564246
0.000000 30741589244
0.000000 30741614241
0.000000 30741639246
0.000000 30741664235
0.000000 30741689259
0.000000 30741714253
0.000000 30741739231
0.000000 30741764252
0.000000 30741789248
0.000000 30741814258
0.000000 30741839249
0.000000 30741864236
0.000000 30741889248
0.000000 30741914251
0.000000 30741939237
0.000000 30741964245
0.000000 30741989251
0.000000 30742014248
0.000000 30742039231
0.000000 30742064247
