2.100000 -1.102500 10.430000 16852226970
0.542500 -0.735000 16.870001 16852251933
0.140000 6.317500 22.347500 16852276881
2.940000 5.617500 23.065001 16852301933
3.727500 -2.292500 22.837500 16852326971
4.847500 -2.117500 26.670000 16852351938
3.727500 -4.182500 35.822498 16852376873
-0.087500 -8.085000 30.450001 16852401981
-3.080000 -4.795000 33.792500 16852426971
1.172500 -7.140000 33.670002 16852451969
5.092500 -10.902500 29.295000 16852476885
6.650000 -14.420000 26.670000 16852501984
7.210000 -30.625000 19.617500 16852526975
1.977500 -32.567501 17.622499 16852552027
0.910000 -28.455000 10.902500 16852576888
4.620000 -15.470000 9.397500 16852602239
14.787500 -8.715000 8.277500 16852626980
14.542500 -9.257500 19.932501 16852651972
18.690001 -12.915000 29.715000 16852676890
9.485000 -6.195000 35.962502 16852701923
14.892500 -0.927500 46.497501 16852726835
12.932500 0.612500 43.645000 16852751980
13.405000 0.175000 40.494999 16852776870
17.780001 -9.135000 35.962502 16852801958
28.210001 -10.360000 34.020000 16852826963
34.860001 -9.695000 36.959999 16852851929
40.845001 -7.245000 39.707500 16852876888
45.097500 -11.392500 38.622501 16852901964
48.299999 -9.415000 45.412498 16852926975
48.317501 -10.430000 48.177502 16852951931
50.680000 -9.012500 63.437500 16852976881
54.215000 13.685000 69.352501 16853001973
63.122501 -8.225000 59.272499 16853026933
59.132500 -12.652500 57.924999 16853051975
64.785004 -10.132500 54.110001 16853076868
65.834999 -7.227500 48.334999 16853101977
61.950001 -10.727500 40.582500 16853126976
62.195000 -23.152500 34.545002 16853151981
60.707500 -37.134998 27.282499 16853176889
67.882500 -32.952499 22.924999 16853201975
58.432499 -18.847500 27.299999 16853226975
41.404999 -11.900000 42.000000 16853251975
34.020000 -20.545000 43.994999 16853276892
42.490002 -16.187500 39.724998 16853301945
53.077499 -31.010000 7.490000 16853326974
115.902504 -13.930000 -34.580002 16853351977
122.027504 5.915000 -67.830002 16853376889
94.062500 35.105000 -62.702499 16853401973
85.224998 29.400000 -61.757500 16853427007
124.669998 32.935001 -78.260002 16853451979
147.035004 30.642500 -98.419998 16853476935
100.834999 22.137501 -105.472504 16853501977
9.835000 -21.542500 -138.880005 16853526923
33.775002 -8.645000 -158.742508 16853551970
67.287498 27.982500 -161.805008 16853576887
77.175003 46.147499 -141.382507 16853601965
78.610001 37.170002 -133.367508 16853626971
82.162498 29.452499 -135.502502 16853651981
88.514999 29.400000 -148.697495 16853676883
90.422501 35.314999 -141.522507 16853701906
92.837502 57.207500 -115.114998 16853726971
89.617500 57.767502 -95.165001 16853751934
93.695000 52.884998 -81.620003 16853776884
94.044998 92.417503 -53.900002 16853801933
72.082497 80.307503 -48.947498 16853826975
61.582500 79.152504 -56.174999 16853851972
53.270000 78.644997 -63.542500 16853876892
34.404999 88.830002 -55.930000 16853901973
24.307501 83.422501 -53.777500 16853926983
29.102501 53.707500 -63.980000 16853951977
31.797501 48.632500 -78.644997 16853976872
27.877501 53.357502 -86.730003 16854001977
21.385000 60.217499 -88.427498 16854026932
23.555000 45.202499 -87.867500 16854051976
54.967499 60.497501 -77.980003 16854076886
68.845001 77.805000 -67.322502 16854101972
55.597500 75.775002 -66.762497 16854126968
42.682499 57.505001 -74.217499 16854151987
12.250000 42.822498 -95.025002 16854176890
-21.507500 -23.607500 -87.552498 16854201932
18.340000 -37.625000 -77.192497 16854226968
36.224998 -25.375000 -74.620003 16854251927
32.130001 -8.522500 -76.334999 16854276882
12.407500 -8.102500 -81.410004 16854301974
1.820000 -24.482500 -89.057503 16854326973
-10.062500 -51.292500 -96.144997 16854352041
-8.697500 -11.270000 -93.642502 16854376767
-10.080000 31.219999 -111.404999 16854402236
8.242500 16.660000 -116.970001 16854426944
30.957500 4.340000 -116.672501 16854451937
50.680000 21.665001 -97.212502 16854476889
51.310001 30.887501 -80.342499 16854501998
27.264999 29.487499 -63.612499 16854526964
10.430000 21.437500 -45.377499 16854551823
1.592500 9.502500 -42.752499 16854576874
-0.087500 7.490000 -41.317501 16854601919
-13.107500 13.650000 -39.882500 16854626964
-26.617500 21.315001 -41.177502 16854651922
-23.450001 32.340000 -40.862499 16854676872
-18.497499 31.850000 -15.907500 16854701929
-13.212500 36.452499 -8.907500 16854726976
-10.692500 -15.155000 -37.187500 16854752020
-3.430000 -78.872498 -61.599998 16854776883
-9.782500 -107.415001 -83.877502 16854801984
4.060000 -80.919998 -97.790001 16854826793
37.904999 -116.287498 -124.967499 16854851992
54.215000 -204.259995 -173.967499 16854876870
127.732498 -216.037506 -196.770004 16854901972
169.872498 -213.692505 -219.817505 16854926976
178.797501 -249.479996 -249.847504 16854951991
154.192505 -237.457504 -261.537506 16854976867
136.149994 -199.657501 -262.920013 16855001824
123.077499 -160.492508 -265.212494 16855026944
116.217499 -130.987503 -277.654999 16855051924
129.639999 -106.084999 -282.450012 16855076863
122.535004 -102.620003 -269.622498 16855101951
103.110001 -92.504997 -253.872498 16855126938
94.097504 -53.970001 -223.107498 16855151973
93.362503 -42.997501 -192.552505 16855176889
76.212502 -42.384998 -164.412506 16855202036
60.340000 -29.802500 -125.737503 16855226918
46.375000 -17.885000 -93.239998 16855252015
38.587502 -18.392500 -63.052502 16855276865
32.252499 -17.867500 -57.942501 16855302011
22.855000 -22.732500 -56.630001 16855326925
21.087500 -24.290001 -46.742500 16855352064
26.460001 -15.557500 -43.259998 16855376878
19.862499 -31.115000 -50.855000 16855401925
5.792500 -45.325001 -51.939999 16855426966
2.555000 -44.467499 -37.502499 16855451945
11.917500 -37.974998 -21.962500 16855476875
23.712500 -22.382500 -17.762501 16855501982
21.052500 -23.205000 -22.995001 16855526970
16.975000 -25.969999 -27.107500 16855551941
7.752500 -15.732500 -22.732500 16855576864
3.325000 -5.985000 -18.147501 16855601980
3.447500 -8.977500 -13.160000 16855626982
-3.010000 -7.665000 -5.022500 16855651973
-9.782500 4.252500 9.117500 16855676883
-14.577500 9.957500 19.197500 16855701965
-32.654999 -2.275000 15.032500 16855726974
-32.637501 -36.417500 -6.405000 16855751978
-12.267500 -29.330000 -10.797500 16855776879
-7.472500 -23.170000 -8.050000 16855801822
-8.487500 -17.657499 -6.440000 16855826963
-5.425000 -16.309999 -6.160000 16855851919
-4.322500 -16.397501 -3.727500 16855876883
-3.692500 -7.437500 4.462500 16855901919
-5.320000 -14.087500 4.252500 16855926978
-1.925000 -12.320000 5.897500 16855951931
1.312500 -12.355000 5.005000 16855976888
2.432500 -13.387500 3.727500 16856001976
2.835000 -13.422500 2.975000 16856026989
2.887500 -14.385000 0.140000 16856051941
1.942500 -14.280000 -0.332500 16856076878
-0.035000 -13.475000 0.997500 16856101938
-1.102500 -13.807500 -0.280000 16856126929
-2.747500 -12.705000 0.262500 16856151972
-4.987500 -12.792500 -1.102500 16856176875
-6.597500 -12.372500 -2.187500 16856201974
