-0.060000 11.880000 4.440000 16852188002
-0.060000 12.059999 4.620000 16852212874
-0.120000 11.880000 4.440000 16852237854
-0.120000 12.000000 4.320000 16852262866
-0.120000 12.120000 4.200000 16852287914
0.180000 11.820000 4.020000 16852312914
0.240000 12.120000 4.200000 16852338481
0.240000 11.880000 4.200000 16852362890
0.420000 12.420000 4.260000 16852387874
0.720000 12.120000 4.080000 16852412911
0.660000 12.540000 4.020000 16852437955
0.420000 12.300000 4.140000 16852462879
0.720000 12.240000 4.080000 16852487893
0.720000 12.360000 3.960000 16852512882
0.480000 12.480000 4.200000 16852538484
0.480000 12.360000 4.560000 16852562890
0.120000 12.360000 4.080000 16852587887
0.360000 12.480000 4.440000 16852613388
0.720000 12.480000 4.080000 16852637876
0.840000 12.240000 4.200000 16852662844
1.140000 12.420000 4.140000 16852687899
1.320000 12.599999 4.200000 16852712965
1.260000 12.420000 4.140000 16852738388
1.200000 12.480000 3.960000 16852763060
1.680000 12.480000 3.720000 16852787966
1.620000 12.540000 4.020000 16852815533
1.860000 12.660000 3.900000 16852837912
1.980000 12.540000 3.780000 16852862986
1.920000 12.599999 3.600000 16852887873
2.220000 12.540000 3.180000 16852913576
2.100000 12.540000 3.540000 16852938517
2.580000 12.660000 3.180000 16852963012
2.580000 12.540000 3.180000 16852987983
2.880000 12.719999 3.000000 16853014758
2.880000 12.480000 2.880000 16853037877
3.180000 12.540000 2.460000 16853062989
3.780000 12.660000 2.700000 16853087922
3.240000 12.120000 2.040000 16853113273
3.360000 12.240000 2.040000 16853137853
3.660000 12.059999 1.980000 16853163016
3.360000 12.120000 1.680000 16853187894
3.720000 12.120000 1.680000 16853219863
3.900000 11.940000 1.980000 16853243809
3.780000 11.700000 1.620000 16853263022
4.020000 11.940000 1.380000 16853287914
3.780000 11.820000 1.260000 16853313060
3.840000 11.160000 0.960000 16853337879
3.960000 11.400000 0.840000 16853363021
4.080000 11.400000 0.720000 16853387877
3.720000 10.679999 0.720000 16853413455
3.540000 10.860000 0.420000 16853437887
3.420000 11.099999 0.420000 16853462885
3.600000 10.440000 0.420000 16853488502
3.360000 10.559999 0.120000 16853512878
3.120000 10.200000 0.120000 16853537910
2.820000 10.020000 -0.060000 16853568717
2.640000 9.960000 -0.120000 16853587875
2.760000 9.719999 -0.240000 16853613533
2.640000 9.480000 -0.480000 16853637889
2.280000 9.240000 -0.480000 16853662887
2.580000 9.059999 -0.660000 16853688417
2.160000 8.639999 -0.840000 16853712881
2.280000 8.280000 -1.080000 16853737885
2.880000 8.040000 -0.840000 16853762931
2.580000 7.860000 -0.780000 16853787905
2.940000 7.500000 -0.900000 16853813413
3.060000 7.740000 -1.140000 16853837924
3.240000 7.320000 -0.840000 16853862873
3.660000 7.260000 -1.140000 16853888481
3.840000 7.200000 -0.960000 16853912886
3.960000 7.200000 -1.080000 16853937871
4.380000 7.500000 -1.140000 16853962885
4.260000 7.500000 -1.020000 16853987991
4.380000 7.140000 -1.020000 16854012901
4.200000 7.200000 -1.200000 16854037897
4.260000 7.140000 -0.780000 16854062874
4.800000 7.080000 -0.840000 16854088442
4.980000 6.780000 -1.020000 16854112853
4.740000 6.780000 -1.140000 16854137861
5.460000 6.900000 -0.780000 16854163171
5.340000 7.020000 -0.780000 16854188055
5.100000 7.020000 -0.900000 16854213045
5.340000 7.140000 -0.900000 16854238062
4.920000 7.200000 -0.600000 16854263040
4.860000 7.020000 -0.780000 16854288692
5.160000 7.200000 -0.720000 16854313069
5.100000 7.140000 -0.540000 16854338031
4.500000 7.380000 -0.660000 16854363024
4.980000 7.380000 -0.900000 16854388710
5.100000 7.620000 -0.660000 16854415508
4.860000 7.500000 -0.780000 16854438280
5.100000 7.500000 -0.780000 16854463313
4.920000 7.680000 -0.600000 16854488880
4.920000 7.680000 -0.840000 16854513260
5.220000 7.620000 -0.540000 16854538049
4.980000 7.740000 -0.660000 16854563696
5.040000 7.680000 -0.480000 16854588064
5.160000 7.800000 -0.480000 16854613097
4.980000 7.860000 -0.540000 16854638063
5.220000 8.099999 -0.420000 16854663041
5.280000 8.040000 -0.360000 16854688688
5.580000 8.340000 -0.300000 16854713063
5.400000 8.040000 -0.480000 16854738046
5.640000 8.040000 -0.360000 16854769209
5.040000 8.280000 -0.840000 16854787902
5.040000 8.160000 -0.360000 16854812876
4.560000 8.280000 -0.720000 16854840103
4.080000 8.280000 -0.840000 16854863115
3.180000 7.860000 -1.020000 16854888090
2.640000 7.440000 -1.560000 16854913053
1.980000 6.900000 -1.140000 16854938032
1.140000 6.180000 -0.540000 16854963518
0.480000 5.880000 -0.600000 16854988004
0.060000 5.460000 -0.300000 16855012920
0.060000 4.560000 -0.300000 16855038428
0.060000 4.380000 0.300000 16855062885
0.420000 3.420000 0.300000 16855087885
0.540000 2.940000 0.540000 16855112887
0.780000 2.340000 0.660000 16855137889
1.260000 1.980000 1.140000 16855163504
1.260000 1.860000 1.020000 16855187881
1.200000 1.560000 1.320000 16855212873
1.620000 1.620000 1.380000 16855238505
1.980000 1.260000 1.500000 16855262882
1.740000 1.380000 1.860000 16855287910
2.040000 1.200000 1.440000 16855312877
2.460000 1.260000 1.620000 16855338087
2.280000 0.840000 1.440000 16855363054
2.400000 1.200000 1.560000 16855388044
2.520000 1.080000 1.800000 16855413109
2.580000 0.900000 1.620000 16855438592
2.280000 0.840000 1.800000 16855463062
2.580000 0.900000 1.740000 16855488049
2.580000 1.020000 1.980000 16855513060
2.280000 0.720000 1.800000 16855538055
2.400000 0.600000 1.680000 16855563088
3.000000 0.840000 2.040000 16855588057
2.640000 0.480000 2.040000 16855613017
2.580000 0.900000 1.980000 16855638696
2.640000 0.720000 1.800000 16855663063
2.520000 0.840000 1.680000 16855688072
2.820000 0.780000 1.860000 16855714161
2.460000 0.780000 1.860000 16855738055
2.220000 1.140000 1.620000 16855763036
2.400000 1.080000 1.800000 16855788070
2.340000 1.260000 1.860000 16855813062
2.460000 1.020000 1.500000 16855838599
2.520000 0.960000 1.800000 16855863055
2.700000 1.260000 1.620000 16855888068
2.460000 0.780000 1.620000 16855913526
2.340000 0.780000 1.380000 16855937882
2.280000 1.080000 1.320000 16855962846
2.580000 1.140000 1.620000 16855987976
2.040000 1.200000 1.560000 16856012865
2.400000 1.080000 1.680000 16856038492
2.400000 1.080000 1.680000 16856062889
2.400000 0.840000 1.440000 16856087881
2.040000 1.080000 1.560000 16856113573
2.220000 0.780000 1.860000 16856138045
2.040000 1.200000 1.560000 16856163060
