-0.755112 0.098067 -10.689250 8906791161
-0.784532 0.107873 -10.591184 8906816155
-0.784532 0.127486 -10.542150 8906841134
-0.735499 0.098067 -10.610797 8906866145
-0.715886 0.137293 -10.767703 8906891128
-0.725692 0.068647 -10.689250 8906916152
-0.774725 0.049033 -10.640217 8906941131
-0.784532 0.098067 -10.571569 8906966138
-0.735499 0.137293 -10.640217 8906991145
-0.617819 0.156906 -10.659830 8907016145
-0.539366 0.166713 -10.777510 8907041140
-0.137293 0.353039 -11.532621 8907066151
-0.039227 0.362846 -11.414942 8907091145
0.304006 0.343233 -11.473782 8907116144
0.578592 0.264780 -11.071709 8907141141
1.588677 0.225553 -10.247950 8907166144
2.216303 0.225553 -10.012591 8907191139
2.794895 0.274586 -9.836071 8907216150
3.432328 0.304006 -9.875298 8907241133
4.834679 0.431493 -9.551678 8907266143
5.374044 0.539366 -9.080959 8907291152
5.913410 0.578592 -8.816179 8907316155
6.295870 0.647239 -8.119907 8907341138
7.021562 0.892405 -7.276535 8907366148
7.364795 0.980665 -6.815622 8907391143
7.747255 0.853179 -6.560650 8907416153
7.825707 0.941439 -6.237030 8907441137
8.090487 1.029698 -5.825150 8907466130
8.365073 0.902212 -5.599597 8907491142
8.669080 0.862985 -5.413271 8907516154
8.786759 0.843372 -5.119072 8907541145
9.316319 0.794339 -4.707192 8907566156
9.345738 0.764919 -4.834679 8907591152
9.394772 0.764919 -4.756226 8907616149
9.483032 0.578592 -4.314927 8907641152
9.541871 0.755112 -3.687301 8907666151
9.512452 0.696272 -3.579428 8907691149
9.581099 0.715886 -3.226388 8907716150
10.032204 0.500139 -3.079288 8907741153
9.992978 0.519753 -2.843929 8907766147
9.894911 0.608012 -2.559536 8907791159
9.826264 0.696272 -1.941717 8907816148
10.002784 0.451106 -1.667131 8907841157
10.100850 0.392266 -1.431771 8907866154
10.169497 0.441299 -1.206218 8907891150
10.140078 0.490333 -1.412158 8907916154
10.120463 0.509946 -0.745305 8907941149
10.198916 0.500139 -0.480526 8907966149
10.277370 0.509946 -0.558979 8907991164
10.247950 0.539366 -0.568786 8908016157
10.120463 0.608012 -0.245166 8908041153
10.189111 0.598206 -0.264780 8908066165
10.169497 0.568786 -0.176520 8908091157
10.159691 0.666852 -0.058840 8908116164
9.963558 0.676659 -0.019613 8908141147
10.071430 0.657046 -0.068647 8908166164
10.110658 0.627626 -0.176520 8908191166
10.179304 0.608012 -0.313813 8908216161
10.110658 0.558979 -0.196133 8908241152
10.189111 0.529559 -0.205940 8908266159
10.267564 0.470719 -0.245166 8908291170
10.316597 0.490333 -0.245166 8908316162
10.189111 0.549172 -0.235360 8908341156
10.110658 0.598206 -0.274586 8908366161
10.032204 0.568786 -0.147100 8908391170
9.992978 0.598206 -0.235360 8908416166
10.247950 0.509946 -0.402073 8908441151
10.238144 0.627626 -0.343233 8908466147
10.267564 0.470719 -0.284393 8908491162
10.140078 0.519753 -0.568786 8908516164
10.071430 0.470719 -0.853179 8908541154
10.228337 0.421686 -1.363124 8908566159
10.463697 0.382459 -2.167270 8908591161
9.630132 0.588399 -2.490890 8908616161
9.022120 0.804145 -2.520309 8908641157
8.924053 0.666852 -3.246001 8908666177
9.051538 0.568786 -3.854014 8908691159
9.345738 0.323619 -4.883712 8908716156
8.982893 0.245166 -5.481918 8908741154
8.306233 0.313813 -6.050704 8908766165
7.796288 0.245166 -6.541036 8908791167
7.698222 0.137293 -7.639381 8908816165
7.443248 0.058840 -8.129714 8908841162
6.864655 0.156906 -8.482754 8908866161
6.560650 0.107873 -8.404300 8908891169
6.070317 0.147100 -9.071153 8908916157
5.570178 0.235360 -8.973086 8908941156
5.236752 0.274586 -8.894632 8908966162
4.873906 0.294200 -9.306512 8908991173
4.265893 0.343233 -9.669358 8909016161
3.903047 0.382459 -9.708585 8909041151
3.706914 0.343233 -10.100850 8909066148
3.344068 0.411879 -10.689250 8909091155
2.510503 0.402073 -10.277370 8909116159
2.206496 0.441299 -10.091044 8909141132
2.079010 0.382459 -10.267564 8909166155
1.578871 0.529559 -10.493117 8909191156
1.166991 0.480526 -10.444084 8909216170
0.951245 0.411879 -10.306790 8909241149
0.735499 0.362846 -10.326404 8909266153
0.294200 0.254973 -10.483310 8909291162
-0.147100 0.215746 -10.336210 8909316166
-0.519753 0.215746 -10.414664 8909341149
-0.509946 0.107873 -10.600989 8909366183
-0.921825 0.078453 -10.640217 8909391168
-1.353318 0.068647 -10.610797 8909416166
-1.784810 0.029420 -10.453890 8909441142
-1.843650 -0.019613 -10.679443 8909466160
-2.216303 -0.039227 -10.895190 8909491157
-2.677216 -0.049033 -10.728477 8909516164
-2.951802 -0.117680 -10.404857 8909541140
-3.059675 -0.107873 -10.247950 8909566156
-3.510781 -0.039227 -10.071430 8909591154
-3.775561 -0.107873 -10.012591 8909616167
-3.991307 -0.029420 -9.885104 8909641142
-4.226666 -0.019613 -9.610518 8909666147
-4.599319 -0.029420 -9.208446 8909691148
-4.815066 0.009807 -9.247672 8909716160
-4.942552 0.009807 -9.306512 8909741142
-5.158298 -0.009807 -9.139799 8909766154
-5.472112 0.117680 -8.933860 8909791150
-5.903604 0.235360 -8.639660 8909816165
-6.070317 0.284393 -8.355267 8909841146
-6.178190 0.215746 -8.345461 8909866151
-6.482196 0.313813 -8.168941 8909891149
-6.639102 0.313813 -7.943388 8909916162
-6.874462 0.372653 -7.708028 8909941152
-7.109822 0.333426 -7.237308 8909966155
-7.335375 0.392266 -6.825429 8909991151
-7.413828 0.353039 -6.835236 8910016164
-7.590348 0.323619 -6.511616 8910041146
-8.110101 0.088260 -5.815344 8910066158
-8.453333 0.058840 -5.756504 8910091148
-8.571013 -0.019613 -5.844764 8910116162
-8.796566 -0.029420 -5.629018 8910141142
-9.129992 -0.078453 -4.962165 8910166150
-9.355545 -0.029420 -4.775839 8910191144
-9.590905 -0.078453 -4.540480 8910216163
-9.738005 -0.029420 -4.648353 8910241142
-9.914525 -0.098067 -3.726527 8910266152
-10.042011 -0.166713 -3.363681 8910291149
-10.179304 -0.068647 -3.383295 8910316155
-10.022397 0.009807 -3.108708 8910341152
-9.767425 0.245166 -2.461469 8910366157
-9.777231 0.166713 -2.029977 8910391139
-9.747811 -0.019613 -1.676937 8910416162
-9.816459 0.039227 -1.588677 8910441158
-9.973364 0.019613 -1.314091 8910466147
-10.149883 -0.049033 -0.961052 8910491145
-10.179304 -0.019613 -0.676659 8910516156
-10.051817 0.039227 -0.402073 8910541140
-9.983171 0.127486 -0.117680 8910566157
-9.924331 0.176520 0.196133 8910591144
-10.022397 0.117680 0.549172 8910616158
-9.865492 0.049033 0.529559 8910641137
-9.688972 0.205940 0.362846 8910666153
-9.894911 0.137293 0.598206 8910691142
-10.159691 0.186326 0.421686 8910716152
-10.140078 0.117680 0.304006 8910741145
-10.110658 0.127486 0.333426 8910766151
