-0.780000 -0.660000 4.980000 8906804334
-0.960000 -0.960000 5.280000 8906829427
-0.900000 -0.900000 5.220000 8906854333
-1.200000 -1.080000 5.280000 8906879447
-1.020000 -0.660000 5.340000 8906904304
-0.960000 -0.720000 5.040000 8906929435
-1.080000 -0.360000 5.160000 8906954304
-0.900000 -0.900000 5.220000 8906979555
-1.020000 -0.900000 4.980000 8907004350
-1.200000 -0.840000 5.400000 8907029433
-1.020000 -0.900000 5.100000 8907054326
-1.260000 -1.020000 4.980000 8907079441
-1.320000 -0.840000 5.160000 8907104323
-1.560000 -0.840000 5.400000 8907129442
-1.860000 -0.660000 5.460000 8907154303
-2.340000 -1.140000 5.340000 8907179444
-2.460000 -0.660000 4.980000 8907204338
-2.820000 -1.020000 5.340000 8907229556
-2.880000 -0.720000 5.040000 8907254307
-3.540000 -1.020000 4.980000 8907279465
-3.360000 -1.080000 4.680000 8907304329
-3.780000 -1.140000 4.860000 8907329444
-4.080000 -1.080000 4.560000 8907354306
-4.380000 -0.900000 4.380000 8907379443
-4.380000 -1.020000 4.140000 8907404304
-4.140000 -1.260000 4.020000 8907429437
-4.560000 -0.960000 4.080000 8907454441
-4.620000 -1.140000 4.140000 8907479431
-4.920000 -0.720000 3.360000 8907504302
-4.740000 -1.140000 3.420000 8907529424
-4.860000 -1.020000 3.300000 8907554355
-4.920000 -0.600000 3.120000 8907579427
-4.620000 -0.900000 3.420000 8907604332
-5.220000 -0.660000 2.940000 8907629438
-4.740000 -1.020000 3.060000 8907654324
-4.920000 -1.080000 2.640000 8907679440
-5.220000 -1.020000 2.460000 8907704305
-5.220000 -1.020000 2.460000 8907729419
-5.100000 -0.540000 2.220000 8907754321
-5.220000 -1.020000 2.100000 8907779436
-5.160000 -0.840000 2.280000 8907804305
-5.040000 -0.720000 1.800000 8907829457
-5.160000 -0.720000 1.800000 8907854304
-5.100000 -0.900000 1.860000 8907879441
-5.100000 -0.900000 1.980000 8907904304
-5.220000 -0.660000 1.500000 8907929419
-5.100000 -1.020000 1.740000 8907954303
-4.980000 -0.900000 1.860000 8907979541
-5.100000 -0.660000 1.860000 8908004334
-5.220000 -0.900000 1.740000 8908029443
-5.220000 -0.900000 1.740000 8908054364
-5.040000 -0.720000 1.560000 8908079440
-5.100000 -0.780000 1.740000 8908104381
-5.100000 -0.540000 1.500000 8908129440
-4.920000 -0.840000 1.440000 8908154362
-5.100000 -1.140000 1.500000 8908179472
-4.980000 -0.780000 1.500000 8908204322
-4.920000 -0.840000 1.440000 8908229435
-5.100000 -0.780000 1.740000 8908254324
-5.040000 -0.960000 1.680000 8908279480
-5.040000 -0.960000 1.800000 8908304326
-5.100000 -1.020000 1.620000 8908329434
-5.280000 -1.080000 1.920000 8908354324
-4.920000 -0.840000 1.440000 8908379456
-5.040000 -0.960000 1.560000 8908404322
-5.040000 -0.960000 1.560000 8908429596
-5.100000 -0.780000 1.740000 8908454476
-4.980000 -0.660000 1.620000 8908479450
-5.100000 -0.780000 1.860000 8908504325
-4.920000 -0.840000 2.040000 8908529445
-4.980000 -0.900000 2.100000 8908554319
-5.520000 -0.840000 2.640000 8908579441
-4.680000 -0.960000 2.520000 8908604364
-5.160000 -0.960000 2.640000 8908629444
-4.800000 -0.840000 2.880000 8908654370
-5.040000 -0.720000 3.000000 8908679471
-4.560000 -0.600000 3.240000 8908704329
-4.500000 -0.780000 3.540000 8908729487
-4.440000 -0.600000 3.840000 8908754366
-4.260000 -0.660000 4.140000 8908779457
-3.900000 -0.660000 4.020000 8908804369
-3.600000 -0.720000 4.560000 8908829491
-3.720000 -0.480000 4.680000 8908854325
-3.660000 -0.780000 4.620000 8908879486
-3.660000 -0.660000 4.740000 8908904326
-3.300000 -0.900000 4.620000 8908929462
-3.180000 -0.660000 4.860000 8908954325
-3.000000 -0.840000 4.800000 8908979590
-2.880000 -0.720000 4.920000 8909004325
-2.880000 -0.960000 5.160000 8909029446
-2.460000 -0.780000 5.100000 8909054321
-2.820000 -0.780000 5.460000 8909079489
-2.580000 -1.020000 4.740000 8909104319
-2.340000 -0.780000 5.100000 8909129320
-2.340000 -0.780000 5.340000 8909154359
-1.980000 -0.780000 5.460000 8909179368
-2.040000 -0.840000 5.400000 8909204334
-1.740000 -1.020000 5.340000 8909229370
-1.560000 -0.840000 5.160000 8909254320
-1.560000 -0.840000 5.280000 8909279357
-1.500000 -1.020000 5.340000 8909304325
-1.200000 -0.840000 5.040000 8909329320
-1.320000 -0.600000 5.160000 8909356735
-0.840000 -0.600000 4.920000 8909379412
-0.900000 -0.660000 5.220000 8909404335
-0.480000 -0.960000 4.800000 8909429379
-0.300000 -0.900000 4.980000 8909454366
-0.600000 -0.960000 5.160000 8909479352
-0.540000 -0.780000 5.220000 8909504365
-0.420000 -0.660000 5.220000 8909529406
-0.240000 -0.600000 4.920000 8909554387
-0.360000 -0.840000 4.800000 8909579325
-0.120000 -0.720000 4.800000 8909604364
-0.120000 -0.600000 5.280000 8909629311
-0.120000 -0.600000 5.160000 8909654353
0.300000 -1.020000 5.100000 8909679317
0.660000 -0.780000 4.620000 8909704361
0.540000 -0.540000 4.620000 8909729321
0.360000 -0.840000 4.920000 8909754378
0.780000 -0.660000 4.740000 8909779366
0.600000 -0.840000 4.800000 8909804322
0.780000 -1.140000 4.860000 8909829318
0.720000 -0.960000 4.680000 8909854357
0.900000 -0.780000 4.620000 8909879321
0.900000 -1.020000 4.740000 8909904314
1.020000 -1.020000 4.380000 8909929324
1.320000 -1.080000 4.320000 8909954359
1.260000 -1.140000 4.260000 8909979428
1.320000 -0.480000 4.080000 8910004324
1.500000 -1.140000 4.140000 8910029339
1.200000 -1.080000 3.960000 8910054363
1.740000 -0.900000 4.140000 8910079323
1.320000 -0.960000 3.600000 8910104320
1.740000 -0.900000 3.780000 8910129364
2.040000 -0.840000 3.720000 8910154359
1.800000 -0.720000 3.240000 8910179324
1.800000 -0.840000 3.240000 8910204358
1.860000 -0.660000 3.060000 8910229363
2.040000 -0.960000 3.240000 8910254320
1.860000 -0.660000 2.820000 8910279365
2.100000 -0.780000 2.580000 8910304383
2.460000 -0.900000 2.700000 8910329363
2.400000 -0.840000 2.520000 8910354360
2.520000 -1.080000 2.400000 8910379320
2.160000 -1.080000 2.280000 8910404363
2.100000 -0.900000 2.220000 8910429979
2.160000 -1.080000 1.920000 8910455241
2.340000 -0.780000 1.980000 8910480217
2.460000 -0.900000 2.220000 8910505174
2.520000 -0.960000 2.400000 8910529870
2.100000 -0.540000 2.100000 8910554983
2.400000 -0.840000 2.040000 8910579858
1.980000 -1.020000 1.980000 8910605112
2.340000 -0.900000 1.980000 8910629862
2.520000 -1.080000 1.680000 8910654844
2.220000 -0.900000 1.620000 8910679839
2.220000 -0.780000 1.740000 8910705139
2.400000 -0.960000 1.440000 8910729842
2.280000 -1.080000 1.560000 8910754839
2.400000 -0.840000 1.800000 8910779845
