0.000000 8906791161
0.000000 8906816155
0.000000 8906841134
0.000000 8906866145
0.000000 8906891128
0.000000 8906916152
0.000000 8906941131
0.000000 8906966138
0.000000 8906991145
0.000000 8907016145
0.000000 8907041140
0.000000 8907066151
0.000000 8907091145
0.000000 8907116144
0.000000 8907141141
0.000000 8907166144
0.000000 8907191139
0.000000 8907216150
0.000000 8907241133
0.000000 8907266143
0.000000 8907291152
0.000000 8907316155
0.000000 8907341138
0.000000 8907366148
0.000000 8907391143
0.000000 8907416153
0.000000 8907441137
0.000000 8907466130
0.000000 8907491142
0.000000 8907516154
0.000000 8907541145
0.000000 8907566156
0.000000 8907591152
0.000000 8907616149
0.000000 8907641152
0.000000 8907666151
0.000000 8907691149
0.000000 8907716150
0.000000 8907741153
0.000000 8907766147
0.000000 8907791159
0.000000 8907816148
0.000000 8907841157
0.000000 8907866154
0.000000 8907891150
0.000000 8907916154
0.000000 8907941149
0.000000 8907966149
0.000000 8907991164
0.000000 8908016157
0.000000 8908041153
0.000000 8908066165
0.000000 8908091157
0.000000 8908116164
0.000000 8908141147
0.000000 8908166164
0.000000 8908191166
0.000000 8908216161
0.000000 8908241152
0.000000 8908266159
0.000000 8908291170
0.000000 8908316162
0.000000 8908341156
0.000000 8908366161
0.000000 8908391170
0.000000 8908416166
0.000000 8908441151
0.000000 8908466147
0.000000 8908491162
0.000000 8908516164
0.000000 8908541154
0.000000 8908566159
0.000000 8908591161
0.000000 8908616161
0.000000 8908641157
0.000000 8908666177
0.000000 8908691159
0.000000 8908716156
0.000000 8908741154
0.000000 8908766165
0.000000 8908791167
0.000000 8908816165
0.000000 8908841162
0.000000 8908866161
0.000000 8908891169
0.000000 8908916157
0.000000 8908941156
0.000000 8908966162
0.000000 8908991173
0.000000 8909016161
0.000000 8909041151
0.000000 8909066148
0.000000 8909091155
0.000000 8909116159
0.000000 8909141132
0.000000 8909166155
0.000000 8909191156
0.000000 8909216170
0.000000 8909241149
0.000000 8909266153
0.000000 8909291162
0.000000 8909316166
0.000000 8909341149
0.000000 8909366183
0.000000 8909391168
0.000000 8909416166
0.000000 8909441142
0.000000 8909466160
0.000000 8909491157
0.000000 8909516164
0.000000 8909541140
0.000000 8909566156
0.000000 8909591154
0.000000 8909616167
0.000000 8909641142
0.000000 8909666147
0.000000 8909691148
0.000000 8909716160
0.000000 8909741142
0.000000 8909766154
0.000000 8909791150
0.000000 8909816165
0.000000 8909841146
0.000000 8909866151
0.000000 8909891149
0.000000 8909916162
0.000000 8909941152
0.000000 8909966155
0.000000 8909991151
0.000000 8910016164
0.000000 8910041146
0.000000 8910066158
0.000000 8910091148
0.000000 8910116162
0.000000 8910141142
0.000000 8910166150
0.000000 8910191144
0.000000 8910216163
0.000000 8910241142
0.000000 8910266152
0.000000 8910291149
0.000000 8910316155
0.000000 8910341152
0.000000 8910366157
0.000000 8910391139
0.000000 8910416162
0.000000 8910441158
0.000000 8910466147
0.000000 8910491145
0.000000 8910516156
0.000000 8910541140
0.000000 8910566157
0.000000 8910591144
0.000000 8910616158
0.000000 8910641137
0.000000 8910666153
0.000000 8910691142
0.000000 8910716152
0.000000 8910741145
0.000000 8910766151
