-5.022500 3.535000 2.555000 12338035764
-6.457500 5.530000 1.137500 12338060766
-6.860000 6.737500 2.152500 12338085767
2.047500 1.242500 2.520000 12338110770
5.372500 -2.187500 1.225000 12338135763
5.442500 -2.362500 -0.122500 12338160760
4.725000 -1.767500 -0.752500 12338185760
4.865000 -6.842500 -0.595000 12338210771
0.315000 -15.050000 -0.192500 12338235765
-5.162500 3.990000 7.945000 12338260766
2.607500 -3.272500 6.370000 12338285761
-2.695000 5.915000 6.615000 12338310768
-10.657500 4.847500 4.847500 12338335763
-23.065001 9.257500 8.610000 12338360765
-49.595001 13.300000 8.977500 12338385762
-72.082497 3.062500 1.890000 12338410769
-91.192497 6.842500 -0.822500 12338435764
-93.817497 1.277500 0.192500 12338460764
-93.537498 -1.890000 1.557500 12338485764
-101.027504 2.292500 4.217500 12338510767
-107.082497 -0.455000 6.247500 12338535768
-103.897499 1.330000 5.810000 12338560767
-103.355003 4.217500 7.542500 12338585769
-107.257500 3.762500 6.527500 12338610770
-109.217499 3.500000 6.370000 12338635762
-110.739998 4.147500 7.665000 12338660763
-111.580002 8.592500 7.157500 12338685773
-119.035004 13.090000 5.092500 12338710776
-121.485001 10.342500 2.065000 12338735771
-120.067497 10.850000 3.342500 12338760772
-119.577499 11.287500 2.625000 12338785770
-118.790001 2.572500 -0.542500 12338810777
-121.135002 3.640000 -5.880000 12338835773
-121.485001 2.415000 -2.065000 12338860765
-121.502502 -0.315000 2.520000 12338885768
-122.885002 -1.802500 3.342500 12338910775
-120.732498 -8.942500 -2.467500 12338935769
-117.792503 -3.202500 -3.447500 12338960772
-110.442497 -0.665000 -1.522500 12338985767
-101.150002 0.752500 -2.240000 12339010779
-95.584999 4.235000 -2.940000 12339035768
-92.102501 0.105000 -4.200000 12339060773
-82.022499 2.975000 -6.265000 12339085769
-76.125000 6.842500 -6.912500 12339110779
-70.857498 11.445000 -4.060000 12339135768
-66.762497 7.227500 0.455000 12339160771
-65.397499 8.015000 -1.487500 12339185809
-62.562500 12.915000 -0.455000 12339210786
-55.755001 14.490000 1.347500 12339235771
-54.687500 12.705000 1.750000 12339260766
-53.340000 13.055000 1.540000 12339285774
-52.202499 12.582500 1.505000 12339310777
-50.855000 8.365000 0.735000 12339335771
-48.457500 11.672500 -1.995000 12339360778
-44.064999 14.455000 -2.187500 12339385771
-41.299999 14.595000 -2.800000 12339410777
-39.130001 14.367500 -5.180000 12339435767
-34.299999 8.785000 -5.967500 12339460773
-28.787500 11.532500 -6.912500 12339485783
-27.580000 11.847500 -3.500000 12339510767
-25.725000 10.867500 -1.435000 12339535764
-22.277500 5.005000 -3.692500 12339560766
-21.262501 5.530000 -2.835000 12339585770
-16.327499 5.652500 -0.297500 12339610773
-13.492500 4.235000 0.787500 12339635762
-12.390000 3.395000 -3.430000 12339660762
-5.547500 4.060000 -4.410000 12339685771
1.785000 1.627500 -3.342500 12339710765
14.017500 1.102500 -0.840000 12339735767
23.537500 1.487500 3.010000 12339760762
34.545002 1.995000 9.257500 12339785760
52.955002 2.012500 7.770000 12339810769
67.462502 1.960000 9.065000 12339835763
81.059998 -2.870000 10.815000 12339860761
101.360001 -8.522500 4.130000 12339885761
116.777504 -6.737500 -4.777500 12339910769
132.107498 1.715000 -9.852500 12339935764
146.404999 3.080000 -10.780000 12339960760
157.902496 -2.082500 -16.695000 12339985767
170.502502 -2.205000 -19.442499 12340010779
178.972504 4.130000 -7.560000 12340035768
179.952499 10.850000 -3.797500 12340060765
184.642502 2.887500 -2.100000 12340085772
186.812500 -3.710000 -1.540000 12340110770
190.522507 -0.507500 4.847500 12340135768
188.404999 7.840000 8.750000 12340160766
184.047501 3.605000 12.967500 12340185776
186.130005 -7.840000 12.827500 12340210774
182.945007 -9.782500 11.830000 12340235767
171.377502 -11.917500 5.057500 12340260769
173.267502 -7.770000 2.065000 12340285770
174.037506 -9.100000 -0.385000 12340310773
164.080002 -6.632500 -2.730000 12340335780
160.930008 -17.815001 -6.807500 12340360769
157.464996 -18.287500 -6.160000 12340385765
140.070007 -14.087500 -1.802500 12340410776
130.567505 -14.507500 -1.872500 12340435766
123.970001 -7.525000 -3.272500 12340460767
112.805000 -2.660000 -5.600000 12340485767
101.762497 -8.592500 -0.385000 12340510783
90.772499 -6.300000 -4.742500 12340535768
89.267502 8.015000 -11.270000 12340560767
90.160004 9.537500 -12.827500 12340585766
99.680000 3.360000 -8.680000 12340610776
109.690002 -3.622500 -4.287500 12340635761
118.877502 -1.032500 -5.197500 12340660764
122.237503 0.840000 -6.825000 12340685765
140.875000 3.885000 -6.282500 12340710777
136.517502 -2.135000 -5.932500 12340735768
123.987503 -8.102500 -1.837500 12340760771
120.942497 -9.257500 -2.100000 12340785765
122.237503 -5.337500 -1.347500 12340810777
123.864998 -2.555000 -5.302500 12340835772
137.672501 -0.420000 -6.405000 12340860768
147.262497 -6.072500 -17.167500 12340885769
144.899994 -3.342500 -12.442500 12340910772
142.240005 -3.167500 -13.142500 12340935768
145.057495 -2.205000 -15.627501 12340960775
144.427505 -3.727500 -14.175000 12340985988
137.865005 1.522500 -14.052500 12341010917
128.537506 8.487500 -12.005000 12341035768
119.682503 10.167500 -9.765000 12341060765
113.050003 4.987500 -10.010000 12341085762
99.995003 5.600000 -7.577500 12341110766
92.330002 5.495000 -10.132500 12341135763
85.889999 8.417500 -13.597500 12341160763
71.137497 9.940000 -16.222500 12341185766
61.722500 11.042500 -17.184999 12341210767
52.570000 11.865000 -17.622499 12341235763
47.215000 15.260000 -12.985000 12341260765
41.002499 8.347500 -6.247500 12341285760
25.690001 10.797500 -1.137500 12341310769
20.895000 12.827500 -5.740000 12341335766
10.342500 12.792500 -4.672500 12341360767
4.305000 12.985000 -3.587500 12341385765
-1.715000 10.167500 -6.370000 12341410773
-9.432500 6.895000 -4.287500 12341435771
-12.285000 8.575000 -2.450000 12341460770
-13.090000 7.192500 -3.412500 12341485768
-12.057500 5.337500 -3.080000 12341510774
-10.237500 4.095000 -0.157500 12341535768
-7.122500 4.690000 1.015000 12341560771
-4.410000 4.182500 2.117500 12341585765
-1.137500 2.152500 3.465000 12341610776
1.487500 2.660000 4.637500 12341635781
2.660000 3.377500 3.097500 12341660775
3.815000 2.502500 4.200000 12341685768
4.410000 1.995000 5.827500 12341710781
3.482500 2.555000 9.625000 12341735777
4.812500 1.732500 10.920000 12341760779
