-2.520000 -0.840000 5.160000 12338018572
-2.460000 -1.020000 4.980000 12338043206
-2.400000 -0.960000 5.040000 12338068317
-2.340000 -1.020000 5.340000 12338093328
-2.340000 -0.780000 5.340000 12338118527
-2.400000 -0.840000 5.160000 12338143194
-2.100000 -0.420000 5.100000 12338168301
-2.460000 -1.260000 5.340000 12338193322
-2.400000 -0.840000 5.400000 12338218520
-2.400000 -0.720000 5.520000 12338243220
-2.280000 -0.840000 5.400000 12338268342
-2.400000 -0.840000 5.280000 12338293319
-2.460000 -0.420000 5.100000 12338318507
-2.340000 -0.900000 5.220000 12338343211
-2.520000 -0.960000 5.640000 12338368329
-2.340000 -1.260000 5.580000 12338393346
-2.520000 -1.320000 5.640000 12338418522
-2.460000 -1.380000 5.700000 12338443225
-2.520000 -1.320000 6.000000 12338468340
-2.280000 -1.680000 6.120000 12338493332
-2.220000 -1.860000 6.300000 12338518522
-2.100000 -2.220000 6.300000 12338543237
-2.220000 -2.340000 6.780000 12338568339
-2.280000 -2.280000 6.600000 12338593348
-2.280000 -2.520000 6.840000 12338618530
-2.160000 -2.760000 6.960000 12338643195
-1.980000 -3.060000 7.020000 12338668344
-2.160000 -3.840000 7.080000 12338693347
-2.160000 -3.600000 7.080000 12338718550
-2.280000 -4.080000 7.440000 12338743232
-2.280000 -4.320000 7.080000 12338768353
-1.980000 -4.620000 7.140000 12338793366
-2.280000 -4.680000 7.680000 12338818548
-2.340000 -5.340000 7.380000 12338843218
-2.160000 -5.520000 7.440000 12338868339
-1.980000 -5.460000 7.620000 12338893343
-2.040000 -6.240000 7.560000 12338918539
-1.980000 -6.420000 7.500000 12338943231
-2.040000 -6.840000 7.320000 12338968212
-2.100000 -7.020000 7.020000 12338993338
-2.460000 -7.140000 7.020000 12339018583
-2.040000 -7.200000 6.840000 12339043203
-2.100000 -7.980000 7.260000 12339068240
-1.980000 -7.740000 6.780000 12339093342
-2.040000 -7.680000 6.720000 12339118424
-2.220000 -7.860000 6.660000 12339143216
-2.040000 -8.160000 6.480000 12339168220
-2.400000 -8.160000 6.840000 12339195191
-2.220000 -8.460000 6.660000 12339218717
-2.520000 -8.400000 6.720000 12339243424
-2.040000 -8.639999 6.600000 12339268596
-2.160000 -8.639999 6.480000 12339293560
-2.280000 -9.000000 6.360000 12339318629
-2.160000 -9.000000 6.120000 12339343392
-2.280000 -9.360000 6.000000 12339368390
-2.160000 -9.240000 6.120000 12339393515
-2.520000 -9.120000 6.120000 12339418588
-2.460000 -9.420000 5.940000 12339443372
-2.460000 -9.059999 6.300000 12339468389
-2.400000 -9.360000 6.240000 12339493704
-2.520000 -9.599999 5.760000 12339518662
-2.340000 -9.540000 5.700000 12339543373
-2.220000 -9.300000 5.940000 12339568182
-2.280000 -9.599999 5.760000 12339593210
-2.100000 -9.540000 5.700000 12339618284
-2.400000 -9.480000 5.640000 12339643074
-2.220000 -9.540000 5.580000 12339668054
-2.220000 -9.420000 5.580000 12339693202
-2.340000 -9.660000 5.820000 12339718289
-2.640000 -9.120000 6.000000 12339743078
-2.160000 -9.240000 6.000000 12339768188
-2.340000 -9.300000 5.820000 12339793180
-2.220000 -9.300000 6.180000 12339818261
-2.520000 -9.000000 6.240000 12339843056
-2.400000 -8.880000 6.480000 12339868044
-2.100000 -8.580000 6.420000 12339893177
-2.520000 -8.280000 6.360000 12339918258
-2.340000 -7.980000 6.780000 12339943057
-2.340000 -7.500000 7.020000 12339968065
-2.520000 -7.200000 7.080000 12339993221
-2.280000 -7.080000 7.440000 12340018435
-2.700000 -6.420000 7.380000 12340043063
-2.820000 -5.940000 7.140000 12340068051
-2.580000 -5.460000 7.620000 12340093191
-2.640000 -5.040000 7.680000 12340118258
-2.700000 -4.620000 7.380000 12340143059
-2.340000 -3.780000 7.260000 12340168045
-2.580000 -3.780000 7.020000 12340193200
-2.460000 -3.180000 6.780000 12340218253
-2.700000 -2.940000 6.660000 12340243088
-2.160000 -2.520000 6.720000 12340268182
-2.580000 -2.220000 6.300000 12340293190
-2.580000 -1.740000 6.300000 12340318256
-2.520000 -1.440000 5.760000 12340343652
-2.520000 -1.200000 5.520000 12340368059
-2.340000 -1.020000 5.580000 12340393189
-2.460000 -1.020000 4.980000 12340418256
-2.220000 -0.540000 5.100000 12340443066
-2.460000 -0.420000 4.740000 12340468047
-2.640000 -0.240000 4.680000 12340493201
-2.640000 -0.360000 4.320000 12340518430
-2.400000 -0.600000 4.200000 12340543073
-2.460000 -0.420000 3.780000 12340568042
-2.700000 0.060000 3.660000 12340593176
-2.820000 -0.060000 3.420000 12340618270
-2.520000 0.240000 3.600000 12340643048
-2.940000 0.180000 2.820000 12340668044
-2.820000 0.180000 2.580000 12340693192
-2.940000 0.060000 2.460000 12340718265
-3.000000 0.240000 1.800000 12340743067
-2.940000 0.060000 1.740000 12340768206
-2.640000 0.060000 1.080000 12340793172
-2.820000 0.060000 0.900000 12340818269
-3.120000 -0.360000 0.600000 12340843053
-3.060000 -0.300000 0.180000 12340868044
-3.180000 -0.300000 0.180000 12340893184
-2.880000 -0.120000 -0.120000 12340918252
-3.120000 -0.480000 -0.360000 12340943042
-3.180000 -0.900000 -1.020000 12340968053
-3.180000 -0.540000 -1.140000 12340994463
-2.940000 -0.900000 -0.780000 12341018462
-2.880000 -1.080000 -1.440000 12341043093
-3.300000 -1.500000 -1.500000 12341068062
-2.880000 -1.680000 -2.040000 12341093183
-3.180000 -1.620000 -1.860000 12341118251
-3.120000 -1.920000 -2.280000 12341143057
-3.360000 -1.800000 -2.280000 12341168048
-3.060000 -1.980000 -2.220000 12341193180
-3.180000 -2.340000 -2.460000 12341218264
-3.240000 -2.040000 -2.280000 12341243064
-3.000000 -2.400000 -2.520000 12341268190
-3.300000 -2.460000 -2.460000 12341293197
-2.880000 -2.400000 -2.520000 12341318285
-3.060000 -2.460000 -2.820000 12341343055
-3.240000 -2.640000 -2.760000 12341368064
-2.940000 -2.700000 -2.700000 12341393183
-2.880000 -2.280000 -2.640000 12341418265
-2.940000 -2.340000 -2.580000 12341443051
-3.060000 -2.460000 -2.700000 12341468080
-2.640000 -2.400000 -2.760000 12341493194
-2.940000 -2.580000 -2.820000 12341518393
-2.820000 -2.580000 -2.340000 12341543065
-3.120000 -2.520000 -2.640000 12341568080
-2.880000 -2.280000 -2.520000 12341593176
-2.820000 -2.580000 -2.340000 12341618269
-2.940000 -2.340000 -2.820000 12341643442
-3.000000 -2.400000 -2.520000 12341668385
-3.000000 -2.400000 -2.520000 12341693587
-3.120000 -2.400000 -2.520000 12341718593
-2.580000 -2.100000 -2.460000 12341743479
