0.000000 12337998831
0.000000 12338023826
0.000000 12338048842
0.000000 12338073841
0.000000 12338098839
0.000000 12338123829
0.000000 12338148859
0.000000 12338173837
0.000000 12338198852
0.000000 12338223826
0.000000 12338248852
0.000000 12338273853
0.000000 12338298841
0.000000 12338323836
0.000000 12338348833
0.000000 12338373844
0.000000 12338398845
0.000000 12338423823
0.000000 12338448849
0.000000 12338473844
0.000000 12338498847
0.000000 12338523832
0.000000 12338548846
0.000000 12338573852
0.000000 12338598848
0.000000 12338623828
0.000000 12338648841
0.000000 12338673860
0.000000 12338698833
0.000000 12338723823
0.000000 12338748842
0.000000 12338773854
0.000000 12338798839
0.000000 12338823828
0.000000 12338848850
0.000000 12338873839
0.000000 12338898845
0.000000 12338923832
0.000000 12338948828
0.000000 12338973832
0.000000 12338998835
0.000000 12339023831
0.000000 12339048835
0.000000 12339073836
0.000000 12339098832
0.000000 12339123838
0.000000 12339148839
0.000000 12339173827
0.000000 12339198852
0.000000 12339223849
0.000000 12339248837
0.000000 12339273849
0.000000 12339298845
0.000000 12339323853
0.000000 12339348821
0.000000 12339373851
0.000000 12339398834
0.000000 12339423826
0.000000 12339448848
0.000000 12339473825
0.000000 12339498834
0.000000 12339523819
0.000000 12339548807
0.000000 12339573818
0.000000 12339598851
0.000000 12339623845
0.000000 12339648839
0.000000 12339673832
0.000000 12339698830
0.000000 12339723839
0.000000 12339748837
0.000000 12339773832
0.000000 12339798839
0.000000 12339823834
0.000000 12339848834
0.000000 12339873833
0.000000 12339898830
0.000000 12339923837
0.000000 12339948832
0.000000 12339973835
0.000000 12339998848
0.000000 12340023818
0.000000 12340048829
0.000000 12340073832
0.000000 12340098843
0.000000 12340123828
0.000000 12340148833
0.000000 12340173833
0.000000 12340198840
0.000000 12340223833
0.000000 12340248836
0.000000 12340273830
0.000000 12340298835
0.000000 12340323853
0.000000 12340348839
0.000000 12340373841
0.000000 12340398840
0.000000 12340423949
0.000000 12340448831
0.000000 12340473835
0.000000 12340498845
0.000000 12340523842
0.000000 12340548840
0.000000 12340573834
0.000000 12340598831
0.000000 12340623845
0.000000 12340648834
0.000000 12340673825
0.000000 12340698848
0.000000 12340723840
0.000000 12340748840
0.000000 12340773836
0.000000 12340798839
0.000000 12340823839
0.000000 12340848836
0.000000 12340873845
0.000000 12340898834
0.000000 12340923845
0.000000 12340948838
0.000000 12340973840
0.000000 12340998841
0.000000 12341023852
0.000000 12341048840
0.000000 12341073833
0.000000 12341098838
0.000000 12341123838
0.000000 12341148845
0.000000 12341173849
0.000000 12341198847
0.000000 12341223848
0.000000 12341248838
0.000000 12341273843
0.000000 12341298850
0.000000 12341323840
0.000000 12341348838
0.000000 12341373841
0.000000 12341398837
0.000000 12341423841
0.000000 12341448834
0.000000 12341473838
0.000000 12341498839
0.000000 12341523851
0.000000 12341548840
0.000000 12341573838
0.000000 12341598843
0.000000 12341623858
0.000000 12341648848
0.000000 12341673852
0.000000 12341698860
0.000000 12341723848
