-1.765197 -0.794339 8.933860 27064936817
-1.804424 -0.862985 8.933860 27064961795
-1.843650 -0.961052 9.002505 27064986795
-1.912297 -0.961052 9.169219 27065011814
-1.980944 -0.931632 9.159412 27065036807
-2.108430 -0.833565 9.718391 27065061796
-2.128043 -0.745305 9.718391 27065086816
-2.137850 -0.813952 9.502645 27065111811
-2.157463 -0.833565 9.384965 27065136813
-2.108430 -0.912019 9.316319 27065161797
-2.079010 -0.853179 9.355545 27065186814
-2.088817 -0.784532 9.414385 27065211809
-2.088817 -0.706079 9.532065 27065236826
-2.069203 -0.706079 9.600712 27065261787
-2.108430 -0.735499 9.512452 27065286803
-2.128043 -0.794339 9.532065 27065311808
-2.206496 -0.862985 9.512452 27065336838
-2.118237 -0.902212 9.483032 27065361800
-2.079010 -0.794339 9.463418 27065386805
-1.990750 -0.764919 9.424192 27065411809
-2.029977 -0.843372 9.335932 27065436828
-2.069203 -0.980665 9.218252 27065461788
-2.128043 -0.980665 9.179026 27065486808
-2.147657 -1.000278 9.247672 27065511807
-2.157463 -1.108152 9.237865 27065536807
-2.079010 -1.127765 9.218252 27065561785
-2.020170 -1.068925 9.228059 27065586805
-2.029977 -1.049312 9.188832 27065611803
-2.098624 -1.000278 9.277092 27065636811
-2.167270 -0.941439 9.433999 27065661791
-2.304563 -0.961052 9.541871 27065686819
-2.284950 -1.010085 9.708585 27065711808
-2.265337 -0.980665 9.718391 27065736817
-2.167270 -0.941439 9.688972 27065761786
-2.108430 -0.853179 9.600712 27065786799
-2.216303 -0.813952 9.620325 27065811813
-2.206496 -0.755112 9.787038 27065836813
-2.147657 -0.725692 9.953751 27065861779
-2.196690 -0.676659 10.159691 27065886797
-2.353596 -0.558979 10.189111 27065911850
-2.392823 -0.549172 10.198916 27065936842
-2.363403 -0.676659 10.218531 27065961797
-2.314370 -0.696272 10.218531 27065986815
-2.069203 -0.529559 10.296983 27066011816
-1.902490 -0.529559 10.346016 27066036815
-1.843650 -0.598206 10.218531 27066061791
-1.637711 -0.715886 10.042011 27066086785
-1.667131 -0.813952 9.934137 27066111798
-1.647517 -0.902212 9.796844 27066136820
-1.706357 -0.980665 9.885104 27066161786
-1.294478 -0.784532 9.718391 27066186807
-0.872792 -0.706079 9.688972 27066211793
-0.745305 -0.764919 9.728198 27066236814
-0.627626 -0.774725 9.738005 27066261788
-0.323619 -1.108152 9.443805 27066286804
-0.549172 -1.451384 8.855406 27066311802
-0.617819 -1.853457 8.374881 27066336822
-1.010085 -2.000557 8.718113 27066361777
-0.666852 -1.618097 8.845599 27066386814
-0.205940 -1.363124 8.914246 27066411802
-0.029420 -1.314091 9.002505 27066436817
-0.029420 -1.274865 8.982893 27066461785
0.245166 -0.961052 9.002505 27066486825
0.284393 -1.049312 8.963279 27066511816
0.196133 -1.235638 8.825986 27066536797
-0.088260 -1.451384 8.875020 27066561784
-0.235360 -1.598484 8.551400 27066586819
-0.264780 -1.647517 8.541594 27066611808
-0.156906 -1.470998 8.620047 27066636787
0.107873 -1.245445 8.767146 27066661784
0.392266 -1.225831 8.796566 27066686823
0.509946 -1.304285 8.767146 27066711799
0.225553 -1.451384 8.973086 27066736815
0.147100 -1.265058 9.041733 27066761797
0.127486 -1.265058 9.061346 27066786823
0.127486 -1.412158 8.904439 27066811807
0.186326 -1.382738 8.620047 27066836811
0.862985 -1.323898 8.482754 27066861776
0.549172 -1.284671 8.982893 27066886812
-0.127486 -1.186605 8.953472 27066911809
-0.245166 -1.127765 9.188832 27066936812
-0.088260 -0.941439 9.326125 27066961797
-0.166713 -0.882599 9.934137 27066986814
0.362846 -0.794339 9.394772 27067011812
0.480526 -0.774725 9.492838 27067036812
0.480526 -0.745305 9.492838 27067061782
0.402073 -0.558979 9.590905 27067086802
0.421686 -0.372653 9.806651 27067111805
0.480526 -0.372653 9.914525 27067136814
0.539366 -0.186326 10.130271 27067161775
0.647239 -0.029420 10.198916 27067186816
0.862985 -0.019613 9.973364 27067211806
1.108152 -0.049033 10.022397 27067236814
1.402351 -0.019613 10.042011 27067261779
1.392545 -0.009807 9.885104 27067286822
1.274865 0.068647 9.934137 27067311805
1.245445 0.029420 9.836071 27067336812
1.196411 0.029420 9.669358 27067361777
1.059118 0.058840 9.335932 27067386816
0.961052 0.078453 9.326125 27067411798
0.862985 0.107873 9.237865 27067436813
0.774725 0.196133 9.228059 27067461791
0.745305 0.098067 9.414385 27067486814
0.647239 0.107873 9.473226 27067511803
0.588399 0.225553 9.473226 27067536814
0.460913 0.137293 9.492838 27067561767
0.833565 0.049033 9.698778 27067586815
0.804145 0.078453 9.688972 27067611796
0.794339 0.313813 9.698778 27067636809
1.000278 0.470719 9.747811 27067661791
0.980665 0.304006 9.728198 27067686813
1.039505 0.166713 9.718391 27067711802
1.117958 0.225553 9.738005 27067736817
0.941439 0.313813 9.718391 27067761790
0.882599 0.353039 9.639938 27067786815
0.764919 0.274586 9.747811 27067811813
0.941439 0.382459 9.590905 27067836814
0.637432 0.107873 9.169219 27067861794
0.637432 0.107873 9.139799 27067886811
0.529559 -0.137293 8.973086 27067911819
0.608012 -0.088260 8.845599 27067936818
0.588399 -0.225553 8.943666 27067961799
0.500139 -0.274586 9.041733 27067986813
0.470719 -0.205940 9.267285 27068011819
0.500139 -0.049033 9.453611 27068036813
0.500139 -0.049033 9.532065 27068061796
0.608012 0.029420 9.659552 27068086814
0.764919 0.117680 9.845878 27068111814
0.813952 0.205940 10.198916 27068136815
0.676659 -0.049033 10.473503 27068161788
0.715886 -0.127486 10.463697 27068186829
0.735499 -0.009807 10.395051 27068211809
0.323619 0.205940 10.238144 27068236810
0.323619 0.107873 10.169497 27068261786
0.304006 0.029420 10.100850 27068286817
0.529559 0.186326 9.943945 27068311807
0.539366 0.333426 9.836071 27068336838
0.725692 0.304006 9.620325 27068361807
0.892405 0.215746 9.483032 27068386826
1.225831 0.137293 9.492838 27068411819
1.235638 0.147100 9.404578 27068436818
1.166991 0.225553 9.355545 27068461772
1.049312 0.176520 9.296705 27068486824
0.872792 0.254973 9.002505 27068511818
0.843372 0.186326 8.727920 27068536798
0.853179 0.186326 8.502367 27068561785
0.882599 0.196133 8.316040 27068586812
0.980665 0.372653 8.198360 27068611804
0.882599 0.304006 8.070874 27068636823
0.902212 0.274586 8.070874 27068661792
1.000278 0.029420 8.394494 27068686824
1.019892 -0.088260 8.610240 27068711810
1.059118 -0.245166 8.825986 27068736797
1.010085 -0.323619 8.982893 27068761787
0.990472 -0.068647 9.286899 27068786817
0.912019 -0.009807 9.532065 27068811807
0.784532 -0.009807 9.787038 27068836825
0.813952 0.019613 9.992978 27068861787
0.490333 0.725692 10.473503 27068886818
0.215746 0.813952 10.257757 27068911800
0.274586 0.480526 10.100850 27068936808
0.470719 0.137293 9.639938 27068961787
0.529559 -0.225553 8.963279 27068986821
0.588399 -0.441299 9.247672 27069011810
0.608012 -0.441299 9.365352 27069036846
0.039227 -0.245166 9.384965 27069061805
-0.392266 -0.264780 9.620325 27069086807
-0.794339 -0.353039 9.718391 27069111812
-1.098345 -0.441299 9.708585 27069136822
-1.353318 -0.451106 9.973364 27069161792
-1.255251 -0.264780 9.973364 27069186820
-1.078732 -0.107873 9.787038 27069211809
-0.853179 0.029420 9.522259 27069236812
-0.107873 0.196133 9.492838 27069261786
0.098067 0.156906 9.384965 27069286832
0.117680 0.058840 9.492838 27069311802
-0.313813 -0.147100 9.473226 27069336808
-0.441299 -0.166713 9.561485 27069361781
-0.411879 -0.088260 9.679165 27069386825
-0.353039 -0.078453 9.522259 27069411798
-0.392266 -0.117680 9.561485 27069436812
-0.402073 -0.147100 9.551678 27069461783
-0.392266 -0.127486 9.669358 27069486802
-0.431493 -0.098067 9.777231 27069511788
-0.706079 -0.127486 9.796844 27069536807
-0.735499 -0.088260 9.659552 27069561782
-0.666852 -0.058840 9.541871 27069586819
-0.608012 -0.039227 9.355545 27069611799
-0.480526 0.019613 9.394772 27069636809
-0.480526 0.019613 9.453611 27069661746
-0.568786 -0.029420 9.365352 27069686831
-0.647239 0.098067 9.747811 27069711815
-0.931632 0.078453 9.934137 27069736815
-1.117958 0.078453 9.914525 27069761780
-1.078732 0.078453 9.973364 27069786818
-0.039227 1.049312 9.541871 27069811806
-0.058840 1.019892 9.355545 27069836812
-0.254973 1.029698 9.473226 27069861780
-0.804145 0.696272 9.747811 27069886818
-1.245445 0.745305 9.728198 27069911804
