12.565000 -3.937500 -1.960000 28107768242
12.565000 -1.732500 -3.990000 28107793247
6.632500 0.577500 -5.355000 28107818226
-5.390000 -4.147500 1.207500 28107843218
-10.955000 -2.222500 -3.797500 28107868226
-5.127500 -1.960000 -5.250000 28107893218
-2.677500 -6.282500 -1.365000 28107918232
-7.682500 -4.882500 3.920000 28107943214
-14.245000 3.185000 7.227500 28107968222
-8.680000 8.522500 8.400000 28107993227
-3.972500 4.672500 8.872500 28108018218
-4.410000 -2.292500 14.000000 28108043237
-0.315000 -3.272500 18.129999 28108068220
3.360000 5.460000 18.445000 28108093225
6.247500 6.107500 18.217501 28108118228
-5.477500 6.230000 11.165000 28108143220
-9.870000 0.455000 1.942500 28108168221
-13.930000 1.942500 -2.485000 28108193237
-20.562500 2.642500 -5.670000 28108218227
-25.987499 3.500000 -13.037500 28108243222
-29.330000 5.950000 -18.182501 28108268230
-24.395000 0.157500 -17.535000 28108293227
-22.365000 -1.697500 -16.537500 28108318229
-18.462500 -0.980000 -11.935000 28108343241
-10.990000 -0.542500 -6.265000 28108368234
-9.502500 -2.730000 -3.570000 28108393236
-8.837500 0.262500 -4.287500 28108418232
-3.535000 -2.642500 -1.015000 28108443226
0.612500 -5.110000 -2.380000 28108468236
-2.187500 10.202500 -3.360000 28108493234
-0.175000 5.530000 1.785000 28108518231
-1.627500 -1.767500 4.550000 28108543201
-2.695000 -2.170000 -1.330000 28108568405
3.727500 2.467500 -5.705000 28108593231
9.222500 3.622500 -2.047500 28108618225
8.137500 -8.592500 5.057500 28108643223
8.452500 -16.170000 6.405000 28108668227
14.962500 -13.405000 -3.500000 28108693228
17.377501 -11.095000 -8.925000 28108718230
15.102500 -9.642500 -8.907500 28108743100
17.727501 -24.342501 -6.720000 28108768240
25.690001 -21.402500 -9.555000 28108793239
22.469999 6.790000 -10.657500 28108818226
53.340000 3.395000 -2.607500 28108843229
43.084999 3.972500 7.035000 28108868225
36.575001 6.300000 6.790000 28108893227
12.897500 3.990000 -2.047500 28108918228
3.220000 12.390000 -10.832500 28108943212
-14.560000 6.825000 -15.627501 28108968225
-17.237499 -14.805000 -11.795000 28108993157
-15.662500 -15.417500 -8.400000 28109018114
-13.107500 -24.167500 -9.275000 28109043220
-2.397500 -22.540001 -7.630000 28109068234
-7.560000 -18.410000 -3.150000 28109093230
0.560000 -9.887500 -0.122500 28109118234
7.507500 -6.072500 7.175000 28109143205
8.872500 -6.230000 8.050000 28109168205
2.852500 -3.920000 10.780000 28109193211
-2.030000 -5.617500 18.059999 28109218213
2.730000 -4.865000 20.405001 28109243204
3.710000 -8.715000 20.947500 28109268203
10.027500 -11.970000 25.830000 28109293210
14.910000 -12.722500 28.770000 28109318205
12.145000 13.527500 32.847500 28109343202
-0.805000 11.252500 33.092499 28109368208
1.697500 -5.512500 33.547501 28109393217
7.665000 -18.882500 36.837502 28109418205
15.452500 -9.642500 37.939999 28109443204
15.435000 -10.220000 33.424999 28109468207
18.025000 -20.002501 39.689999 28109493215
22.889999 -12.092500 40.880001 28109518203
22.592501 -5.652500 36.189999 28109543202
18.865000 -8.557500 34.790001 28109568201
18.480000 -19.897501 38.814999 28109593213
14.927500 -24.307501 44.222500 28109618201
14.385000 -2.625000 51.415001 28109643204
8.890000 3.710000 55.702499 28109668206
7.472500 -5.250000 71.154999 28109693215
13.545000 -16.082500 76.072502 28109718200
11.357500 -8.417500 69.720001 28109743207
3.220000 1.540000 72.695000 28109768200
2.362500 2.800000 82.022499 28109793216
-6.877500 16.957500 83.860001 28109818208
-2.467500 23.852501 92.382500 28109843204
3.535000 0.700000 107.870003 28109868202
-14.385000 -11.252500 98.612503 28109893212
-27.282499 9.940000 94.675003 28109918216
-15.837500 1.820000 83.562500 28109943204
-22.155001 -5.477500 79.432503 28109968203
-24.272501 -2.730000 73.867500 28109993217
-8.575000 -16.572500 83.772499 28110018005
-14.315001 -23.799999 93.397499 28110043211
-17.202499 1.382500 91.787498 28110068207
-4.725000 -0.770000 84.315002 28110093212
11.760000 -8.662500 77.419998 28110118204
23.309999 -7.595000 78.470001 28110143201
35.122501 -15.435000 100.135002 28110168202
24.535000 -13.947500 110.862503 28110193220
5.145000 7.980000 94.587502 28110218212
22.504999 2.240000 94.254997 28110243202
22.872499 11.497500 86.695000 28110268209
5.232500 -5.530000 70.612503 28110293214
-8.960000 3.360000 72.099998 28110318203
-0.630000 -25.637501 91.175003 28110343205
-5.897500 -41.947498 92.574997 28110368202
0.647500 -52.412498 92.540001 28110393213
23.432501 -42.945000 89.897499 28110418193
33.722500 -32.357502 79.537498 28110443198
29.872499 1.802500 74.042503 28110468206
9.467500 53.287498 59.377499 28110493214
-2.222500 126.507500 54.705002 28110518204
-39.042500 132.107498 37.869999 28110543202
-43.154999 78.487503 40.442501 28110568206
-53.777500 69.055000 50.400002 28110593208
-74.987503 76.474998 41.790001 28110618206
-77.875000 92.224998 37.782501 28110643203
-88.077499 105.070000 36.592499 28110668205
-112.997498 119.192497 48.282501 28110693223
-124.617500 109.025002 38.972500 28110718210
-122.639999 85.242500 29.924999 28110743205
-97.527504 50.522499 37.992500 28110768206
-73.867500 35.927502 24.465000 28110793210
-50.207500 33.950001 -3.920000 28110818202
-44.677502 41.965000 10.517500 28110843202
-53.077499 31.955000 18.865000 28110868203
-41.492500 17.815001 22.085001 28110893214
-44.764999 -20.684999 6.300000 28110918205
-30.887501 -38.587502 -16.240000 28110943201
12.967500 9.852500 -32.847500 28110968208
48.317501 31.412500 -15.435000 28110993213
33.827499 15.050000 9.170000 28111018081
-13.527500 16.012501 5.530000 28111043207
-25.357500 15.995000 9.310000 28111068176
-11.200000 5.355000 18.007500 28111093202
-1.872500 -11.847500 18.182501 28111118282
3.290000 -12.337500 8.365000 28111143190
17.219999 16.135000 -5.512500 28111168208
2.835000 16.799999 -11.935000 28111193201
-31.097500 6.912500 -9.677500 28111218221
-40.757500 1.155000 -6.282500 28111243194
-25.585001 20.335001 -1.137500 28111268227
-29.662500 11.865000 0.017500 28111293212
-41.142502 3.150000 -2.100000 28111318168
-33.040001 2.205000 -10.797500 28111343194
-26.635000 13.807500 -18.567499 28111368169
-27.230000 18.620001 -9.642500 28111393201
-37.362499 10.080000 -5.705000 28111418173
-29.190001 7.595000 -0.665000 28111443192
-18.094999 3.990000 7.787500 28111468177
0.857500 -1.557500 -0.752500 28111493210
-4.025000 1.120000 -17.202499 28111518183
-20.037500 3.640000 -15.610000 28111543194
-22.085001 7.262500 -4.987500 28111568171
-10.150000 8.347500 4.445000 28111593204
-4.795000 1.120000 0.892500 28111618166
-4.725000 -0.262500 -5.250000 28111643199
-6.037500 3.885000 -8.295000 28111668175
-8.330000 -6.335000 -6.982500 28111693205
6.615000 -9.625000 -7.245000 28111718174
11.340000 -4.042500 -10.255000 28111743198
3.325000 -1.540000 -11.637500 28111768167
1.032500 1.977500 -9.660000 28111793206
-2.257500 0.910000 -5.950000 28111818205
-4.182500 -5.600000 -3.622500 28111843197
2.257500 -7.927500 2.415000 28111868202
-1.102500 -2.240000 1.837500 28111893205
-6.300000 -0.682500 -0.892500 28111918200
-7.105000 2.905000 -4.217500 28111943197
-5.617500 -0.052500 -6.125000 28111968220
-1.207500 -1.505000 -4.235000 28111993184
3.377500 -0.910000 -1.942500 28112018105
3.517500 -0.280000 -4.935000 28112043109
2.485000 0.682500 -7.717500 28112068088
1.697500 2.520000 -4.917500 28112093214
1.085000 3.500000 -2.082500 28112118209
1.050000 -4.340000 -1.960000 28112143201
8.155000 -5.985000 -3.622500 28112168213
9.922500 0.717500 -2.992500 28112193212
4.637500 4.900000 -1.242500 28112218215
-1.557500 4.935000 -2.835000 28112243203
