1.440000 -7.440000 -2.400000 28107750754
1.140000 -7.140000 -2.700000 28107775590
1.440000 -7.080000 -3.000000 28107800702
1.260000 -7.260000 -2.460000 28107825500
1.380000 -7.260000 -2.700000 28107850507
1.260000 -7.260000 -2.700000 28107875473
1.140000 -7.020000 -2.460000 28107900469
1.440000 -7.080000 -2.640000 28107925476
1.500000 -7.020000 -2.460000 28107950467
0.960000 -7.440000 -2.520000 28107975480
1.560000 -7.200000 -2.640000 28108000694
1.320000 -7.080000 -2.760000 28108025488
1.320000 -7.080000 -2.520000 28108050465
1.380000 -7.140000 -2.580000 28108075458
1.440000 -7.440000 -2.520000 28108100451
1.080000 -6.840000 -2.640000 28108125464
1.320000 -7.080000 -2.880000 28108150471
1.500000 -7.020000 -2.580000 28108175517
0.960000 -7.080000 -2.760000 28108200515
1.260000 -7.260000 -2.820000 28108225473
1.380000 -7.020000 -2.580000 28108250850
1.320000 -6.840000 -2.520000 28108275461
1.200000 -6.840000 -2.760000 28108300455
1.380000 -6.540000 -2.820000 28108327633
1.260000 -6.900000 -2.820000 28108350516
1.260000 -6.660000 -2.700000 28108375472
1.140000 -6.780000 -2.820000 28108400484
1.500000 -6.900000 -2.700000 28108425211
1.200000 -6.720000 -2.520000 28108450235
1.560000 -6.840000 -3.000000 28108475204
1.260000 -6.780000 -2.820000 28108500198
1.500000 -6.660000 -2.580000 28108525212
1.380000 -6.900000 -2.580000 28108550205
1.140000 -6.780000 -2.820000 28108575191
1.440000 -6.960000 -2.520000 28108600196
1.260000 -6.780000 -2.700000 28108625300
1.200000 -6.720000 -2.760000 28108650193
1.260000 -6.900000 -2.700000 28108675188
1.260000 -7.020000 -2.940000 28108700187
0.960000 -6.840000 -2.640000 28108725191
1.260000 -6.660000 -2.460000 28108750187
0.900000 -7.140000 -2.820000 28108775219
1.080000 -7.080000 -2.760000 28108800202
1.080000 -6.840000 -3.000000 28108825190
1.020000 -7.020000 -2.820000 28108850201
1.380000 -7.380000 -2.700000 28108875185
1.440000 -7.440000 -2.880000 28108900186
1.260000 -7.380000 -2.580000 28108925181
0.960000 -6.960000 -2.520000 28108950194
1.440000 -7.080000 -2.760000 28108975184
0.960000 -7.320000 -2.640000 28109000324
1.020000 -7.020000 -2.580000 28109025309
1.080000 -7.200000 -2.760000 28109050397
0.720000 -7.080000 -2.400000 28109075190
1.080000 -6.960000 -2.760000 28109100189
0.960000 -7.080000 -2.760000 28109125179
0.660000 -7.260000 -2.820000 28109150181
0.900000 -7.020000 -2.820000 28109175163
0.480000 -7.320000 -2.760000 28109200179
0.840000 -7.200000 -2.880000 28109225170
0.600000 -7.200000 -2.760000 28109250189
1.020000 -7.020000 -2.700000 28109275164
0.780000 -7.500000 -3.060000 28109300235
0.900000 -7.140000 -2.580000 28109325163
0.600000 -7.320000 -3.000000 28109350166
0.600000 -7.320000 -2.640000 28109375156
0.840000 -7.560000 -2.640000 28109400160
0.540000 -7.500000 -3.060000 28109425156
0.300000 -7.860000 -2.700000 28109450172
0.540000 -7.380000 -2.820000 28109475163
0.300000 -7.860000 -2.820000 28109500174
0.360000 -8.040000 -2.520000 28109525243
0.300000 -8.099999 -2.820000 28109550171
0.300000 -8.220000 -2.820000 28109575154
0.180000 -7.980000 -2.700000 28109600172
0.180000 -7.740000 -2.820000 28109625161
0.060000 -7.980000 -2.700000 28109650206
0.060000 -8.099999 -3.060000 28109675167
-0.240000 -7.920000 -3.000000 28109700171
-0.300000 -8.580000 -2.940000 28109725156
-0.480000 -8.160000 -2.760000 28109750176
-0.360000 -8.280000 -2.760000 28109775179
-0.420000 -8.220000 -2.820000 28109800173
-0.540000 -8.099999 -2.820000 28109825166
-0.660000 -8.460000 -2.700000 28109850173
-0.600000 -8.040000 -2.880000 28109875173
-0.540000 -8.220000 -2.340000 28109900177
-0.780000 -8.340000 -2.700000 28109925174
-0.900000 -8.340000 -2.820000 28109950256
-1.140000 -8.460000 -2.820000 28109975153
-1.200000 -7.680000 -2.880000 28110000604
-1.560000 -8.040000 -2.880000 28110026601
-1.560000 -8.040000 -2.400000 28110050257
-1.680000 -8.040000 -2.880000 28110075386
-1.560000 -7.920000 -2.880000 28110100167
-1.920000 -8.040000 -2.880000 28110125578
-2.220000 -8.220000 -2.940000 28110150235
-1.980000 -8.340000 -2.460000 28110175365
-2.160000 -8.040000 -2.760000 28110200169
-2.400000 -7.560000 -2.640000 28110225632
-2.580000 -7.860000 -2.700000 28110250185
-2.460000 -7.740000 -2.580000 28110275403
-2.820000 -8.099999 -2.820000 28110300175
-2.580000 -7.740000 -2.580000 28110325585
-2.880000 -7.920000 -2.880000 28110350179
-3.180000 -7.860000 -2.820000 28110375375
-3.180000 -7.500000 -2.340000 28110400171
-3.300000 -7.740000 -2.580000 28110425579
-3.720000 -7.680000 -2.400000 28110450167
-3.360000 -7.920000 -2.520000 28110475353
-3.600000 -7.560000 -2.400000 28110500173
-3.180000 -7.740000 -2.580000 28110525616
-2.760000 -7.320000 -2.880000 28110550199
-3.000000 -7.200000 -2.640000 28110575384
-2.760000 -6.960000 -2.760000 28110600256
-2.340000 -6.660000 -2.940000 28110625583
-2.400000 -6.240000 -3.360000 28110650194
-2.340000 -6.300000 -3.180000 28110675384
-1.680000 -6.000000 -3.120000 28110700168
-1.500000 -5.460000 -3.540000 28110725317
-1.440000 -5.400000 -3.480000 28110750189
-1.320000 -5.520000 -3.120000 28110775387
-1.560000 -5.280000 -3.360000 28110800285
-1.200000 -5.280000 -3.240000 28110825337
-1.020000 -4.980000 -3.420000 28110850169
-0.900000 -5.100000 -3.180000 28110875378
-0.780000 -4.500000 -2.940000 28110900168
-0.960000 -4.560000 -3.120000 28110925576
-0.900000 -4.620000 -3.180000 28110950238
-0.840000 -4.680000 -3.240000 28110975295
-0.900000 -4.860000 -3.060000 28111000599
-0.900000 -4.740000 -3.420000 28111025374
-0.780000 -4.620000 -3.300000 28111050177
-0.720000 -4.680000 -3.120000 28111075323
-0.900000 -4.740000 -3.180000 28111100246
-0.660000 -4.740000 -3.180000 28111125296
-0.720000 -4.800000 -3.480000 28111150239
-0.960000 -4.800000 -3.480000 28111175390
-0.480000 -4.560000 -3.120000 28111200179
-0.900000 -4.500000 -3.180000 28111225328
-1.020000 -4.380000 -3.180000 28111250176
-0.720000 -4.560000 -3.360000 28111275419
-0.720000 -4.320000 -3.120000 28111300184
-0.600000 -4.560000 -3.000000 28111325287
-0.420000 -4.260000 -3.060000 28111350165
-0.660000 -4.260000 -3.300000 28111375305
-0.660000 -3.900000 -2.940000 28111400237
-0.720000 -3.960000 -3.480000 28111425317
-0.360000 -4.200000 -2.880000 28111450180
-0.660000 -4.380000 -3.060000 28111475510
-0.420000 -4.020000 -3.060000 28111500178
-0.300000 -4.020000 -2.940000 28111525370
-0.240000 -3.840000 -3.000000 28111550185
-0.600000 -3.600000 -2.760000 28111575318
-0.300000 -3.780000 -2.940000 28111600179
-0.780000 -3.900000 -3.180000 28111625332
-0.780000 -4.140000 -3.180000 28111650172
-0.780000 -4.020000 -2.940000 28111675320
-0.600000 -3.720000 -3.000000 28111700255
-0.540000 -3.900000 -3.060000 28111725324
-1.020000 -3.900000 -3.060000 28111750196
-0.660000 -4.020000 -2.820000 28111775331
-0.720000 -3.840000 -2.640000 28111800195
-0.660000 -3.900000 -2.940000 28111825690
-0.780000 -3.780000 -3.060000 28111850187
-0.900000 -4.020000 -2.820000 28111875360
-0.660000 -4.020000 -3.180000 28111900234
-0.660000 -3.900000 -3.180000 28111925313
-0.780000 -3.900000 -2.940000 28111950173
-0.900000 -3.780000 -3.300000 28111975366
-0.900000 -4.380000 -2.940000 28112000414
-0.600000 -3.840000 -2.880000 28112025340
-1.080000 -3.720000 -2.880000 28112050247
-0.780000 -3.540000 -3.180000 28112075314
-0.780000 -3.900000 -3.180000 28112100177
-0.780000 -3.900000 -2.940000 28112125710
-1.020000 -3.780000 -3.180000 28112150171
-0.600000 -3.960000 -3.000000 28112175319
-0.780000 -4.260000 -2.940000 28112200172
-0.660000 -3.900000 -2.700000 28112225314
-0.780000 -3.780000 -3.060000 28112250185
