1.500418 0.362846 9.600712 29518500369
1.431771 0.323619 9.630132 29518523267
1.451384 0.333426 9.669358 29518548274
1.441578 0.196133 9.698778 29518573250
1.333705 0.284393 9.728198 29518598262
1.382738 0.274586 9.728198 29518623316
1.520031 0.235360 9.757618 29518648308
1.725971 0.117680 9.747811 29518673304
1.735777 0.068647 9.767425 29518698307
1.745584 0.068647 9.708585 29518723311
1.765197 0.166713 9.728198 29518748312
1.735777 0.284393 9.757618 29518773390
1.745584 0.235360 9.767425 29518798394
1.745584 0.205940 9.708585 29518823598
1.686744 0.235360 9.747811 29518848584
1.676937 0.235360 9.796844 29518873569
1.637711 0.235360 9.796844 29518898587
1.676937 0.205940 9.698778 29518923595
1.686744 0.147100 9.718391 29518948580
1.775004 0.147100 9.816459 29518973569
1.765197 0.058840 9.747811 29518998586
1.706357 0.127486 9.757618 29519023595
1.667131 0.117680 9.767425 29519048556
1.696550 0.009807 9.845878 29519073571
1.745584 0.058840 9.816459 29519098590
1.784810 0.107873 9.826264 29519123575
1.794617 0.117680 9.855684 29519148576
1.765197 0.186326 9.836071 29519173566
1.696550 0.225553 9.924331 29519198583
1.686744 0.156906 10.002784 29519223575
1.647517 0.107873 10.267564 29519248589
1.637711 0.156906 10.375437 29519273565
1.608291 0.284393 10.414664 29519298592
1.637711 0.411879 10.493117 29519323595
1.618097 0.490333 10.591184 29519348585
1.569064 0.578592 10.591184 29519373579
1.441578 0.745305 10.600989 29519398588
1.333705 0.784532 10.551956 29519423585
1.225831 0.706079 10.473503 29519448589
1.147378 0.764919 10.444084 29519473571
0.990472 0.941439 10.365630 29519498581
0.912019 1.049312 10.277370 29519523573
0.902212 0.715886 10.306790 29519548588
0.794339 0.706079 10.179304 29519573571
0.735499 1.059118 10.002784 29519598593
0.735499 1.323898 9.845878 29519623594
0.676659 1.029698 9.738005 29519648584
0.519753 1.147378 9.738005 29519673571
0.333426 1.520031 9.600712 29519698587
0.205940 1.706357 9.522259 29519723561
0.176520 1.421964 9.590905 29519748575
0.196133 1.529838 9.512452 29519773571
0.147100 1.892684 9.453611 29519798593
0.098067 2.128043 9.414385 29519823572
0.068647 2.186883 9.326125 29519848586
0.068647 2.118237 9.316319 29519873569
0.009807 2.226110 9.316319 29519898592
-0.009807 2.441856 9.306512 29519923556
0.039227 2.657602 9.120186 29519948587
0.019613 2.716442 9.169219 29519973563
-0.117680 2.745862 9.110379 29519998591
-0.480526 2.892962 8.914246 29520023568
-0.568786 2.902769 9.002505 29520048596
-0.617819 2.951802 9.061346 29520073575
-0.706079 2.971415 9.159412 29520098661
-0.676659 3.079288 8.924053 29520123580
-0.657046 3.059675 8.894632 29520148573
-0.676659 3.069482 8.835793 29520173565
-0.706079 3.157742 8.825986 29520198582
-0.715886 2.981222 8.943666 29520223581
-0.813952 2.863542 8.894632 29520248578
-0.951245 2.804702 9.061346 29520273584
-1.117958 2.687022 9.120186 29520298594
-1.304285 2.549729 9.208446 29520323606
-1.343511 2.490890 9.355545 29520348575
-1.402351 2.510503 9.483032 29520373564
-1.470998 2.588956 9.581099 29520398583
-1.559257 2.549729 9.581099 29520423564
-1.539644 2.392823 9.679165 29520448549
-1.588677 2.235916 9.796844 29520473557
-1.578871 2.186883 9.747811 29520498570
-1.510224 2.049590 9.630132 29520523569
-1.500418 2.000557 9.659552 29520548554
-1.529838 2.039783 9.659552 29520573550
-1.588677 2.069203 9.581099 29520598553
-1.539644 1.853457 9.600712 29520623563
-1.461191 1.784810 9.610518 29520648561
-1.451384 1.843650 9.561485 29520673547
-1.510224 1.902490 9.512452 29520698551
-1.529838 1.912297 9.512452 29520723573
-1.539644 1.931910 9.551678 29520748552
-1.412158 1.912297 9.590905 29520773533
-1.157185 1.735777 9.512452 29520798565
-1.176798 1.686744 9.453611 29520823559
-1.196411 1.765197 9.433999 29520848555
-1.255251 1.882877 9.443805 29520873532
-1.245445 1.843650 9.620325 29520898560
-1.206218 1.696550 9.688972 29520923562
-1.157185 1.657324 9.747811 29520948548
-1.117958 1.686744 9.806651 29520973551
-1.108152 1.470998 9.934137 29520998568
-1.117958 1.304285 9.894911 29521023556
-1.166991 1.274865 9.924331 29521048560
-1.216025 1.314091 10.012591 29521073538
-1.108152 1.588677 9.806651 29521098567
-0.961052 1.637711 9.747811 29521123566
-0.961052 1.539644 9.757618 29521148571
-1.098345 1.500418 9.777231 29521173552
-1.147378 1.421964 9.767425 29521198566
-1.019892 1.402351 9.728198 29521223565
-0.961052 1.461191 9.688972 29521248564
-0.990472 1.549451 9.659552 29521273541
-0.970859 1.578871 9.738005 29521298571
-0.951245 1.569064 9.728198 29521323576
-0.961052 1.569064 9.738005 29521348571
-0.961052 1.500418 9.767425 29521373554
-0.931632 1.529838 9.590905 29521398580
-0.961052 1.549451 9.630132 29521423568
-1.029698 1.559257 9.669358 29521448568
-1.068925 1.569064 9.747811 29521473533
-1.019892 1.637711 9.688972 29521498570
-0.941439 1.578871 9.610518 29521523566
-0.931632 1.480804 9.639938 29521548571
-1.029698 1.431771 9.639938 29521573550
-1.010085 1.392545 9.757618 29521598563
-0.931632 1.382738 9.767425 29521623559
-0.931632 1.441578 9.718391 29521648568
-0.813952 1.412158 9.885104 29521673550
-0.755112 1.294478 9.826264 29521698547
-0.764919 1.265058 9.767425 29521723573
-0.764919 1.323898 9.718391 29521748551
