-5.760000 -3.240000 0.360000 29518512297
-6.120000 -3.120000 0.360000 29518538855
-6.240000 -3.120000 0.240000 29518560673
-6.120000 -3.240000 0.480000 29518585950
-6.120000 -3.240000 0.360000 29518612158
-5.940000 -3.060000 0.180000 29518635814
-6.180000 -3.300000 0.300000 29518660831
-6.060000 -3.300000 0.420000 29518685928
-5.640000 -3.360000 0.360000 29518710836
-6.120000 -3.480000 0.240000 29518735856
-6.120000 -3.360000 0.360000 29518761800
-6.060000 -3.300000 0.300000 29518786609
-6.300000 -3.300000 0.180000 29518812561
-5.880000 -3.360000 0.240000 29518837179
-5.760000 -3.120000 0.240000 29518861898
-6.060000 -3.180000 0.180000 29518887454
-6.060000 -3.060000 0.180000 29518911890
-5.760000 -3.120000 0.360000 29518937149
-5.940000 -3.300000 0.300000 29518962794
-5.820000 -3.420000 0.420000 29518987744
-6.240000 -3.000000 0.480000 29519011893
-6.000000 -3.120000 0.480000 29519036905
-6.060000 -3.180000 0.180000 29519061899
-5.700000 -3.180000 0.420000 29519087678
-5.880000 -3.360000 0.420000 29519112706
-5.940000 -3.180000 0.300000 29519136955
-6.180000 -3.180000 0.420000 29519162496
-6.000000 -3.240000 0.600000 29519187549
-6.120000 -3.360000 0.360000 29519212140
-6.060000 -3.180000 0.060000 29519237160
-6.240000 -3.120000 0.240000 29519262678
-6.120000 -3.360000 0.360000 29519287423
-6.420000 -3.420000 0.060000 29519311902
-6.120000 -3.240000 0.240000 29519337152
-6.000000 -3.720000 0.120000 29519362724
-6.000000 -3.360000 0.120000 29519387650
-5.820000 -3.060000 0.060000 29519411897
-5.820000 -3.300000 0.180000 29519436899
-6.000000 -3.120000 -0.240000 29519462548
-6.000000 -3.480000 -0.120000 29519487143
-5.940000 -3.420000 -0.180000 29519512198
-5.700000 -3.420000 -0.300000 29519536978
-5.580000 -2.940000 -0.420000 29519562520
-5.460000 -3.180000 -0.660000 29519587615
-5.580000 -2.940000 -0.300000 29519612176
-5.760000 -3.480000 -0.600000 29519636908
-5.700000 -3.300000 -0.420000 29519662643
-5.580000 -3.060000 -0.540000 29519686886
-5.160000 -3.120000 -0.480000 29519711906
-5.460000 -3.300000 -0.660000 29519736901
-5.580000 -3.300000 -0.900000 29519762568
-5.400000 -2.880000 -0.960000 29519786918
-5.220000 -2.940000 -1.140000 29519811903
-5.220000 -3.060000 -0.900000 29519837471
-4.920000 -3.000000 -1.200000 29519862444
-4.860000 -2.700000 -1.380000 29519886891
-4.680000 -3.000000 -1.200000 29519911907
-4.740000 -2.820000 -1.500000 29519936936
-4.260000 -2.820000 -1.380000 29519962529
-4.560000 -2.760000 -1.320000 29519987012
-4.140000 -2.460000 -1.380000 29520012018
-4.560000 -2.640000 -1.800000 29520037563
-4.260000 -2.700000 -1.500000 29520062393
-4.200000 -2.640000 -1.800000 29520086934
-3.900000 -2.460000 -1.860000 29520111893
-3.840000 -2.640000 -1.560000 29520136940
-3.660000 -2.460000 -1.380000 29520162487
-3.960000 -2.160000 -1.680000 29520186912
-3.360000 -2.160000 -1.560000 29520211892
-3.480000 -2.400000 -1.680000 29520237439
-3.960000 -2.040000 -1.680000 29520262566
-3.600000 -1.920000 -1.920000 29520286936
-3.360000 -2.040000 -1.800000 29520311914
-3.660000 -1.980000 -1.380000 29520337433
-3.600000 -1.800000 -1.560000 29520361888
-3.660000 -1.980000 -1.380000 29520386956
-3.420000 -1.980000 -1.500000 29520411890
-3.480000 -1.920000 -1.440000 29520437546
-3.600000 -2.160000 -1.440000 29520462335
-3.480000 -1.560000 -1.560000 29520487851
-3.420000 -1.740000 -1.500000 29520511894
-3.780000 -1.980000 -1.260000 29520537700
-3.780000 -1.980000 -1.380000 29520562130
-3.720000 -1.800000 -1.320000 29520587145
-3.540000 -1.500000 -1.500000 29520612132
-3.540000 -2.100000 -1.020000 29520637678
-3.660000 -1.980000 -1.260000 29520662669
-3.540000 -1.740000 -1.380000 29520687129
-3.420000 -1.860000 -1.260000 29520712868
-3.600000 -1.440000 -1.200000 29520737614
-3.480000 -1.920000 -1.440000 29520762275
-3.840000 -1.680000 -1.080000 29520787166
-3.480000 -1.680000 -1.080000 29520812127
-3.180000 -1.500000 -1.500000 29520837747
-3.300000 -1.980000 -1.620000 29520862138
-3.600000 -1.680000 -1.200000 29520887142
-3.420000 -1.740000 -1.260000 29520912657
-3.660000 -1.380000 -1.020000 29520937673
-3.540000 -1.740000 -0.780000 29520962240
-3.420000 -1.500000 -1.020000 29520986936
-3.660000 -1.620000 -1.140000 29521011935
-3.660000 -1.500000 -0.900000 29521037451
-3.720000 -1.680000 -1.080000 29521061896
-3.600000 -1.680000 -1.320000 29521086896
-3.780000 -1.620000 -1.020000 29521112511
-3.720000 -1.560000 -1.080000 29521137373
-3.600000 -1.680000 -1.200000 29521161873
-3.840000 -1.560000 -1.200000 29521186885
-3.660000 -1.740000 -1.260000 29521213146
-3.720000 -1.320000 -0.960000 29521237816
-3.420000 -1.740000 -1.020000 29521261914
-3.420000 -1.380000 -1.020000 29521286893
-3.660000 -1.620000 -1.620000 29521312454
-3.420000 -1.740000 -1.260000 29521337417
-3.840000 -1.680000 -1.080000 29521361869
-3.840000 -1.800000 -1.440000 29521386887
-3.600000 -1.320000 -1.200000 29521412376
-3.600000 -1.920000 -1.080000 29521436868
-3.720000 -1.680000 -1.320000 29521461881
-3.780000 -1.740000 -1.020000 29521486895
-3.840000 -1.680000 -1.320000 29521512504
-3.540000 -1.380000 -0.900000 29521537361
-3.420000 -1.860000 -1.140000 29521561881
-3.720000 -1.800000 -0.960000 29521588044
-3.780000 -1.740000 -1.020000 29521612464
-3.960000 -1.800000 -1.200000 29521636871
-3.660000 -1.860000 -1.260000 29521661890
-3.600000 -1.920000 -0.960000 29521686886
-3.960000 -1.680000 -1.200000 29521712392
-3.840000 -1.680000 -0.960000 29521736877
-3.840000 -1.680000 -1.200000 29521762173
