0.000000 29518500369
0.000000 29518523267
0.000000 29518548274
0.000000 29518573250
0.000000 29518598262
0.000000 29518623316
0.000000 29518648308
0.000000 29518673304
0.000000 29518698307
0.000000 29518723311
0.000000 29518748312
0.000000 29518773390
0.000000 29518798394
0.000000 29518823598
0.000000 29518848584
0.000000 29518873569
0.000000 29518898587
0.000000 29518923595
0.000000 29518948580
0.000000 29518973569
0.000000 29518998586
0.000000 29519023595
0.000000 29519048556
0.000000 29519073571
0.000000 29519098590
0.000000 29519123575
0.000000 29519148576
0.000000 29519173566
0.000000 29519198583
0.000000 29519223575
0.000000 29519248589
0.000000 29519273565
0.000000 29519298592
0.000000 29519323595
0.000000 29519348585
0.000000 29519373579
0.000000 29519398588
0.000000 29519423585
0.000000 29519448589
0.000000 29519473571
0.000000 29519498581
0.000000 29519523573
0.000000 29519548588
0.000000 29519573571
0.000000 29519598593
0.000000 29519623594
0.000000 29519648584
0.000000 29519673571
0.000000 29519698587
0.000000 29519723561
0.000000 29519748575
0.000000 29519773571
0.000000 29519798593
0.000000 29519823572
0.000000 29519848586
0.000000 29519873569
0.000000 29519898592
0.000000 29519923556
0.000000 29519948587
0.000000 29519973563
0.000000 29519998591
0.000000 29520023568
0.000000 29520048596
0.000000 29520073575
0.000000 29520098661
0.000000 29520123580
0.000000 29520148573
0.000000 29520173565
0.000000 29520198582
0.000000 29520223581
0.000000 29520248578
0.000000 29520273584
0.000000 29520298594
0.000000 29520323606
0.000000 29520348575
0.000000 29520373564
0.000000 29520398583
0.000000 29520423564
0.000000 29520448549
0.000000 29520473557
0.000000 29520498570
0.000000 29520523569
0.000000 29520548554
0.000000 29520573550
0.000000 29520598553
0.000000 29520623563
0.000000 29520648561
0.000000 29520673547
0.000000 29520698551
0.000000 29520723573
0.000000 29520748552
0.000000 29520773533
0.000000 29520798565
0.000000 29520823559
0.000000 29520848555
0.000000 29520873532
0.000000 29520898560
0.000000 29520923562
0.000000 29520948548
0.000000 29520973551
0.000000 29520998568
0.000000 29521023556
0.000000 29521048560
0.000000 29521073538
0.000000 29521098567
0.000000 29521123566
0.000000 29521148571
0.000000 29521173552
0.000000 29521198566
0.000000 29521223565
0.000000 29521248564
0.000000 29521273541
0.000000 29521298571
0.000000 29521323576
0.000000 29521348571
0.000000 29521373554
0.000000 29521398580
0.000000 29521423568
0.000000 29521448568
0.000000 29521473533
0.000000 29521498570
0.000000 29521523566
0.000000 29521548571
0.000000 29521573550
0.000000 29521598563
0.000000 29521623559
0.000000 29521648568
0.000000 29521673550
0.000000 29521698547
0.000000 29521723573
0.000000 29521748551
