0.882599 -0.715886 9.610518 22709501877
0.853179 -0.745305 9.669358 22709526880
0.843372 -0.892405 9.630132 22709551894
0.804145 -0.853179 9.649745 22709576859
0.784532 -0.823759 9.630132 22709601877
0.706079 -0.764919 9.483032 22709626879
0.696272 -0.892405 9.610518 22709651882
0.696272 -0.902212 9.698778 22709676877
0.696272 -0.941439 9.669358 22709701881
0.676659 -0.921825 9.551678 22709726884
0.666852 -0.853179 9.551678 22709751873
0.657046 -0.784532 9.512452 22709776879
0.666852 -0.706079 9.433999 22709801874
0.706079 -0.647239 9.433999 22709826877
0.755112 -0.715886 9.394772 22709851895
0.755112 -0.774725 9.384965 22709876871
0.755112 -0.833565 9.394772 22709901870
0.774725 -0.931632 9.306512 22709926871
0.735499 -0.990472 9.394772 22709951896
0.784532 -1.010085 9.424192 22709976871
0.804145 -1.088538 9.433999 22710001868
0.755112 -1.117958 9.365352 22710026872
0.784532 -1.127765 9.345738 22710051892
0.784532 -1.225831 9.404578 22710076868
0.755112 -1.353318 9.453611 22710101865
0.725692 -1.451384 9.394772 22710126873
0.627626 -1.696550 9.502645 22710151889
0.539366 -1.863264 9.767425 22710176865
0.480526 -2.059397 9.992978 22710201862
0.480526 -2.265337 9.983171 22710226866
0.588399 -2.559536 9.787038 22710251889
0.598206 -3.147935 9.571292 22710277023
0.735499 -3.138128 9.139799 22710304680
0.784532 -3.206775 9.071153 22710326931
0.892405 -3.373488 8.982893 22710351903
0.931632 -4.040340 8.502367 22710376890
1.019892 -4.246280 8.296427 22710401884
1.078732 -4.471833 8.237587 22710426888
1.059118 -4.697386 8.257200 22710451885
0.961052 -5.158298 7.757061 22710476887
1.000278 -5.393658 7.492281 22710501869
0.941439 -5.756504 7.462861 22710526881
0.921825 -6.138963 7.374601 22710551889
0.804145 -6.609683 6.962722 22710576886
0.843372 -6.903882 6.737169 22710601865
0.794339 -7.296148 6.511616 22710626882
0.627626 -7.913968 6.031090 22710651887
0.598206 -8.129714 5.776117 22710676885
0.598206 -8.276814 5.776117 22710701861
0.509946 -8.561207 5.570178 22710726877
0.460913 -9.139799 4.873906 22710751880
0.519753 -9.384965 4.599319 22710776887
0.480526 -9.365352 4.354153 22710801864
0.490333 -9.296705 3.922661 22710826884
0.637432 -9.502645 3.000835 22710851883
0.676659 -9.473226 2.716442 22710876886
0.813952 -9.375159 2.333983 22710901861
1.068925 -9.394772 1.461191 22710926875
1.098345 -9.424192 1.225831 22710951875
1.068925 -9.532065 0.921825 22710976879
1.029698 -9.443805 0.323619 22711001866
1.117958 -9.757618 -0.882599 22711026876
1.019892 -9.963558 -1.304285 22711051878
0.833565 -10.091044 -1.559257 22711076878
0.735499 -10.130271 -1.922104 22711101859
0.813952 -9.728198 -2.775282 22711126865
0.853179 -9.502645 -3.432328 22711151875
0.774725 -9.492838 -3.942274 22711176881
0.539366 -9.473226 -4.432606 22711201859
0.304006 -9.571292 -5.109265 22711226864
0.353039 -9.355545 -5.707471 22711251876
0.323619 -8.904439 -6.325290 22711276874
0.451106 -8.090487 -7.207889 22711301863
0.411879 -7.600155 -7.462861 22711326878
0.362846 -6.884269 -7.678608 22711351876
0.392266 -6.315483 -7.658995 22711376862
0.127486 -5.844764 -8.002228 22711401911
-0.029420 -6.070317 -8.875020 22711426872
-0.098067 -6.050704 -9.179026 22711451874
-0.088260 -5.707471 -9.228059 22711476873
-0.186326 -4.893519 -9.532065 22711501865
-0.166713 -4.687580 -9.738005 22711526876
-0.254973 -4.501253 -10.022397 22711551877
-0.215746 -4.138407 -10.149883 22711576881
-0.156906 -3.873627 -9.894911 22711601864
-0.245166 -3.491168 -9.924331 22711626876
-0.235360 -3.089095 -10.189111 22711651881
-0.245166 -2.647796 -9.983171 22711676879
-0.304006 -2.490890 -10.306790 22711701860
-0.333426 -2.128043 -10.218531 22711726870
-0.372653 -1.833844 -10.385243 22711751872
-0.549172 -1.647517 -11.042290 22711776873
-0.568786 -1.500418 -10.855963 22711801845
-0.509946 -1.274865 -10.846155 22711826882
-0.549172 -1.088538 -10.767703 22711851877
-0.460913 -0.862985 -10.963836 22711876879
-0.470719 -0.676659 -10.934416 22711901862
-0.480526 -0.578592 -11.022676 22711926873
-0.451106 -0.362846 -11.248228 22711951875
-0.470719 -0.470719 -11.022676 22711976880
-0.519753 -0.156906 -11.150162 22712001870
-0.470719 0.039227 -10.865769 22712026879
-0.353039 -0.441299 -10.757896 22712051878
-0.451106 -0.598206 -10.718670 22712076868
-0.451106 -0.676659 -10.581376 22712101865
-0.402073 -0.627626 -10.650023 22712126871
-0.264780 -0.617819 -10.346016 22712151874
-0.254973 -0.735499 -10.434277 22712176871
-0.166713 -0.627626 -10.385243 22712201868
-0.019613 -0.598206 -10.522536 22712226873
-0.019613 -0.745305 -10.650023 22712251860
0.049033 -0.666852 -10.679443 22712276878
0.156906 -0.617819 -10.571569 22712301866
0.098067 -0.676659 -10.669637 22712326877
0.039227 -0.657046 -10.669637 22712351860
0.068647 -0.686466 -10.650023 22712376879
0.088260 -0.735499 -10.581376 22712401860
0.088260 -0.509946 -10.659830 22712426873
-0.098067 -0.529559 -10.640217 22712451869
-0.029420 -0.647239 -10.748089 22712476875
-0.049033 -0.568786 -10.797122 22712501869
-0.107873 -0.617819 -10.708863 22712526877
-0.098067 -0.558979 -10.777510 22712551875
-0.147100 -0.529559 -10.836349 22712576868
-0.049033 -0.647239 -10.787316 22712601862
-0.049033 -0.725692 -10.914803 22712626874
-0.117680 -0.696272 -10.846155 22712651881
-0.107873 -0.676659 -10.797122 22712676866
-0.009807 -0.578592 -10.787316 22712701957
0.029420 -0.441299 -10.699056 22712726883
0.019613 -0.333426 -10.551956 22712751958
0.019613 -0.392266 -10.659830 22712776870
-0.107873 -0.529559 -10.875576 22712801854
-0.137293 -0.568786 -10.836349 22712826864
-0.127486 -0.421686 -10.787316 22712851867
-0.117680 -0.421686 -10.875576 22712876878
-0.107873 -0.627626 -10.885383 22712901865
-0.058840 -0.725692 -10.767703 22712926873
-0.049033 -0.735499 -10.689250 22712951885
-0.039227 -0.657046 -10.826543 22712976868
-0.049033 -0.617819 -10.738283 22713001868
-0.009807 -0.509946 -10.650023 22713026887
-0.009807 -0.500139 -10.689250 22713051868
-0.039227 -0.392266 -10.679443 22713076881
-0.009807 -0.304006 -10.532343 22713101873
