1.750000 -4.655000 -0.140000 22709528766
0.245000 -5.110000 -0.437500 22709553766
0.087500 -4.707500 -1.505000 22709578790
-1.102500 -5.705000 -2.310000 22709603770
-1.890000 -3.220000 -0.682500 22709628760
-0.525000 1.522500 2.362500 22709653767
1.260000 -1.557500 0.682500 22709678765
0.472500 -2.922500 -0.245000 22709703767
-0.105000 -6.142500 -3.867500 22709728770
-2.362500 -6.562500 -4.375000 22709753770
-4.112500 -8.435000 -5.565000 22709778777
-3.990000 -7.700000 -4.777500 22709803768
-0.962500 -6.212500 -3.220000 22709828765
1.032500 -7.315000 -0.980000 22709853762
2.117500 -8.102500 -0.962500 22709878792
0.402500 -7.717500 -2.100000 22709903770
-1.522500 -6.317500 -3.167500 22709928765
-2.502500 -4.112500 -2.957500 22709953762
-3.675000 -4.620000 -3.360000 22709978803
-4.987500 -5.915000 -2.642500 22710003797
-4.952500 -5.372500 -1.645000 22710028764
-3.780000 -3.342500 -1.610000 22710053766
-8.295000 -1.242500 -3.237500 22710078790
-11.480000 0.052500 -3.622500 22710103766
-14.402500 0.525000 -3.622500 22710128769
-19.215000 3.447500 -5.285000 22710153765
-31.395000 -1.155000 -9.170000 22710178792
-41.160000 -5.932500 -6.895000 22710203761
-56.139999 -13.352500 -6.755000 22710228762
-69.667503 -12.967500 -12.810000 22710264286
-87.482498 -17.219999 -21.910000 22710278865
-90.737503 -17.500000 -24.290001 22710305382
-88.077499 -9.975000 -15.102500 22710328768
-87.517502 -13.860000 -8.120000 22710353776
-87.290001 -13.195000 -2.555000 22710378797
-84.542503 -7.945000 1.067500 22710403772
-78.662498 -3.430000 3.850000 22710428779
-80.972504 -6.037500 6.177500 22710453771
-84.682503 -7.210000 11.602500 22710478587
-88.357498 -2.187500 14.542500 22710503571
-87.290001 2.117500 18.812500 22710528584
-87.832497 0.490000 15.522500 22710553568
-90.807503 0.105000 11.165000 22710578630
-93.957497 -0.630000 12.565000 22710603571
-97.440002 1.627500 10.657500 22710628612
-100.449997 0.595000 6.895000 22710653568
-95.392502 4.760000 7.035000 22710678624
-90.562500 5.162500 0.665000 22710703568
-97.160004 -5.390000 -3.850000 22710728620
-101.639999 -6.037500 -3.027500 22710753569
-101.622498 -5.565000 -8.942500 22710778616
-102.235001 -13.352500 -15.120000 22710803577
-103.495003 -19.075001 -17.325001 22710828573
-108.430000 -16.555000 -18.147501 22710853569
-114.152504 -15.750000 -21.822500 22710878570
-119.332504 -17.517500 -17.150000 22710903570
-117.092499 -18.357500 -9.975000 22710928567
-116.830002 -16.835001 -2.957500 22710953566
-122.727501 -23.975000 0.087500 22710978574
-125.842499 -32.689999 8.295000 22711003571
-126.245003 -30.799999 13.177500 22711028568
-121.607498 -27.090000 14.262500 22711053567
-115.237503 -23.344999 9.380000 22711078568
-112.419998 -22.469999 4.830000 22711103570
-120.977501 -25.777500 3.727500 22711128571
-131.232498 -33.267502 8.312500 22711153567
-136.990005 -31.115000 11.165000 22711178569
-132.002502 -25.795000 16.572500 22711203565
-135.677505 -28.700001 18.182501 22711228571
-151.112503 -35.209999 9.765000 22711253569
-163.082504 -27.790001 2.240000 22711278567
-161.017502 -22.049999 -1.680000 22711303577
-146.509995 -18.287500 -6.072500 22711328570
-129.639999 -13.405000 -6.615000 22711353569
-109.550003 -16.975000 3.290000 22711378661
-111.334999 -32.882500 16.362499 22711403641
-118.072502 -34.702499 16.152500 22711428642
-114.135002 -17.815001 8.207500 22711453637
-103.074997 -10.395000 2.537500 22711478625
-84.437500 -10.587500 6.737500 22711503634
-80.342499 -11.532500 5.810000 22711528635
-85.889999 -13.300000 8.312500 22711553635
-91.489998 -9.835000 6.982500 22711578638
-81.462502 -9.467500 2.432500 22711603635
-72.029999 -21.787500 -5.355000 22711628640
-70.209999 -17.307501 -1.697500 22711653636
-69.947502 -21.717501 1.960000 22711678633
-74.287498 -10.132500 -0.577500 22711703639
-68.355003 -11.515000 -2.940000 22711728615
-57.942501 -14.175000 -0.140000 22711753636
-47.232502 -9.852500 -1.365000 22711778639
-44.397499 -1.942500 -2.502500 22711803632
-36.697498 -5.442500 -1.400000 22711828637
-31.115000 -4.235000 3.150000 22711853637
-25.287500 -8.942500 -0.437500 22711878640
-17.902500 -3.955000 0.105000 22711903637
-15.172500 -4.620000 0.105000 22711928632
-15.505000 -2.310000 1.855000 22711953638
-18.112499 7.577500 2.992500 22711978621
-20.702499 8.942500 2.940000 22712003636
-19.827499 12.652500 17.377501 22712028636
-5.985000 2.117500 15.767500 22712053638
0.980000 3.517500 6.125000 22712078635
5.390000 3.570000 3.552500 22712103639
-2.590000 2.205000 4.200000 22712128636
-5.740000 2.712500 6.807500 22712153636
8.505000 -0.157500 4.235000 22712178633
13.947500 1.732500 1.855000 22712203639
10.972500 -3.920000 2.870000 22712228618
4.375000 -5.180000 1.312500 22712253640
5.985000 -3.605000 -1.820000 22712278637
8.347500 -4.480000 -1.662500 22712303638
2.677500 -7.962500 -0.612500 22712328634
1.522500 -4.235000 2.345000 22712353641
8.260000 -3.062500 3.255000 22712378639
7.332500 -5.460000 0.805000 22712403637
1.995000 -6.580000 -3.640000 22712428638
-0.910000 -8.277500 -1.435000 22712453636
-1.277500 -10.570000 -1.697500 22712478624
-3.115000 -6.475000 -0.560000 22712503636
1.960000 -5.547500 0.052500 22712528634
6.562500 -6.895000 -2.275000 22712553635
6.370000 -6.212500 -1.067500 22712578632
5.285000 -7.507500 -0.070000 22712603634
7.175000 -9.975000 -4.252500 22712628636
11.287500 -7.840000 -5.057500 22712653637
8.050000 -8.540000 -3.395000 22712678638
-2.782500 -8.417500 -4.165000 22712703662
-8.995000 -5.075000 -2.660000 22712728652
-5.495000 -8.452500 0.787500 22712753627
-5.722500 -8.557500 2.292500 22712778634
-5.372500 -7.595000 0.647500 22712803636
-3.237500 -3.850000 -2.345000 22712828631
-1.820000 -5.092500 -0.857500 22712853671
0.385000 -6.072500 4.637500 22712878633
2.030000 -4.182500 6.317500 22712903657
8.312500 -1.802500 2.625000 22712928630
10.307500 -3.220000 0.962500 22712953638
5.302500 -6.510000 -4.095000 22712978634
-1.085000 -4.987500 -4.917500 22713003635
-2.817500 -5.495000 -2.975000 22713028637
-5.057500 -6.545000 -4.497500 22713053776
-2.957500 -4.672500 -4.742500 22713078578
0.665000 -5.477500 -1.190000 22713103594
0.035000 -9.047500 -1.190000 22713128565

