7.200000 3.960000 0.840000 22709515392
7.260000 3.900000 0.540000 22709540340
7.020000 3.660000 0.540000 22709565332
6.960000 3.840000 0.360000 22709590332
7.140000 3.780000 0.420000 22709615366
7.020000 3.780000 0.420000 22709640328
7.020000 3.660000 0.420000 22709665457
7.200000 3.960000 0.960000 22709690311
7.020000 3.660000 0.300000 22709715345
6.660000 4.020000 0.540000 22709740344
7.200000 3.480000 0.840000 22709765334
7.140000 3.660000 0.780000 22709790339
7.080000 4.320000 0.720000 22709815335
7.500000 3.900000 0.660000 22709840331
7.260000 4.020000 0.540000 22709865351
7.440000 3.840000 0.600000 22709890308
7.080000 3.960000 0.600000 22709915335
7.200000 3.960000 0.720000 22709940335
6.960000 4.200000 0.840000 22709965334
6.720000 4.080000 0.480000 22709990445
7.320000 4.200000 0.480000 22710015335
7.020000 3.900000 0.660000 22710040335
7.260000 4.260000 0.540000 22710065332
7.080000 3.960000 0.360000 22710090328
7.260000 4.500000 0.780000 22710115339
7.020000 4.260000 0.420000 22710140352
7.260000 4.620000 0.540000 22710165333
7.320000 4.560000 0.480000 22710190333
7.200000 4.680000 0.480000 22710215331
7.020000 4.620000 0.420000 22710240461
7.020000 5.100000 0.420000 22710265542
6.960000 5.520000 0.480000 22710291219
6.780000 5.580000 0.420000 22710318851
6.840000 5.760000 0.120000 22710341057
7.080000 6.000000 0.240000 22710365302
7.140000 6.060000 0.180000 22710390318
6.720000 6.360000 0.240000 22710415302
6.960000 6.120000 -0.120000 22710440346
7.140000 6.540000 0.180000 22710465335
7.020000 6.660000 0.060000 22710490889
7.080000 6.720000 0.480000 22710515869
7.140000 7.020000 0.180000 22710540874
7.200000 7.200000 0.480000 22710565851
7.020000 7.620000 0.300000 22710590941
7.200000 7.680000 0.480000 22710615872
7.140000 7.740000 0.420000 22710640951
7.020000 8.099999 0.660000 22710665879
7.200000 8.280000 0.720000 22710690982
7.260000 8.460000 0.900000 22710715866
7.320000 8.760000 0.720000 22710740982
7.380000 8.820000 1.020000 22710765862
7.080000 9.360000 1.200000 22710790968
7.200000 9.240000 1.320000 22710815881
6.780000 9.660000 1.260000 22710840986
7.080000 9.960000 1.560000 22710865859
7.020000 9.900000 1.860000 22710890993
6.900000 10.020000 1.740000 22710915863
6.720000 10.320000 1.800000 22710941002
6.960000 10.679999 2.160000 22710965863
7.020000 10.620000 2.340000 22710990984
6.840000 11.040000 2.640000 22711015865
6.780000 10.860000 2.580000 22711040985
7.140000 10.860000 2.940000 22711065853
6.780000 11.099999 3.060000 22711090977
6.780000 11.460000 3.300000 22711115870
7.080000 11.280000 3.480000 22711140983
7.200000 11.400000 3.840000 22711165862
6.780000 11.580000 4.380000 22711190996
7.140000 11.580000 4.500000 22711215856
6.780000 11.580000 4.740000 22711240991
7.260000 11.460000 5.220000 22711265861
7.140000 11.460000 5.340000 22711290960
7.140000 11.460000 5.820000 22711315867
6.840000 11.280000 5.880000 22711341091
7.500000 11.099999 6.060000 22711365854
6.960000 11.160000 6.360000 22711390774
7.140000 11.460000 6.660000 22711415667
7.140000 10.980000 6.540000 22711440732
7.320000 10.679999 6.840000 22711465630
7.200000 11.040000 7.080000 22711490731
7.500000 10.980000 7.140000 22711515617
7.200000 11.040000 7.440000 22711540728
7.260000 10.500000 7.380000 22711565600
7.200000 10.440000 7.320000 22711590724
7.620000 10.139999 7.620000 22711615606
7.320000 10.080000 7.680000 22711640727
7.320000 10.200000 8.040000 22711665604
7.080000 9.960000 8.280000 22711690718
7.500000 10.260000 8.220000 22711715628
7.440000 9.960000 8.040000 22711740727
7.380000 10.020000 8.099999 22711765595
7.320000 9.960000 8.280000 22711790729
7.320000 9.480000 8.280000 22711815604
7.380000 9.780000 8.580000 22711840714
7.440000 9.719999 8.280000 22711865605
7.140000 9.540000 8.460000 22711890728
7.380000 9.540000 8.700000 22711915599
7.380000 9.540000 8.580000 22711940734
7.560000 9.599999 8.639999 22711965596
7.260000 9.300000 8.460000 22711990740
7.260000 9.540000 8.700000 22712015601
6.900000 9.420000 9.059999 22712040721
7.380000 9.420000 8.700000 22712065602
7.260000 9.179999 8.700000 22712090732
7.200000 9.480000 8.639999 22712115605
7.560000 8.880000 8.880000 22712140730
7.320000 9.240000 9.000000 22712165595
7.380000 9.179999 8.700000 22712190721
6.960000 9.240000 9.000000 22712215607
7.320000 9.000000 8.880000 22712240746
6.900000 9.179999 8.700000 22712265601
7.440000 9.719999 8.880000 22712290727
7.560000 9.240000 8.760000 22712315608
6.900000 9.660000 8.820000 22712340721
7.500000 9.420000 8.580000 22712365605
7.260000 9.179999 8.580000 22712390722
7.380000 9.300000 9.059999 22712415599
7.260000 9.540000 8.940000 22712440727
7.140000 9.300000 8.820000 22712465598
6.960000 9.240000 9.000000 22712490735
7.080000 9.360000 8.520000 22712515608
7.320000 9.120000 8.880000 22712540719
7.320000 9.360000 8.880000 22712565601
7.200000 9.360000 8.760000 22712590721
7.200000 9.120000 8.880000 22712615598
7.080000 9.719999 8.639999 22712640730
7.320000 9.360000 8.760000 22712665599
7.080000 9.240000 8.880000 22712690721
7.260000 9.540000 8.820000 22712715749
7.260000 9.420000 8.820000 22712740740
7.140000 9.059999 8.820000 22712765638
7.500000 9.540000 8.700000 22712790729
7.200000 9.599999 8.639999 22712815604
7.200000 9.360000 8.760000 22712840730
7.440000 9.120000 8.880000 22712865745
7.080000 9.240000 8.760000 22712890873
7.320000 9.120000 8.880000 22712915770
7.320000 9.360000 8.760000 22712940859
7.260000 9.420000 8.940000 22712965737
7.500000 9.300000 8.940000 22712990860
7.200000 9.480000 8.760000 22713015738
7.380000 9.179999 8.940000 22713040866
7.200000 9.120000 8.760000 22713065466
7.080000 9.120000 8.520000 22713091140
7.200000 9.360000 8.520000 22713116032
