-31.587500 -14.455000 -0.910000 15895729569
-36.907501 -11.532500 -0.945000 15895754566
-46.235001 -18.532499 -0.542500 15895779570
-45.674999 -19.879999 1.050000 15895804571
-45.115002 -11.445000 0.980000 15895829569
-47.687500 -13.702500 0.070000 15895854578
-52.045002 -19.320000 2.747500 15895879567
-55.125000 -17.342501 8.732500 15895904569
-56.490002 -15.522500 10.237500 15895929569
-63.612499 -15.592500 10.290000 15895954567
-67.112503 -18.830000 9.975000 15895979569
-67.025002 -16.730000 12.355000 15896004569
-76.160004 -28.385000 15.435000 15896029655
-85.732498 -30.642500 15.767500 15896054655
-86.029999 -22.365000 17.202499 15896079687
-89.512497 -27.125000 14.647500 15896104760
-93.029999 -30.887501 11.252500 15896129788
-94.167503 -31.202499 11.357500 15896154759
-92.102501 -26.565001 14.612500 15896179757
-87.692497 -28.437500 12.512500 15896204755
-87.272499 -27.037500 14.805000 15896229785
-82.915001 -24.132500 15.995000 15896254750
-82.180000 -20.772501 15.452500 15896279773
-83.282501 -23.625000 14.157500 15896304750
-78.487503 -23.555000 17.850000 15896329776
-72.379997 -22.085001 19.705000 15896354751
-67.760002 -19.635000 20.684999 15896379751
-63.752499 -19.162500 21.717501 15896404761
-58.590000 -13.405000 22.067499 15896429777
-55.195000 -9.905000 21.770000 15896454755
-53.602501 -13.492500 19.862499 15896479595
-52.465000 -8.172500 19.705000 15896504753
-53.042500 -5.775000 19.862499 15896529776
-52.552502 -6.930000 15.312500 15896554753
-47.057499 -3.360000 13.545000 15896579743
-41.615002 -2.222500 15.732500 15896604749
-39.392502 -3.167500 14.945000 15896629778
-40.145000 -6.562500 14.945000 15896654754
-35.805000 -6.457500 15.190001 15896679756
-30.275000 -4.392500 15.960000 15896704747
-27.002501 -4.777500 18.795000 15896729777
-27.125000 -6.807500 23.379999 15896754755
-24.430000 -2.607500 28.437500 15896779750
-21.017500 1.977500 28.875000 15896804751
-25.059999 8.015000 30.940001 15896829783
-25.795000 -5.652500 29.102501 15896854749
-16.187500 -4.602500 26.495001 15896879750
-14.227500 6.160000 21.245001 15896904753
-15.330000 6.107500 18.217501 15896929777
-11.882500 5.022500 17.342501 15896954752
-9.275000 0.472500 15.645000 15896979751
-17.237499 -0.857500 12.495000 15897004753
-16.327499 1.417500 7.490000 15897029778
-13.072500 -4.550000 6.247500 15897054755
-11.935000 -1.627500 6.650000 15897079751
-11.147500 3.272500 7.000000 15897104761
-2.765000 3.167500 5.407500 15897129774
-1.627500 2.380000 1.837500 15897154759
-3.272500 -1.680000 1.172500 15897179740
-3.850000 -1.505000 1.732500 15897204754
-1.225000 -0.315000 1.330000 15897229782
0.262500 -3.797500 -0.577500 15897254747
-2.730000 -3.045000 -0.402500 15897279749
-2.905000 -6.860000 1.050000 15897304763
-0.892500 -9.537500 -0.175000 15897329773
1.855000 -7.280000 -0.647500 15897354611
2.835000 -6.510000 0.630000 15897379749
5.022500 -4.830000 -0.315000 15897404745
9.940000 -3.010000 -2.135000 15897429778
16.502501 -6.055000 -4.655000 15897454760
21.892500 -7.507500 -7.087500 15897479756
25.445000 -4.585000 -11.095000 15897504750
30.799999 -6.440000 -18.252501 15897529770
43.365002 -9.205000 -18.305000 15897554749
49.875000 2.607500 -20.387501 15897579751
41.965000 -4.147500 -24.885000 15897604762
48.142502 -11.095000 -23.432501 15897629778
67.672501 -11.882500 -16.572500 15897654751
92.522499 -7.297500 -16.660000 15897679754
91.787498 -6.020000 -21.629999 15897704751
84.682503 -10.570000 -27.510000 15897729781
69.300003 -13.265000 -32.130001 15897754755
66.412498 -4.375000 -38.027500 15897779754
60.287498 -6.685000 -37.852501 15897804763
49.840000 -9.887500 -32.882500 15897829777
50.382500 -10.062500 -23.397501 15897854757
67.322502 -3.640000 -19.740000 15897879747
70.542503 -0.525000 -18.847500 15897904754
68.267502 -2.835000 -19.879999 15897929772
57.855000 -5.215000 -19.950001 15897954752
55.317501 -10.552500 -18.812500 15897979756
68.092499 -6.580000 -14.700000 15898004751
70.139999 -9.205000 -13.440001 15898029776
71.942497 -7.262500 -8.032500 15898054753
87.639999 -3.237500 -0.297500 15898079739
91.489998 0.840000 1.925000 15898104753
82.232498 -5.775000 -6.230000 15898129779
64.452499 -9.625000 -10.710000 15898154755
57.260002 -6.160000 -11.357500 15898179755
52.552502 0.402500 -3.902500 15898204754
47.827499 -5.932500 -4.480000 15898229780
52.482502 -6.457500 -3.552500 15898254759
66.044998 -5.582500 -1.137500 15898279761
71.242500 0.017500 2.327500 15898304755
68.250000 -0.822500 4.217500 15898329779
65.642502 1.172500 4.515000 15898354752
60.357502 6.667500 4.077500 15898379750
54.005001 -1.995000 -2.240000 15898404755
49.087502 10.062500 4.357500 15898429784
49.244999 21.455000 4.340000 15898454756
61.022499 18.585001 3.412500 15898479755
80.779999 4.795000 5.862500 15898504755
87.989998 8.155000 8.575000 15898529778
97.177498 10.255000 7.525000 15898554752
91.227501 6.965000 5.670000 15898579745
85.557503 -1.872500 0.472500 15898604759
73.062500 1.365000 0.070000 15898629778
59.027500 1.505000 -5.617500 15898654753
50.855000 -3.010000 -7.542500 15898679749
38.605000 -4.147500 -4.690000 15898704754
23.344999 -7.735000 -5.092500 15898729775
9.782500 -5.320000 -8.312500 15898754746
10.832500 -12.110000 -10.045000 15898779742
10.482500 -14.630000 -5.512500 15898804755
8.295000 -12.617500 -2.712500 15898829776
6.282500 -7.577500 -0.070000 15898854758
8.137500 -15.382500 0.140000 15898879749
13.125000 -10.570000 0.507500 15898904750
11.655000 -9.327500 -0.035000 15898929783
13.020000 -8.032500 0.385000 15898954756
18.567499 -7.875000 1.137500 15898979750
28.997499 -11.882500 3.307500 15899004756
49.367500 -4.987500 5.040000 15899029782
59.447502 -7.647500 5.092500 15899054800
65.782501 -8.785000 2.065000 15899079755
64.294998 -9.992500 2.782500 15899104807
65.712502 -6.650000 -0.227500 15899129776
66.394997 -13.195000 -3.657500 15899154750
69.440002 -14.647500 -5.442500 15899179759
72.572502 -8.697500 -6.877500 15899204755
84.402504 -12.215000 -3.150000 15899229779
98.385002 -5.442500 6.545000 15899254751
106.907501 3.955000 8.540000 15899279752
111.772499 -3.517500 5.880000 15899304760
111.912498 0.035000 3.150000 15899329787
102.462502 1.312500 0.245000 15899354751
96.792503 0.087500 -1.155000 15899379755
97.019997 -2.397500 1.277500 15899404754
100.222504 4.305000 1.365000 15899429776
105.192497 8.855000 3.657500 15899454757
113.662498 11.427500 5.985000 15899479750
114.590004 10.797500 5.267500 15899504748
104.982498 10.972500 -0.437500 15899529778
94.849998 -0.770000 -1.627500 15899554755
89.074997 2.747500 0.087500 15899579749
77.875000 -8.592500 -1.050000 15899605371
18.059999 -27.842501 -3.307500 15899629783
23.187500 -26.197500 -3.447500 15899654752
48.090000 -10.045000 3.185000 15899679761
63.437500 -9.572500 8.155000 15899704764
68.285004 -10.080000 13.965000 15899729800
68.879997 -2.310000 21.280001 15899754777
88.724998 -6.615000 19.407499 15899779777
73.727501 -18.270000 5.565000 15899804773
44.922501 -15.925000 4.567500 15899829796
49.875000 -15.435000 6.422500 15899854778
54.705002 -15.715000 8.960000 15899879770
49.612499 -14.402500 8.662500 15899904774
48.177502 -14.630000 6.370000 15899929820
44.222500 -14.875000 4.270000 15899954772
41.825001 -14.140000 2.572500 15899979777
42.962502 -16.625000 0.052500 15900004800
37.502499 -15.032500 -2.222500 15900029802
35.349998 -17.500000 -4.777500 15900054786
35.787498 -15.347500 -8.750000 15900079770
34.002499 -16.870001 -7.350000 15900104764
32.724998 -21.174999 -5.267500 15900129831
31.990000 -24.325001 -5.862500 15900154769
32.095001 -20.299999 -6.772500 15900179825
33.687500 -17.832500 -2.765000 15900204780
32.742500 -16.327499 -0.122500 15900229794
32.759998 -18.934999 0.595000 15900254775
33.564999 -21.262501 3.360000 15900279774
30.747499 -18.392500 5.687500 15900304778
30.660000 -10.745000 1.540000 15900329804
29.014999 -12.302500 -2.065000 15900354773
27.422501 -11.777500 -0.542500 15900379771
26.600000 -12.617500 0.472500 15900404780
25.270000 -13.037500 -0.315000 15900429796
24.780001 -14.962500 -0.402500 15900454782
24.377501 -18.025000 -1.750000 15900479774
24.062500 -17.902500 -2.537500 15900504773
23.712500 -16.240000 -2.975000 15900529800
23.205000 -19.057501 -2.012500 15900554752
17.762501 -16.957500 -1.872500 15900579768
16.467501 -15.767500 -3.640000 15900604775
17.727501 -15.890000 -3.395000 15900629796
18.270000 -13.370000 -2.537500 15900654777
17.762501 -16.607500 -0.542500 15900679778
11.375000 -15.050000 -1.470000 15900704772
10.990000 -9.852500 -4.060000 15900729799
10.727500 -11.882500 -3.430000 15900754778
8.907500 -12.232500 -1.715000 15900779768
6.685000 -12.985000 0.542500 15900804778
2.257500 -6.930000 0.437500 15900829803
-1.120000 -7.910000 0.840000 15900854780
-3.622500 -5.775000 0.612500 15900879771
-6.475000 -8.137500 1.645000 15900904772
-9.817500 -7.595000 0.507500 15900929801
-13.037500 -8.575000 -2.415000 15900954772
-17.482500 -10.220000 -2.065000 15900979771
-23.537500 -5.880000 -2.642500 15901004775
-28.245001 -0.822500 -2.222500 15901029801
-32.689999 -0.840000 -1.872500 15901054613
-36.347500 0.017500 -3.115000 15901079770
-41.264999 -0.507500 -4.025000 15901104759
-57.049999 -4.410000 -3.535000 15901129801
-60.532501 -9.537500 -4.655000 15901154775
-72.817497 -9.887500 -5.425000 15901179778
-82.652504 -3.762500 2.555000 15901204782
-66.815002 -10.115000 0.700000 15901229791
-60.567501 -9.450000 -1.207500 15901254754
-62.282501 -3.010000 -1.505000 15901279774
-62.702499 -13.737500 2.905000 15901304769
-61.337502 -11.025000 5.425000 15901329799
-64.889999 -2.730000 5.075000 15901354770
-71.260002 -15.277500 8.820000 15901379783
-64.154999 -14.420000 10.010000 15901404779
-65.590004 -3.097500 11.305000 15901429799
-71.785004 0.595000 8.890000 15901454775
-76.580002 -7.560000 8.592500 15901479778
-77.035004 -3.150000 7.087500 15901504772
-75.775002 3.202500 8.067500 15901529812
-74.934998 1.207500 7.262500 15901554771
-70.227501 -1.347500 5.092500 15901579770
-63.752499 -1.697500 3.132500 15901604770
-58.799999 -4.060000 5.670000 15901629801
-58.904999 -4.042500 7.000000 15901654779
-62.457500 -6.720000 5.722500 15901679780
-67.532501 -6.702500 1.907500 15901704776
-75.687500 -14.052500 0.630000 15901729805
-78.820000 -19.792500 1.750000 15901754774
-80.465004 -11.340000 5.407500 15901779774
-73.797501 -4.042500 8.767500 15901804774
-65.782501 -1.207500 3.465000 15901829794
-51.904999 1.505000 1.785000 15901854775
-43.697498 10.552500 0.857500 15901879785
-35.892502 14.507500 -1.540000 15901904774
-28.542500 10.377500 -1.802500 15901929608
-28.892500 6.842500 -2.607500 15901954770
-32.287498 -1.225000 -4.532500 15901979765
-44.520000 -5.267500 -6.370000 15902004764
-49.595001 -6.072500 -5.652500 15902029800
-49.525002 -3.325000 -2.852500 15902054839
-50.032501 -6.510000 -1.750000 15902079781
-49.822498 -8.417500 -0.035000 15902104779
-49.332500 -9.135000 -0.315000 15902129797
-49.105000 -9.695000 -0.892500 15902154761
-52.605000 -8.610000 -4.550000 15902179773
-56.297501 -9.625000 -4.812500 15902204776
-55.002499 -7.945000 -3.657500 15902229796
-47.197498 -8.085000 -4.322500 15902254777
-44.205002 -7.787500 -5.705000 15902279777
-42.875000 -7.997500 -5.460000 15902304786
-38.692501 -5.932500 -4.130000 15902329797
-33.040001 -6.142500 -3.447500 15902354784
-30.117500 -5.827500 -2.870000 15902379773
-31.815001 -9.572500 -1.627500 15902404774
-34.212502 -9.275000 0.017500 15902429804
-31.745001 -11.235000 1.225000 15902454778
-27.212500 -9.380000 2.327500 15902479776
-19.197500 -0.787500 2.537500 15902504773
-12.022500 2.030000 1.435000 15902529803
-8.820000 3.797500 1.085000 15902554777
-6.720000 3.220000 -1.732500 15902579770
-8.785000 15.225000 2.380000 15902604792
-11.427500 16.065001 2.362500 15902629798
-9.485000 -6.825000 -0.997500 15902654774
-4.585000 -7.682500 0.980000 15902679778
-6.247500 -7.560000 -1.575000 15902704780
-6.265000 -11.147500 -2.432500 15902729795
-11.742500 -13.667500 -3.412500 15902754785
-13.790000 7.455000 -53.445000 15902795402
-87.027504 18.322500 -50.662498 15902804746
-92.504997 -27.965000 -12.635000 15902829800
-28.910000 -42.420002 19.407499 15902854779
54.740002 38.955002 13.265000 15902879776
43.697498 4.182500 3.395000 15902904771
24.832500 -31.360001 3.325000 15902929792
-4.882500 -25.375000 -0.157500 15902954772
-13.492500 -10.342500 -3.080000 15902979779
-3.465000 -8.627500 2.012500 15903004774
8.557500 -2.310000 6.335000 15903029798
13.562500 0.665000 5.127500 15903054771
11.900000 -5.880000 4.042500 15903079775
7.770000 -2.905000 0.717500 15903104773
2.782500 -4.147500 0.035000 15903129796
3.815000 -5.687500 0.665000 15903154776
3.797500 -7.560000 -0.140000 15903179768
2.170000 -6.475000 -1.155000 15903204773
2.240000 -8.015000 -2.170000 15903229796
2.082500 -10.727500 -1.312500 15903254778
1.155000 -8.837500 -2.677500 15903279774
2.660000 -7.210000 -3.255000 15903304773
3.955000 -4.112500 -1.942500 15903329800
5.320000 -4.130000 -0.997500 15903354787
5.582500 -8.365000 0.297500 15903379772
2.870000 -6.615000 0.402500 15903404584
3.465000 -4.515000 1.207500 15903429784
