7.440000 4.320000 0.480000 15895716844
7.560000 3.960000 0.240000 15895741771
7.440000 4.200000 0.480000 15895766611
7.560000 4.200000 0.240000 15895791630
7.500000 4.380000 0.180000 15895816840
7.320000 4.800000 -0.120000 15895841770
7.320000 4.920000 0.120000 15895866626
7.200000 5.160000 0.120000 15895891618
7.200000 4.920000 0.240000 15895916826
7.440000 5.040000 -0.240000 15895941763
7.380000 5.220000 -0.060000 15895966654
7.080000 5.400000 -0.120000 15895991626
7.020000 5.820000 -0.180000 15896016865
7.260000 5.580000 -0.420000 15896041504
6.900000 6.060000 -0.540000 15896066451
6.660000 6.060000 -0.540000 15896091337
6.840000 6.840000 -0.480000 15896116338
6.660000 6.540000 -0.660000 15896141430
6.420000 6.780000 -0.660000 15896166322
6.180000 7.020000 -0.660000 15896191429
6.420000 7.380000 -0.300000 15896216933
6.360000 7.320000 -0.120000 15896241434
6.240000 7.200000 -0.360000 15896266294
6.000000 7.920000 -0.600000 15896291435
6.300000 8.220000 -0.300000 15896316302
6.000000 8.280000 -0.360000 15896341479
6.120000 8.639999 -0.360000 15896366327
6.000000 8.520000 -0.360000 15896391452
6.000000 9.000000 -0.240000 15896416891
6.060000 8.700000 -0.180000 15896441445
6.120000 8.760000 -0.120000 15896466308
6.000000 8.880000 0.120000 15896491686
6.180000 9.059999 -0.180000 15896516314
5.880000 9.480000 0.120000 15896541431
6.060000 9.300000 -0.300000 15896566322
6.360000 9.360000 0.240000 15896591477
6.000000 9.480000 0.120000 15896616935
5.880000 9.599999 0.480000 15896641461
6.060000 9.780000 0.180000 15896666307
6.120000 9.599999 0.360000 15896691964
6.360000 9.840000 0.600000 15896716309
6.300000 9.540000 0.660000 15896741420
6.420000 10.020000 0.420000 15896766318
6.180000 10.020000 0.540000 15896791410
6.180000 9.900000 0.420000 15896816855
6.540000 10.020000 0.540000 15896841482
6.540000 9.420000 0.660000 15896866293
6.660000 9.900000 0.540000 15896892048
6.540000 9.780000 0.780000 15896916328
6.900000 9.780000 0.660000 15896941402
6.360000 9.840000 0.600000 15896966339
6.960000 9.599999 0.720000 15896991509
6.420000 9.540000 0.900000 15897016291
6.600000 9.840000 0.600000 15897041441
6.900000 9.900000 0.900000 15897066298
6.840000 9.719999 0.960000 15897092032
6.900000 9.780000 1.020000 15897116298
6.840000 9.840000 1.200000 15897141414
6.900000 9.900000 1.020000 15897166346
7.140000 10.139999 0.780000 15897191415
7.020000 10.020000 0.900000 15897216300
7.020000 10.020000 1.140000 15897241428
6.840000 10.080000 0.960000 15897266288
7.020000 9.660000 0.660000 15897292029
6.780000 9.900000 1.020000 15897316323
6.840000 9.960000 0.840000 15897341479
6.960000 9.960000 0.960000 15897366704
7.080000 9.960000 1.320000 15897391417
7.020000 9.780000 0.900000 15897416309
7.080000 10.200000 0.840000 15897441457
6.720000 9.840000 0.720000 15897466316
6.840000 9.599999 0.840000 15897491950
7.020000 9.780000 1.020000 15897516308
6.780000 9.420000 0.660000 15897541427
6.780000 9.660000 0.540000 15897566746
6.660000 9.660000 0.540000 15897591189
7.140000 9.420000 0.180000 15897616050
7.020000 9.300000 0.540000 15897641303
6.900000 8.820000 0.660000 15897666037
6.540000 9.059999 0.180000 15897691893
6.840000 9.000000 -0.120000 15897716060
6.600000 8.400000 -0.120000 15897741271
6.480000 8.639999 0.360000 15897766539
6.660000 8.700000 0.300000 15897791297
6.840000 8.880000 -0.120000 15897816034
6.420000 8.460000 -0.060000 15897841296
6.840000 8.280000 -0.240000 15897866051
6.660000 8.220000 -0.300000 15897891265
6.420000 8.340000 -0.180000 15897916081
6.300000 8.099999 -0.540000 15897941265
6.540000 7.740000 0.060000 15897966666
6.240000 7.800000 0.120000 15897991386
6.120000 7.440000 -0.480000 15898016037
6.360000 7.080000 -0.240000 15898041289
6.420000 7.140000 -0.420000 15898066050
6.420000 7.140000 -0.420000 15898091260
6.480000 6.720000 -0.600000 15898116062
6.360000 6.480000 -0.240000 15898141280
6.540000 6.540000 -0.420000 15898166594
6.660000 6.420000 -0.900000 15898191279
6.420000 6.300000 -0.540000 15898216033
6.480000 5.880000 -0.480000 15898241293
6.540000 5.940000 -0.540000 15898266052
6.600000 5.880000 -0.480000 15898291260
6.780000 5.700000 -0.540000 15898316039
6.780000 5.940000 -0.420000 15898341282
6.840000 5.040000 -0.360000 15898366679
6.600000 5.280000 -0.240000 15898391290
6.960000 5.040000 -0.240000 15898417343
6.900000 5.220000 -0.180000 15898441946
6.960000 4.560000 -0.360000 15898466045
6.960000 4.320000 -0.240000 15898491290
7.080000 4.080000 -0.120000 15898516076
7.200000 3.960000 -0.120000 15898541290
6.900000 3.900000 -0.060000 15898566621
7.380000 3.540000 0.180000 15898591286
6.720000 3.600000 0.480000 15898616040
7.260000 3.420000 0.660000 15898641925
6.960000 3.240000 0.720000 15898666085
7.080000 3.360000 0.600000 15898691290
7.260000 3.300000 0.540000 15898716055
7.140000 3.300000 0.780000 15898741264
7.200000 3.240000 0.600000 15898766035
7.200000 3.120000 0.360000 15898791310
7.380000 3.180000 0.420000 15898816037
6.840000 3.360000 0.240000 15898841809
7.500000 2.940000 0.420000 15898866040
7.200000 3.000000 0.720000 15898891262
7.140000 3.420000 0.420000 15898916052
7.200000 3.120000 0.720000 15898941325
7.020000 2.940000 0.540000 15898966057
7.200000 2.880000 0.480000 15898991398
7.440000 2.880000 0.720000 15899016033
7.020000 2.820000 0.780000 15899041879
7.140000 2.820000 0.660000 15899066063
7.380000 2.340000 1.140000 15899091306
7.260000 2.700000 0.900000 15899116065
7.320000 2.040000 0.960000 15899141316
6.960000 2.280000 1.200000 15899166057
7.440000 2.040000 1.560000 15899191339
7.020000 1.980000 1.500000 15899216042
7.020000 1.620000 1.860000 15899241813
7.320000 1.800000 1.920000 15899266049
6.960000 1.320000 2.040000 15899291298
7.020000 0.900000 2.460000 15899316666
6.960000 1.200000 2.760000 15899341317
7.320000 1.080000 2.760000 15899366064
6.960000 0.840000 3.000000 15899391321
6.840000 0.840000 3.240000 15899416038
7.260000 0.900000 3.540000 15899441889
7.080000 0.720000 3.840000 15899466098
7.200000 0.480000 4.200000 15899491294
7.260000 0.300000 4.380000 15899516579
7.260000 0.780000 4.620000 15899541177
6.960000 0.240000 4.800000 15899566037
7.320000 0.360000 4.800000 15899591197
7.020000 0.420000 5.100000 15899616293
6.900000 0.420000 4.980000 15899641945
7.200000 0.360000 5.280000 15899666086
7.200000 0.600000 5.400000 15899691175
7.080000 0.600000 5.280000 15899716746
6.960000 0.360000 5.640000 15899741198
7.020000 0.540000 5.700000 15899766062
6.600000 0.240000 5.520000 15899791197
6.960000 0.480000 5.760000 15899816064
6.900000 0.540000 5.940000 15899841178
7.140000 0.420000 6.300000 15899866105
6.600000 0.240000 5.760000 15899891230
7.320000 0.480000 6.000000 15899916613
6.900000 0.540000 5.940000 15899941184
6.600000 0.480000 6.360000 15899966068
6.540000 0.300000 6.660000 15899991331
6.660000 0.420000 6.780000 15900016066
7.020000 0.180000 6.540000 15900041052
6.600000 0.720000 6.840000 15900066066
6.840000 0.720000 6.840000 15900091107
7.140000 0.540000 6.780000 15900116714
6.540000 0.780000 7.020000 15900141062
6.840000 0.360000 6.480000 15900166064
7.020000 0.660000 6.780000 15900191625
6.780000 0.900000 7.260000 15900216074
7.140000 0.780000 7.020000 15900241086
7.020000 0.540000 6.660000 15900266079
7.020000 0.780000 6.780000 15900291051
6.900000 0.780000 7.260000 15900316596
6.900000 0.900000 7.140000 15900341050
7.020000 0.780000 7.140000 15900366060
7.080000 0.720000 7.320000 15900391674
7.020000 1.020000 7.020000 15900416067
7.020000 0.900000 7.140000 15900441061
6.960000 1.080000 7.680000 15900466061
7.320000 1.200000 7.200000 15900491058
6.840000 1.080000 7.320000 15900516719
7.140000 1.140000 7.260000 15900541064
6.840000 1.320000 7.560000 15900566065
7.080000 1.560000 7.440000 15900591544
7.260000 1.380000 7.380000 15900616219
6.960000 1.440000 7.560000 15900641060
7.080000 1.200000 7.440000 15900666076
6.960000 1.320000 7.320000 15900691057
7.200000 1.200000 7.320000 15900716068
7.020000 1.380000 7.620000 15900741076
7.200000 1.200000 7.320000 15900766081
7.140000 1.260000 7.380000 15900791691
7.260000 1.380000 7.620000 15900816064
6.900000 1.380000 7.500000 15900841059
7.020000 1.020000 7.380000 15900866072
7.260000 1.260000 7.500000 15900891056
7.080000 1.200000 7.560000 15900916073
7.080000 1.200000 7.440000 15900941085
7.260000 1.140000 7.380000 15900966108
7.500000 1.020000 7.140000 15900991698
7.200000 0.840000 7.320000 15901016079
7.200000 0.840000 7.320000 15901041117
7.080000 0.960000 7.200000 15901067023
7.020000 1.020000 7.020000 15901091066
7.380000 1.020000 7.260000 15901116071
7.320000 0.840000 6.840000 15901141055
7.320000 0.720000 6.600000 15901166070
7.200000 0.720000 6.600000 15901191670
7.320000 0.960000 6.360000 15901216057
7.260000 0.660000 5.940000 15901241061
7.140000 0.660000 6.060000 15901266627
7.320000 0.600000 5.520000 15901291081
7.380000 0.300000 5.460000 15901316101
7.440000 0.360000 5.400000 15901341083
7.380000 0.540000 5.220000 15901366068
7.140000 0.780000 5.220000 15901391673
7.200000 0.480000 5.040000 15901417293
7.020000 0.300000 5.220000 15901441066
6.900000 0.180000 4.740000 15901466779
7.200000 0.120000 4.320000 15901491075
6.960000 0.360000 4.200000 15901516076
7.020000 0.540000 4.380000 15901541070
6.840000 0.360000 3.960000 15901566097
6.780000 0.540000 3.900000 15901591111
7.200000 0.600000 3.480000 15901616228
7.020000 0.540000 3.420000 15901641058
6.900000 0.540000 3.420000 15901666630
6.540000 0.660000 3.300000 15901691073
6.780000 0.540000 3.300000 15901716063
6.900000 0.900000 3.060000 15901741076
6.780000 0.900000 2.700000 15901766061
6.780000 0.900000 2.220000 15901791068
6.900000 1.020000 2.460000 15901816093
6.720000 1.080000 2.280000 15901841062
6.780000 1.020000 2.100000 15901866677
6.900000 1.260000 2.220000 15901891079
6.660000 1.140000 1.980000 15901916060
7.260000 1.140000 2.100000 15901942092
6.780000 1.140000 2.220000 15901966062
7.200000 1.560000 2.040000 15901991170
6.960000 1.200000 1.920000 15902016082
7.080000 1.560000 1.800000 15902041064
6.780000 1.980000 1.740000 15902066669
7.080000 1.920000 1.560000 15902091086
7.140000 1.980000 1.500000 15902116065
6.960000 1.800000 1.200000 15902141701
6.840000 2.280000 1.080000 15902166113
7.020000 1.860000 0.900000 15902191064
6.960000 2.280000 0.720000 15902216070
7.200000 2.520000 0.720000 15902241050
7.140000 2.580000 0.660000 15902266709
6.900000 2.580000 0.540000 15902291060
7.080000 2.520000 0.360000 15902316077
7.260000 2.580000 0.300000 15902341624
6.900000 2.700000 0.300000 15902366047
7.380000 3.180000 0.660000 15902391103
6.960000 2.760000 0.480000 15902416086
7.140000 2.940000 0.660000 15902441042
7.020000 3.180000 0.300000 15902466064
7.080000 3.120000 0.240000 15902491070
6.900000 3.300000 0.540000 15902516113
7.020000 3.060000 0.540000 15902541668
7.200000 3.360000 0.360000 15902566071
7.080000 3.360000 0.360000 15902591067
7.020000 3.300000 0.180000 15902616217
7.200000 3.120000 0.360000 15902641044
7.320000 3.360000 0.360000 15902666062
7.260000 3.300000 0.420000 15902691081
7.020000 3.060000 0.180000 15902716066
7.020000 3.300000 0.300000 15902741610
7.260000 3.420000 0.420000 15902766069
7.200000 3.240000 0.120000 15902801192
7.320000 4.080000 0.240000 15902822209
7.260000 3.660000 0.060000 15902841071
6.780000 3.780000 -0.060000 15902866065
7.380000 3.660000 0.660000 15902891114
7.080000 3.600000 0.360000 15902916058
6.900000 3.420000 0.420000 15902941692
7.020000 3.540000 0.420000 15902966064
7.140000 3.540000 0.180000 15902991172
7.020000 3.420000 0.300000 15903016626
7.080000 3.240000 0.120000 15903041064
7.380000 3.420000 0.420000 15903066135
7.200000 3.720000 0.360000 15903091095
6.840000 3.240000 0.120000 15903116106
7.140000 3.180000 0.420000 15903141631
6.900000 3.300000 0.180000 15903166066
7.080000 3.240000 0.240000 15903191063
6.960000 3.240000 0.240000 15903216688
7.080000 3.120000 0.120000 15903241049
7.020000 3.420000 0.180000 15903266062
6.780000 3.780000 0.060000 15903291068
7.200000 3.480000 0.120000 15903316064
7.080000 3.600000 -0.120000 15903341090
7.260000 3.660000 0.180000 15903366079
7.140000 3.420000 0.180000 15903391064
7.080000 3.240000 0.120000 15903416908

