0.441299 6.972529 6.952915 29343121238
0.353039 6.992142 7.168662 29343142890
0.372653 7.001948 6.992142 29343176634
0.313813 7.139242 7.227501 29343192875
0.225553 7.031369 7.521701 29343217896
0.205940 7.031369 7.776674 29343242871
0.313813 6.972529 7.590348 29343267910
0.490333 7.119628 7.207889 29343292902
0.313813 7.384408 7.492281 29343317908
0.392266 7.296148 7.502088 29343342915
0.608012 7.100015 7.198082 29343367896
0.598206 7.060789 7.119628 29343392911
0.617819 6.864655 7.001948 29343417908
0.637432 6.717556 6.923496 29343442907
0.568786 6.521423 6.805816 29343467908
0.647239 6.688136 5.874184 29343492916
0.500139 7.149048 5.776117 29343517910
0.353039 6.894075 6.050704 29343542915
0.156906 6.737169 6.246837 29343567906
-0.333426 7.315762 6.629296 29343592910
-0.274586 7.080402 5.678051 29343617908
-0.254973 6.678329 4.766033 29343642907
-1.039505 7.394215 5.197526 29343667907
-2.941995 7.345181 6.335097 29343692908
-2.981222 6.452776 5.678051 29343717914
-2.922382 6.187996 5.158298 29343742920
-2.804702 6.462583 4.599319 29343767906
-3.628461 7.335375 4.432606 29343792916
-4.501253 6.864655 4.530673 29343817905
-4.756226 6.442970 4.187440 29343842918
-4.903326 8.247394 3.961887 29343867908
-5.815344 7.982615 4.118793 29343892916
-6.393937 7.335375 4.324733 29343917899
-6.678329 7.708028 5.197526 29343942921
-6.933302 6.727362 4.197247 29343967897
-6.158577 5.903604 3.206775 29343992918
-6.050704 5.609405 3.255808 29344017892
-6.482196 4.962165 4.314927 29344042916
-5.521145 4.717000 3.873627 29344067884
-5.158298 4.638546 1.245445 29344092916
-6.393937 4.403186 0.921825 29344117924
-7.835515 4.383573 3.648074 29344142913
-7.609962 4.344347 3.491168 29344167915
-6.845042 3.128322 1.157185 29344192912
-7.423635 1.480804 -1.578871 29344217917
-8.737726 0.686466 -3.687301 29344242914
-10.218531 1.421964 -3.726527 29344267897
-10.610797 1.706357 -6.344903 29344292905
-11.238422 1.510224 -8.639660 29344317910
-11.140356 1.520031 -8.580820 29344342914
-9.355545 -0.431493 -7.198082 29344367913
-9.080959 -2.098624 -6.011477 29344392914
-8.365073 -2.853735 -5.275978 29344417912
-7.570735 -2.324176 -4.971972 29344442917
-7.080402 -1.000278 -5.746698 29344467912
-7.796288 -3.187161 -6.962722 29344496268
-7.335375 -4.089374 -7.247115 29344517920
-7.217695 -4.334540 -6.884269 29344542913
-8.904439 -3.451941 -11.993535 29344567917
-10.130271 -5.275978 -13.444919 29344592913
-10.650023 -6.060511 -11.993535 29344617929
-8.786759 -5.413271 -9.228059 29344642884
-8.404300 -4.314927 -10.247950 29344667917
-8.492560 -4.530673 -8.296427 29344692911
-7.835515 -2.186883 -8.227780 29344717916
-5.452498 -0.264780 -7.364795 29344742915
-5.619211 -1.019892 -7.609962 29344767913
-6.040897 -1.265058 -7.178468 29344792911
-6.472390 -0.666852 -6.746976 29344817922
-4.913132 0.549172 -6.119350 29344842919
-4.962165 -0.568786 -7.168662 29344867925
-6.472390 -1.206218 -8.776953 29344892915
-9.022120 -1.882877 -8.806373 29344917909
-8.110101 -0.372653 -6.462583 29344942909
-6.168384 1.186605 -5.128879 29344967897
-4.658159 -1.618097 -6.697943 29344992899
-4.579706 -3.098902 -7.227501 29345017907
-4.363960 -4.216860 -7.815901 29345042900
-5.432885 -3.932467 -8.110101 29345067904
-6.364516 -3.638267 -6.923496 29345092902
-6.903882 -3.530394 -6.315483 29345117918
-7.570735 -2.579149 -7.904161 29345142896
-6.040897 -3.383295 -8.816179 29345167909
-5.393658 -7.041175 -7.011755 29345196241
-5.746698 -5.109265 -6.462583 29345217913
-5.766311 -1.686744 -7.296148 29345242907
-4.981779 -1.627904 -4.363960 29345267873
-6.482196 -2.883155 -8.394494 29345292809
-7.139242 1.363124 -7.786481 29345317909
-9.816459 -0.137293 -6.913689 29345342897
-9.806651 -2.392823 -6.374323 29345367907
-9.326125 -2.794895 -8.335654 29345392912
-8.482754 -2.481083 -6.550843 29345417913
-7.129435 -4.481639 -7.364795 29345442912
-7.345181 -5.030812 -6.138963 29345467913
-7.953194 -4.030534 -6.344903 29345492905
-7.050982 -4.167827 -7.315762 29345517915
-7.001948 -3.834401 -6.492003 29345542875
-7.325568 -2.167270 -6.913689 29345567900
-7.217695 -0.549172 -8.414106 29345592909
-7.276535 -0.490333 -7.060789 29345617932
-6.756783 -0.598206 -5.540758 29345642906
-5.854571 -1.196411 -7.688415 29345667911
-6.286063 -1.255251 -8.208167 29345692911
-8.100294 -0.421686 -7.256922 29345717913
-7.884548 -1.049312 -7.511894 29345742902
-7.305955 -2.284950 -7.511894 29345767898
-7.757061 -1.127765 -7.100015 29345792894
-6.227223 -3.667687 -8.433721 29345817917
-6.040897 -0.784532 -9.639938 29345842900
-6.060511 -0.608012 -9.228059 29345867909
-6.629296 -3.785367 -7.266728 29345892903
-6.286063 -1.294478 -7.649189 29345917914
-6.060511 -0.578592 -5.746698 29345942895
-5.550564 -0.519753 -4.138407 29345967914
-6.011477 -0.323619 -9.296705 29345992901
-7.188275 1.157185 -7.678608 29346017912
-7.953194 0.598206 -7.560929 29346042895
-6.344903 0.235360 -9.100572 29346067900
-5.991864 -2.569343 -8.316040 29346092974
-5.256365 -3.344068 -9.296705 29346117914
-6.040897 -2.902769 -9.669358 29346142914
-6.492003 -2.687022 -9.071153 29346167899
-6.884269 -1.314091 -7.737448 29346192909
-6.805816 -1.971137 -7.374601 29346217914
-7.100015 -1.127765 -7.168662 29346242904
-7.031369 -0.147100 -6.668523 29346267906
-6.629296 -1.343511 -8.129714 29346293106
-7.354988 -1.588677 -7.943388 29346317916
-6.746976 0.353039 -4.736613 29346342909
-7.570735 -1.186605 -8.963279 29346367909
-6.619490 -1.392545 -8.816179 29346392902
-7.109822 -3.167548 -7.394215 29346417909
-4.913132 -1.559257 -4.030534 29346442908
-3.402908 -3.608848 -4.560093 29346467891
-5.854571 -2.539923 -7.649189 29346492906
-5.501531 -2.520309 -7.227501 29346517906
-6.325290 -1.490611 -7.080402 29346542892
-8.267007 -0.451106 -7.609962 29346567905
-5.021006 -2.216303 -5.589791 29346592897
-5.540758 -4.707192 -8.973086 29346619408
-6.325290 -4.020727 -10.787316 29346642910
-6.403743 -2.824315 -9.924331 29346667896
-6.364516 -1.980944 -9.639938 29346692906
-5.776117 -2.716442 -8.384687 29346717909
-6.295870 -2.726249 -6.874462 29346742903
-6.599876 -0.961052 -6.884269 29346767904
-6.943109 -1.353318 -6.923496 29346792901
-7.256922 -1.804424 -6.472390 29346817906
-7.413828 -1.843650 -6.452776 29346842907
-7.982615 -2.500696 -7.305955 29346867901
-6.854849 -3.079288 -8.159134 29346892815
-5.550564 -2.971415 -7.913968 29346917910
-7.727641 -1.569064 -9.492838 29346946119
-6.678329 -0.490333 -9.267285 29346969279
-5.423078 -0.745305 -8.982893 29346992902
-5.982057 -1.137571 -7.492281 29347017909
-4.530673 -3.922661 -3.991307 29347042909
-6.629296 -7.815901 -11.228615 29347067902
-6.570456 -4.873906 -8.404300 29347092891
-6.609683 -5.207332 -7.825707 29347117915
-6.246837 -1.529838 -5.766311 29347142916
-4.520866 -3.618654 -9.080959 29347167898
-4.991585 -5.374044 -8.678886 29347192921
-5.511338 -5.432885 -8.492560 29347217909
