12.617500 -3.955000 -1.820000 29343153824
12.530000 -2.450000 -3.500000 29343179555
9.362500 2.537500 -4.602500 29343203936
-0.420000 -0.035000 -3.115000 29343228915
-4.935000 -11.392500 -1.085000 29343253912
-2.747500 -12.862500 -1.277500 29343278915
3.167500 2.835000 -2.957500 29343303932
12.477500 0.735000 4.567500 29343328907
10.167500 -11.427500 7.892500 29343353908
9.590000 -3.342500 3.605000 29343378914
15.592500 5.110000 4.130000 29343403932
24.027500 8.295000 4.777500 29343428910
34.965000 9.800000 -1.015000 29343453914
34.737499 6.650000 -17.727501 29343478910
34.212502 22.767500 -26.424999 29343503934
41.492500 40.792500 -19.512501 29343528912
54.740002 42.875000 -24.237499 29343553911
52.272499 33.075001 -30.782499 29343578914
48.264999 5.565000 -30.257500 29343603934
37.764999 13.825000 -45.727501 29343628911
36.645000 59.500000 -67.584999 29343653892
52.150002 71.820000 -41.562500 29343678915
56.682499 45.709999 -27.947500 29343703931
46.707500 33.985001 -36.049999 29343728906
38.797501 48.072498 -68.985001 29343753910
-9.205000 78.767502 -73.465004 29343778912
-40.932499 90.982498 -43.942501 29343803933
-32.165001 74.480003 -52.167500 29343828906
-23.485001 83.824997 -83.107498 29343853911
-27.142500 132.212494 -78.207497 29343878910
-42.122501 152.774994 -53.130001 29343903930
-15.592500 162.172501 -59.570000 29343928908
12.320000 142.922501 -61.337502 29343953901
-15.925000 151.287506 -59.692501 29343978912
-26.250000 211.539993 -80.832497 29344003932
22.522501 242.725006 -97.790001 29344028902
49.349998 214.147507 -129.517502 29344053919
49.787498 155.259995 -154.332504 29344078905
4.182500 188.247498 -157.710007 29344103931
11.025000 207.059998 -184.992508 29344128907
43.259998 84.017502 -194.162506 29344153905
-16.379999 -10.710000 -196.035004 29344178921
-62.125000 1.942500 -203.664993 29344203937
-56.787498 96.215004 -228.357498 29344228908
26.320000 176.767502 -262.360016 29344253906
106.137497 157.500000 -274.470001 29344278920
96.232498 150.447495 -229.687500 29344303929
65.029999 210.664993 -171.657501 29344328908
24.500000 223.964996 -144.305008 29344353894
-19.267500 214.812500 -101.517502 29344378920
-55.807499 103.302498 -76.457497 29344403932
-94.360001 -1.872500 -79.485001 29344428914
-113.382500 -97.195000 -25.497499 29344453905
-148.330002 -96.372498 8.820000 29344478913
-137.445007 -40.967499 -21.210001 29344503947
-109.672501 31.937500 -29.592501 29344528909
-60.270000 2.292500 1.802500 29344553891
-7.192500 9.240000 36.382500 29344578910
-73.394997 47.389999 61.355000 29344603930
-34.020000 10.867500 38.832500 29344628908
12.635000 -42.105000 39.252499 29344653923
30.012501 -15.802500 50.540001 29344678919
85.995003 2.992500 60.830002 29344703928
157.027496 -10.797500 47.687500 29344728913
63.805000 -56.997501 32.025002 29344753909
33.617500 -27.825001 28.700001 29344778910
36.119999 22.085001 14.612500 29344803926
50.610001 16.940001 8.802500 29344834748
25.287500 59.849998 14.525000 29344853913
22.610001 69.090004 44.764999 29344878914
26.424999 81.934998 68.074997 29344903924
56.840000 70.525002 43.645000 29344928882
35.980000 101.639999 66.832497 29344953883
10.657500 67.760002 98.349998 29344978890
11.690000 55.685001 -18.969999 29345003905
-22.767500 3.430000 -18.585001 29345028892
-9.537500 -43.330002 -15.050000 29345053888
-14.350000 -18.445000 -27.825001 29345078893
-35.035000 17.167500 -66.657501 29345104369
-54.722500 17.832500 -94.360001 29345128898
-80.394997 6.492500 -86.782501 29345153891
-87.080002 -20.667500 -98.262497 29345178896
-46.619999 -97.737503 -240.380005 29345203896
-70.805000 -126.892502 -243.145004 29345228894
-67.550003 -119.525002 -106.067497 29345253971
-1.032500 -233.397507 -136.832504 29345278900
-38.990002 -153.300003 -193.917496 29345303932
-46.882500 -54.407501 -107.152504 29345328889
-27.755001 14.087500 1.715000 29345353944
-13.912500 -25.217501 20.965000 29345378903
-38.342499 15.645000 21.000000 29345403863
-21.594999 36.680000 51.064999 29345430945
-35.227501 40.845001 70.910004 29345453858
-51.590000 35.840000 50.575001 29345478907
-54.985001 16.152500 67.077499 29345503864
-46.689999 28.945000 75.372498 29345528903
-50.207500 33.267502 55.912498 29345553853
-52.009998 11.322500 62.247501 29345578899
-47.005001 32.952499 89.529999 29345603866
-52.849998 23.327499 101.447502 29345628911
5.057500 -8.697500 67.217499 29345653860
27.632500 0.560000 41.317501 29345678897
12.057500 10.902500 54.547501 29345703897
6.720000 14.752501 65.432503 29345728695
51.625000 43.662498 66.675003 29345753898
99.732498 14.525000 19.127501 29345778894
83.072502 -1.855000 26.389999 29345803957
144.690002 47.915001 -14.892500 29345828900
169.785004 48.772499 -14.157500 29345853905
115.430000 93.415001 4.357500 29345878899
103.004997 51.939999 -44.502499 29345903896
14.157500 29.242500 -23.327499 29345928889
-12.407500 -34.264999 -21.245001 29345953898
-40.827499 -36.575001 -11.637500 29345978894
-130.794998 -31.587500 -6.965000 29346003902
-88.952499 -71.224998 19.162500 29346028887
-52.465000 -114.345001 19.775000 29346060269
-71.889999 -90.247498 3.430000 29346078904
-63.927502 -25.830000 -1.242500 29346103925
-94.972504 10.342500 -9.625000 29346128896
-83.195000 67.777504 -43.855000 29346153903
-69.457497 59.272499 -35.209999 29346178901
-56.927502 35.192501 -25.602501 29346203901
-7.542500 -16.625000 -36.820000 29346228888
1.382500 18.042500 -46.532501 29346253898
8.120000 -23.275000 -22.434999 29346278894
33.582500 9.607500 -33.197498 29346303954
49.087502 25.777500 -53.549999 29346328895
47.792500 -40.687500 -41.352501 29346353884
105.157501 61.372501 -27.055000 29346378883
113.434998 86.135002 -57.610001 29346403888
81.427498 40.740002 -53.602501 29346428884
26.687500 -19.582500 6.492500 29346453880
7.280000 44.467499 11.970000 29346478883
-32.742500 40.407501 -1.907500 29346503888
-27.737499 22.960001 -7.647500 29346528882
-18.445000 -35.244999 -9.397500 29346553882
-47.250000 -60.480000 -1.925000 29346578884
-65.345001 -161.735001 32.445000 29346603891
-76.684998 -155.050003 43.102501 29346628902
-22.697500 -157.184998 22.557501 29346653888
-32.689999 11.252500 -15.522500 29346678878
-108.132500 42.805000 -20.982500 29346703886
-90.019997 44.450001 -10.377500 29346728885
-53.130001 -6.300000 -33.092499 29346753880
-32.935001 -19.985001 -49.087502 29346778881
-11.165000 0.647500 -59.325001 29346803889
5.092500 28.875000 -63.980000 29346828880
34.720001 31.062500 -57.645000 29346853881
51.467499 63.595001 -12.670000 29346878883
74.217499 36.994999 -19.162500 29346903915
79.922501 84.367500 -80.097504 29346928885
98.209999 67.602501 -56.139999 29346953897
51.170002 114.940002 -16.257500 29346978905
42.402500 171.832504 -20.597500 29347003886
45.150002 75.232498 -15.260000 29347028889
15.995000 -81.287498 -21.490000 29347053881
-37.869999 -134.574997 -22.085001 29347078881
-85.050003 76.125000 -32.532501 29347103917
-6.772500 1.050000 -48.212502 29347128902
-15.242500 -68.652504 -24.482500 29347156766
-42.735001 -29.120001 8.960000 29347179792
-31.535000 -21.297501 6.772500 29347203900
-8.347500 -44.869999 10.727500 29347228885
