0.600000 -3.840000 -2.520000 29343137638
0.600000 -4.200000 -2.640000 29343162588
0.540000 -3.780000 -2.940000 29343187639
0.540000 -4.260000 -2.700000 29343212837
0.780000 -3.780000 -2.460000 29343237587
0.720000 -4.080000 -2.520000 29343262593
0.360000 -4.080000 -2.880000 29343287599
0.660000 -4.140000 -2.940000 29343312814
0.420000 -4.020000 -3.060000 29343337594
0.360000 -4.320000 -2.760000 29343362614
0.300000 -4.500000 -2.580000 29343387595
0.480000 -4.560000 -2.880000 29343412807
0.360000 -4.440000 -2.880000 29343437605
0.660000 -4.260000 -2.820000 29343462599
0.360000 -4.560000 -3.000000 29343487590
0.420000 -4.500000 -2.940000 29343512801
0.780000 -4.740000 -2.700000 29343537600
0.720000 -4.800000 -2.880000 29343562606
0.360000 -4.680000 -2.640000 29343587605
0.600000 -5.040000 -2.760000 29343612811
0.840000 -4.920000 -3.000000 29343637597
1.020000 -5.100000 -2.700000 29343662604
0.900000 -5.220000 -2.820000 29343687614
1.260000 -5.220000 -2.820000 29343712799
1.440000 -5.040000 -2.760000 29343737590
1.380000 -4.980000 -2.460000 29343762593
1.380000 -4.980000 -2.460000 29343787599
1.920000 -4.800000 -2.400000 29343812795
2.100000 -4.740000 -2.340000 29343837598
1.920000 -4.680000 -2.040000 29343862591
2.460000 -4.740000 -1.980000 29343887609
2.580000 -4.260000 -1.740000 29343912794
2.340000 -4.380000 -1.380000 29343937593
2.580000 -4.020000 -1.260000 29343962612
3.000000 -3.960000 -1.320000 29343987595
3.120000 -3.960000 -1.080000 29344012826
3.480000 -3.600000 -0.120000 29344037584
3.660000 -3.300000 0.060000 29344062589
3.720000 -2.760000 0.240000 29344087594
3.420000 -2.700000 0.660000 29344112805
3.060000 -2.580000 0.900000 29344137591
3.240000 -2.160000 1.320000 29344162596
2.820000 -1.740000 1.500000 29344187603
2.340000 -1.260000 1.500000 29344212803
1.920000 -0.600000 1.560000 29344237606
1.440000 -0.720000 1.800000 29344262600
0.420000 -0.420000 1.740000 29344287594
0.420000 -0.120000 1.440000 29344312786
-0.180000 -0.180000 1.500000 29344337590
-0.360000 -0.180000 1.800000 29344362588
-0.780000 -0.060000 1.980000 29344387601
-1.200000 -0.060000 2.400000 29344412798
-1.140000 -0.180000 2.700000 29344437594
-1.200000 0.240000 2.760000 29344462597
-1.260000 0.180000 2.940000 29344487629
-1.200000 0.180000 3.360000 29344512837
-1.440000 -0.240000 3.480000 29344537610
-1.320000 -0.120000 3.720000 29344562606
-1.320000 -0.240000 3.840000 29344587603
-1.320000 -0.360000 3.720000 29344612805
-1.320000 -0.120000 3.840000 29344637584
-0.900000 -0.180000 3.780000 29344662589
-0.900000 -0.060000 3.420000 29344687622
-0.840000 -0.060000 3.360000 29344712825
-0.600000 0.120000 3.000000 29344737599
-0.420000 -0.060000 3.180000 29344762629
-0.420000 0.180000 2.820000 29344787590
-0.480000 -0.240000 3.000000 29344812805
-0.420000 0.180000 2.700000 29344840768
-0.180000 -0.060000 2.340000 29344862613
-0.120000 -0.120000 2.880000 29344887590
-0.120000 -0.120000 2.760000 29344912814
-0.300000 -0.180000 2.700000 29344937582
0.240000 -0.120000 2.400000 29344962587
0.480000 -0.360000 2.400000 29344987576
0.300000 -0.540000 2.580000 29345012814
0.120000 -0.360000 2.760000 29345037577
0.180000 -0.300000 2.700000 29345062582
0.240000 -0.360000 2.640000 29345087578
-0.120000 -0.480000 2.760000 29345112597
-0.180000 -0.420000 3.060000 29345137586
-0.360000 -0.420000 3.480000 29345162597
-0.720000 0.120000 3.480000 29345187574
-1.380000 -0.180000 3.660000 29345212801
-1.620000 -0.060000 3.780000 29345237573
-1.560000 -0.120000 3.960000 29345270127
-2.100000 -0.420000 4.020000 29345294766
-2.280000 -0.360000 4.080000 29345312795
-2.100000 -0.300000 4.140000 29345342201
-2.340000 -0.180000 4.380000 29345362603
-2.640000 -0.480000 3.840000 29345387580
-1.980000 -0.660000 4.140000 29345412806
-2.340000 -0.300000 4.260000 29345437974
-2.580000 -0.780000 4.380000 29345465474
-1.860000 -0.660000 4.380000 29345487611
-1.980000 -0.780000 4.380000 29345512837
-1.680000 -0.840000 4.800000 29345537588
-1.320000 -0.600000 4.800000 29345562589
-1.260000 -0.900000 4.860000 29345587579
-1.320000 -0.720000 4.560000 29345613535
-1.080000 -0.600000 5.040000 29345637599
-0.960000 -0.840000 4.920000 29345662584
-0.840000 -0.960000 4.800000 29345687593
-0.480000 -0.840000 4.680000 29345712791
-0.660000 -0.660000 4.380000 29345737563
-0.900000 -0.780000 4.500000 29345762581
-0.840000 -0.840000 4.320000 29345787702
-0.420000 -0.420000 4.020000 29345812623
-0.420000 -0.300000 3.540000 29345837728
-0.540000 -0.060000 3.180000 29345862603
-0.480000 -0.240000 3.120000 29345887718
-0.660000 0.060000 3.300000 29345912810
-0.780000 -0.180000 3.300000 29345937577
-0.780000 -0.180000 3.300000 29345962593
-0.600000 -0.180000 3.480000 29345987584
-0.840000 -0.360000 4.320000 29346012942
-0.780000 -0.180000 4.260000 29346037577
-0.840000 -0.480000 4.080000 29346065956
-0.480000 -0.360000 4.320000 29346087584
-0.660000 -0.420000 4.260000 29346112913
-0.600000 -0.600000 4.800000 29346137556
-0.660000 -0.540000 4.860000 29346162728
-0.660000 -0.780000 4.740000 29346187580
-0.720000 -0.720000 4.440000 29346212903
-0.780000 -0.780000 4.860000 29346237585
-1.080000 -0.840000 4.440000 29346262702
-1.080000 -0.600000 4.560000 29346294624
-1.500000 -0.780000 4.620000 29346312941
-1.200000 -0.840000 4.200000 29346337586
-1.140000 -0.540000 4.140000 29346362695
-1.680000 -0.360000 3.960000 29346387592
-2.220000 -0.300000 3.660000 29346412891
-1.860000 -0.180000 3.540000 29346437578
-2.040000 -0.360000 3.840000 29346462698
-2.040000 -0.120000 4.200000 29346487599
-2.040000 -0.480000 4.080000 29346512882
-2.040000 -0.240000 4.080000 29346537576
-2.040000 -0.600000 4.200000 29346562718
-1.980000 -0.660000 4.620000 29346587584
-1.620000 -0.780000 4.980000 29346612886
-1.680000 -0.480000 4.920000 29346637595
-0.960000 -0.600000 4.560000 29346662708
-1.260000 -0.780000 4.740000 29346687584
-1.380000 -0.900000 5.460000 29346712919
-1.440000 -1.080000 5.040000 29346737579
-1.440000 -1.080000 5.160000 29346762707
-1.200000 -0.960000 5.040000 29346787598
-1.380000 -0.780000 5.220000 29346812887
-1.680000 -1.200000 4.920000 29346837568
-1.980000 -0.780000 4.860000 29346862738
-2.400000 -0.600000 4.440000 29346894467
-2.580000 -0.660000 4.380000 29346912923
-2.460000 -0.660000 4.140000 29346937606
-2.460000 -0.300000 4.140000 29346962720
-2.880000 -0.720000 3.960000 29346987575
-3.120000 -0.600000 3.960000 29347012980
-3.180000 -0.540000 3.540000 29347037583
-2.820000 -0.420000 4.140000 29347062716
-2.700000 -0.780000 3.780000 29347092471
-2.940000 -0.660000 3.900000 29347112949
-3.360000 -0.600000 4.200000 29347137591
-3.240000 -0.960000 4.320000 29347163691
-3.300000 -1.020000 4.260000 29347187584
-3.060000 -1.140000 4.260000 29347212940
