-0.460913 6.766589 7.443248 29407258329
-0.264780 6.894075 6.648909 29407282019
-0.529559 7.050982 6.187996 29407307024
-0.745305 7.158855 7.050982 29407332012
-0.421686 7.001948 6.894075 29407357027
-0.343233 7.080402 7.050982 29407382028
-0.362846 7.158855 7.276535 29407407023
-0.706079 7.296148 6.864655 29407432068
-0.804145 7.315762 7.551122 29407457063
-0.617819 7.090209 7.649189 29407482063
-0.441299 6.903882 7.256922 29407507060
-0.372653 6.609683 7.874741 29407532110
-0.166713 6.580263 7.462861 29407557108
-0.019613 6.531229 6.697943 29407582101
-0.019613 6.472390 6.609683 29407607099
-0.078453 6.697943 6.590069 29407632146
0.039227 6.531229 6.678329 29407657140
0.107873 6.492003 6.796009 29407682131
0.039227 6.619490 6.599876 29407707138
-0.117680 6.835236 6.746976 29407732206
-0.127486 6.521423 7.129435 29407757199
-0.225553 6.599876 7.315762 29407782197
-0.304006 6.746976 7.305955 29407807193
-0.764919 7.521701 7.806095 29407832340
-0.833565 7.482475 7.923775 29407857318
-0.676659 6.874462 7.923775 29407882323
-0.353039 6.305676 7.511894 29407907324
-0.451106 5.805537 7.139242 29407932327
-0.696272 5.864377 7.158855 29407957311
-0.853179 6.609683 6.776396 29407982338
-0.608012 6.590069 6.266450 29408007328
-0.225553 6.364516 4.942552 29408032342
-0.009807 5.707471 4.844486 29408057327
-0.392266 5.952637 5.776117 29408082344
-0.402073 6.874462 6.629296 29408107327
-0.078453 6.080123 6.433163 29408132330
-0.049033 5.403465 6.197803 29408157318
-0.480526 5.315205 6.237030 29408182334
-2.147657 4.824872 7.041175 29408207329
-2.647796 5.648631 6.913689 29408232334
-2.598763 5.883991 6.570456 29408257308
-2.383016 4.854292 6.648909 29408282346
-4.079567 3.942274 7.963001 29408307333
-4.393380 3.981500 7.766868 29408332341
-4.265893 3.893241 7.884548 29408357317
-4.010921 3.491168 9.306512 29408382329
-4.491446 2.991029 9.718391 29408407311
-4.530673 2.628183 9.688972 29408432309
-4.403186 1.529838 10.414664 29408457296
-4.118793 1.166991 10.650023 29408482316
-4.128600 0.755112 10.806930 29408507308
-4.226666 0.078453 10.169497 29408532316
-4.432606 0.264780 10.424470 29408557302
-4.520866 0.647239 10.708863 29408582320
-3.108708 -0.882599 9.738005 29408607304
-3.000835 -1.824037 9.600712 29408632303
-2.873349 -1.323898 8.845599 29408657299
-3.157742 -0.804145 8.404300 29408682307
-3.138128 -1.108152 7.874741 29408707305
-8.306233 -2.549729 4.726806 29408732308
-6.158577 -1.706357 7.786481 29408757301
-3.981500 -1.667131 9.365352 29408782317
-3.932467 -1.559257 8.472947 29408807298
-3.952080 -1.363124 8.649467 29408832314
-4.020727 -1.755391 9.090766 29408857301
-3.510781 -1.186605 9.277092 29408882323
-3.295035 -0.676659 9.188832 29408907296
-3.304842 -0.843372 9.100572 29408932319
-3.648074 -1.255251 8.531787 29408957297
-4.697386 -1.520031 11.061903 29408982327
-3.638267 -0.931632 7.109822 29409007307
-3.128322 -1.108152 7.021562 29409032320
-2.059397 -0.529559 8.875020 29409057430
-1.421964 -0.578592 10.846155 29409082319
-1.029698 -0.617819 10.140078 29409107352
-1.088538 -0.127486 10.551956 29409132313
-0.961052 -0.098067 10.306790 29409157397
-1.412158 -0.323619 9.757618 29409182317
-1.265058 0.343233 9.610518 29409207322
-1.480804 0.137293 9.904717 29409232317
-1.627904 -0.264780 9.551678 29409257314
-1.618097 -0.627626 9.375159 29409282326
-2.245723 -0.558979 10.002784 29409307326
-1.833844 -0.372653 10.542150 29409332314
-1.745584 -0.470719 9.718391 29409357315
0.058840 -0.608012 8.796566 29409382323
-1.922104 -0.843372 9.267285 29409407316
-0.353039 0.147100 7.070595 29409432304
0.264780 0.107873 8.463140 29409457307
0.156906 0.205940 9.541871 29409482307
0.068647 0.313813 9.483032 29409507322
-0.058840 0.372653 9.757618 29409532310
0.127486 0.147100 9.855684 29409557315
0.166713 0.098067 9.924331 29409582314
0.107873 0.147100 10.002784 29409607311
0.098067 0.156906 9.875298 29409632300
0.098067 0.215746 9.875298 29409657314
0.098067 0.225553 9.875298 29409682328
0.117680 0.215746 9.826264 29409707319
0.078453 0.205940 9.826264 29409732312
0.078453 0.225553 9.826264 29409757308
0.039227 0.245166 9.845878 29409782325
0.058840 0.245166 9.865492 29409807307
0.058840 0.245166 9.904717 29409832312
0.049033 0.225553 9.885104 29409857305
0.049033 0.205940 9.855684 29409882317
0.058840 0.225553 9.885104 29409907304
0.039227 0.225553 9.865492 29409932314
0.068647 0.254973 9.845878 29409957306
0.068647 0.254973 9.894911 29409982326
0.039227 0.274586 9.865492 29410007311
0.049033 0.313813 9.865492 29410032304
0.078453 0.225553 9.826264 29410057303
0.058840 0.205940 9.855684 29410082323
0.049033 0.225553 9.806651 29410107291
0.049033 0.225553 9.885104 29410132313
0.049033 0.235360 9.836071 29410157296
0.049033 0.274586 9.885104 29410182308
0.058840 0.304006 9.865492 29410207303
0.058840 0.245166 9.865492 29410232320
0.029420 0.284393 9.875298 29410257310
0.019613 0.274586 9.904717 29410282321
0.039227 0.245166 9.865492 29410307315
0.068647 0.225553 9.875298 29410332320
0.068647 0.245166 9.845878 29410357303
0.068647 0.245166 9.875298 29410382461
0.058840 0.254973 9.953751 29410407306
0.049033 0.254973 9.904717 29410432309
0.078453 0.225553 9.875298 29410457316
0.098067 0.225553 9.885104 29410482313
0.049033 0.215746 9.875298 29410507320
0.058840 0.235360 9.865492 29410532313
0.068647 0.235360 9.904717 29410557310
0.068647 0.235360 9.943945 29410582312
0.068647 0.215746 9.914525 29410607310
0.078453 0.254973 9.865492 29410632303
0.058840 0.235360 9.865492 29410657311
0.049033 0.215746 9.894911 29410682301
0.039227 0.215746 9.875298 29410707321
0.058840 0.245166 9.924331 29410732316
0.098067 0.225553 9.914525 29410757316
0.068647 0.225553 9.992978 29410782296
0.049033 0.245166 9.885104 29410807318
0.049033 0.254973 9.924331 29410832315
0.058840 0.225553 9.845878 29410857314
0.058840 0.215746 9.894911 29410882318
0.019613 0.205940 9.943945 29410907313
0.049033 0.235360 9.973364 29410932318
0.068647 0.274586 9.914525 29410957313
0.088260 0.245166 9.865492 29410982309
0.058840 0.235360 9.865492 29411007310
0.058840 0.205940 9.875298 29411032317
0.049033 0.245166 9.855684 29411057301
0.058840 0.245166 9.904717 29411082297
0.039227 0.205940 9.914525 29411107313
0.039227 0.235360 9.875298 29411132313
0.058840 0.215746 9.875298 29411157303
0.049033 0.205940 9.865492 29411182313
0.058840 0.294200 9.894911 29411207311
0.058840 0.274586 9.875298 29411232322
0.058840 0.235360 9.904717 29411257507
