12.460000 -4.042500 -2.065000 29407283492
12.460000 1.260000 -2.887500 29407308505
9.152500 3.500000 -1.995000 29407333498
-5.600000 -6.860000 1.365000 29407358499
-24.500000 -1.207500 -1.120000 29407383499
-23.940001 -18.217501 -0.910000 29407408495
-18.007500 3.167500 0.280000 29407433537
-9.765000 19.722500 7.997500 29407458540
-15.540000 -10.220000 10.972500 29407483547
-19.740000 -20.719999 4.112500 29407508540
-13.230000 -9.170000 -2.292500 29407533588
-11.392500 -48.474998 -9.450000 29407558595
-5.215000 -37.817501 -11.340000 29407583589
6.195000 -6.772500 -7.875000 29407608587
10.115000 8.452500 -5.127500 29407633647
15.855000 11.287500 4.987500 29407658646
19.862499 2.642500 -7.490000 29407683648
10.552500 -23.852501 -22.225000 29407708646
0.665000 -12.005000 -15.137500 29407733671
-13.650000 -8.015000 -8.890000 29407758664
-14.840000 -34.807499 -21.245001 29407783690
-5.180000 -33.180000 -31.465000 29407808661
6.020000 -18.690001 -38.062500 29407833821
8.907500 -30.625000 -15.750000 29407858830
7.910000 -32.200001 -20.580000 29407883812
-1.592500 -26.967501 -45.272499 29407908808
5.547500 -19.040001 -72.345001 29407933800
22.277500 -68.337502 -104.807503 29407958818
33.845001 -65.449997 -95.690002 29407983816
6.352500 -64.644997 -69.264999 29408008809
-9.695000 -76.614998 -68.495003 29408033808
-9.520000 -48.090000 -78.452499 29408058845
9.310000 -24.710001 -122.044998 29408083810
-37.485001 -36.189999 -109.917503 29408108810
-70.297501 -43.242500 -92.137497 29408133803
-63.700001 -43.924999 -131.162506 29408158814
-48.264999 -8.697500 -157.552505 29408183808
-72.695000 -23.082500 -169.925003 29408208815
-99.662498 -25.830000 -166.565002 29408233816
-102.900002 -6.895000 -127.872498 29408258835
-88.602501 32.060001 -115.290001 29408283823
-85.715004 38.570000 -137.287506 29408308813
-111.754997 39.532501 -120.959999 29408333803
-104.404999 68.040001 -92.120003 29408358817
-68.425003 35.087502 -84.402504 29408383793
-76.510002 -37.362499 -74.532501 29408408792
-106.767502 -3.377500 -57.959999 29408433793
-82.004997 -9.992500 -53.445000 29408458795
-55.667500 -29.697500 -63.209999 29408483802
-55.790001 -40.494999 -53.112499 29408508797
-51.064999 -24.727501 -49.070000 29408533794
-8.645000 -32.865002 -46.970001 29408558806
-7.647500 -45.535000 -14.000000 29408583792
-39.182499 7.000000 9.485000 29408608798
-7.455000 21.752501 -21.717501 29408633802
21.105000 8.540000 -62.772499 29408658800
8.295000 -6.825000 -54.932499 29408683800
-41.037498 25.585001 -38.605000 29408708793
-41.212502 -35.892502 -30.537500 29408733793
-4.182500 0.665000 -22.155001 29408758804
10.080000 7.000000 -20.702499 29408783798
8.417500 -4.952500 -20.387501 29408808794
3.132500 26.022501 -13.212500 29408833851
16.764999 13.335000 -4.305000 29408858798
13.947500 16.082500 1.610000 29408883798
11.252500 28.192501 7.402500 29408908800
10.097500 68.302498 14.315001 29408933961
11.812500 76.247498 16.975000 29408958802
17.272501 -67.305000 6.317500 29408984003
-7.892500 -255.902496 11.637500 29409009029
-48.632500 -89.250000 38.797501 29409033859
28.157499 -0.157500 40.915001 29409058873
41.422501 -5.687500 7.210000 29409083868
28.000000 -17.482500 -18.934999 29409108868
9.607500 -67.287498 -31.920000 29409133869
14.297500 -120.190002 -44.292500 29409158852
-0.455000 -14.752501 -55.020000 29409183832
4.532500 -10.640000 -37.485001 29409208897
2.292500 -31.080000 -29.295000 29409233898
-3.010000 -45.517502 -17.167500 29409258889
0.490000 -54.389999 -32.410000 29409283885
20.230000 -57.610001 -39.882500 29409308896
20.090000 -7.507500 -21.770000 29409333884
7.087500 8.750000 -33.547501 29409358957
12.862500 -57.365002 -67.637497 29409383890
37.170002 -232.960007 -97.230003 29409408908
109.952499 45.097500 -45.255001 29409433887
2.310000 3.325000 -0.770000 29409458981
-0.140000 5.827500 -3.115000 29409483896
-0.227500 1.680000 7.105000 29409508880
-0.665000 1.172500 16.782499 29409533889
-0.595000 0.035000 21.962500 29409558899
-0.910000 0.455000 13.895000 29409583897
-0.577500 5.075000 6.965000 29409608868
-0.682500 0.665000 4.952500 29409633891
-0.770000 1.505000 3.762500 29409658863
-0.700000 1.190000 3.062500 29409683893
-0.560000 1.557500 0.770000 29409708868
-0.682500 1.085000 -0.122500 29409733890
-0.595000 1.085000 -0.122500 29409758863
-0.525000 1.172500 -0.087500 29409783897
-0.805000 1.190000 -0.280000 29409808869
-0.595000 0.822500 -0.315000 29409833884
-0.682500 0.857500 -0.297500 29409858866
-0.630000 1.137500 -0.280000 29409883886
-0.665000 1.067500 -0.175000 29409908865
-0.630000 1.085000 0.245000 29409933882
-0.682500 1.120000 -0.017500 29409958887
-0.752500 1.120000 -0.087500 29409983903
-0.560000 0.962500 -0.140000 29410008893
-0.735000 0.945000 0.035000 29410033879
-0.507500 1.067500 0.210000 29410058886
-0.577500 1.260000 -0.052500 29410083888
-0.455000 1.050000 -0.140000 29410108894
-0.665000 1.172500 -0.140000 29410133883
-0.542500 1.085000 0.035000 29410158883
-0.437500 1.190000 0.017500 29410183888
-0.822500 1.137500 0.297500 29410209576
-0.770000 1.155000 -0.017500 29410233848
-0.665000 1.120000 -0.105000 29410258830
-0.735000 1.190000 0.087500 29410283897
-0.472500 1.242500 -0.105000 29410308857
-0.647500 0.962500 -0.122500 29410333899
-0.402500 1.295000 0.122500 29410358890
-0.612500 1.190000 0.087500 29410383892
-0.840000 1.015000 -0.070000 29410408879
-0.350000 1.085000 0.070000 29410433890
-0.507500 0.980000 0.035000 29410458887
-0.752500 1.207500 -0.542500 29410484190
-0.945000 1.102500 -0.245000 29410509184
-0.665000 1.067500 -0.157500 29410534023
-0.542500 1.137500 -0.035000 29410559115
-0.437500 0.875000 -0.105000 29410584024
-0.910000 1.032500 -0.140000 29410608936
-0.455000 1.050000 -0.157500 29410633902
-0.962500 0.927500 -0.157500 29410658889
-0.805000 1.172500 -0.017500 29410683862
-0.630000 0.962500 -0.105000 29410708884
-0.787500 1.085000 -0.157500 29410733906
-0.665000 1.137500 0.035000 29410758887
-0.472500 1.225000 -0.175000 29410783878
-0.577500 0.892500 0.070000 29410808886
-0.770000 1.050000 -0.420000 29410833898
-0.665000 1.190000 -0.052500 29410858884
-0.682500 1.067500 -0.437500 29410883889
-0.455000 0.997500 -0.245000 29410908888
-0.735000 0.945000 -0.105000 29410933888
-0.490000 1.015000 -0.245000 29410958893
-1.050000 0.945000 0.122500 29410983909
-0.542500 1.172500 0.070000 29411008891
-0.542500 1.120000 -0.052500 29411033888
-0.735000 0.927500 -0.087500 29411058890
-0.735000 1.067500 -0.070000 29411083852
-0.367500 1.155000 -0.035000 29411108886
-0.700000 0.857500 0.157500 29411133884
-0.717500 1.032500 -0.157500 29411158894
-0.647500 0.927500 0.087500 29411183880
-0.577500 1.137500 0.245000 29411208888
-0.490000 1.067500 -0.157500 29411233897
