0.000000 30767859633
0.000000 30767880679
0.000000 30767905660
0.000000 30767930696
0.000000 30767955682
0.000000 30767980683
0.000000 30768005685
0.000000 30768030687
0.000000 30768055684
0.000000 30768080686
0.000000 30768105677
0.000000 30768130697
0.000000 30768155667
0.000000 30768180678
0.000000 30768205686
0.000000 30768230693
0.000000 30768255666
0.000000 30768280672
0.000000 30768305686
0.000000 30768330688
0.000000 30768355695
0.000000 30768380681
0.000000 30768405719
0.000000 30768430683
0.000000 30768455785
0.000000 30768480677
0.000000 30768505674
0.000000 30768530688
0.000000 30768555671
0.000000 30768580675
0.000000 30768605668
0.000000 30768630689
0.000000 30768655677
0.000000 30768680690
0.000000 30768705679
0.000000 30768730687
0.000000 30768755669
0.000000 30768780673
0.000000 30768805672
0.000000 30768830677
0.000000 30768855683
0.000000 30768880690
5.000000 30768905675
5.000000 30768930681
5.000000 30768955685
5.000000 30768980675
5.000000 30769005680
5.000000 30769030672
0.000000 30769055677
0.000000 30769080672
0.000000 30769105671
0.000000 30769130662
5.000000 30769155669
5.000000 30769180673
5.000000 30769205677
5.000000 30769230638
5.000000 30769255656
5.000000 30769280653
5.000000 30769305654
5.000000 30769330644
5.000000 30769355653
5.000000 30769380660
5.000000 30769405659
5.000000 30769430648
5.000000 30769455652
5.000000 30769480657
5.000000 30769505648
0.000000 30769530667
0.000000 30769555660
0.000000 30769580662
0.000000 30769605656
0.000000 30769630655
0.000000 30769655656
0.000000 30769680655
0.000000 30769705655
0.000000 30769730657
0.000000 30769755653
0.000000 30769780656
0.000000 30769805652
0.000000 30769830651
0.000000 30769855655
0.000000 30769880660
0.000000 30769905649
0.000000 30769930659
0.000000 30769955658
0.000000 30769980658
0.000000 30770005652
0.000000 30770030659
0.000000 30770055658
0.000000 30770080656
0.000000 30770105673
0.000000 30770130656
0.000000 30770155663
0.000000 30770180654
0.000000 30770205647
0.000000 30770230650
0.000000 30770255632
0.000000 30770280639
0.000000 30770305654
0.000000 30770330652
0.000000 30770355661
0.000000 30770380665
0.000000 30770405651
0.000000 30770430661
0.000000 30770455659
0.000000 30770480658
5.000000 30770505664
5.000000 30770530671
5.000000 30770555658
5.000000 30770580665
5.000000 30770605661
0.000000 30770630669
0.000000 30770655662
0.000000 30770680646
0.000000 30770705651
0.000000 30770730658
0.000000 30770755657
0.000000 30770780658
5.000000 30770805662
5.000000 30770830664
5.000000 30770855680
5.000000 30770880656
5.000000 30770905652
5.000000 30770930661
5.000000 30770955655
5.000000 30770980654
5.000000 30771005647
5.000000 30771030657
5.000000 30771055654
5.000000 30771080659
5.000000 30771105674
5.000000 30771130663
5.000000 30771155674
5.000000 30771180671
5.000000 30771205668
0.000000 30771230681
0.000000 30771255666
0.000000 30771280673
0.000000 30771305673
0.000000 30771330672
0.000000 30771355671
0.000000 30771380671
0.000000 30771405667
0.000000 30771430671
0.000000 30771455669
0.000000 30771480669
0.000000 30771505668
0.000000 30771530669
0.000000 30771555667
0.000000 30771580665
5.000000 30771605689
5.000000 30771630679
5.000000 30771655684
