-6.590069 -4.305120 -7.747255 29299946256
-6.639102 -4.560093 -7.884548 29299971246
-6.570456 -5.972251 -7.001948 29299996239
-6.374323 -7.011755 -6.325290 29300021427
-6.835236 -7.119628 -6.648909 29300046249
-6.825429 -6.658716 -7.109822 29300077367
-6.668523 -7.070595 -4.530673 29300101387
-7.050982 -8.021841 -1.794617 29300121226
-7.296148 -7.874741 -2.490890 29300146249
-7.394215 -7.384408 -2.588956 29300171248
-8.825986 -7.217695 -0.617819 29300196239
-9.051538 -6.609683 -0.921825 29300221226
-9.090766 -5.952637 -0.794339 29300246255
-8.953472 -5.501531 -0.304006 29300271246
-9.335932 -4.383573 0.362846 29300296245
-9.433999 -4.108987 0.951245 29300321229
-9.433999 -3.824594 1.529838 29300346278
-9.179026 -3.471555 2.559536 29300371249
-9.051538 -3.451941 4.383573 29300396244
-8.924053 -3.334261 5.550564 29300421243
-8.394494 -3.314648 5.432885 29300446246
-7.766868 -2.834122 5.629018 29300471237
-7.874741 -2.549729 5.560371 29300496255
-7.953194 -2.147657 4.344347 29300521230
-8.149327 -1.421964 4.265893 29300546239
-8.100294 -1.402351 4.501253 29300571234
-7.374601 -1.206218 4.118793 29300596247
-6.717556 -1.176798 4.599319 29300621213
-6.305676 -1.441578 5.177912 29300646244
-6.031090 -1.588677 5.599597 29300671238
-6.070317 -1.441578 7.001948 29300696252
-5.933024 -1.333705 6.972529 29300721234
-5.717278 -0.804145 6.089930 29300746244
-6.472390 -0.294200 6.511616 29300771237
-7.021562 0.009807 6.246837 29300796244
-7.453054 0.647239 5.991864 29300821235
-7.747255 0.588399 6.639102 29300846254
-7.305955 0.402073 5.717278 29300871232
-7.247115 0.794339 5.119072 29300896239
-7.413828 0.882599 5.226945 29300921223
-7.472668 1.186605 5.050425 29300946251
-7.080402 1.235638 4.667966 29300971248
-7.139242 1.029698 5.099458 29300996252
-7.080402 0.892405 4.952359 29301021229
-7.139242 0.813952 4.981779 29301046223
-7.678608 0.637432 5.540758 29301071252
-7.570735 0.470719 5.589791 29301096251
-7.658995 0.009807 6.344903 29301121228
-7.776674 -0.264780 6.658716 29301146253
