-2.640000 -0.120000 3.600000 29299936274
-2.880000 -0.600000 3.480000 29299961387
-2.580000 -0.300000 3.540000 29299990207
-3.000000 -0.600000 3.240000 29300011657
-2.700000 -0.060000 2.700000 29300036282
-2.880000 -0.120000 2.760000 29300061289
-3.060000 0.180000 2.340000 29300086443
-3.060000 -0.060000 2.100000 29300111443
-3.000000 -0.240000 1.920000 29300136274
-3.240000 -0.240000 2.040000 29300161387
-3.240000 -0.360000 1.800000 29300186269
-3.540000 -0.060000 1.380000 29300211601
-3.420000 -0.180000 1.500000 29300236533
-3.900000 -0.300000 1.620000 29300261410
-3.060000 -0.420000 1.140000 29300286266
-2.940000 -0.180000 1.500000 29300311611
-2.820000 -0.180000 1.500000 29300336331
-2.340000 0.180000 1.140000 29300361434
-2.040000 0.120000 1.200000 29300386274
-2.040000 -0.120000 0.960000 29300411630
-1.560000 0.120000 0.720000 29300436283
-1.620000 0.060000 0.900000 29300461389
-1.200000 -0.120000 0.360000 29300486278
-1.380000 -0.180000 0.060000 29300511612
-1.440000 -0.840000 0.120000 29300536282
-1.380000 -0.780000 -0.420000 29300561384
-1.140000 -0.660000 -0.660000 29300586289
-1.140000 -0.780000 -0.660000 29300611599
-1.080000 -1.200000 -0.840000 29300636276
-1.140000 -0.780000 -0.780000 29300661393
-0.660000 -1.140000 -1.380000 29300686270
-0.840000 -1.200000 -1.680000 29300711595
-1.140000 -1.620000 -1.620000 29300736291
-1.020000 -1.500000 -1.860000 29300761396
-1.260000 -1.860000 -1.860000 29300786279
-0.960000 -2.040000 -2.040000 29300811591
-1.200000 -2.040000 -2.280000 29300836274
-0.960000 -2.280000 -2.400000 29300861418
-1.140000 -2.700000 -2.220000 29300886265
-1.260000 -2.580000 -2.580000 29300911595
-1.080000 -2.880000 -2.520000 29300936278
-1.320000 -3.120000 -2.640000 29300961396
-1.500000 -3.060000 -2.820000 29300986267
-1.320000 -2.880000 -2.640000 29301011627
-1.320000 -3.480000 -3.000000 29301036283
-1.680000 -3.240000 -2.640000 29301062041
-1.740000 -3.060000 -2.580000 29301084365
-2.040000 -3.120000 -2.880000 29301109365
-1.800000 -3.120000 -2.760000 29301134371
