0.166713 -9.747811 -0.794339 13588658143
0.137293 -9.787038 -0.804145 13588683173
0.156906 -9.796844 -0.813952 13588708163
0.156906 -9.757618 -0.804145 13588733147
0.156906 -9.747811 -0.735499 13588758158
0.156906 -9.777231 -0.755112 13588783156
0.156906 -9.806651 -0.862985 13588808157
0.107873 -9.806651 -0.902212 13588833150
0.107873 -9.757618 -1.284671 13588858159
-0.078453 -9.473226 -1.598484 13588883152
-0.039227 -9.747811 -1.598484 13588908157
-0.029420 -9.600712 -1.696550 13588933143
0.117680 -9.728198 -1.980944 13588958139
0.147100 -9.414385 -2.059397 13588983137
0.107873 -10.277370 -2.226110 13589008148
0.098067 -9.659552 -2.216303 13589033133
0.058840 -9.463418 -2.255530 13589058124
0.058840 -9.855684 -2.284950 13589083133
-0.058840 -10.532343 -2.059397 13589108147
-0.098067 -10.924609 -1.971137 13589133140
-0.098067 -10.493117 -1.598484 13589158144
-0.068647 -9.659552 -1.539644 13589183129
-0.058840 -9.600712 -1.265058 13589208144
-0.058840 -10.581376 -1.010085 13589233136
0.088260 -9.433999 -0.666852 13589258127
0.215746 -9.796844 -0.588399 13589283137
0.254973 -10.444084 -0.470719 13589308148
0.274586 -9.747811 -0.254973 13589333130
0.264780 -9.639938 -0.098067 13589358147
0.284393 -9.414385 -0.088260 13589383144
0.254973 -9.463418 0.019613 13589408150
0.196133 -9.679165 0.343233 13589433138
0.156906 -9.630132 0.431493 13589458154
0.127486 -9.728198 0.666852 13589483144
0.078453 -9.669358 0.725692 13589508141
-0.137293 -9.806651 0.882599 13589533141
-0.235360 -9.875298 0.853179 13589558142
-0.235360 -9.885104 0.637432 13589583128
-0.196133 -9.845878 0.451106 13589608142
0.009807 -9.953751 0.421686 13589633144
0.088260 -9.688972 0.156906 13589658147
0.166713 -9.963558 0.245166 13589683152
0.215746 -10.718670 0.078453 13589708146
0.235360 -9.894911 -0.068647 13589733136
0.196133 -9.688972 -0.049033 13589758132
0.147100 -9.757618 -0.049033 13589783147
0.196133 -9.836071 -0.107873 13589808148
0.343233 -10.296983 -0.254973 13589833141
0.343233 -9.836071 -0.392266 13589858136
0.382459 -10.002784 -0.451106 13589883159
0.353039 -9.404578 -0.441299 13589908145
0.235360 -10.414664 -0.794339 13589933145
0.196133 -10.748089 -0.862985 13589958137
0.186326 -9.610518 -0.549172 13589983145
0.176520 -8.943666 -0.784532 13590008144
0.078453 -9.228059 -0.882599 13590033145
0.009807 -10.287177 -1.216025 13590058117
0.049033 -9.590905 -0.804145 13590083142
0.215746 -9.983171 -1.294478 13590108147
0.402073 -9.453611 -0.961052 13590133146
0.558979 -9.012313 -1.078732 13590158135
0.608012 -10.365630 -1.461191 13590183144
0.804145 -9.659552 -1.480804 13590208134
0.902212 -9.885104 -1.412158 13590233083
0.980665 -9.590905 -1.363124 13590258079
1.019892 -9.698778 -1.284671 13590283138
0.706079 -9.659552 -1.294478 13590308138
0.588399 -9.581099 -1.137571 13590333144
0.519753 -9.757618 -1.049312 13590358145
0.539366 -9.934137 -1.068925 13590383146
0.490333 -9.816459 -1.010085 13590408147
0.343233 -9.904717 -0.872792 13590433138
0.186326 -9.787038 -0.794339 13590458146
0.049033 -9.845878 -0.745305 13590483141
-0.382459 -9.787038 -0.657046 13590508145
-0.568786 -9.757618 -0.519753 13590533138
-0.666852 -9.894911 -0.431493 13590558138
-0.715886 -9.669358 -0.284393 13590583140
-0.676659 -9.620325 -0.029420 13590608143
-0.637432 -9.463418 0.127486 13590633146
-0.598206 -9.787038 0.156906 13590658146
-0.647239 -9.718391 0.058840 13590683143
-0.686466 -9.934137 0.284393 13590708144
-0.745305 -9.620325 0.372653 13590733142
-0.813952 -9.355545 0.411879 13590758140
-0.862985 -9.424192 0.421686 13590783138
-0.970859 -9.228059 0.549172 13590808142
-0.853179 -9.738005 0.519753 13590833136
-0.686466 -9.728198 0.372653 13590858128
-0.500139 -9.747811 0.441299 13590883142
-0.333426 -9.698778 0.500139 13590908150
-0.156906 -9.649745 0.411879 13590933143
0.117680 -10.042011 0.421686 13590958143
0.862985 -9.806651 0.254973 13590983148
1.304285 -9.757618 0.098067 13591008150
1.814230 -9.855684 -0.009807 13591033143
2.186883 -9.816459 -0.068647 13591058240
2.500696 -9.326125 -0.264780 13591083149
2.275143 -9.345738 -0.431493 13591108148
2.029977 -9.688972 -0.421686 13591133140
1.863264 -9.992978 -0.431493 13591158137
1.402351 -10.091044 -0.509946 13591183140
1.078732 -9.924331 -0.500139 13591208146
0.774725 -9.747811 -0.539366 13591233146
0.539366 -9.522259 -0.588399 13591258127
0.205940 -9.767425 -0.578592 13591283133
0.078453 -9.816459 -0.568786 13591308125
-0.019613 -9.747811 -0.588399 13591333084
-0.196133 -9.757618 -0.637432 13591358078
-0.382459 -9.796844 -0.558979 13591383136
-0.382459 -9.855684 -0.490333 13591408145
-0.480526 -9.708585 -0.490333 13591433141
-0.441299 -9.943945 -0.333426 13591458136
-0.372653 -9.728198 -0.402073 13591483149
-0.284393 -9.600712 -0.411879 13591508143
-0.235360 -9.708585 -0.343233 13591533151
-0.235360 -9.571292 -0.294200 13591558140
-0.284393 -9.924331 -0.313813 13591583152
-0.372653 -9.659552 -0.215746 13591608154
-0.431493 -10.032204 -0.127486 13591633141
-0.568786 -10.081238 -0.058840 13591658125
-0.666852 -9.424192 -0.058840 13591683137
-0.666852 -9.296705 -0.019613 13591708145
-0.735499 -9.590905 -0.049033 13591733147
-0.755112 -9.502645 0.176520 13591758143
-0.706079 -9.375159 0.313813 13591783137
-0.578592 -9.747811 0.245166 13591808135
-0.568786 -9.708585 0.088260 13591833145
-0.284393 -9.845878 0.254973 13591858142
-0.147100 -9.688972 0.274586 13591883150
-0.068647 -9.698778 0.254973 13591908146
0.117680 -9.738005 0.107873 13591933144
0.578592 -9.796844 -0.009807 13591958142
0.804145 -9.914525 -0.009807 13591983138
1.010085 -9.757618 -0.215746 13592008149
1.127765 -9.963558 -0.274586 13592033135
1.382738 -9.826264 -0.441299 13592058125
1.392545 -9.747811 -0.519753 13592083143
1.451384 -9.777231 -0.637432 13592108148
1.186605 -9.747811 -0.804145 13592133145
0.912019 -9.708585 -0.804145 13592158139
0.608012 -9.728198 -0.862985 13592183145
0.304006 -9.796844 -0.833565 13592208148
0.039227 -9.806651 -0.882599 13592233141
0.029420 -9.836071 -0.921825 13592258133
0.019613 -9.865492 -0.853179 13592283141
0.019613 -9.826264 -0.794339 13592308141
0.127486 -9.787038 -0.745305 13592333141
0.254973 -9.718391 -0.706079 13592358127
0.343233 -9.718391 -0.725692 13592383147
