-0.122500 0.910000 0.227500 13588693396
-0.665000 1.102500 -0.017500 13588718387
-0.752500 0.980000 -0.122500 13588743396
-0.875000 1.365000 -0.122500 13588768303
-0.840000 1.085000 -0.087500 13588793390
-0.735000 1.452500 -0.332500 13588818394
0.805000 1.155000 -1.540000 13588843394
2.922500 2.082500 -3.027500 13588868296
11.462500 -3.255000 0.140000 13588893390
-2.240000 -7.350000 12.127500 13588918391
-35.244999 -9.870000 3.237500 13588943391
-20.387501 -5.705000 -2.030000 13588968290
-20.405001 1.242500 -4.375000 13588993373
-11.550000 7.175000 -2.415000 13589018371
-8.137500 12.512500 1.470000 13589043367
-3.150000 19.950001 3.972500 13589068287
-0.630000 21.857500 4.305000 13589093376
4.620000 22.697500 3.307500 13589118372
3.167500 22.855000 2.502500 13589143375
2.975000 22.977501 2.852500 13589168282
4.095000 21.472500 3.010000 13589193371
4.812500 19.932501 1.592500 13589218374
6.702500 19.285000 0.490000 13589243374
7.227500 17.465000 -0.840000 13589268287
6.667500 16.537500 -0.122500 13589293371
6.107500 16.467501 1.295000 13589318370
3.920000 17.097500 1.172500 13589343370
5.267500 16.572500 1.732500 13589368283
4.235000 14.367500 3.325000 13589393367
5.110000 13.877501 3.307500 13589418370
5.232500 12.355000 2.835000 13589443368
3.010000 11.165000 2.362500 13589468286
2.887500 10.167500 3.307500 13589493370
3.412500 5.127500 2.310000 13589518372
6.965000 3.010000 1.942500 13589543374
4.742500 0.052500 1.120000 13589568287
2.817500 -4.725000 -4.427500 13589593385
-18.410000 -8.085000 -7.175000 13589618368
-33.075001 -10.447500 -8.242500 13589643372
-1.382500 -14.927500 -4.602500 13589668293
-1.557500 -13.195000 -0.350000 13589693369
0.420000 -14.822500 0.437500 13589718368
4.270000 -14.367500 -0.507500 13589743370
5.495000 -16.292500 -3.587500 13589768283
2.905000 -17.972500 -4.620000 13589793379
-1.662500 -17.797501 -4.952500 13589818373
0.490000 -16.502501 -3.710000 13589843367
1.137500 -16.450001 -3.115000 13589868284
3.080000 -14.665000 -1.365000 13589893366
5.355000 -13.335000 -1.557500 13589918371
6.510000 -13.492500 -1.575000 13589943370
6.247500 -11.077500 1.190000 13589968284
7.560000 -11.147500 1.732500 13589993370
9.642500 -7.770000 2.712500 13590018372
11.060000 -4.480000 0.175000 13590043370
12.617500 -6.090000 -0.490000 13590068282
11.200000 -5.110000 -0.472500 13590093367
14.035000 -2.782500 -0.367500 13590118374
12.915000 -0.980000 -1.295000 13590143368
13.440001 -0.612500 -1.890000 13590168284
14.840000 2.817500 -1.907500 13590193376
13.510000 5.600000 -1.907500 13590218285
10.780000 12.722500 1.190000 13590243267
7.560000 17.080000 -1.627500 13590268293
5.687500 23.642500 -7.385000 13590293374
4.777500 27.667500 -8.067500 13590318368
6.737500 29.715000 -7.927500 13590343369
7.735000 31.377501 -6.335000 13590368291
6.912500 33.355000 -9.222500 13590393378
6.195000 38.185001 -14.735000 13590418369
2.327500 37.205002 -11.445000 13590443373
1.732500 36.452499 -4.707500 13590468286
2.572500 33.880001 1.575000 13590493369
2.275000 32.165001 3.640000 13590518371
2.992500 27.719999 4.130000 13590543372
3.640000 25.549999 0.717500 13590568283
2.677500 20.982500 -0.787500 13590593369
3.325000 13.597500 2.485000 13590618372
2.047500 11.305000 6.842500 13590643367
3.237500 7.332500 8.627500 13590668286
0.875000 2.992500 8.575000 13590693374
-0.682500 -2.520000 5.390000 13590718380
-1.785000 -9.432500 1.645000 13590743369
-5.250000 -12.757500 0.927500 13590768282
-6.142500 -15.347500 1.032500 13590793367
-7.035000 -20.772501 2.327500 13590818371
-9.467500 -23.712500 0.840000 13590843368
-9.327500 -23.082500 -0.455000 13590868283
-8.732500 -25.655001 -3.552500 13590893369
-8.890000 -29.417500 1.330000 13590918373
-9.065000 -30.187500 6.230000 13590943372
-9.345000 -30.275000 0.770000 13590968283
-8.575000 -28.997499 -5.232500 13590993359
-6.562500 -23.782499 -11.095000 13591018281
-5.215000 -18.742500 -16.100000 13591043398
-4.900000 -10.815000 -17.797501 13591068291
-3.832500 2.345000 2.187500 13591093374
-5.670000 10.080000 26.547501 13591118372
-6.370000 18.007500 28.000000 13591143373
6.895000 21.105000 -0.490000 13591168282
17.237499 24.307501 -21.892500 13591193368
12.127500 28.402500 -17.990000 13591218375
7.262500 30.782499 -4.585000 13591243378
5.600000 34.317501 9.415000 13591268314
4.987500 34.720001 3.815000 13591293453
6.475000 35.157501 -4.095000 13591318278
5.950000 34.107502 -5.215000 13591343254
2.485000 32.497501 3.517500 13591368257
-0.472500 27.737499 9.467500 13591393379
-1.400000 26.057501 4.252500 13591418372
-2.555000 24.237499 -5.145000 13591443375
-3.185000 20.090000 -6.895000 13591468282
-4.935000 18.917500 -3.202500 13591493365
-6.265000 16.117500 -2.047500 13591518372
-7.280000 14.210000 -2.152500 13591543367
-7.227500 14.035000 -0.542500 13591568279
-5.932500 12.390000 1.137500 13591593370
-7.472500 10.622500 1.347500 13591618374
-5.337500 8.592500 0.647500 13591643376
-5.162500 5.337500 -0.122500 13591668287
-7.700000 2.520000 0.682500 13591693369
-9.852500 0.402500 -0.735000 13591718368
-8.942500 -3.482500 -0.630000 13591743364
-8.032500 -7.525000 0.280000 13591768281
-5.950000 -12.267500 3.255000 13591793365
-5.547500 -14.910000 2.677500 13591818374
-3.062500 -17.990000 0.997500 13591843367
-2.992500 -20.650000 -0.682500 13591868284
-4.865000 -21.297501 0.262500 13591893369
-4.865000 -22.190001 3.377500 13591918368
-4.655000 -21.350000 2.992500 13591943368
-5.197500 -21.577499 0.630000 13591968285
-4.217500 -21.139999 -3.885000 13591993369
-2.345000 -19.057501 -6.177500 13592018378
-2.450000 -16.922501 -9.345000 13592043366
-2.117500 -12.197500 -8.172500 13592068281
-4.217500 -8.837500 -5.040000 13592093367
-4.532500 -0.367500 -1.137500 13592118370
-7.472500 2.362500 -0.035000 13592143187
-9.187500 6.142500 4.200000 13592168281
-9.677500 5.985000 8.662500 13592193371
-6.212500 3.570000 6.842500 13592218369
-4.462500 0.910000 2.555000 13592243368
-0.822500 0.630000 0.105000 13592268282
0.560000 0.560000 -2.695000 13592293370
2.222500 -0.350000 -5.705000 13592318367
3.360000 -0.105000 -5.617500 13592343373
4.112500 0.507500 -4.760000 13592368284
4.760000 3.325000 -1.067500 13592393376
5.477500 3.762500 0.577500 13592418367
