-3.180000 -2.100000 6.420000 13588677606
-3.660000 -2.220000 6.060000 13588702858
-3.300000 -2.220000 5.820000 13588727629
-3.360000 -2.040000 6.000000 13588752624
-3.360000 -2.280000 6.000000 13588777751
-3.360000 -2.400000 6.120000 13588802870
-3.120000 -2.520000 5.640000 13588827730
-3.240000 -2.280000 6.000000 13588852617
-3.240000 -2.520000 5.880000 13588877618
-3.360000 -2.640000 6.000000 13588902821
-3.360000 -2.520000 6.000000 13588927644
-3.300000 -2.580000 6.300000 13588952610
-3.360000 -2.640000 6.000000 13588977602
-3.780000 -2.580000 6.060000 13589002851
-3.300000 -2.580000 6.300000 13589027613
-3.300000 -2.220000 6.060000 13589052600
-3.000000 -2.520000 6.000000 13589077602
-3.180000 -2.460000 6.420000 13589102788
-3.780000 -2.340000 6.180000 13589127608
-3.720000 -2.280000 6.120000 13589152605
-3.780000 -2.340000 5.820000 13589177597
-3.720000 -2.400000 5.880000 13589202819
-3.540000 -2.220000 5.820000 13589227606
-3.840000 -2.280000 6.000000 13589252605
-3.360000 -2.400000 6.240000 13589277591
-3.360000 -2.280000 6.000000 13589302788
-3.840000 -2.160000 5.760000 13589327603
-3.780000 -2.220000 5.940000 13589352593
-3.600000 -2.160000 5.880000 13589377594
-4.080000 -2.520000 5.760000 13589402783
-3.720000 -2.280000 5.880000 13589427615
-3.660000 -2.220000 5.940000 13589452598
-3.660000 -2.100000 5.940000 13589477600
-3.720000 -2.520000 6.000000 13589502797
-3.660000 -2.220000 5.820000 13589527606
-3.720000 -1.920000 5.760000 13589552605
-3.540000 -1.980000 5.700000 13589577589
-3.300000 -1.980000 5.820000 13589602789
-3.540000 -2.100000 5.700000 13589627594
-3.960000 -2.160000 5.760000 13589652607
-3.480000 -2.160000 6.120000 13589677598
-3.660000 -2.340000 5.820000 13589702788
-3.300000 -2.220000 5.460000 13589727596
-3.600000 -2.160000 6.120000 13589752610
-3.660000 -2.220000 5.940000 13589777586
-3.840000 -2.400000 6.000000 13589802803
-3.600000 -2.400000 5.880000 13589827594
-3.780000 -1.980000 5.940000 13589852603
-3.300000 -2.460000 5.940000 13589877594
-3.300000 -2.460000 5.700000 13589902784
-3.360000 -2.160000 6.000000 13589927593
-3.420000 -2.460000 5.700000 13589952598
-3.180000 -2.220000 5.820000 13589977596
-3.360000 -2.160000 6.360000 13590002816
-3.420000 -2.340000 5.820000 13590027629
-3.660000 -2.340000 5.820000 13590052611
-3.720000 -2.400000 6.000000 13590077601
-3.420000 -2.220000 6.060000 13590102789
-3.360000 -2.040000 5.880000 13590127607
-3.600000 -2.160000 5.880000 13590152608
-3.420000 -2.220000 5.700000 13590177586
-3.420000 -2.460000 5.580000 13590202789
-3.480000 -2.160000 5.520000 13590227596
-3.780000 -1.860000 5.940000 13590252574
-3.420000 -1.980000 5.700000 13590277592
-3.480000 -2.400000 5.640000 13590302806
-3.720000 -2.280000 5.520000 13590327608
-3.420000 -2.220000 5.580000 13590352587
-3.840000 -2.280000 5.520000 13590377604
-3.960000 -2.040000 5.520000 13590402798
-3.960000 -2.280000 5.520000 13590427600
-4.440000 -2.160000 5.640000 13590452595
-4.200000 -2.280000 5.160000 13590477593
-4.020000 -2.100000 5.460000 13590502785
-4.440000 -2.280000 5.280000 13590527602
-4.020000 -2.100000 5.220000 13590552598
-4.260000 -2.340000 5.340000 13590577590
-4.140000 -1.980000 5.220000 13590602788
-4.380000 -2.340000 5.100000 13590627607
-4.200000 -2.280000 5.280000 13590652598
-4.380000 -1.860000 4.980000 13590677598
-4.200000 -2.160000 5.160000 13590702776
-4.320000 -1.800000 5.160000 13590727599
-4.320000 -2.160000 4.920000 13590752582
-4.380000 -1.980000 5.100000 13590777591
-4.080000 -2.280000 5.160000 13590802776
-3.780000 -1.860000 5.580000 13590827602
-4.020000 -1.980000 5.460000 13590852609
-3.960000 -1.920000 5.400000 13590877597
-3.780000 -1.860000 5.580000 13590902790
-3.720000 -2.040000 5.400000 13590927603
-3.780000 -1.740000 5.700000 13590952600
-3.540000 -2.100000 5.820000 13590977598
-3.720000 -2.040000 5.520000 13591002818
-3.720000 -2.160000 5.760000 13591027604
-3.720000 -2.040000 5.760000 13591054653
-3.540000 -1.980000 5.820000 13591077605
-3.840000 -2.400000 5.280000 13591102809
-3.600000 -2.280000 5.880000 13591127636
-3.600000 -2.040000 5.640000 13591152599
-3.660000 -2.460000 5.580000 13591177612
-3.660000 -2.220000 5.940000 13591202801
-4.020000 -2.220000 5.340000 13591227610
-4.020000 -2.460000 5.340000 13591252677
-3.660000 -1.980000 5.340000 13591277726
-4.080000 -2.040000 5.640000 13591303028
-3.960000 -2.400000 5.280000 13591327604
-4.140000 -2.220000 5.460000 13591352576
-4.140000 -2.100000 5.100000 13591377592
-4.560000 -2.160000 5.400000 13591402831
-4.260000 -2.100000 5.220000 13591427617
-4.320000 -2.040000 5.040000 13591452610
-4.440000 -2.280000 5.280000 13591477605
-4.380000 -1.860000 5.340000 13591502801
-4.500000 -2.220000 5.220000 13591527608
-4.680000 -1.920000 5.160000 13591552595
-4.500000 -2.100000 5.220000 13591577606
-4.680000 -2.040000 5.040000 13591602830
-4.620000 -2.220000 5.340000 13591627613
-4.620000 -1.860000 5.100000 13591652598
-4.680000 -2.160000 5.040000 13591677595
-4.680000 -1.800000 5.280000 13591702807
-4.020000 -2.100000 5.100000 13591727607
-4.500000 -1.980000 5.220000 13591752593
-4.560000 -2.280000 5.520000 13591777710
-4.380000 -1.980000 5.340000 13591802778
-4.380000 -2.100000 5.340000 13591827817
-4.200000 -2.160000 5.760000 13591852602
-4.380000 -1.860000 5.340000 13591877607
-4.320000 -2.040000 5.400000 13591902793
-4.200000 -1.800000 5.640000 13591927619
-4.320000 -2.160000 5.640000 13591952625
-4.200000 -2.040000 5.400000 13591977601
-3.900000 -2.100000 5.700000 13592002822
-3.900000 -2.220000 5.820000 13592027604
-4.320000 -2.400000 5.400000 13592052601
-4.020000 -2.220000 5.580000 13592077601
-3.840000 -2.160000 5.640000 13592102792
-3.900000 -2.340000 5.820000 13592127608
-4.020000 -2.340000 5.700000 13592152591
-4.140000 -2.100000 5.700000 13592177622
-3.780000 -2.100000 5.580000 13592202805
-3.840000 -2.160000 5.520000 13592227630
-3.960000 -2.280000 5.640000 13592252597
-4.080000 -2.400000 5.640000 13592277598
-4.200000 -2.520000 5.400000 13592302783
-4.080000 -1.920000 5.640000 13592327606
-4.140000 -2.340000 5.820000 13592352588
-3.960000 -2.160000 5.520000 13592377587
-4.140000 -1.980000 5.580000 13592402786
