0.000000 30833519545
0.000000 30833541359
0.000000 30833566597
0.000000 30833591347
0.000000 30833616391
0.000000 30833641401
0.000000 30833666413
0.000000 30833691372
0.000000 30833716392
0.000000 30833741388
0.000000 30833766419
0.000000 30833791410
0.000000 30833816381
0.000000 30833841408
0.000000 30833866394
0.000000 30833891423
0.000000 30833916381
0.000000 30833941368
0.000000 30833966391
0.000000 30833991370
0.000000 30834016377
0.000000 30834041386
0.000000 30834066392
0.000000 30834091373
0.000000 30834116373
0.000000 30834141377
0.000000 30834166386
0.000000 30834191380
0.000000 30834216371
0.000000 30834241383
0.000000 30834266394
0.000000 30834291365
0.000000 30834316379
0.000000 30834341362
0.000000 30834366393
0.000000 30834391364
0.000000 30834416356
0.000000 30834441371
0.000000 30834466393
0.000000 30834491416
0.000000 30834516395
0.000000 30834541395
0.000000 30834566690
0.000000 30834591487
0.000000 30834616390
0.000000 30834641383
0.000000 30834666400
0.000000 30834691376
0.000000 30834716366
0.000000 30834741371
0.000000 30834766376
0.000000 30834791374
0.000000 30834816380
0.000000 30834841372
0.000000 30834866400
0.000000 30834891380
0.000000 30834916363
0.000000 30834941371
0.000000 30834966376
0.000000 30834991395
0.000000 30835016324
0.000000 30835041396
0.000000 30835066400
0.000000 30835091393
0.000000 30835116380
0.000000 30835141393
0.000000 30835166397
0.000000 30835191391
0.000000 30835216373
0.000000 30835241388
0.000000 30835266387
0.000000 30835291398
0.000000 30835316376
0.000000 30835341390
0.000000 30835366397
0.000000 30835391376
0.000000 30835416372
0.000000 30835441369
5.000000 30835466409
5.000000 30835491393
5.000000 30835516402
5.000000 30835541401
5.000000 30835566403
5.000000 30835591396
5.000000 30835616376
5.000000 30835641374
5.000000 30835666390
5.000000 30835691391
5.000000 30835716382
5.000000 30835741395
5.000000 30835766399
5.000000 30835791400
0.000000 30835816404
0.000000 30835841382
0.000000 30835866402
5.000000 30835891407
5.000000 30835916391
5.000000 30835941404
5.000000 30835966398
5.000000 30835991411
5.000000 30836016381
0.000000 30836041411
0.000000 30836066395
0.000000 30836091407
5.000000 30836116388
5.000000 30836141397
5.000000 30836166395
0.000000 30836191415
0.000000 30836216370
0.000000 30836241384
0.000000 30836266394
0.000000 30836291398
0.000000 30836316388
5.000000 30836341408
0.000000 30836366392
5.000000 30836391417
5.000000 30836416373
5.000000 30836441388
5.000000 30836466398
0.000000 30836491407
0.000000 30836516356
5.000000 30836541406
0.000000 30836566396
5.000000 30836591418
5.000000 30836616362
5.000000 30836641404
5.000000 30836666396
5.000000 30836691391
5.000000 30836716336
5.000000 30836741396
5.000000 30836766323
5.000000 30836791405
5.000000 30836816378
5.000000 30836841384
5.000000 30836866397
0.000000 30836891414
0.000000 30836916380
0.000000 30836941400
0.000000 30836966380
0.000000 30836991384
0.000000 30837016370
0.000000 30837041381
0.000000 30837066396
0.000000 30837091382
0.000000 30837116389
5.000000 30837141397
0.000000 30837166405
0.000000 30837191380
0.000000 30837216371
0.000000 30837241378
0.000000 30837266408
0.000000 30837291392
0.000000 30837316372
0.000000 30837341394
0.000000 30837366384
0.000000 30837391842
0.000000 30837416375
0.000000 30837441392
0.000000 30837466401
0.000000 30837491400
5.000000 30837516334
5.000000 30837541417
0.000000 30837566399
5.000000 30837591376
5.000000 30837616385
5.000000 30837641394
5.000000 30837666420
5.000000 30837691393
5.000000 30837716378
5.000000 30837741401
5.000000 30837766399
5.000000 30837791385
0.000000 30837816400
0.000000 30837841420
0.000000 30837866421
0.000000 30837891389
0.000000 30837916375
0.000000 30837941402
0.000000 30837966391
0.000000 30837991399
0.000000 30838016388
0.000000 30838041390
0.000000 30838066378
0.000000 30838091395
0.000000 30838116371
0.000000 30838141387
0.000000 30838166407
0.000000 30838191384
0.000000 30838216376
