12.407500 -4.077500 -2.152500 29096678266
12.407500 -2.765000 -2.240000 29096703280
7.612500 -0.857500 -2.695000 29096728241
-2.415000 4.515000 -2.677500 29096753310
-1.120000 -2.642500 -2.397500 29096778324
4.025000 -7.385000 -0.980000 29096803365
5.460000 -5.670000 -1.452500 29096828350
4.287500 -2.485000 -0.665000 29096853383
5.040000 -2.100000 1.050000 29096878362
-1.137500 -6.072500 2.520000 29096903292
-3.027500 -0.630000 3.325000 29096928372
-9.327500 6.667500 5.197500 29096953287
-15.295000 1.032500 5.460000 29096978250
-12.582500 -1.907500 8.837500 29097003280
-20.877501 -7.437500 8.137500 29097028311
-24.570000 -16.257500 4.112500 29097053300
-22.750000 -12.285000 8.172500 29097078360
-21.280001 -0.280000 14.052500 29097103316
-30.344999 -0.595000 13.037500 29097128300
-33.494999 2.835000 9.310000 29097153267
-31.097500 0.892500 4.742500 29097178355
-25.795000 -5.792500 4.480000 29097203306
-21.402500 -2.380000 11.725000 29097228357
-24.062500 -9.187500 12.127500 29097253299
-25.305000 -1.977500 6.107500 29097278350
-31.815001 8.575000 1.785000 29097303261
-32.375000 10.202500 6.107500 29097328289
-42.332500 7.997500 6.335000 29097353262
-45.482502 7.700000 3.447500 29097378370
-44.817501 -6.877500 -2.205000 29097403346
-39.217499 -9.695000 -4.077500 29097428309
-36.557499 -4.655000 -3.797500 29097453265
-38.360001 -11.970000 -9.957500 29097478356
-45.325001 -15.522500 -12.897500 29097503303
-43.330002 -17.360001 -9.415000 29097528335
-50.645000 -28.227501 -12.582500 29097553339
-49.822498 -37.992500 -15.680000 29097578360
-49.297501 -28.735001 -13.930000 29097603290
-53.760002 -17.097500 -13.212500 29097628297
-53.514999 4.287500 -1.872500 29097653290
-64.154999 4.095000 0.490000 29097678362
-65.047501 -7.542500 -6.352500 29097703294
-58.572502 0.017500 -2.205000 29097728293
-55.597500 5.145000 1.277500 29097753293
-61.337502 -9.012500 -6.772500 29097778363
-63.227501 -8.312500 -4.147500 29097803291
-58.695000 -12.040000 -2.502500 29097828295
-65.449997 -10.307500 -4.777500 29097853298
-61.775002 -1.715000 0.770000 29097878366
-51.625000 -4.217500 1.960000 29097903289
-51.064999 -17.307501 -1.050000 29097928301
-67.357498 -16.344999 -3.220000 29097953291
-77.595001 -2.345000 6.860000 29097978364
-96.582497 -0.647500 6.825000 29098003295
-94.132500 -19.424999 -4.707500 29098028294
-85.680000 -25.094999 -8.120000 29098053346
-81.165001 -21.682501 -5.722500 29098078347
-82.687500 -15.820000 -3.220000 29098103291
-88.900002 -9.257500 5.390000 29098128277
-101.517502 -7.700000 9.905000 29098153275
-103.267502 -8.295000 7.105000 29098178348
-98.577499 -11.270000 -0.665000 29098203307
-105.542503 -24.535000 -0.332500 29098228273
-112.279999 -31.832500 3.832500 29098253275
-125.334999 -21.927500 2.187500 29098278335
-127.260002 -3.290000 8.085000 29098303273
-108.622498 -3.097500 6.947500 29098328315
-85.732498 2.275000 7.227500 29098353273
-70.209999 4.707500 9.765000 29098378336
-53.532501 -3.255000 3.972500 29098403273
-51.869999 -8.470000 1.680000 29098428278
-51.642502 -13.002500 3.657500 29098453315
-58.450001 -15.452500 4.252500 29098478351
-61.442501 -26.670000 2.870000 29098503272
-65.169998 -15.837500 6.212500 29098528273
-61.880001 -5.670000 15.382500 29098553272
-67.392502 -10.237500 14.035000 29098578338
-95.987503 -15.750000 5.197500 29098603272
-112.892502 -7.945000 0.350000 29098628321
-119.595001 -4.637500 17.552500 29098653272
-115.832504 -0.770000 17.692499 29098678340
-103.985001 -10.692500 -0.525000 29098703276
-81.287498 -12.110000 -12.915000 29098728272
-73.237503 -0.525000 -5.110000 29098753273
-80.657501 0.192500 6.597500 29098778336
-88.007500 -2.992500 2.065000 29098803274
-90.440002 -11.550000 3.307500 29098828280
-93.782501 -21.700001 -0.595000 29098853332
-102.882500 -19.827499 -13.212500 29098878346
-118.177498 -7.910000 -19.512501 29098903306
-129.675003 -7.402500 -14.280000 29098928273
-132.055008 -14.385000 2.380000 29098953277
-143.289993 -12.477500 9.135000 29098978352
-151.392502 -11.690000 -5.075000 29099003275
-149.800003 -5.057500 -12.722500 29099028284
-148.662506 -9.957500 -5.757500 29099053320
-146.387497 -6.930000 -5.565000 29099078350
-145.880005 -1.540000 -6.965000 29099103286
-134.907501 6.545000 -10.027500 29099128331
-100.625000 4.900000 -4.970000 29099153317
-18.865000 4.042500 2.660000 29099178348
3.237500 3.202500 11.165000 29099203278
0.997500 0.227500 13.475000 29099228271
-10.972500 2.257500 6.440000 29099253282
-18.287500 -3.955000 10.307500 29099278351
-23.152500 -4.620000 12.057500 29099303273
-25.549999 -2.012500 8.487500 29099328278
-28.227501 -11.112500 22.014999 29099353318
-27.755001 -14.612500 33.040001 29099378354
-24.219999 -8.960000 28.927500 29099403271
-20.055000 -9.485000 31.832500 29099428281
-25.042500 -20.597500 35.139999 29099453281
-31.290001 -19.915001 27.580000 29099478349
-31.027500 -14.665000 28.559999 29099503273
-29.960001 -5.827500 23.642500 29099528341
-30.309999 5.862500 12.040000 29099553276
-28.735001 2.432500 6.947500 29099578344
-22.627501 -0.665000 10.325000 29099603276
3.167500 -25.882500 15.417500 29099628274
18.462500 -35.822498 28.472500 29099653334
25.585001 -9.555000 29.260000 29099678340
5.390000 4.812500 16.730000 29099703276
-15.522500 25.637501 4.690000 29099728279
-22.977501 33.687500 -9.940000 29099753273
-14.595000 23.309999 -6.160000 29099778347
-6.370000 12.897500 -6.457500 29099803304
3.272500 5.687500 3.255000 29099828275
2.782500 -0.700000 -5.110000 29099853276
2.642500 10.605000 -10.255000 29099878383
9.695000 24.272501 10.605000 29099903280
-10.727500 21.892500 7.612500 29099928281
-47.320000 14.472500 1.242500 29099953278
-37.712502 6.720000 2.240000 29099978318
-31.535000 5.040000 5.285000 29100003271
-34.947498 7.980000 11.392500 29100028278
-27.580000 6.755000 12.162500 29100053337
-33.775002 -0.175000 5.162500 29100078360
-46.445000 1.400000 6.142500 29100103337
-43.645000 -3.955000 3.937500 29100128283
-37.712502 -2.905000 4.690000 29100153339
-42.717499 -2.905000 -1.382500 29100178347
-52.150002 -1.067500 -4.655000 29100203275
-65.607498 -9.170000 -5.635000 29100228275
-65.065002 -17.692499 -11.777500 29100253329
-58.275002 -32.270000 -25.129999 29100278350
-58.064999 -49.035000 -41.947498 29100303330
-56.367500 -31.535000 -28.052500 29100328399
-56.420002 -17.307501 -19.582500 29100353344
-66.832497 -2.082500 -14.682500 29100378356
-73.639999 -3.377500 -17.535000 29100403340
-78.715004 -6.807500 -26.932501 29100428335
-61.162498 4.917500 -17.937500 29100453285
-12.460000 17.850000 0.805000 29100478308
-5.145000 19.897501 15.487500 29100503270
-11.865000 13.860000 1.365000 29100528343
-16.625000 1.470000 -6.160000 29100553336
-6.772500 0.910000 -4.357500 29100578301
-61.372501 2.170000 1.085000 29100603337
-71.120003 7.175000 11.497500 29100628314
-77.349998 10.972500 14.630000 29100653345
-78.452499 3.920000 12.302500 29100678318
-66.937500 2.520000 8.137500 29100703308
-53.252499 18.672501 19.285000 29100728339
-30.432501 12.967500 13.685000 29100753340
-17.202499 9.362500 -0.017500 29100778314
-17.395000 10.745000 3.307500 29100803338
-20.037500 9.117500 2.555000 29100828339
-25.270000 -4.217500 -10.272500 29100853343
-24.902500 -13.772500 -12.775000 29100878310
-22.855000 -10.780000 -8.960000 29100903348
-14.682500 6.265000 20.370001 29100928337
-31.465000 12.530000 26.792500 29100953346
-46.917500 2.747500 0.577500 29100978356
-49.472500 7.157500 -2.642500 29101003340
-46.095001 9.555000 -1.697500 29101028344
-41.422501 8.960000 4.865000 29101053364
-26.477501 2.940000 -2.222500 29101078310
-30.344999 -7.962500 -18.094999 29101103356
-52.744999 2.082500 -13.737500 29101128337
-64.715004 10.167500 -1.330000 29101153347
-67.112503 -0.437500 2.065000 29101178314
-69.824997 1.890000 -0.157500 29101203335
-79.292503 8.732500 -1.365000 29101228344
-80.150002 8.312500 -2.152500 29101253335
-71.715004 5.757500 -13.545000 29101278303
-72.764999 0.315000 -27.020000 29101303357
-76.440002 1.732500 -15.050000 29101328347
-74.462502 11.602500 -5.250000 29101353343
-77.769997 8.050000 -12.302500 29101378343
-82.162498 -3.850000 -18.900000 29101403320
-82.827499 4.987500 -13.037500 29101428333
-89.827499 2.572500 -8.872500 29101453333
-90.965004 -2.957500 -16.730000 29101478342
-90.544998 -6.247500 -20.020000 29101503331
-94.062500 -0.350000 -14.892500 29101528335
-98.139999 -7.315000 -5.285000 29101553281
-86.625000 -14.840000 0.437500 29101578335
-81.514999 -5.022500 0.507500 29101603351
-80.727501 0.490000 -9.695000 29101628342
-82.127502 5.792500 -12.337500 29101653337
-76.282501 0.875000 -10.797500 29101678343
-66.955002 -2.992500 -10.307500 29101703340
-62.597500 0.595000 -8.085000 29101728280
-74.235001 -0.892500 -18.672501 29101753348
-62.895000 -11.007500 -8.855000 29101778351
-69.002502 -13.510000 4.655000 29101803283
-97.667503 -10.535000 15.785000 29101828334
-114.309998 -7.787500 8.680000 29101853344
-103.669998 -9.257500 -9.327500 29101878347
-71.434998 -12.757500 -3.080000 29101903284
-62.615002 -12.967500 1.505000 29101928346
-78.032501 2.397500 -27.370001 29101953334
-69.247498 -1.522500 -20.107500 29101978234
-57.189999 -10.115000 -19.985001 29102003348
-48.650002 -17.990000 3.185000 29102028338
-68.897499 -8.785000 -5.740000 29102053268
-59.255001 -1.207500 -31.412500 29102078361
-42.349998 -15.925000 -7.367500 29102103336
-45.027500 -24.692499 13.212500 29102128276
-50.575001 -30.135000 -15.505000 29102153341
-83.264999 -32.689999 -3.325000 29102178336
-80.692497 -27.142500 2.117500 29102203343
-64.417503 -34.317501 8.120000 29102228329
-92.662498 -36.994999 4.462500 29102253354
-120.872498 -16.100000 3.185000 29102278333
-116.864998 -9.275000 -2.012500 29102303341
-91.017502 -5.880000 -10.132500 29102328288
-77.332497 -13.510000 4.882500 29102353334
-54.302502 3.622500 6.055000 29102378338
-41.509998 6.037500 -12.320000 29102403343
-27.335001 -11.007500 -9.415000 29102428330
-35.402500 -9.047500 -5.425000 29102453340
-49.717499 -3.815000 -7.000000 29102478340
-25.147501 -2.940000 -1.557500 29102503338
-15.085000 -22.540001 -0.052500 29102528343
-30.625000 -23.152500 -6.457500 29102553288
-50.592499 -7.822500 -8.015000 29102578303
-29.014999 -3.220000 -29.452499 29102603290
-23.344999 -26.320000 -1.085000 29102628336
-38.202499 -36.557499 12.180000 29102653282
-51.695000 16.379999 1.960000 29102678298
-77.945000 22.137501 7.490000 29102703343
-59.902500 6.090000 6.300000 29102728333
-73.902504 -2.345000 6.387500 29102753347
-62.457500 -2.292500 14.840000 29102778296
-37.467499 -0.577500 18.147501 29102803346
-21.280001 -22.627501 8.995000 29102828333
-10.430000 -22.382500 7.367500 29102853283
-22.469999 -21.682501 12.565000 29102878345
-38.500000 -13.667500 13.807500 29102903344
-19.145000 12.862500 9.712500 29102928333
-5.740000 16.187500 -2.397500 29102953334
-17.832500 4.865000 8.522500 29102978342
-34.632500 -18.182501 2.642500 29103003402
-51.572498 -14.280000 19.285000 29103028287
-56.875000 -20.457500 18.742500 29103053350
-46.847500 -31.815001 14.437500 29103078344
-47.337502 -48.317501 29.469999 29103103338
-43.820000 -36.330002 30.065001 29103128297
-47.075001 -19.057501 19.320000 29103153342
-44.397499 1.435000 28.139999 29103178344
-34.965000 13.877501 25.602501 29103203344
-33.005001 0.595000 11.340000 29103228279
-44.240002 -3.482500 10.482500 29103253351
-40.232502 -11.812500 3.465000 29103278453
-29.575001 -9.327500 -1.295000 29103303344
-36.662498 -3.080000 7.525000 29103328344
-44.747501 -13.212500 12.075000 29103353334
-27.142500 -5.582500 4.655000 29103378358
-14.665000 -12.740000 3.797500 29103403342
-4.392500 -21.980000 3.570000 29103428339
-3.500000 -6.912500 9.625000 29103453336
-47.145000 -2.292500 -12.705000 29103478345
-48.650002 -4.025000 -8.295000 29103503334
-43.067501 -4.480000 3.080000 29103528334
-44.520000 -9.240000 7.857500 29103553332
-38.255001 -15.802500 -1.960000 29103578339
-45.990002 -7.945000 -0.630000 29103603340
-47.005001 -1.732500 7.245000 29103628282
-45.535000 -4.655000 4.322500 29103653351
-21.315001 -17.325001 -16.415001 29103678356
-10.115000 -17.762501 -17.727501 29103703343
-1.172500 -50.662498 -16.187500 29103728277
-15.592500 -61.670002 -21.105000 29103753338
-9.695000 6.527500 -3.990000 29103778335
12.005000 29.225000 -1.470000 29103803347
7.017500 27.684999 -5.652500 29103828281
-12.565000 -5.355000 2.222500 29103853287
-0.787500 1.190000 17.797501 29103878350
-13.877501 7.315000 12.460000 29103903336
-45.360001 10.080000 3.902500 29103928276
-42.227501 36.172501 10.237500 29103953335
-48.965000 22.382500 3.972500 29103978332
-35.805000 2.047500 -2.975000 29104003335
-21.682501 15.820000 7.052500 29104028277
-25.952499 7.857500 3.972500 29104053354
-31.727501 2.100000 -0.857500 29104078343
-26.844999 -0.245000 -2.975000 29104103350
-29.820000 6.002500 3.342500 29104128281
-50.977501 24.955000 14.385000 29104153339
