-5.940000 -6.900000 4.140000 29096659536
-5.880000 -6.840000 4.200000 29096684618
-6.060000 -7.020000 3.900000 29096709668
-5.880000 -6.840000 3.960000 29096734602
-5.940000 -7.140000 4.140000 29096760166
-5.880000 -6.840000 4.080000 29096785198
-6.000000 -6.720000 4.080000 29096809586
-6.060000 -6.780000 4.020000 29096834588
-5.700000 -6.780000 4.380000 29096859620
-5.880000 -6.840000 4.200000 29096885312
-5.880000 -7.200000 4.080000 29096910517
-5.700000 -6.900000 4.020000 29096934759
-6.060000 -6.540000 3.900000 29096959861
-6.180000 -6.660000 4.260000 29096984963
-6.120000 -6.840000 4.200000 29097010198
-5.700000 -6.900000 4.380000 29097034770
-6.000000 -6.720000 4.440000 29097060447
-5.640000 -6.600000 4.320000 29097085396
-6.000000 -6.960000 4.080000 29097110340
-5.820000 -6.660000 4.260000 29097134977
-6.240000 -6.840000 4.080000 29097159853
-6.000000 -6.960000 4.080000 29097185307
-6.000000 -6.840000 4.080000 29097210215
-6.000000 -6.480000 3.960000 29097235222
-6.000000 -7.320000 4.320000 29097260256
-6.180000 -6.900000 4.140000 29097285200
-6.120000 -6.600000 3.960000 29097310101
-6.000000 -6.840000 3.960000 29097334742
-6.240000 -6.960000 4.080000 29097359857
-5.940000 -7.020000 3.780000 29097385234
-5.760000 -6.720000 4.080000 29097410437
-6.420000 -6.900000 3.660000 29097434973
-6.120000 -6.960000 3.840000 29097459842
-5.940000 -7.620000 3.780000 29097485213
-5.940000 -7.500000 3.900000 29097510122
-6.000000 -7.320000 4.200000 29097535751
-6.120000 -7.080000 3.840000 29097560264
-5.880000 -7.440000 4.080000 29097585229
-5.700000 -7.380000 3.900000 29097610120
-5.760000 -7.560000 3.720000 29097634774
-5.940000 -7.380000 3.780000 29097659861
-5.700000 -7.860000 3.900000 29097685214
-5.760000 -7.800000 3.600000 29097710133
-5.700000 -7.500000 3.900000 29097734748
-5.700000 -7.620000 3.660000 29097759856
-5.760000 -7.680000 3.720000 29097785236
-5.520000 -7.800000 3.480000 29097810126
-5.580000 -7.980000 3.420000 29097834753
-5.700000 -7.980000 3.660000 29097859871
-5.700000 -7.860000 3.900000 29097885234
-5.580000 -8.340000 3.540000 29097910112
-5.700000 -8.220000 3.420000 29097934760
-5.880000 -8.280000 3.240000 29097959852
-6.240000 -8.280000 3.000000 29097985228
-5.640000 -8.520000 3.360000 29098010152
-5.880000 -8.160000 3.000000 29098034750
-5.520000 -8.639999 2.880000 29098060252
-5.520000 -8.520000 3.000000 29098085212
-5.460000 -8.700000 2.820000 29098110119
-5.340000 -8.940000 2.820000 29098134732
-5.700000 -8.460000 2.820000 29098159843
-5.580000 -8.580000 2.580000 29098185209
-5.400000 -8.760000 2.640000 29098210208
-5.520000 -8.400000 2.640000 29098234903
-5.460000 -8.700000 2.340000 29098259976
-5.640000 -8.760000 2.160000 29098285197
-5.700000 -8.580000 1.980000 29098310086
-5.520000 -8.520000 2.160000 29098335200
-5.400000 -8.520000 1.920000 29098359824
-5.580000 -8.820000 1.980000 29098385195
-5.700000 -8.460000 1.740000 29098410092
-6.000000 -8.880000 1.920000 29098434743
-5.400000 -8.520000 1.800000 29098460260
-5.700000 -8.460000 1.620000 29098485213
-5.460000 -8.580000 1.740000 29098510078
-5.880000 -8.760000 1.320000 29098534718
-5.520000 -8.400000 1.800000 29098559824
-6.000000 -8.520000 1.680000 29098585217
-5.640000 -8.160000 1.440000 29098610081
-5.940000 -8.220000 1.620000 29098635257
-5.700000 -8.340000 1.260000 29098659830
-5.760000 -8.280000 1.320000 29098685211
-5.700000 -7.980000 1.140000 29098710095
-5.760000 -8.160000 0.840000 29098734720
-5.640000 -8.040000 1.200000 29098759836
-5.880000 -8.040000 0.600000 29098785203
-5.820000 -8.220000 0.540000 29098810100
-6.060000 -7.860000 0.780000 29098834726
-5.940000 -7.980000 0.540000 29098860238
-5.940000 -8.099999 0.060000 29098885240
-5.880000 -8.040000 0.240000 29098910341
-6.060000 -7.860000 0.420000 29098934894
-5.880000 -7.320000 0.240000 29098959851
-5.940000 -7.620000 0.180000 29098985219
-6.240000 -7.080000 -0.120000 29099010118
-6.060000 -7.260000 0.060000 29099034728
-5.760000 -6.960000 0.060000 29099060374
-6.000000 -6.840000 0.060000 29099085214
-6.180000 -6.660000 -0.300000 29099110106
-6.000000 -6.720000 -0.120000 29099135248
-6.000000 -6.720000 -0.360000 29099160354
-6.000000 -6.840000 -0.480000 29099185212
-5.940000 -6.900000 -0.180000 29099209903
-5.820000 -6.900000 -0.060000 29099234727
-6.180000 -6.660000 -0.420000 29099259722
-5.940000 -6.900000 -0.300000 29099285229
-6.300000 -6.900000 -0.300000 29099309900
-5.940000 -6.540000 -0.300000 29099334720
-6.000000 -6.600000 -0.720000 29099360264
-6.120000 -6.480000 -0.240000 29099385239
-6.480000 -6.120000 -0.480000 29099409895
-6.420000 -5.940000 -0.180000 29099434722
-6.300000 -6.180000 -0.540000 29099459721
-6.420000 -5.700000 -0.180000 29099485230
-6.300000 -5.700000 -0.060000 29099509897
-6.180000 -5.700000 -0.180000 29099535204
-6.600000 -5.400000 -0.120000 29099559720
-6.540000 -5.820000 -0.180000 29099585345
-6.120000 -5.400000 -0.240000 29099609903
-6.480000 -5.760000 -0.120000 29099634713
-6.540000 -5.580000 0.180000 29099660383
-6.360000 -5.280000 0.180000 29099685190
-6.660000 -5.700000 -0.060000 29099709899
-6.480000 -5.400000 0.120000 29099734724
-6.540000 -5.220000 -0.540000 29099759730
-6.420000 -4.980000 -0.180000 29099785225
-6.180000 -5.340000 -0.300000 29099810201
-6.180000 -5.100000 -0.420000 29099834898
-6.360000 -5.760000 -0.240000 29099859822
-6.120000 -5.400000 -0.240000 29099885383
-6.180000 -5.340000 -0.180000 29099909921
-6.120000 -5.280000 -0.240000 29099934724
-6.120000 -5.160000 -0.120000 29099959723
-6.060000 -5.220000 -0.420000 29099984794
-6.300000 -4.980000 -0.420000 29100009937
-6.300000 -5.220000 -0.180000 29100034719
-6.120000 -5.280000 -0.600000 29100060192
-6.120000 -4.920000 -0.480000 29100085217
-6.240000 -5.040000 -0.240000 29100110181
-6.180000 -4.860000 -0.420000 29100134919
-6.300000 -5.340000 0.060000 29100160351
-6.180000 -4.860000 -0.180000 29100185217
-6.420000 -4.980000 -0.420000 29100209916
-6.360000 -4.560000 -0.120000 29100234722
-6.240000 -4.680000 -0.240000 29100260196
-6.600000 -4.560000 0.120000 29100285224
-6.480000 -4.560000 0.120000 29100310208
-6.840000 -4.800000 -0.120000 29100334720
-6.780000 -4.740000 0.180000 29100359581
-6.540000 -4.740000 0.060000 29100384617
-6.240000 -4.440000 0.360000 29100409597
-6.300000 -4.860000 0.420000 29100434656
-6.300000 -4.500000 0.420000 29100459963
-6.480000 -4.560000 0.360000 29100484733
-6.480000 -4.320000 0.360000 29100509900
-6.480000 -4.560000 0.120000 29100534587
-6.840000 -4.440000 0.240000 29100559571
-6.480000 -4.440000 0.240000 29100584730
-6.720000 -4.320000 0.360000 29100609573
-6.480000 -4.560000 0.360000 29100634943
-6.840000 -4.560000 0.120000 29100659590
-6.240000 -4.320000 0.240000 29100685160
-6.300000 -4.140000 0.420000 29100710365
-6.600000 -4.200000 0.240000 29100734572
-6.600000 -3.960000 0.360000 29100759574
-6.540000 -4.380000 0.300000 29100785145
-6.480000 -3.960000 0.240000 29100809567
-6.420000 -4.260000 0.180000 29100834575
-6.540000 -4.020000 0.420000 29100859586
-6.720000 -4.080000 0.360000 29100885357
-6.720000 -3.840000 0.480000 29100909594
-6.480000 -4.200000 0.120000 29100934584
-6.420000 -3.780000 0.420000 29100959691
-6.420000 -3.780000 0.540000 29100984589
-6.300000 -3.780000 0.540000 29101009576
-6.540000 -4.020000 0.300000 29101034591
-6.480000 -3.840000 0.360000 29101059677
-6.600000 -4.080000 0.480000 29101085167
-6.300000 -3.780000 0.420000 29101109627
-6.420000 -3.780000 0.780000 29101134569
-6.240000 -3.720000 0.600000 29101159576
-6.480000 -3.480000 0.840000 29101185348
-6.180000 -3.660000 0.660000 29101209568
-6.300000 -3.660000 0.780000 29101234588
-6.420000 -3.540000 0.780000 29101259570
-6.180000 -3.420000 0.780000 29101285382
-6.600000 -3.120000 0.960000 29101309731
-6.540000 -3.540000 1.140000 29101334723
-6.420000 -3.420000 0.900000 29101359705
-6.420000 -3.300000 1.140000 29101384724
-6.720000 -3.480000 0.840000 29101409727
-6.420000 -3.180000 1.140000 29101434700
-6.480000 -3.600000 1.560000 29101459704
-6.540000 -3.660000 1.260000 29101484718
-6.660000 -3.540000 1.380000 29101509701
-6.540000 -3.540000 1.500000 29101534710
-6.720000 -3.360000 1.560000 29101559919
-6.480000 -3.240000 1.560000 29101586167
-6.660000 -3.300000 1.980000 29101609949
-6.300000 -3.540000 1.980000 29101634937
-6.600000 -3.840000 2.160000 29101660093
-6.540000 -3.900000 2.100000 29101684934
-6.420000 -3.540000 1.980000 29101709919
-6.720000 -3.480000 2.160000 29101734925
-6.780000 -3.540000 2.100000 29101759925
-6.600000 -3.600000 2.400000 29101784927
-6.720000 -3.480000 2.280000 29101809920
-5.880000 -3.600000 2.520000 29101834908
-6.660000 -3.300000 2.700000 29101859905
-6.780000 -3.660000 2.580000 29101884936
-6.480000 -3.600000 2.880000 29101909918
-6.420000 -3.540000 2.580000 29101934934
-6.540000 -3.540000 2.700000 29101960089
-6.540000 -3.660000 2.940000 29101985077
-6.780000 -3.420000 2.940000 29102009948
-6.540000 -3.900000 3.060000 29102034919
-6.120000 -3.840000 3.360000 29102059941
-6.240000 -3.600000 3.000000 29102084950
-6.720000 -4.080000 3.360000 29102109911
-6.660000 -3.900000 3.180000 29102134915
-6.360000 -4.080000 3.360000 29102160103
-6.300000 -4.020000 3.420000 29102184908
-6.300000 -4.380000 3.300000 29102209924
-6.300000 -4.140000 4.260000 29102234909
-6.180000 -4.620000 3.900000 29102259939
-6.240000 -4.680000 3.960000 29102284913
-6.000000 -4.680000 4.080000 29102309911
-6.300000 -4.620000 4.260000 29102334945
-6.000000 -4.800000 3.960000 29102359991
-6.240000 -4.800000 4.440000 29102384916
-6.360000 -5.040000 4.200000 29102410092
-6.240000 -4.440000 4.200000 29102434907
-6.300000 -4.740000 4.140000 29102459918
-6.060000 -4.860000 4.140000 29102484926
-6.240000 -4.920000 4.200000 29102509740
-6.120000 -5.040000 4.320000 29102534720
-6.000000 -5.040000 4.440000 29102559931
-5.940000 -4.860000 4.380000 29102584736
-6.120000 -5.160000 4.560000 29102609941
-6.180000 -5.340000 4.500000 29102634711
-6.120000 -5.280000 4.680000 29102660502
-6.360000 -5.400000 4.440000 29102684731
-5.880000 -5.280000 4.320000 29102709723
-6.180000 -5.340000 4.620000 29102734697
-6.000000 -5.400000 4.440000 29102759720
-6.060000 -5.340000 4.620000 29102784929
-5.760000 -5.040000 4.320000 29102809723
-6.120000 -5.520000 4.440000 29102834711
-6.000000 -5.400000 4.560000 29102859919
-6.060000 -5.220000 4.740000 29102884801
-5.760000 -5.160000 4.560000 29102909728
-6.060000 -5.460000 4.980000 29102934701
-6.000000 -5.520000 4.320000 29102959809
-5.820000 -5.100000 4.500000 29102984721
-5.880000 -5.400000 4.680000 29103009754
-6.120000 -5.400000 4.800000 29103034972
-5.820000 -5.460000 4.740000 29103059724
-6.240000 -5.400000 4.800000 29103084768
-6.060000 -5.340000 4.860000 29103109703
-5.700000 -5.700000 4.980000 29103134989
-5.940000 -5.700000 4.980000 29103159703
-5.580000 -5.460000 4.740000 29103184721
-5.700000 -5.340000 4.740000 29103209720
-5.760000 -5.400000 4.680000 29103235233
-6.000000 -5.760000 5.160000 29103259732
-5.700000 -5.460000 4.980000 29103284728
-5.520000 -5.520000 5.040000 29103309713
-5.460000 -5.460000 4.740000 29103334722
-5.640000 -5.760000 5.160000 29103359699
-5.640000 -5.760000 5.040000 29103384726
-5.400000 -5.640000 5.040000 29103409720
-5.460000 -5.460000 4.740000 29103434708
-5.400000 -5.880000 5.040000 29103459705
-5.460000 -6.180000 4.860000 29103484720
-5.700000 -5.940000 5.100000 29103509696
-5.460000 -6.180000 5.340000 29103534693
-5.640000 -5.880000 5.040000 29103559697
-5.580000 -5.820000 5.100000 29103584715
-5.400000 -6.120000 5.040000 29103609917
-5.520000 -5.880000 5.040000 29103634726
-5.580000 -6.060000 4.980000 29103659975
-5.760000 -6.240000 5.280000 29103684861
-5.520000 -6.600000 5.280000 29103709822
-5.580000 -6.420000 5.580000 29103734937
-5.340000 -6.300000 5.340000 29103759818
-5.280000 -6.240000 5.280000 29103784813
-5.280000 -6.360000 5.400000 29103809836
-5.280000 -6.240000 5.400000 29103834924
-5.280000 -6.360000 5.400000 29103859734
-5.400000 -6.840000 5.400000 29103884857
-5.400000 -6.600000 5.280000 29103909936
-5.640000 -6.720000 5.160000 29103934915
-5.460000 -6.660000 4.860000 29103959922
-5.400000 -6.600000 4.920000 29103984820
-5.340000 -6.660000 5.220000 29104009816
-5.640000 -6.480000 5.160000 29104034947
-5.460000 -6.540000 4.860000 29104059837
-5.640000 -6.840000 5.160000 29104084833
-5.280000 -6.600000 5.040000 29104109832
-5.040000 -6.840000 5.160000 29104134922
