0.000000 29096644538
0.000000 29096666441
0.000000 29096691412
0.000000 29096716443
0.000000 29096741431
0.000000 29096766425
0.000000 29096791471
0.000000 29096816498
0.000000 29096841486
0.000000 29096866487
0.000000 29096891479
0.000000 29096916485
0.000000 29096941484
0.000000 29096966477
0.000000 29096991490
0.000000 29097016954
0.000000 29097041488
0.000000 29097066486
0.000000 29097091483
0.000000 29097116488
0.000000 29097141484
0.000000 29097166485
0.000000 29097191462
0.000000 29097216481
0.000000 29097241481
0.000000 29097266492
0.000000 29097291477
0.000000 29097316478
0.000000 29097341480
0.000000 29097366474
0.000000 29097391461
0.000000 29097416504
0.000000 29097441482
0.000000 29097466481
0.000000 29097491476
0.000000 29097516480
0.000000 29097541492
0.000000 29097566493
0.000000 29097591472
0.000000 29097616476
0.000000 29097641478
0.000000 29097666485
0.000000 29097691465
0.000000 29097716473
0.000000 29097741476
0.000000 29097766487
0.000000 29097791474
0.000000 29097816483
0.000000 29097841481
0.000000 29097866478
0.000000 29097891474
0.000000 29097916476
0.000000 29097941487
0.000000 29097966485
0.000000 29097991461
0.000000 29098016474
0.000000 29098041483
0.000000 29098066468
0.000000 29098091481
0.000000 29098116471
0.000000 29098141464
0.000000 29098166470
0.000000 29098191457
0.000000 29098216475
0.000000 29098241470
0.000000 29098266477
0.000000 29098291460
0.000000 29098316462
0.000000 29098341458
0.000000 29098366477
0.000000 29098391463
0.000000 29098416461
0.000000 29098441457
0.000000 29098466471
0.000000 29098491452
0.000000 29098516468
0.000000 29098541469
0.000000 29098566466
0.000000 29098591462
0.000000 29098616455
0.000000 29098641459
0.000000 29098666468
0.000000 29098691463
0.000000 29098716465
0.000000 29098741464
0.000000 29098766464
0.000000 29098791459
0.000000 29098816463
0.000000 29098841468
0.000000 29098866472
0.000000 29098891465
0.000000 29098916472
0.000000 29098941468
0.000000 29098966467
0.000000 29098991460
0.000000 29099016470
0.000000 29099041466
0.000000 29099066474
0.000000 29099091462
0.000000 29099116468
0.000000 29099141472
0.000000 29099166470
0.000000 29099191456
0.000000 29099216470
0.000000 29099241460
0.000000 29099266467
0.000000 29099291458
0.000000 29099316459
0.000000 29099341463
0.000000 29099366468
0.000000 29099391460
0.000000 29099416465
0.000000 29099441465
0.000000 29099466464
0.000000 29099491456
0.000000 29099516459
0.000000 29099541465
0.000000 29099566458
0.000000 29099591455
0.000000 29099616463
0.000000 29099641465
0.000000 29099666448
0.000000 29099691455
0.000000 29099716458
0.000000 29099741471
0.000000 29099766459
0.000000 29099791460
0.000000 29099816474
0.000000 29099841462
0.000000 29099866471
0.000000 29099891468
0.000000 29099916465
0.000000 29099941464
0.000000 29099966462
0.000000 29099991451
0.000000 29100016466
0.000000 29100041466
0.000000 29100066463
0.000000 29100091443
0.000000 29100116458
0.000000 29100141459
0.000000 29100166455
0.000000 29100191453
0.000000 29100216467
0.000000 29100241467
0.000000 29100266467
0.000000 29100291453
0.000000 29100318634
0.000000 29100341491
0.000000 29100366472
0.000000 29100391457
0.000000 29100416471
0.000000 29100441470
0.000000 29100466462
0.000000 29100491448
0.000000 29100516461
0.000000 29100541478
0.000000 29100566460
0.000000 29100591456
0.000000 29100616463
0.000000 29100641444
0.000000 29100666477
0.000000 29100691461
0.000000 29100716458
0.000000 29100741483
0.000000 29100766459
0.000000 29100791462
0.000000 29100816462
0.000000 29100841471
0.000000 29100866463
0.000000 29100891456
0.000000 29100916459
0.000000 29100941476
0.000000 29100966464
0.000000 29100991467
0.000000 29101016458
0.000000 29101041475
0.000000 29101066550
0.000000 29101091458
0.000000 29101116444
0.000000 29101141477
0.000000 29101166460
0.000000 29101191450
0.000000 29101216460
0.000000 29101241475
0.000000 29101266437
0.000000 29101291462
0.000000 29101316466
0.000000 29101341463
0.000000 29101366436
0.000000 29101391457
0.000000 29101416449
0.000000 29101441468
0.000000 29101466444
0.000000 29101491460
0.000000 29101516456
0.000000 29101541467
0.000000 29101566435
0.000000 29101591457
0.000000 29101616454
0.000000 29101641471
0.000000 29101666437
0.000000 29101691465
0.000000 29101716446
0.000000 29101741465
0.000000 29101766437
0.000000 29101791459
0.000000 29101816444
0.000000 29101841464
0.000000 29101866435
0.000000 29101891456
0.000000 29101916452
0.000000 29101941464
0.000000 29101966437
0.000000 29101991465
0.000000 29102016447
0.000000 29102041475
0.000000 29102066427
0.000000 29102091456
0.000000 29102116457
0.000000 29102141474
0.000000 29102166429
0.000000 29102191461
0.000000 29102216448
0.000000 29102241469
0.000000 29102266452
0.000000 29102291461
0.000000 29102316477
0.000000 29102341460
0.000000 29102366456
0.000000 29102391456
0.000000 29102416475
0.000000 29102441469
0.000000 29102466457
0.000000 29102491464
0.000000 29102516474
0.000000 29102541483
0.000000 29102566461
0.000000 29102591458
0.000000 29102616461
0.000000 29102641474
0.000000 29102666456
0.000000 29102691458
0.000000 29102716473
0.000000 29102741471
0.000000 29102766458
0.000000 29102791451
0.000000 29102816472
0.000000 29102841475
0.000000 29102866455
0.000000 29102891464
0.000000 29102916463
0.000000 29102941462
0.000000 29102966467
0.000000 29102991464
0.000000 29103016491
0.000000 29103041482
0.000000 29103066473
0.000000 29103091463
0.000000 29103116483
0.000000 29103141479
0.000000 29103166471
0.000000 29103191460
0.000000 29103216478
0.000000 29103241473
0.000000 29103266470
0.000000 29103291458
0.000000 29103316482
0.000000 29103341462
0.000000 29103366471
0.000000 29103391466
0.000000 29103416474
0.000000 29103441478
0.000000 29103466466
0.000000 29103491458
0.000000 29103516479
0.000000 29103541488
0.000000 29103566465
0.000000 29103591461
0.000000 29103616467
0.000000 29103641452
0.000000 29103666460
0.000000 29103691461
0.000000 29103716476
0.000000 29103741472
0.000000 29103766460
0.000000 29103791462
0.000000 29103816476
0.000000 29103841471
0.000000 29103866458
0.000000 29103891449
0.000000 29103916473
0.000000 29103941473
0.000000 29103966461
0.000000 29103991452
0.000000 29104016471
0.000000 29104041465
0.000000 29104066466
0.000000 29104091459
0.000000 29104116479
0.000000 29104141476
