0.000000 26253334665
0.000000 26253357781
0.000000 26253382782
0.000000 26253407769
0.000000 26253432814
0.000000 26253457804
0.000000 26253482799
0.000000 26253507811
0.000000 26253532956
0.000000 26253557948
0.000000 26253582940
0.000000 26253607954
0.000000 26253633078
0.000000 26253658069
0.000000 26253683050
0.000000 26253708053
0.000000 26253733084
0.000000 26253758052
0.000000 26253783041
0.000000 26253808054
0.000000 26253833065
0.000000 26253858058
0.000000 26253883049
0.000000 26253908058
0.000000 26253933058
0.000000 26253958056
0.000000 26253987231
0.000000 26254008055
0.000000 26254033071
0.000000 26254058053
0.000000 26254083053
0.000000 26254108059
0.000000 26254133080
0.000000 26254158048
0.000000 26254183045
0.000000 26254208061
0.000000 26254233078
0.000000 26254258052
0.000000 26254283045
0.000000 26254308064
0.000000 26254333074
0.000000 26254358056
0.000000 26254383049
0.000000 26254408055
0.000000 26254433074
0.000000 26254458063
0.000000 26254483050
0.000000 26254508065
0.000000 26254533073
0.000000 26254558052
0.000000 26254583044
0.000000 26254608060
0.000000 26254633069
0.000000 26254658055
0.000000 26254683050
0.000000 26254708071
0.000000 26254733074
0.000000 26254758046
0.000000 26254783058
0.000000 26254808065
0.000000 26254833079
0.000000 26254858058
0.000000 26254883057
0.000000 26254908086
0.000000 26254933079
0.000000 26254958053
0.000000 26254983062
0.000000 26255008051
0.000000 26255033071
0.000000 26255058043
0.000000 26255083079
0.000000 26255108053
0.000000 26255133081
0.000000 26255158046
0.000000 26255183063
0.000000 26255208049
0.000000 26255233064
0.000000 26255258041
0.000000 26255283058
0.000000 26255308042
0.000000 26255333091
0.000000 26255358048
0.000000 26255383060
0.000000 26255408049
0.000000 26255433073
0.000000 26255458058
0.000000 26255483063
0.000000 26255508051
0.000000 26255533079
0.000000 26255558043
0.000000 26255583079
0.000000 26255608045
0.000000 26255633082
0.000000 26255658052
0.000000 26255683061
0.000000 26255708059
0.000000 26255733087
0.000000 26255758096
0.000000 26255783069
0.000000 26255808101
0.000000 26255833063
0.000000 26255858103
0.000000 26255883063
0.000000 26255908070
0.000000 26255933074
0.000000 26255958075
0.000000 26255983065
0.000000 26256008068
0.000000 26256033075
0.000000 26256058070
0.000000 26256083061
0.000000 26256108067
0.000000 26256133079
0.000000 26256158064
0.000000 26256183067
0.000000 26256208078
0.000000 26256233080
0.000000 26256258169
0.000000 26256283068
0.000000 26256308051
0.000000 26256333002
0.000000 26256358028
0.000000 26256383027
0.000000 26256408021
0.000000 26256433078
0.000000 26256458077
0.000000 26256483061
0.000000 26256508059
0.000000 26256533073
0.000000 26256558042
0.000000 26256583062
0.000000 26256608065
0.000000 26256633065
0.000000 26256658092
0.000000 26256683056
0.000000 26256708057
0.000000 26256733083
0.000000 26256758063
0.000000 26256783054
0.000000 26256808060
0.000000 26256833075
0.000000 26256858058
0.000000 26256883054
0.000000 26256908060
0.000000 26256933065
0.000000 26256958038
0.000000 26256983069
0.000000 26257008059
0.000000 26257033059
0.000000 26257058058
0.000000 26257083075
0.000000 26257108053
0.000000 26257133086
0.000000 26257158159
0.000000 26257183067
0.000000 26257208088
0.000000 26257233275
0.000000 26257258116
0.000000 26257283055
0.000000 26257308089
0.000000 26257333079
0.000000 26257358068
0.000000 26257383059
0.000000 26257408089
0.000000 26257433081
0.000000 26257458086
0.000000 26257483064
0.000000 26257508085
0.000000 26257533070
0.000000 26257558092
0.000000 26257583061
0.000000 26257608093
0.000000 26257633095
0.000000 26257658086
0.000000 26257683058
0.000000 26257708080
0.000000 26257733073
0.000000 26257758083
0.000000 26257783063
0.000000 26257808095
0.000000 26257833085
0.000000 26257858080
0.000000 26257883063
0.000000 26257908076
0.000000 26257933077
0.000000 26257958085
0.000000 26257983059
0.000000 26258008080
0.000000 26258033086
0.000000 26258058081
0.000000 26258083060
0.000000 26258108090
0.000000 26258133098
0.000000 26258158084
0.000000 26258183062
0.000000 26258208085
0.000000 26258233099
0.000000 26258258066
0.000000 26258283061
0.000000 26258308082
0.000000 26258333088
0.000000 26258358067
0.000000 26258383058
0.000000 26258408083
0.000000 26258433091
0.000000 26258458074
0.000000 26258483072
0.000000 26258508074
0.000000 26258533092
0.000000 26258558073
0.000000 26258583056
0.000000 26258608083
0.000000 26258633090
0.000000 26258658071
0.000000 26258683054
0.000000 26258708079
0.000000 26258733082
0.000000 26258758071
0.000000 26258783056
0.000000 26258808082
0.000000 26258833082
0.000000 26258858069
0.000000 26258883057
0.000000 26258908080
0.000000 26258933069
0.000000 26258958074
0.000000 26258983062
0.000000 26259008084
0.000000 26259033082
0.000000 26259058078
0.000000 26259083065
0.000000 26259108089
0.000000 26259133064
0.000000 26259158057
0.000000 26259183057
0.000000 26259208082
0.000000 26259233084
0.000000 26259258070
0.000000 26259283063
0.000000 26259308073
0.000000 26259333845
0.000000 26259358055
0.000000 26259383057
0.000000 26259408067
0.000000 26259433077
0.000000 26259458084
0.000000 26259483076
0.000000 26259508079
0.000000 26259533083
0.000000 26259558085
0.000000 26259583065
0.000000 26259608075
0.000000 26259633098
0.000000 26259658083
0.000000 26259683061
0.000000 26259708080
0.000000 26259733080
0.000000 26259758081
0.000000 26259783065
0.000000 26259808054
0.000000 26259833088
0.000000 26259858088
0.000000 26259883060
0.000000 26259908064
0.000000 26259933081
0.000000 26259958083
0.000000 26259983062
0.000000 26260008075
0.000000 26260033082
0.000000 26260058059
0.000000 26260083068
0.000000 26260108021
0.000000 26260133116
0.000000 26260158079
0.000000 26260183067
0.000000 26260208067
0.000000 26260233090
0.000000 26260258055
0.000000 26260283055
0.000000 26260308081
0.000000 26260333086
0.000000 26260358091
0.000000 26260383060
0.000000 26260408081
0.000000 26260433090
0.000000 26260458074
0.000000 26260483055
0.000000 26260508085
0.000000 26260533087
0.000000 26260558073
0.000000 26260583061
0.000000 26260608081
0.000000 26260633080
0.000000 26260658067
0.000000 26260683062
0.000000 26260708076
0.000000 26260733076
0.000000 26260758070
0.000000 26260783061
0.000000 26260808083
0.000000 26260833090
0.000000 26260858081
0.000000 26260883106
0.000000 26260908093
0.000000 26260933068
0.000000 26260958073
0.000000 26260983055
0.000000 26261008059
0.000000 26261033077
0.000000 26261058084
0.000000 26261083073
0.000000 26261108085
0.000000 26261133058
0.000000 26261158085
0.000000 26261183078
0.000000 26261208078
0.000000 26261233066
0.000000 26261258080
0.000000 26261283066
0.000000 26261308076
0.000000 26261333076
0.000000 26261358085
0.000000 26261383061
0.000000 26261408068
0.000000 26261433075
0.000000 26261458079
0.000000 26261483056
0.000000 26261508076
0.000000 26261533051
0.000000 26261558084
0.000000 26261583064
0.000000 26261608076
0.000000 26261633073
0.000000 26261658086
0.000000 26261683065
0.000000 26261708086
0.000000 26261733075
0.000000 26261758050
0.000000 26261783058
0.000000 26261808068
0.000000 26261833075
0.000000 26261858069
0.000000 26261883068
0.000000 26261908073
0.000000 26261933068
0.000000 26261958068
0.000000 26261983065
0.000000 26262008067
0.000000 26262033230
0.000000 26262058064
0.000000 26262083053
0.000000 26262108086
0.000000 26262133067
0.000000 26262158065
0.000000 26262183062
0.000000 26262208081
0.000000 26262233063
0.000000 26262258075
0.000000 26262283068
0.000000 26262308077
0.000000 26262333068
0.000000 26262358038
0.000000 26262383026
0.000000 26262408027
0.000000 26262433130
0.000000 26262458069
0.000000 26262483040
0.000000 26262508067
0.000000 26262533065
0.000000 26262558083
0.000000 26262583192
0.000000 26262608072
0.000000 26262633055
0.000000 26262658080
0.000000 26262683039
0.000000 26262708075
0.000000 26262733052
0.000000 26262758083
0.000000 26262783041
0.000000 26262808068
0.000000 26262833058
0.000000 26262858082
0.000000 26262883039
0.000000 26262908086
0.000000 26262933165
0.000000 26262958072
0.000000 26262983086
0.000000 26263008060
0.000000 26263033126
0.000000 26263058079
0.000000 26263083066
0.000000 26263108085
0.000000 26263133083
0.000000 26263158075
0.000000 26263183055
0.000000 26263208070
0.000000 26263233085
0.000000 26263258068
0.000000 26263283054
0.000000 26263308059
0.000000 26263333079
0.000000 26263358068
0.000000 26263383056
0.000000 26263408078
0.000000 26263433081
0.000000 26263458079
0.000000 26263483046
0.000000 26263508077
0.000000 26263533083
0.000000 26263558072
0.000000 26263583062
0.000000 26263608074
0.000000 26263633066
0.000000 26263658067
0.000000 26263683065
0.000000 26263708068
0.000000 26263733082
0.000000 26263758181
0.000000 26263783063
0.000000 26263808057
0.000000 26263833076
0.000000 26263858235
0.000000 26263883059
0.000000 26263908074
0.000000 26263933137
0.000000 26263958075
0.000000 26263983054
0.000000 26264008086
0.000000 26264033071
0.000000 26264058066
0.000000 26264083044
