-0.686466 0.294200 9.767425 28158553501
0.049033 0.274586 9.885104 28158576526
0.049033 0.215746 9.904717 28158601538
0.068647 0.176520 9.943945 28158626529
0.058840 0.186326 9.934137 28158651546
0.068647 0.166713 9.894911 28158676543
0.078453 0.147100 9.885104 28158701540
0.078453 0.156906 9.806651 28158726663
0.088260 0.156906 9.787038 28158751646
0.078453 0.147100 9.816459 28158776659
0.058840 0.147100 9.816459 28158801647
0.058840 0.196133 9.885104 28158826650
0.068647 0.147100 9.894911 28158851704
0.098067 0.196133 9.885104 28158876712
0.058840 0.166713 9.865492 28158901702
0.068647 0.166713 9.894911 28158926704
0.039227 0.205940 9.865492 28158951837
0.058840 0.225553 9.855684 28158976840
0.058840 0.205940 9.914525 28159001845
0.049033 0.186326 9.855684 28159026832
0.039227 0.186326 9.875298 28159051833
0.049033 0.186326 9.865492 28159076835
0.068647 0.176520 9.904717 28159101846
0.019613 0.186326 9.855684 28159126842
0.029420 0.186326 9.894911 28159151835
0.039227 0.166713 9.943945 28159176838
0.049033 0.156906 9.875298 28159201831
0.049033 0.186326 9.855684 28159226834
0.049033 0.215746 9.885104 28159251819
0.039227 0.176520 9.865492 28159276853
0.029420 0.176520 9.865492 28159301839
0.049033 0.186326 9.806651 28159326820
0.049033 0.176520 9.826264 28159351844
0.078453 0.166713 9.836071 28159376830
0.049033 0.166713 9.865492 28159401839
0.058840 0.147100 9.855684 28159426843
0.088260 0.166713 9.875298 28159451838
0.058840 0.196133 9.885104 28159476834
0.088260 0.215746 9.934137 28159501845
0.107873 0.215746 9.953751 28159526856
0.098067 0.205940 9.865492 28159551838
0.098067 0.196133 9.875298 28159576854
0.058840 0.196133 9.885104 28159601836
0.058840 0.186326 9.875298 28159626842
0.039227 0.166713 9.904717 28159651820
0.029420 0.156906 9.885104 28159676855
-2.235916 1.196411 12.268121 28159701845
-1.245445 0.823759 13.856797 28159726853
-0.676659 0.558979 12.326960 28159751819
-0.284393 0.362846 11.052095 28159776855
-0.009807 0.245166 10.189111 28159801845
0.029420 0.215746 10.198916 28159826853
0.049033 0.176520 10.051817 28159851841
0.039227 0.186326 9.992978 28159876835
0.039227 0.186326 9.845878 28159901821
0.049033 0.215746 9.885104 28159926834
0.058840 0.176520 9.894911 28159951824
0.058840 0.196133 9.914525 28159976831
0.098067 0.156906 9.973364 28160001814
0.088260 0.166713 9.943945 28160029287
0.068647 0.166713 9.953751 28160051782
0.068647 0.196133 9.855684 28160076825
0.058840 0.196133 9.855684 28160101829
0.058840 0.205940 9.845878 28160126825
0.058840 0.186326 9.836071 28160151822
0.019613 0.186326 9.885104 28160176831
0.049033 0.186326 9.894911 28160201800
0.049033 0.196133 9.943945 28160226778
0.058840 0.186326 9.894911 28160251782
0.049033 0.235360 9.914525 28160276776
0.078453 0.186326 9.865492 28160301799
0.049033 0.156906 9.865492 28160326835
0.058840 0.156906 9.855684 28160351812
0.039227 0.147100 9.836071 28160376825
0.058840 0.147100 9.855684 28160401811
0.068647 0.176520 9.894911 28160426829
0.078453 0.196133 9.836071 28160451809
0.098067 0.156906 9.885104 28160476833
0.078453 0.176520 9.875298 28160501811
0.088260 0.176520 9.865492 28160526828
0.068647 0.166713 9.845878 28160551812
0.068647 0.186326 9.816459 28160576828
0.039227 0.166713 9.855684 28160601818
0.049033 0.176520 9.855684 28160626831
0.029420 0.166713 9.855684 28160651819
0.068647 0.166713 9.845878 28160676826
0.058840 0.215746 9.865492 28160701813
0.058840 0.186326 9.845878 28160726826
0.029420 0.215746 9.855684 28160751817
0.058840 0.166713 9.914525 28160776831
0.049033 0.156906 9.992978 28160801818
0.019613 0.147100 9.894911 28160826828
0.049033 0.176520 9.924331 28160851809
0.049033 0.166713 9.875298 28160876834
0.058840 0.147100 9.836071 28160901816
0.058840 0.196133 9.855684 28160926804
0.029420 0.205940 9.855684 28160951815
0.029420 0.225553 9.894911 28160976811
0.049033 0.215746 9.836071 28161001807
0.049033 0.186326 9.816459 28161026823
0.039227 0.176520 9.845878 28161051816
0.049033 0.186326 9.826264 28161076823
0.019613 0.186326 9.826264 28161101819
0.029420 0.196133 9.806651 28161126827
0.058840 0.176520 9.836071 28161151814
0.068647 0.186326 9.826264 28161176824
0.078453 0.166713 9.953751 28161201813
0.058840 0.176520 9.914525 28161226823
0.058840 0.196133 9.914525 28161251814
0.058840 0.196133 9.894911 28161276830
0.058840 0.215746 9.865492 28161301820
0.068647 0.186326 9.875298 28161326819
0.049033 0.196133 9.836071 28161351806
0.058840 0.186326 9.796844 28161376814
0.078453 0.166713 9.816459 28161401822
0.029420 0.196133 9.767425 28161426821
0.039227 0.176520 9.973364 28161451803
0.029420 0.176520 9.865492 28161476794
0.058840 0.225553 9.855684 28161501799
0.049033 0.205940 9.855684 28161526821
0.049033 0.166713 9.885104 28161551801
0.039227 0.147100 9.904717 28161576820
0.029420 0.147100 9.904717 28161601792
0.019613 0.147100 9.894911 28161626827
0.039227 0.166713 9.875298 28161651808
0.068647 0.176520 9.865492 28161676817
0.078453 0.176520 9.836071 28161701808
0.058840 0.147100 9.806651 28161726807
0.049033 0.166713 9.855684 28161751811
0.039227 0.176520 9.855684 28161776842
0.039227 0.176520 9.875298 28161801824
0.029420 0.147100 9.875298 28161826819
0.029420 0.156906 9.904717 28161851829
0.058840 0.196133 9.875298 28161876816
0.058840 0.186326 9.914525 28161901954
0.049033 0.196133 9.885104 28161926825
0.049033 0.215746 9.875298 28161951807
0.039227 0.186326 9.826264 28161976823
0.029420 0.156906 9.855684 28162001796
