0.000000 28158553501
0.000000 28158576526
0.000000 28158601538
0.000000 28158626529
0.000000 28158651546
0.000000 28158676543
0.000000 28158701540
0.000000 28158726663
0.000000 28158751646
0.000000 28158776659
0.000000 28158801647
0.000000 28158826650
0.000000 28158851704
0.000000 28158876712
0.000000 28158901702
0.000000 28158926704
0.000000 28158951837
0.000000 28158976840
0.000000 28159001845
0.000000 28159026832
0.000000 28159051833
0.000000 28159076835
0.000000 28159101846
0.000000 28159126842
0.000000 28159151835
0.000000 28159176838
0.000000 28159201831
0.000000 28159226834
0.000000 28159251819
0.000000 28159276853
0.000000 28159301839
0.000000 28159326820
0.000000 28159351844
0.000000 28159376830
0.000000 28159401839
0.000000 28159426843
0.000000 28159451838
0.000000 28159476834
0.000000 28159501845
0.000000 28159526856
0.000000 28159551838
0.000000 28159576854
0.000000 28159601836
0.000000 28159626842
0.000000 28159651820
0.000000 28159676855
0.000000 28159701845
0.000000 28159726853
0.000000 28159751819
0.000000 28159776855
0.000000 28159801845
0.000000 28159826853
0.000000 28159851841
0.000000 28159876835
0.000000 28159901821
0.000000 28159926834
0.000000 28159951824
0.000000 28159976831
0.000000 28160001814
0.000000 28160029287
0.000000 28160051782
0.000000 28160076825
0.000000 28160101829
0.000000 28160126825
0.000000 28160151822
0.000000 28160176831
0.000000 28160201800
0.000000 28160226778
0.000000 28160251782
0.000000 28160276776
0.000000 28160301799
0.000000 28160326835
0.000000 28160351812
0.000000 28160376825
0.000000 28160401811
0.000000 28160426829
0.000000 28160451809
0.000000 28160476833
0.000000 28160501811
0.000000 28160526828
0.000000 28160551812
0.000000 28160576828
0.000000 28160601818
0.000000 28160626831
0.000000 28160651819
0.000000 28160676826
0.000000 28160701813
0.000000 28160726826
0.000000 28160751817
0.000000 28160776831
0.000000 28160801818
0.000000 28160826828
0.000000 28160851809
0.000000 28160876834
0.000000 28160901816
0.000000 28160926804
0.000000 28160951815
0.000000 28160976811
0.000000 28161001807
0.000000 28161026823
0.000000 28161051816
0.000000 28161076823
0.000000 28161101819
0.000000 28161126827
0.000000 28161151814
0.000000 28161176824
0.000000 28161201813
0.000000 28161226823
0.000000 28161251814
0.000000 28161276830
0.000000 28161301820
0.000000 28161326819
0.000000 28161351806
0.000000 28161376814
0.000000 28161401822
0.000000 28161426821
0.000000 28161451803
0.000000 28161476794
0.000000 28161501799
0.000000 28161526821
0.000000 28161551801
0.000000 28161576820
0.000000 28161601792
0.000000 28161626827
0.000000 28161651808
0.000000 28161676817
0.000000 28161701808
0.000000 28161726807
0.000000 28161751811
0.000000 28161776842
0.000000 28161801824
0.000000 28161826819
0.000000 28161851829
0.000000 28161876816
0.000000 28161901954
0.000000 28161926825
0.000000 28161951807
0.000000 28161976823
0.000000 28162001796
