2.137850 7.835515 5.697665 12808397479
2.137850 7.815901 5.717278 12808422477
2.049590 7.796288 5.756504 12808447484
2.010364 7.757061 5.785924 12808472473
1.980944 7.757061 5.815344 12808497485
2.000557 7.727641 5.874184 12808522474
2.020170 7.600155 5.991864 12808547477
1.961330 7.551122 6.109544 12808572478
1.882877 7.384408 6.315483 12808597480
1.716164 7.070595 6.658716 12808622476
2.118237 6.109544 6.796009 12808647476
2.432050 5.834958 6.393937 12808672474
2.971415 5.579985 5.746698 12808697481
3.706914 5.530951 5.168105 12808722479
4.932746 5.501531 4.354153 12808747478
5.432885 5.413271 3.873627 12808772476
5.991864 5.256365 3.520588 12808797478
6.727362 5.226945 2.745862 12808822478
6.962722 4.981779 2.422243 12808847475
7.100015 5.001392 2.255530 12808872481
7.207889 4.834679 2.079010 12808897480
7.796288 4.658159 2.000557 12808922477
8.247394 4.089374 2.304563 12808947479
8.551400 3.628461 2.098624 12808972479
8.943666 3.795174 1.510224 12808997470
9.286899 2.088817 -0.294200 12809022456
9.914525 0.451106 -0.294200 12809047449
10.385243 -0.509946 -0.019613 12809072451
10.650023 -0.411879 -0.019613 12809097474
10.767703 -0.833565 -1.853457 12809122452
10.944223 -1.245445 -3.000835 12809147457
11.209002 -1.627904 -3.491168 12809172448
10.963836 -2.186883 -3.755947 12809197482
11.650301 -1.637711 -4.854292 12809222448
9.865492 -2.569343 -8.678886 12809247457
8.335654 -3.618654 -10.787316 12809272447
7.139242 -3.687301 -10.247950 12809297484
7.345181 -3.785367 -9.090766 12809322453
6.639102 -3.834401 -9.100572 12809347450
5.089652 -4.040340 -8.620047 12809372450
4.148213 -4.108987 -8.561207 12809397480
3.285228 -4.314927 -8.325847 12809422448
3.098902 -4.177633 -7.590348 12809447515
2.843929 -4.197247 -8.061068 12809472470
2.618376 -4.648353 -7.835515 12809501214
3.098902 -6.099737 -8.217974 12809522397
3.520588 -5.589791 -7.923775 12809547481
3.804981 -5.285785 -7.531508 12809572489
2.873349 -6.560650 -6.442970 12809597494
3.059675 -8.472947 -5.893797 12809622472
4.452219 -8.649467 -6.707749 12809647473
5.089652 -6.864655 -7.757061 12809672473
4.883712 -5.491724 -8.708306 12809697490
5.707471 -2.333983 -6.354710 12809722488
1.010085 -3.461748 -11.405135 12809747486
2.383016 -2.618376 -8.580820 12809772476
6.393937 -2.785089 -9.992978 12809797488
7.502088 -2.951802 -10.914803 12809822483
7.796288 -3.824594 -10.875576 12809847485
7.247115 -4.079567 -10.189111 12809872483
5.236752 -3.314648 -9.257479 12809897492
4.569900 -3.304842 -9.090766 12809922470
4.667966 -2.951802 -9.022120 12809947480
5.011199 -2.245723 -9.012313 12809972483
5.491724 -2.588956 -9.090766 12809997475
5.521145 -2.912575 -9.041733 12810022473
5.511338 -2.726249 -9.100572 12810047473
5.462305 -2.402630 -9.041733 12810072465
5.521145 -2.687022 -8.080681 12810097485
5.089652 -2.549729 -8.433721 12810122456
