-6.360000 -6.960000 0.240000 12808417255
-6.120000 -7.200000 0.600000 12808442236
-6.240000 -6.960000 0.240000 12808467265
-6.300000 -7.020000 0.300000 12808492249
-5.940000 -7.380000 0.060000 12808517247
-6.000000 -7.560000 0.360000 12808542256
-6.420000 -7.140000 0.180000 12808567249
-6.240000 -7.320000 0.600000 12808592240
-6.480000 -6.960000 0.360000 12808617267
-6.300000 -7.140000 0.300000 12808642241
-6.720000 -6.960000 0.960000 12808667257
-6.660000 -6.660000 1.020000 12808692275
-6.780000 -6.300000 1.140000 12808717249
-6.720000 -6.120000 1.680000 12808742253
-7.380000 -5.820000 1.740000 12808767276
-7.080000 -5.640000 2.040000 12808792256
-7.200000 -5.040000 1.920000 12808817244
-7.260000 -4.740000 2.100000 12808842263
-7.020000 -4.260000 2.220000 12808867255
-7.020000 -4.380000 2.700000 12808892262
-7.020000 -3.780000 2.460000 12808917265
-7.020000 -3.180000 2.940000 12808942252
-6.420000 -3.180000 3.300000 12808967251
-6.120000 -3.120000 3.960000 12808992269
-5.580000 -2.580000 4.140000 12809017243
-5.280000 -2.160000 4.680000 12809042244
-4.740000 -1.980000 5.100000 12809067265
-4.560000 -1.680000 5.520000 12809092251
-3.840000 -1.560000 5.760000 12809117242
-3.360000 -1.080000 5.640000 12809142268
-2.400000 -0.960000 5.760000 12809167240
-1.620000 -0.660000 5.820000 12809192248
-1.440000 -0.600000 5.400000 12809217267
-0.540000 -0.420000 5.580000 12809242253
0.120000 -0.720000 5.520000 12809267258
0.240000 -0.600000 5.520000 12809292273
0.540000 -1.020000 5.340000 12809317242
0.840000 -0.840000 5.280000 12809342249
0.900000 -1.020000 5.100000 12809367267
1.380000 -0.900000 4.980000 12809392252
1.380000 -0.900000 4.740000 12809417242
1.440000 -1.200000 5.160000 12809445792
1.500000 -1.140000 4.860000 12809467291
1.860000 -1.500000 4.740000 12809492270
1.800000 -0.840000 4.680000 12809517296
1.740000 -1.380000 4.980000 12809542286
1.920000 -1.080000 5.160000 12809567301
1.260000 -1.020000 5.580000 12809592275
0.900000 -1.260000 5.580000 12809617266
0.960000 -1.560000 5.760000 12809642268
0.840000 -1.680000 5.880000 12809667265
0.600000 -2.160000 6.240000 12809692288
0.480000 -2.160000 6.240000 12809717259
0.600000 -2.640000 6.480000 12809742260
0.120000 -2.880000 6.960000 12809767264
0.120000 -2.880000 6.840000 12809792262
0.180000 -3.060000 7.020000 12809817261
0.120000 -3.120000 6.960000 12809842281
0.300000 -3.780000 7.020000 12809867268
0.480000 -3.360000 6.720000 12809892264
0.720000 -3.600000 7.080000 12809917260
0.660000 -3.540000 7.260000 12809942260
0.720000 -3.480000 7.200000 12809967270
0.960000 -3.600000 7.440000 12809992278
0.720000 -3.240000 7.440000 12810017242
0.420000 -3.420000 7.260000 12810042267
0.840000 -3.480000 7.080000 12810067264
0.480000 -3.480000 7.200000 12810092266
0.300000 -3.540000 7.140000 12810117260
0.480000 -3.000000 7.320000 12810142281
