-0.058840 10.042011 0.696272 18724352278
-0.068647 10.110658 0.706079 18724377306
-0.009807 10.159691 0.657046 18724402309
0.029420 10.120463 0.696272 18724427291
-0.049033 10.042011 0.568786 18724452298
-0.078453 9.983171 0.549172 18724477305
-0.029420 9.992978 0.568786 18724502298
0.009807 10.022397 0.509946 18724527211
-0.127486 10.012591 0.676659 18724552298
-0.166713 10.091044 0.666852 18724577307
-0.117680 10.100850 0.725692 18724602296
-0.058840 10.238144 0.774725 18724627292
0.205940 10.542150 0.912019 18724652287
0.294200 10.610797 0.980665 18724677302
0.392266 10.738283 1.039505 18724702295
0.490333 10.816736 1.098345 18724727291
0.480526 10.836349 0.970859 18724752267
0.372653 10.806930 0.892405 18724777298
0.382459 10.708863 0.843372 18724802276
0.509946 10.336210 0.500139 18724827278
0.588399 10.149883 0.558979 18724852295
0.735499 10.120463 0.647239 18724877296
1.068925 10.002784 0.617819 18724902302
1.510224 9.247672 0.598206 18724927292
1.814230 9.218252 0.774725 18724952296
2.186883 9.159412 0.794339 18724977355
2.500696 8.796566 0.686466 18725002279
3.353875 8.512174 0.882599 18725027285
3.755947 8.482754 0.892405 18725052299
4.354153 8.100294 1.029698 18725077288
4.962165 8.041454 1.000278 18725102288
5.256365 7.884548 0.931632 18725127282
5.442691 7.668801 0.931632 18725152215
5.579985 7.413828 0.961052 18725177294
5.805537 7.149048 1.284671 18725202289
5.854571 7.129435 1.500418 18725227286
5.933024 7.041175 1.598484 18725252298
6.089930 6.854849 1.598484 18725277296
6.335097 6.648909 1.755391 18725302310
6.433163 6.560650 1.882877 18725327289
6.746976 6.609683 1.922104 18725352299
7.109822 6.384130 1.794617 18725377288
7.453054 6.011477 2.039783 18725402327
7.551122 5.805537 2.157463 18725427299
7.747255 5.678051 2.177077 18725452315
8.345461 4.903326 2.785089 18725477294
8.433721 4.491446 2.922382 18725502305
8.610240 4.001114 2.834122 18725527289
8.865212 3.795174 3.128322 18725552295
9.002505 3.785367 3.265615 18725577297
9.120186 3.932467 3.432328 18725602232
9.257479 3.795174 3.648074 18725627280
9.277092 3.442135 3.726527 18725652310
9.335932 2.765476 4.148213 18725677312
9.394772 2.471276 4.197247 18725702294
9.306512 2.333983 4.207053 18725727282
9.492838 1.971137 4.089374 18725752310
9.532065 1.588677 4.226666 18725777272
9.404578 1.314091 4.452219 18725802314
9.237865 0.951245 4.707192 18725827286
8.737726 0.304006 5.236752 18725852304
8.384687 -0.186326 5.344625 18725877305
8.178747 -0.421686 5.364238 18725902306
8.119907 -0.539366 5.021006 18725927280
8.178747 -0.500139 4.746419 18725952303
8.267007 -0.402073 4.560093 18725977303
8.306233 -0.225553 4.422800 18726002292
8.384687 -0.254973 4.540480 18726027282
8.845599 0.156906 3.932467 18726052831
9.384965 0.490333 3.530394 18726077304
8.933860 0.313813 3.579428 18726102304
8.286621 -0.127486 3.500974 18726127276
8.433721 -0.009807 3.147935 18726152305
8.541594 -0.029420 3.157742 18726177301
8.521980 -0.088260 3.098902 18726202302
8.894632 0.137293 3.020448 18726227281
9.051538 0.156906 3.187161 18726252304
9.228059 0.225553 3.285228 18726277295
9.394772 0.323619 3.373488 18726302293
9.738005 0.460913 3.569621 18726327285
9.777231 0.549172 3.628461 18726352305
9.679165 0.706079 3.834401 18726377312
9.620325 0.706079 4.383573 18726402780
9.630132 0.627626 4.314927 18726427279
9.600712 0.657046 4.177633 18726452210
9.532065 0.676659 3.844207 18726477314
9.169219 0.745305 3.520588 18726502312
9.041733 0.725692 3.520588 18726527277
8.914246 0.725692 3.569621 18726552309
8.816179 0.657046 3.628461 18726577278
8.708306 0.813952 3.755947 18726602301
8.708306 0.794339 3.726527 18726627279
8.669080 0.813952 3.795174 18726652298
8.688693 0.823759 3.873627 18726677264
8.747533 0.774725 3.932467 18726702312
8.737726 0.833565 3.981500 18726727280
8.816179 0.804145 3.912854 18726752284
8.982893 0.706079 4.001114 18726777308
9.071153 0.578592 3.834401 18726802293
9.080959 0.480526 3.697107 18726827272

