4.060000 -9.345000 -3.167500 17174610437
4.690000 -3.885000 -6.370000 17174635427
5.232500 3.517500 -6.527500 17174660430
9.502500 -0.840000 -6.720000 17174685499
13.090000 -8.435000 -5.232500 17174710412
16.852501 -14.735000 -4.672500 17174735402
17.342501 -5.880000 -3.027500 17174760425
15.452500 -6.300000 -1.260000 17174785885
16.660000 -12.215000 -2.432500 17174810514
21.385000 -11.077500 -3.150000 17174835472
23.870001 -11.497500 -3.220000 17174860431
24.045000 -12.635000 -4.480000 17174885469
22.575001 -11.847500 -6.020000 17174910471
20.037500 -15.452500 -5.162500 17174935418
15.575000 -16.572500 -4.707500 17174960439
15.190001 -17.710001 -3.902500 17174985484
17.412500 -17.832500 -4.445000 17175010542
18.690001 -16.065001 -6.037500 17175035435
19.985001 -20.510000 -2.310000 17175060421
22.785000 -27.317501 2.957500 17175085465
27.580000 -34.299999 6.195000 17175110469
35.174999 -45.272499 9.117500 17175135475
48.037498 -45.150002 13.002500 17175160464
57.732502 -46.305000 20.299999 17175185444
60.970001 -41.825001 28.157499 17175210423
48.387501 -24.027500 36.014999 17175235425
36.014999 -7.770000 35.910000 17175260437
26.442499 -19.600000 32.497501 17175285371
30.065001 -38.587502 37.904999 17175310505
40.407501 -53.532501 48.632500 17175335331
62.247501 -64.925003 52.639999 17175360306
72.485001 -72.012497 54.810001 17175385287
73.692497 -60.375000 64.802498 17175410442
60.410000 -57.680000 67.199997 17175435362
52.990002 -67.742500 70.752502 17175460287
51.957500 -84.419998 74.112503 17175485632
58.415001 -81.987503 71.557503 17175510443
62.195000 -78.347504 66.080002 17175535431
53.865002 -68.425003 70.349998 17175560482
43.715000 -53.060001 67.147499 17175585468
31.780001 -69.334999 65.712502 17175610425
32.357502 -85.260002 70.647499 17175635478
41.107502 -78.382500 68.215004 17175660483
48.562500 -77.052498 59.744999 17175685504
50.942501 -65.625000 55.580002 17175710507
30.012501 -51.485001 53.724998 17175735468
7.700000 -64.137497 61.285000 17175760564
24.815001 -68.617500 66.062500 17175785451
38.377499 -81.217499 74.794998 17175810449
40.827499 -87.849998 81.987503 17175835477
46.689999 -57.207500 85.907501 17175860471
11.550000 -25.760000 76.090004 17175885479
-46.025002 -30.852501 71.644997 17175910494
-25.690001 -50.295002 76.737503 17175935488
29.295000 -69.754997 79.117500 17175960512
41.230000 -69.894997 82.337502 17175985476
25.637501 -57.224998 85.417503 17176010484
7.262500 -73.290001 83.037498 17176035481
18.410000 -90.317497 83.474998 17176060435
39.060001 -91.647499 91.000000 17176085459
51.345001 -89.529999 90.737503 17176110571
45.955002 -91.735001 78.662498 17176135489
30.660000 -67.182503 76.317497 17176161013
13.615000 -44.099998 78.889999 17176185756
-0.490000 -43.154999 78.137497 17176210503
1.837500 -46.532501 72.327499 17176235898
1.662500 -43.959999 70.175003 17176260518
-5.670000 -45.657501 43.889999 17176285535
-14.157500 -35.560001 29.469999 17176310899
-15.995000 -34.072498 27.615000 17176335615
-22.715000 -38.500000 25.812500 17176360522
-17.657499 -52.062500 29.907499 17176385519
-17.832500 -13.160000 26.932501 17176410416
-2.275000 -19.442499 20.807501 17176435414
-1.400000 -31.710001 32.305000 17176460412
-6.002500 -31.342501 55.685001 17176485388
-20.440001 -32.305000 51.904999 17176510667
-24.937500 -30.415001 44.992500 17176534932
-23.764999 -16.030001 39.637501 17176559930
-17.902500 -12.285000 43.295002 17176584928
-13.125000 17.972500 56.857502 17176609926
-10.937500 5.390000 53.025002 17176634996
9.030000 -50.732502 21.402500 17176659992
5.845000 -27.457500 10.167500 17176685052
-6.965000 -5.040000 13.685000 17176710107
-15.522500 6.702500 19.635000 17176735118
-23.590000 24.027500 32.025002 17176760116
-35.087502 24.237499 27.562500 17176785123
-35.840000 13.755000 30.625000 17176810120
-41.125000 17.342501 34.842499 17176835123
-49.682499 6.370000 24.132500 17176860121
-39.340000 -1.732500 37.572498 17176885115
-34.702499 -4.777500 41.650002 17176910171
-41.369999 -10.185000 32.305000 17176935199
-48.160000 1.207500 33.320000 17176960184
-56.000000 -0.262500 37.450001 17176985182
-63.244999 -2.380000 37.677502 17177010188
-64.190002 8.487500 43.452499 17177035186
-73.639999 23.730000 65.379997 17177060189
-76.404999 -23.275000 68.232498 17177085201
-66.989998 -17.027500 67.322502 17177110320
-54.407501 -6.335000 44.275002 17177135506
-27.160000 -12.057500 11.427500 17177160515
3.727500 -19.057501 0.577500 17177185813
16.135000 -14.840000 -9.047500 17177211466
-3.955000 -23.170000 -28.559999 17177234934
-17.395000 -5.932500 -34.474998 17177259938
-3.045000 -11.410000 -14.927500 17177284933
0.875000 -9.712500 -1.137500 17177309957
-0.017500 -6.195000 -0.682500 17177335074
2.292500 -6.667500 -1.067500 17177359935
1.820000 -3.412500 1.032500 17177384940
-0.262500 14.402500 36.767502 17177409939
-22.137501 12.985000 73.570000 17177435126
-28.594999 8.382500 29.155001 17177459939
-17.010000 1.172500 -35.717499 17177484938
-0.595000 -18.777500 -40.810001 17177509932
-0.787500 -13.597500 -22.750000 17177534941
-3.500000 -14.297500 -16.432501 17177559929
-3.780000 -23.275000 -12.845000 17177584929
-9.065000 -24.605000 -0.105000 17177609932
-2.695000 -15.487500 6.527500 17177634966
-0.140000 -3.762500 7.140000 17177659965
-0.245000 0.140000 7.980000 17177684959
0.682500 -7.647500 15.085000 17177709963
1.470000 -8.645000 15.295000 17177735123
4.392500 -12.337500 13.265000 17177760125
5.582500 -9.940000 10.727500 17177785123
6.562500 -8.067500 5.687500 17177810129
4.042500 -7.717500 11.672500 17177835118
-1.697500 -29.137501 11.602500 17177860123
-8.575000 -26.530001 9.800000 17177885201
-1.225000 2.292500 51.117500 17177910207
-3.885000 -1.592500 53.357502 17177935228
-2.450000 -10.867500 24.535000 17177960201
-1.802500 -16.117500 9.310000 17177985206
-4.515000 -16.082500 7.367500 17178010558
-3.360000 -15.015000 18.917500 17178035282
3.325000 -23.240000 22.907499 17178060443
7.840000 -26.495001 22.960001 17178085455
7.840000 19.985001 -9.712500 17178110432
1.820000 34.492500 -15.312500 17178135479
14.717500 47.529999 -7.927500 17178160440
15.820000 18.777500 -9.660000 17178185415
6.510000 2.012500 1.487500 17178210422
-3.167500 15.820000 -5.897500 17178235453
-7.612500 -0.980000 -7.507500 17178260398
3.640000 -18.585001 -2.712500 17178285498
6.947500 -12.827500 -1.207500 17178310940
10.587500 -4.987500 -1.505000 17178335304
1.785000 -5.162500 -1.662500 17178376932
0.577500 -8.050000 -1.505000 17178385297
3.482500 -5.775000 -1.645000 17178410739
3.097500 -4.585000 -0.700000 17178435489
2.152500 -4.900000 -0.962500 17178460497
3.115000 -3.640000 -0.612500 17178485493
2.117500 -3.972500 -0.822500 17178511367
1.505000 -3.587500 -0.070000 17178535507
1.662500 -3.220000 0.332500 17178560465
1.995000 -1.540000 -0.560000 17178585516
2.047500 1.400000 1.120000 17178610449
1.907500 1.417500 1.592500 17178635481
1.662500 -1.015000 0.700000 17178660483
2.030000 -0.560000 1.085000 17178685588
2.677500 0.420000 1.995000 17178710486
3.587500 -3.150000 1.172500 17178735494
3.605000 -4.497500 0.910000 17178760478
3.797500 -6.125000 0.490000 17178785499
3.325000 -8.190000 0.577500 17178810467
4.515000 -8.032500 1.242500 17178835475
4.602500 -8.102500 1.015000 17178860488
4.375000 -8.050000 1.785000 17178885483
4.375000 -9.047500 1.522500 17178911200
4.970000 -8.575000 1.242500 17178935399
5.162500 -8.942500 1.295000 17178970217

