0.000000 17174608599
0.000000 17174633583
0.000000 17174658632
0.000000 17174683582
0.000000 17174708600
0.000000 17174733572
0.000000 17174758604
0.000000 17174783582
0.000000 17174808596
0.000000 17174833607
0.000000 17174858594
0.000000 17174883591
0.000000 17174908590
0.000000 17174933601
0.000000 17174958615
0.000000 17174983596
0.000000 17175008612
0.000000 17175033612
0.000000 17175058609
0.000000 17175083585
0.000000 17175108617
0.000000 17175133589
0.000000 17175158602
0.000000 17175183595
0.000000 17175208610
0.000000 17175233599
0.000000 17175258592
0.000000 17175283604
0.000000 17175308608
0.000000 17175333589
0.000000 17175358602
0.000000 17175383587
0.000000 17175408602
0.000000 17175433858
0.000000 17175458591
0.000000 17175484098
0.000000 17175508574
0.000000 17175533580
0.000000 17175558598
0.000000 17175583586
0.000000 17175608592
0.000000 17175633598
0.000000 17175658602
0.000000 17175683595
0.000000 17175708590
0.000000 17175733600
0.000000 17175758516
0.000000 17175783583
0.000000 17175808609
0.000000 17175833602
0.000000 17175858604
0.000000 17175883595
0.000000 17175908594
0.000000 17175933594
0.000000 17175958593
0.000000 17175983610
0.000000 17176008586
0.000000 17176033617
0.000000 17176058583
0.000000 17176083592
0.000000 17176108564
0.000000 17176133594
5.000000 17176158649
5.000000 17176183592
5.000000 17176208612
5.000000 17176233601
5.000000 17176258607
5.000000 17176283585
5.000000 17176308588
5.000000 17176333605
5.000000 17176358595
5.000000 17176383605
5.000000 17176408606
5.000000 17176433581
5.000000 17176458582
5.000000 17176483588
5.000000 17176508602
5.000000 17176533275
5.000000 17176558268
5.000000 17176583272
5.000000 17176608268
5.000000 17176633331
5.000000 17176658326
5.000000 17176683321
5.000000 17176708372
5.000000 17176733406
5.000000 17176758403
5.000000 17176783401
5.000000 17176808407
5.000000 17176833403
5.000000 17176858396
5.000000 17176883396
5.000000 17176908423
5.000000 17176933460
5.000000 17176958451
5.000000 17176983449
5.000000 17177008448
5.000000 17177033449
5.000000 17177058468
5.000000 17177083452
5.000000 17177108523
5.000000 17177133580
5.000000 17177158622
5.000000 17177183620
5.000000 17177208570
5.000000 17177233239
5.000000 17177258251
5.000000 17177283252
5.000000 17177308261
5.000000 17177333335
5.000000 17177358255
5.000000 17177383260
5.000000 17177408333
5.000000 17177433254
5.000000 17177458261
5.000000 17177483328
5.000000 17177508276
5.000000 17177533261
5.000000 17177558272
5.000000 17177583273
5.000000 17177608282
5.000000 17177633300
5.000000 17177658299
5.000000 17177683296
5.000000 17177708296
5.000000 17177733409
5.000000 17177758385
5.000000 17177783406
5.000000 17177808407
5.000000 17177833398
5.000000 17177858407
5.000000 17177883469
5.000000 17177908476
5.000000 17177933447
5.000000 17177958471
5.000000 17177983459
5.000000 17178008605
5.000000 17178033545
5.000000 17178058592
5.000000 17178083584
5.000000 17178108597
5.000000 17178133565
5.000000 17178158577
5.000000 17178183594
5.000000 17178208595
5.000000 17178233594
5.000000 17178259099
5.000000 17178283584
5.000000 17178308549
5.000000 17178333552
5.000000 17178358607
5.000000 17178383546
5.000000 17178408602
5.000000 17178433573
5.000000 17178458591
5.000000 17178483575
5.000000 17178508575
5.000000 17178533569
5.000000 17178558595
5.000000 17178583575
5.000000 17178608598
5.000000 17178633585
5.000000 17178658587
5.000000 17178683568
5.000000 17178708604
5.000000 17178733576
5.000000 17178758593
5.000000 17178783583
5.000000 17178808597
5.000000 17178833585
5.000000 17178858596
5.000000 17178883571
5.000000 17178908600
5.000000 17178933558
5.000000 17178958558

