-1.216025 -0.196133 -10.502923 12598925127
-1.049312 -0.049033 -10.600989 12598950123
-0.862985 -0.137293 -10.699056 12598975133
-0.833565 -0.215746 -10.620603 12599000335
-0.755112 -0.323619 -10.689250 12599025127
-0.451106 -0.304006 -10.865769 12599050134
-0.294200 -0.264780 -10.855963 12599075126
-0.098067 -0.225553 -11.022676 12599100320
0.009807 -0.186326 -11.395329 12599125125
0.755112 -0.215746 -10.679443 12599150142
1.019892 -0.294200 -10.316597 12599175131
1.372931 -0.186326 -10.061625 12599200313
1.667131 -0.068647 -10.032204 12599225123
2.216303 -0.029420 -9.924331 12599250138
2.392823 -0.039227 -10.100850 12599275121
2.490890 -0.019613 -10.208724 12599300147
2.912575 0.294200 -10.247950 12599325128
3.069482 0.323619 -10.502923 12599350143
3.177355 0.353039 -10.316597 12599375150
3.412714 0.274586 -10.002784 12599400312
3.687301 0.205940 -9.983171 12599425127
3.844207 0.137293 -9.875298 12599450140
3.932467 0.176520 -9.747811 12599475123
4.050147 0.225553 -9.787038 12599500306
4.383573 0.137293 -9.708585 12599525133
4.471833 0.176520 -9.659552 12599550136
4.667966 0.284393 -9.669358 12599575131
4.805259 0.323619 -9.502645 12599600307
5.187718 0.078453 -8.855406 12599625130
5.393658 0.117680 -8.835793 12599650152
5.442691 0.107873 -8.669080 12599675123
5.589791 0.107873 -8.600433 12599700306
5.834958 0.088260 -9.002505 12599725113
6.001670 0.127486 -9.071153 12599750132
6.207610 0.137293 -8.796566 12599775117
6.384130 0.088260 -8.678886 12599800147
6.746976 0.186326 -8.139521 12599825121
6.943109 0.186326 -7.619768 12599850133
7.129435 0.147100 -7.364795 12599875130
7.384408 0.078453 -7.129435 12599900304
7.639381 -0.009807 -7.266728 12599925133
7.708028 -0.078453 -7.315762 12599950135
7.727641 -0.058840 -7.354988 12599975113
8.002228 -0.137293 -7.149048 12600000337
8.237587 -0.039227 -6.482196 12600025130
8.472947 0.009807 -5.736891 12600050164
8.698500 0.019613 -5.256365 12600075131
9.198639 0.117680 -4.589513 12600100339
9.433999 0.245166 -4.295313 12600125124
9.561485 0.088260 -3.206775 12600150141
9.610518 0.088260 -2.520309 12600175119
9.747811 0.039227 -1.931910 12600200309
9.826264 0.029420 -1.735777 12600225118
9.875298 0.029420 -1.922104 12600250137
10.081238 -0.019613 -2.530116 12600275116
9.973364 0.068647 -1.873070 12600300145
9.767425 0.029420 -0.519753 12600325124
9.894911 0.068647 0.392266 12600350142
10.189111 0.235360 0.725692 12600375127
10.120463 0.264780 0.353039 12600400316
9.894911 0.372653 0.588399 12600425120
9.777231 0.254973 1.451384 12600450127
9.728198 0.264780 2.383016 12600475138
9.414385 0.304006 3.893241 12600500305
9.267285 0.147100 3.461748 12600525105
9.031926 0.098067 3.128322 12600550144
8.904439 0.205940 3.608848 12600575120
8.688693 0.264780 4.981779 12600600318
8.472947 0.333426 5.874184 12600625112
8.433721 0.205940 6.148770 12600650127
7.992421 0.166713 5.825150 12600675119
7.796288 0.205940 5.374044 12600700305
7.776674 0.098067 6.276257 12600725130
7.796288 0.029420 6.492003 12600750163
7.531508 -0.058840 6.570456 12600775122
7.404021 -0.029420 6.697943 12600800349
7.168662 -0.039227 6.580263 12600825124
7.256922 -0.254973 6.089930 12600850135
6.609683 -0.098067 6.727362 12600875120
6.315483 -0.147100 7.266728 12600900323
6.021284 -0.686466 3.667687 12600925119
3.687301 -0.500139 4.834679 12600950142
2.245723 -0.421686 14.729589 12600975122
2.363403 -0.617819 14.111771 12601000345
2.255530 -0.725692 10.679443 12601025130
2.167270 -0.637432 9.286899 12601050135
2.608569 -0.608012 10.218531 12601075149
2.510503 -0.598206 9.787038 12601100319
2.314370 -0.627626 9.296705 12601125224
2.373209 -0.686466 9.100572 12601150128
1.922104 -0.686466 9.845878 12601175143
1.824037 -0.657046 9.738005 12601200311
1.657324 -0.598206 9.865492 12601225142
1.372931 -0.490333 9.443805 12601250131
1.284671 -0.392266 9.404578 12601275145
1.117958 -0.284393 9.904717 12601300312
0.951245 -0.304006 10.336210 12601325134
0.872792 -0.166713 9.708585 12601350127
0.666852 -0.215746 9.620325 12601375136
0.608012 -0.156906 9.904717 12601400312
1.108152 0.029420 10.130271 12601425141
-0.196133 -0.706079 9.914525 12601450133
0.127486 -0.490333 9.306512 12601475135
-0.637432 -1.039505 8.453333 12601500313
-0.862985 -0.951245 9.639938 12601525134
-0.941439 -0.745305 11.326682 12601550120
-0.500139 -0.509946 10.306790 12601575158
-0.558979 -0.500139 9.129992 12601600298
-0.539366 -0.441299 9.159412 12601625134
-0.833565 -0.402073 9.767425 12601650128
-1.078732 -0.402073 9.875298 12601675135
-1.304285 -0.500139 9.806651 12601700309
-1.323898 -0.441299 9.669358 12601725139
-2.069203 -0.637432 9.169219 12601750135
-2.490890 -0.578592 8.884827 12601775139
-2.853735 -0.617819 8.924053 12601800313
-3.363681 -0.617819 9.100572 12601825134
-3.991307 -0.706079 9.639938 12601850137
-4.236474 -0.627626 9.894911 12601875144
-4.560093 -0.598206 9.904717 12601900310
-4.775839 -0.666852 9.473226 12601925140
-4.579706 -0.627626 8.404300 12601950126
-4.295313 -0.431493 8.492560 12601975140
-4.491446 -0.568786 8.698500 12602000338
-4.775839 -0.676659 8.571013 12602025133
-4.991585 -0.647239 8.443527 12602050128
-5.040619 -0.539366 8.325847 12602075139
-5.158298 -0.617819 8.227780 12602099995
-5.432885 -0.813952 7.835515 12602124997
-5.697665 -0.921825 7.502088 12602150000
-5.933024 -0.853179 7.217695 12602174997
-6.354710 -0.862985 7.031369 12602200310
-7.413828 -0.882599 6.668523 12602225129
-7.717835 -0.902212 6.305676 12602250126
-8.051261 -0.941439 5.883991 12602275143
-8.492560 -0.892405 5.442691 12602300296
-8.963279 -0.862985 4.824872 12602325114
-9.247672 -0.990472 4.540480 12602350119
-9.335932 -0.941439 4.432606 12602375122
-9.384965 -0.990472 3.961887 12602400289
-9.492838 -0.970859 3.147935 12602425116
-9.492838 -0.912019 2.559536 12602450117
-9.639938 -0.892405 2.235916 12602475116
-9.855684 -0.813952 1.961330 12602500287
-9.806651 -0.980665 1.549451 12602525118
-9.816459 -1.010085 0.990472 12602550132
-9.953751 -0.902212 0.402073 12602575123
-10.169497 -0.980665 -0.196133 12602600304
-10.395051 -1.039505 -0.902212 12602625121
-10.296983 -0.941439 -1.176798 12602650124
-10.228337 -0.794339 -1.500418 12602675155
-9.757618 -0.833565 -2.029977 12602700319
-9.463418 -0.666852 -3.393101 12602725124
-9.433999 -0.539366 -3.775561 12602750128
-9.453611 -0.598206 -3.883434 12602775122
-9.002505 -0.608012 -4.226666 12602800298
-8.845599 -0.382459 -4.726806 12602825124
-8.835793 -0.245166 -5.207332 12602850124
-8.786759 -0.382459 -5.481918 12602875124
-8.286621 -0.372653 -6.050704 12602900297
-8.659273 -0.558979 -6.256643 12602925122
-8.531787 -0.411879 -6.393937 12602950136
-8.041454 -0.470719 -6.894075 12602975119
-7.698222 -0.343233 -7.168662 12603000318
-7.521701 -0.402073 -7.021562 12603025124
-7.090209 -0.186326 -7.413828 12603050126
-6.845042 -0.078453 -8.247394 12603075111
-6.354710 -0.196133 -9.041733 12603100290
-5.991864 -0.225553 -8.747533 12603125115
-5.481918 -0.343233 -8.698500 12603150106
-5.011199 -0.264780 -8.698500 12603175120
-4.501253 -0.196133 -9.306512 12603200293
-4.118793 -0.235360 -9.620325 12603225134
-3.912854 -0.333426 -9.384965 12603250116
-3.540201 -0.245166 -9.473226 12603275120
-2.981222 -0.205940 -10.169497 12603300287
-2.696829 -0.156906 -9.767425 12603325115
-2.745862 -0.304006 -9.610518 12603350123
-2.549729 -0.451106 -9.934137 12603375118
-2.373209 -0.480526 -10.267564 12603400294
-2.196690 -0.451106 -10.130271 12603425118
-2.098624 -0.421686 -10.208724 12603450124
-1.814230 -0.323619 -10.198916 12603475119
-1.627904 -0.215746 -10.277370 12603500289
-1.618097 -0.294200 -10.748089 12603525121
-1.667131 -0.362846 -10.699056 12603550119
-1.392545 -0.254973 -10.542150 12603575118
-1.245445 -0.147100 -10.296983 12603600292
-1.196411 -0.098067 -10.306790 12603625115
-1.127765 -0.166713 -10.561764 12603650119
-1.157185 -0.088260 -10.581376 12603675120
-1.059118 -0.049033 -10.208724 12603700289
-1.068925 -0.029420 -10.532343 12603725127
-1.088538 -0.049033 -10.532343 12603750114
-0.970859 -0.088260 -10.600989 12603775121
-1.000278 -0.068647 -10.679443 12603800308
-1.068925 -0.098067 -10.571569 12603825117
-1.019892 -0.088260 -10.532343 12603850122
-0.921825 -0.068647 -10.689250 12603875121
-0.892405 -0.058840 -10.640217 12603900295
-0.872792 -0.029420 -10.512731 12603925121
-0.902212 -0.049033 -10.502923 12603950120
-0.794339 -0.049033 -10.532343 12603975106
-0.833565 -0.039227 -10.561764 12604000320
-0.804145 -0.068647 -10.532343 12604025113
