-0.910000 34.299999 -5.950000 12598951897
1.995000 25.865000 -2.905000 12598976946
8.960000 23.030001 -1.907500 12599001836
7.875000 30.170000 -1.872500 12599026840
-0.892500 49.262501 -3.097500 12599051937
-3.622500 58.834999 -1.732500 12599077025
-8.155000 61.635002 -0.210000 12599102229
-11.795000 101.132500 3.255000 12599127017
-18.182501 133.805008 3.342500 12599152025
-15.522500 126.175003 -0.752500 12599177026
-14.175000 88.112503 -5.547500 12599202209
-15.837500 71.697502 -3.937500 12599227014
-13.317500 51.764999 0.525000 12599252003
-4.130000 32.287498 -2.625000 12599277135
-2.940000 35.945000 -4.812500 12599302196
-2.800000 44.660000 -3.570000 12599327003
-6.037500 46.917500 -0.875000 12599351993
-6.685000 59.500000 1.242500 12599377017
-6.230000 56.139999 2.852500 12599402186
-5.145000 44.922501 3.255000 12599426968
-5.145000 45.920002 1.032500 12599451967
-1.750000 34.545002 0.787500 12599476975
-1.155000 33.215000 2.467500 12599501841
-0.402500 48.492500 3.500000 12599526921
1.417500 51.730000 2.782500 12599551967
2.730000 57.575001 5.267500 12599577008
1.452500 73.010002 7.192500 12599602167
-1.837500 66.394997 4.690000 12599626976
-1.977500 41.230000 1.575000 12599651988
2.065000 34.195000 0.770000 12599676978
1.487500 29.120001 1.487500 12599702165
3.010000 39.497501 1.102500 12599726986
7.140000 57.400002 0.910000 12599751980
6.090000 75.285004 0.297500 12599777099
3.447500 82.144997 -2.012500 12599802171
2.625000 94.447502 -2.695000 12599826980
1.067500 86.065002 -0.647500 12599851969
-2.082500 66.430000 0.070000 12599876980
-1.697500 49.980000 0.332500 12599902164
1.592500 43.084999 0.175000 12599926962
2.835000 51.240002 0.297500 12599951969
2.870000 76.597504 1.505000 12599976979
1.120000 113.925003 0.822500 12600001845
-0.595000 140.175003 0.087500 12600026964
-2.835000 138.774994 -0.770000 12600052065
-3.972500 125.947502 -0.192500 12600077020
-3.010000 138.774994 1.662500 12600102208
-4.025000 136.657501 2.555000 12600126967
-5.197500 143.167496 2.537500 12600151978
-5.442500 97.107498 0.945000 12600177005
-2.222500 65.309998 1.522500 12600201843
-0.280000 53.567501 1.417500 12600226961
0.507500 41.107502 0.315000 12600251961
2.590000 79.117500 0.262500 12600277142
2.362500 156.835007 -3.307500 12600302180
-1.942500 164.080002 -8.085000 12600326985
-4.585000 131.565002 -11.130000 12600351981
-3.097500 84.192497 -2.677500 12600377033
-0.857500 83.370003 -2.292500 12600402207
-6.212500 147.682495 -2.870000 12600426970
-5.950000 161.419998 -5.267500 12600451955
-7.000000 143.377502 -6.405000 12600476989
-5.127500 99.610001 -2.012500 12600501849
-7.927500 62.597500 -1.610000 12600527016
-7.630000 91.559998 -0.717500 12600551933
-4.287500 140.857498 2.292500 12600576977
-6.142500 139.544998 4.970000 12600601978
-6.335000 90.562500 5.670000 12600626955
-9.065000 44.152500 5.215000 12600651967
-3.552500 28.612499 3.745000 12600677004
-3.097500 53.900002 7.892500 12600701844
-6.195000 73.237503 10.255000 12600726860
-12.075000 38.377499 6.090000 12600751927
-9.835000 72.012497 4.357500 12600776839
-7.052500 56.700001 7.315000 12600801834
-5.145000 39.077499 5.915000 12600826952
-7.245000 68.949997 2.992500 12600851941
-10.045000 119.787498 2.292500 12600877009
-14.315001 137.147507 7.962500 12600901836
-16.344999 203.279999 4.357500 12600927005
-13.702500 493.114990 1.277500 12600951971
-37.625000 334.652496 -0.105000 12600977003
-46.252499 13.807500 -4.445000 12601001836
-30.327499 -99.504997 2.012500 12601026841
2.887500 0.420000 3.080000 12601051986
5.810000 14.122500 -0.805000 12601076959
8.592500 4.847500 -2.590000 12601101835
13.457500 16.135000 -3.097500 12601126923
10.605000 46.514999 -3.272500 12601151992
3.745000 51.029999 -1.207500 12601176937
5.862500 45.080002 1.715000 12601201834
9.310000 39.935001 0.350000 12601226925
13.107500 50.802502 -1.662500 12601251971
17.360001 57.802502 -0.455000 12601276834
14.595000 51.327499 -2.957500 12601301836
13.160000 30.642500 -7.280000 12601326937
11.112500 7.000000 -8.470000 12601351976
3.780000 27.422501 -7.717500 12601376972
-3.920000 35.752499 -7.385000 12601401834
-1.715000 24.325001 -1.925000 12601426888
-1.505000 12.932500 -1.785000 12601451979
-3.675000 37.607502 3.587500 12601476970
-8.715000 101.220001 2.887500 12601501845
-16.940001 117.915001 -4.970000 12601526915
-16.975000 27.719999 -10.920000 12601551962
-9.817500 -42.525002 -7.822500 12601576904
1.417500 -0.227500 3.675000 12601601835
0.735000 45.447498 7.437500 12601626959
-2.345000 54.110001 7.927500 12601651960
-3.255000 51.450001 7.962500 12601676918
2.275000 49.314999 8.557500 12601701835
2.187500 58.432499 6.580000 12601726959
-2.467500 79.904999 1.365000 12601751985
-0.892500 122.779999 3.045000 12601776871
-4.077500 163.800003 1.960000 12601801842
-5.810000 165.445007 -4.287500 12601826934
-7.577500 147.437500 -7.017500 12601851984
-7.595000 66.132500 -5.915000 12601876934
-8.382500 -3.885000 -6.212500 12601901836
-3.710000 -36.697498 -3.307500 12601926944
-2.730000 -7.157500 -2.467500 12601951998
-7.980000 22.540001 -2.817500 12601976928
-8.785000 21.840000 0.997500 12602001836
-7.140000 15.225000 -1.137500 12602026838
-5.197500 23.590000 -3.517500 12602051980
-4.987500 42.927502 -1.522500 12602076924
-3.762500 66.080002 3.605000 12602101889
0.647500 94.324997 4.375000 12602126867
2.415000 105.962502 2.712500 12602151882
-1.452500 125.195000 3.080000 12602176869
-3.640000 164.570007 -2.205000 12602201832
-6.317500 176.854996 -4.707500 12602226933
-4.952500 177.589996 -4.252500 12602251989
-8.172500 173.652496 -4.375000 12602276839
-10.272500 170.764999 -5.862500 12602301820
-8.260000 153.702499 -2.677500 12602326939
-1.995000 130.339996 -0.227500 12602351933
-4.217500 83.754997 3.202500 12602376939
-5.967500 65.257500 2.887500 12602401820
-4.042500 52.272499 2.432500 12602426949
-4.340000 54.127499 3.097500 12602451978
-5.845000 69.264999 2.012500 12602476980
-7.717500 86.029999 2.467500 12602501820
-5.757500 97.037498 6.527500 12602526906
-3.902500 105.122498 5.600000 12602552001
-5.845000 144.410004 6.440000 12602576928
-5.582500 175.770004 7.630000 12602601824
-8.277500 190.085007 3.377500 12602626965
-13.300000 177.817505 2.257500 12602651978
-13.790000 159.529999 3.850000 12602676834
-13.720000 99.995003 5.372500 12602701829
-15.260000 70.857498 6.212500 12602726946
-21.367500 92.452499 6.107500 12602751964
-20.247499 113.014999 4.777500 12602776826
-13.160000 99.190002 -0.350000 12602801815
-11.147500 80.044998 0.227500 12602826961
-10.640000 67.025002 6.685000 12602851984
-10.185000 84.017502 10.937500 12602876987
-9.117500 92.487503 11.952500 12602901819
-4.252500 84.910004 5.232500 12602926958
-10.045000 86.152504 6.685000 12602951920
-7.052500 86.222504 3.272500 12602976966
1.102500 106.610001 -1.260000 12603001972
1.347500 111.404999 -4.795000 12603026971
5.005000 89.705002 -2.152500 12603051924
14.210000 92.662498 -0.350000 12603076967
15.750000 137.164993 6.055000 12603101934
7.962500 153.264999 9.747500 12603126967
6.247500 143.955002 12.757500 12603151921
3.937500 109.724998 15.155000 12603176961
-2.205000 78.137497 18.620001 12603201931
-2.135000 82.547501 16.415001 12603226967
-1.732500 70.559998 12.967500 12603251926
-4.375000 39.025002 13.597500 12603276958
1.400000 81.707497 8.400000 12603301931
7.717500 84.980003 7.402500 12603326970
9.292500 45.150002 5.967500 12603351924
9.135000 36.452499 5.372500 12603376959
3.517500 31.290001 4.042500 12603401929
1.452500 39.252499 1.470000 12603426970
-0.175000 28.174999 1.680000 12603451926
-3.692500 38.605000 0.157500 12603476969
-5.530000 10.360000 0.542500 12603501930
-9.432500 12.442500 2.590000 12603526973
-10.080000 35.665001 3.360000 12603551932
-8.225000 36.627499 0.945000 12603576961
-7.945000 27.580000 0.472500 12603601925
-12.967500 11.602500 0.472500 12603626966
-11.462500 20.055000 -1.190000 12603651924
-9.852500 7.910000 -1.785000 12603676964
-7.227500 15.417500 -1.102500 12603701929
-5.582500 -1.680000 -0.770000 12603726972
-2.765000 1.295000 -0.332500 12603751922
-0.122500 1.435000 -1.015000 12603776966
1.715000 3.027500 -2.327500 12603801977
1.697500 4.585000 -1.575000 12603826968
0.437500 2.852500 -1.190000 12603851966
-1.225000 2.397500 -2.817500 12603876964
-1.242500 9.135000 -2.030000 12603901976
-0.070000 8.627500 -1.295000 12603926969
0.227500 6.632500 -1.767500 12603951968
2.415000 1.067500 -0.052500 12603976953
4.970000 8.750000 0.665000 12604001971
6.930000 7.857500 0.630000 12604026975
6.020000 3.045000 0.997500 12604051966
