-2.280000 -0.840000 5.280000 12598938318
-2.580000 -0.660000 5.100000 12598963508
-2.400000 -1.080000 5.040000 12598988424
-2.280000 -1.200000 5.280000 12599013337
-2.340000 -0.900000 4.980000 12599038372
-2.520000 -0.960000 5.400000 12599063382
-2.580000 -0.780000 4.980000 12599088373
-2.400000 -1.320000 5.160000 12599113327
-2.820000 -1.140000 5.100000 12599138326
-3.060000 -1.020000 5.100000 12599163359
-3.060000 -0.900000 5.220000 12599188385
-3.120000 -1.200000 4.800000 12599213323
-3.120000 -0.840000 5.040000 12599238363
-3.780000 -1.020000 4.620000 12599263329
-3.540000 -1.140000 4.620000 12599288565
-3.600000 -0.840000 5.040000 12599313366
-3.600000 -1.320000 4.920000 12599338325
-3.780000 -1.140000 4.620000 12599363330
-3.720000 -0.840000 4.680000 12599388320
-4.020000 -1.140000 4.740000 12599413367
-4.020000 -1.380000 4.620000 12599438367
-4.260000 -1.260000 4.500000 12599463379
-3.900000 -1.260000 4.500000 12599488329
-4.200000 -1.080000 4.680000 12599513367
-4.140000 -1.260000 4.380000 12599538322
-4.260000 -1.020000 4.020000 12599563368
-4.140000 -1.260000 4.260000 12599588367
-3.960000 -0.960000 3.840000 12599613362
-4.020000 -1.260000 4.020000 12599638361
-4.200000 -1.200000 4.200000 12599663369
-4.380000 -0.900000 3.540000 12599688323
-3.960000 -1.200000 3.600000 12599713358
-4.800000 -0.720000 3.600000 12599738376
-4.860000 -0.900000 3.780000 12599763320
-4.380000 -1.260000 3.300000 12599788323
-4.800000 -1.080000 3.240000 12599813362
-4.620000 -1.140000 3.420000 12599838363
-5.100000 -0.900000 3.060000 12599863321
-4.920000 -0.720000 3.240000 12599888317
-4.980000 -0.780000 3.180000 12599913318
-5.160000 -0.960000 3.120000 12599938322
-5.100000 -0.900000 2.940000 12599963490
-4.920000 -0.960000 3.000000 12599988427
-4.860000 -0.900000 2.460000 12600013379
-4.800000 -0.720000 2.520000 12600038511
-5.160000 -1.200000 2.040000 12600063338
-5.100000 -1.020000 1.980000 12600088378
-5.100000 -0.900000 1.620000 12600113363
-5.100000 -0.900000 1.740000 12600138330
-5.220000 -1.260000 1.500000 12600163369
-4.920000 -1.080000 1.080000 12600188327
-5.280000 -0.840000 1.200000 12600213325
-5.100000 -1.020000 1.140000 12600238327
-5.160000 -0.840000 1.320000 12600263363
-4.980000 -1.140000 1.020000 12600288355
-5.100000 -1.020000 0.660000 12600313381
-4.740000 -0.900000 0.420000 12600338366
-4.560000 -0.840000 0.360000 12600363375
-4.800000 -0.840000 0.240000 12600388385
-4.800000 -1.080000 0.120000 12600413370
-4.740000 -0.780000 0.060000 12600438364
-4.320000 -0.960000 0.120000 12600463361
-4.200000 -1.080000 -0.120000 12600488364
-4.140000 -0.900000 -0.300000 12600513367
-4.140000 -1.260000 -0.540000 12600538318
-4.020000 -0.900000 -0.540000 12600563382
-3.900000 -1.140000 -0.300000 12600588345
-3.480000 -1.200000 -0.960000 12600613368
-3.540000 -0.780000 -0.660000 12600638365
-3.420000 -0.900000 -1.140000 12600663322
-3.360000 -1.200000 -1.080000 12600688326
-3.240000 -0.960000 -0.960000 12600716029
-3.420000 -0.900000 -0.900000 12600738345
-3.000000 -0.840000 -1.080000 12600763342
-2.880000 -0.960000 -1.440000 12600788371
-3.180000 -0.900000 -0.900000 12600813335
-2.940000 -0.900000 -0.900000 12600838472
-2.580000 -1.020000 -1.380000 12600863386
-2.520000 -1.080000 -1.200000 12600888362
-2.580000 -1.020000 -1.380000 12600913363
-1.740000 -1.020000 -1.380000 12600938361
-1.320000 -0.960000 -1.320000 12600963469
-0.780000 -0.780000 -1.260000 12600988475
-0.960000 -0.600000 -1.320000 12601013325
-0.840000 -0.720000 -1.440000 12601038371
-0.960000 -0.840000 -1.200000 12601063325
-1.140000 -0.900000 -0.900000 12601088326
-0.960000 -0.840000 -1.200000 12601113371
-1.140000 -1.020000 -1.260000 12601138373
-0.960000 -0.840000 -1.200000 12601163365
-0.960000 -0.720000 -1.320000 12601188360
-0.780000 -1.140000 -1.260000 12601213321
-0.840000 -0.960000 -1.320000 12601238318
-0.720000 -0.840000 -1.320000 12601263326
-0.600000 -0.960000 -1.440000 12601288365
-0.300000 -0.900000 -1.620000 12601313366
-0.360000 -0.840000 -1.320000 12601338330
-0.600000 -0.960000 -1.680000 12601363368
-0.480000 -0.840000 -1.200000 12601388327
-0.540000 -1.260000 -1.260000 12601413340
-0.360000 -1.200000 -1.200000 12601438364
-0.360000 -0.960000 -1.560000 12601463333
-0.360000 -1.080000 -1.200000 12601488370
-0.420000 -0.660000 -0.900000 12601513326
-0.180000 -0.780000 -1.140000 12601538327
-0.060000 -1.020000 -1.380000 12601563365
-0.120000 -1.080000 -1.560000 12601588366
-0.240000 -0.960000 -1.320000 12601613365
-0.240000 -0.960000 -1.080000 12601638355
0.120000 -0.840000 -1.320000 12601663322
0.300000 -1.020000 -1.380000 12601688387
0.240000 -0.840000 -1.320000 12601713368
0.300000 -0.900000 -1.140000 12601738361
0.420000 -0.900000 -1.140000 12601763324
0.900000 -1.020000 -1.020000 12601788324
1.140000 -0.900000 -0.540000 12601813368
1.020000 -0.900000 -0.780000 12601838323
1.320000 -0.960000 -0.780000 12601863317
1.680000 -0.840000 -0.360000 12601888326
0.840000 -0.960000 -0.480000 12601913324
0.960000 -0.960000 -0.360000 12601938319
0.960000 -0.960000 -0.480000 12601963500
1.260000 -0.900000 -0.300000 12601988461
1.320000 -0.960000 -0.360000 12602013368
1.260000 -0.900000 -0.060000 12602038326
1.320000 -0.360000 -0.480000 12602063366
1.260000 -0.900000 -0.420000 12602088323
1.320000 -0.720000 -0.120000 12602113316
1.680000 -0.840000 -0.240000 12602138324
1.620000 -0.900000 0.060000 12602163307
1.920000 -0.720000 0.240000 12602188313
1.740000 -0.780000 0.660000 12602213369
1.680000 -0.840000 0.840000 12602238342
1.920000 -0.720000 1.080000 12602263366
1.860000 -1.380000 1.500000 12602288328
2.100000 -0.780000 1.260000 12602313317
2.160000 -0.720000 1.560000 12602338305
1.800000 -1.200000 1.680000 12602363300
2.220000 -0.900000 1.860000 12602388304
1.920000 -0.720000 2.280000 12602413350
1.740000 -0.900000 1.980000 12602438309
1.680000 -1.200000 2.280000 12602463348
1.860000 -0.780000 2.460000 12602488310
1.980000 -0.420000 2.460000 12602513364
1.920000 -0.360000 2.880000 12602538309
2.340000 -0.660000 2.820000 12602563309
1.920000 -0.960000 3.120000 12602588305
1.860000 -0.660000 3.300000 12602613303
1.500000 -0.540000 3.540000 12602638306
1.740000 -0.660000 3.660000 12602663342
1.380000 -0.900000 4.140000 12602688338
1.620000 -0.780000 3.900000 12602713359
1.320000 -0.840000 3.960000 12602738306
1.080000 -0.840000 4.440000 12602763348
1.380000 -1.020000 4.500000 12602788338
0.840000 -0.960000 4.560000 12602813354
0.720000 -0.840000 4.920000 12602838305
0.840000 -0.480000 5.040000 12602863347
0.900000 -1.140000 4.500000 12602888305
0.540000 -0.780000 4.860000 12602913341
0.480000 -0.840000 4.920000 12602938309
0.360000 -0.960000 5.040000 12602963456
0.360000 -0.840000 4.800000 12602988389
0.240000 -1.200000 5.160000 12603013355
0.240000 -0.840000 5.160000 12603038309
-0.060000 -0.900000 5.340000 12603063363
-0.300000 -0.900000 5.460000 12603088303
-0.480000 -1.080000 5.280000 12603113302
-0.600000 -0.600000 4.920000 12603138309
-0.540000 -0.900000 5.460000 12603163302
-1.140000 -0.780000 5.220000 12603188307
-1.200000 -0.960000 5.280000 12603213303
-1.140000 -0.780000 5.100000 12603238305
-0.900000 -1.020000 5.100000 12603263303
-1.380000 -0.780000 5.340000 12603288305
-1.440000 -0.840000 5.160000 12603313302
-1.560000 -0.720000 5.160000 12603338360
-1.680000 -0.960000 5.040000 12603363304
-1.680000 -0.720000 5.280000 12603388309
-1.800000 -0.720000 5.160000 12603413307
-1.740000 -0.780000 5.340000 12603438307
-1.440000 -0.840000 4.920000 12603463302
-1.920000 -0.480000 4.920000 12603488305
-1.620000 -0.900000 5.100000 12603513309
-1.740000 -1.140000 5.100000 12603538310
-1.680000 -1.080000 5.040000 12603563300
-1.920000 -0.840000 5.160000 12603588302
-1.980000 -1.140000 4.860000 12603613323
-1.980000 -0.900000 4.860000 12603638301
-1.980000 -1.380000 5.340000 12603663299
-2.040000 -0.960000 5.160000 12603688310
-1.980000 -0.900000 5.220000 12603715782
-2.100000 -0.900000 5.220000 12603738318
-1.980000 -0.900000 5.340000 12603763285
-2.100000 -0.900000 5.220000 12603788280
-1.860000 -1.140000 5.340000 12603813325
-1.980000 -1.020000 5.220000 12603838316
-1.920000 -0.960000 5.280000 12603863315
-1.860000 -0.780000 5.100000 12603888329
-2.160000 -1.080000 4.920000 12603913305
-2.220000 -0.900000 4.860000 12603938306
-2.100000 -0.900000 4.980000 12603963455
-2.280000 -1.080000 4.920000 12603988412
-2.040000 -0.840000 5.040000 12604013310
-2.220000 -0.900000 4.980000 12604038306
