0.000000 12598925127
0.000000 12598950123
0.000000 12598975133
0.000000 12599000335
0.000000 12599025127
0.000000 12599050134
0.000000 12599075126
0.000000 12599100320
0.000000 12599125125
0.000000 12599150142
0.000000 12599175131
0.000000 12599200313
0.000000 12599225123
0.000000 12599250138
0.000000 12599275121
0.000000 12599300147
0.000000 12599325128
0.000000 12599350143
0.000000 12599375150
0.000000 12599400312
0.000000 12599425127
0.000000 12599450140
0.000000 12599475123
0.000000 12599500306
0.000000 12599525133
0.000000 12599550136
0.000000 12599575131
0.000000 12599600307
0.000000 12599625130
0.000000 12599650152
0.000000 12599675123
0.000000 12599700306
0.000000 12599725113
0.000000 12599750132
0.000000 12599775117
0.000000 12599800147
0.000000 12599825121
0.000000 12599850133
0.000000 12599875130
0.000000 12599900304
0.000000 12599925133
0.000000 12599950135
0.000000 12599975113
0.000000 12600000337
0.000000 12600025130
0.000000 12600050164
0.000000 12600075131
0.000000 12600100339
0.000000 12600125124
0.000000 12600150141
0.000000 12600175119
0.000000 12600200309
0.000000 12600225118
0.000000 12600250137
0.000000 12600275116
0.000000 12600300145
0.000000 12600325124
0.000000 12600350142
0.000000 12600375127
0.000000 12600400316
0.000000 12600425120
0.000000 12600450127
0.000000 12600475138
0.000000 12600500305
0.000000 12600525105
0.000000 12600550144
0.000000 12600575120
0.000000 12600600318
0.000000 12600625112
0.000000 12600650127
0.000000 12600675119
0.000000 12600700305
0.000000 12600725130
0.000000 12600750163
0.000000 12600775122
0.000000 12600800349
0.000000 12600825124
0.000000 12600850135
0.000000 12600875120
0.000000 12600900323
0.000000 12600925119
0.000000 12600950142
0.000000 12600975122
0.000000 12601000345
0.000000 12601025130
0.000000 12601050135
0.000000 12601075149
0.000000 12601100319
0.000000 12601125224
0.000000 12601150128
0.000000 12601175143
0.000000 12601200311
0.000000 12601225142
0.000000 12601250131
0.000000 12601275145
0.000000 12601300312
0.000000 12601325134
0.000000 12601350127
0.000000 12601375136
0.000000 12601400312
0.000000 12601425141
0.000000 12601450133
0.000000 12601475135
0.000000 12601500313
0.000000 12601525134
0.000000 12601550120
0.000000 12601575158
0.000000 12601600298
0.000000 12601625134
0.000000 12601650128
0.000000 12601675135
0.000000 12601700309
0.000000 12601725139
0.000000 12601750135
0.000000 12601775139
0.000000 12601800313
0.000000 12601825134
0.000000 12601850137
0.000000 12601875144
0.000000 12601900310
0.000000 12601925140
0.000000 12601950126
0.000000 12601975140
0.000000 12602000338
0.000000 12602025133
0.000000 12602050128
0.000000 12602075139
0.000000 12602099995
0.000000 12602124997
0.000000 12602150000
0.000000 12602174997
0.000000 12602200310
0.000000 12602225129
0.000000 12602250126
0.000000 12602275143
0.000000 12602300296
0.000000 12602325114
0.000000 12602350119
0.000000 12602375122
0.000000 12602400289
0.000000 12602425116
0.000000 12602450117
0.000000 12602475116
0.000000 12602500287
0.000000 12602525118
0.000000 12602550132
0.000000 12602575123
0.000000 12602600304
0.000000 12602625121
0.000000 12602650124
0.000000 12602675155
0.000000 12602700319
0.000000 12602725124
0.000000 12602750128
0.000000 12602775122
0.000000 12602800298
0.000000 12602825124
0.000000 12602850124
0.000000 12602875124
0.000000 12602900297
0.000000 12602925122
0.000000 12602950136
0.000000 12602975119
0.000000 12603000318
0.000000 12603025124
0.000000 12603050126
0.000000 12603075111
0.000000 12603100290
0.000000 12603125115
0.000000 12603150106
0.000000 12603175120
0.000000 12603200293
0.000000 12603225134
0.000000 12603250116
0.000000 12603275120
0.000000 12603300287
0.000000 12603325115
0.000000 12603350123
0.000000 12603375118
0.000000 12603400294
0.000000 12603425118
0.000000 12603450124
0.000000 12603475119
0.000000 12603500289
0.000000 12603525121
0.000000 12603550119
0.000000 12603575118
0.000000 12603600292
0.000000 12603625115
0.000000 12603650119
0.000000 12603675120
0.000000 12603700289
0.000000 12603725127
0.000000 12603750114
0.000000 12603775121
0.000000 12603800308
0.000000 12603825117
0.000000 12603850122
0.000000 12603875121
0.000000 12603900295
0.000000 12603925121
0.000000 12603950120
0.000000 12603975106
0.000000 12604000320
0.000000 12604025113
