9.532065 0.166713 3.079288 13387399521
9.620325 0.088260 3.079288 13387421823
9.639938 0.058840 3.079288 13387446764
9.639938 -0.029420 2.843929 13387471863
9.669358 -0.039227 2.765476 13387496848
9.718391 -0.009807 2.588956 13387521858
9.747811 0.009807 2.657602 13387546862
9.679165 0.058840 2.716442 13387571856
9.659552 0.117680 2.794895 13387596855
9.649745 0.166713 2.775282 13387621847
9.639938 0.196133 2.853735 13387646863
9.747811 0.166713 2.941995 13387671841
9.806651 0.186326 2.902769 13387696859
9.826264 0.186326 2.853735 13387721851
9.718391 0.225553 2.892962 13387746832
9.679165 0.215746 2.853735 13387771854
9.659552 0.205940 2.804702 13387796847
9.639938 0.235360 2.883155 13387821836
9.639938 0.205940 2.814509 13387846841
9.747811 0.205940 2.883155 13387871858
9.826264 0.147100 2.922382 13387896852
9.845878 0.098067 3.000835 13387921852
9.826264 0.137293 3.020448 13387946838
9.865492 0.196133 3.098902 13387971852
9.875298 0.215746 3.118515 13387996850
9.865492 0.294200 3.069482 13388021845
9.855684 0.333426 2.902769 13388046848
9.894911 0.451106 2.706636 13388071846
9.894911 0.421686 2.647796 13388096846
9.845878 0.421686 2.618376 13388121852
9.787038 0.402073 2.667409 13388146835
9.747811 0.715886 2.853735 13388171856
9.738005 0.245166 2.549729 13388196853
9.855684 0.166713 2.539923 13388221848
9.865492 0.205940 2.618376 13388246839
9.787038 0.215746 2.500696 13388271854
9.492838 0.676659 2.647796 13388296849
9.424192 0.343233 2.706636 13388321850
9.590905 0.323619 2.500696 13388346833
9.708585 0.343233 2.520309 13388371846
9.796844 -0.284393 2.539923 13388396850
9.806651 0.147100 2.373209 13388421848
9.698778 0.166713 2.392823 13388446826
9.522259 0.647239 2.745862 13388471855
9.433999 0.147100 2.579149 13388496848
9.541871 0.176520 2.657602 13388521850
9.532065 0.333426 2.490890 13388546835
9.610518 -0.098067 2.883155 13388571849
9.610518 0.205940 2.549729 13388596852
9.747811 -0.490333 2.539923 13388621840
9.728198 -0.617819 2.687022 13388646841
9.894911 -0.176520 2.794895 13388671850
9.806651 -0.421686 2.579149 13388696854
9.806651 -0.460913 2.922382 13388721843
9.728198 -0.402073 3.059675 13388746840
9.816459 -0.392266 2.941995 13388771844
9.796844 0.470719 3.540201 13388796852
10.002784 -0.961052 2.206496 13388821834
9.394772 -0.539366 3.736334 13388846840
8.904439 1.010085 2.804702 13388871843
9.492838 -0.480526 3.275421 13388896851
10.149883 -0.411879 2.961608 13388921852
10.022397 -0.431493 2.794895 13388946841
9.904717 -0.323619 2.853735 13388971849
9.796844 -0.186326 2.941995 13388996813
9.541871 -0.049033 2.922382 13389021846
9.571292 -0.323619 3.206775 13389046856
9.492838 -0.205940 3.089095 13389071854
9.483032 -0.166713 3.020448 13389096852
9.433999 0.107873 3.236195 13389121847
9.522259 -0.049033 3.089095 13389146849
9.679165 -0.313813 3.040062 13389171852
9.610518 -0.196133 3.030255 13389196853
9.669358 0.392266 3.000835 13389221850
9.649745 0.304006 3.187161 13389246844
9.551678 0.019613 3.157742 13389271857
9.679165 -0.392266 2.922382 13389296840
10.110658 -0.421686 2.510503 13389321850
10.032204 -0.294200 2.235916 13389346837
9.934137 -0.117680 2.706636 13389371850
9.620325 0.049033 3.304842 13389396841
9.237865 -0.098067 3.010642 13389421844
9.012313 -0.039227 3.059675 13389446848
8.953472 -0.176520 3.059675 13389471849
9.316319 0.166713 3.824594 13389496847
9.571292 0.470719 3.755947 13389521849
9.679165 0.460913 3.726527 13389546845
9.796844 0.490333 3.481361 13389571850
9.836071 0.088260 2.961608 13389596847
9.904717 0.058840 3.040062 13389621842
9.777231 -0.088260 3.069482 13389646850
9.688972 -0.284393 2.991029 13389671853
9.796844 -0.411879 3.089095 13389696824
9.747811 -0.686466 2.755669 13389721831
9.698778 -0.794339 2.667409 13389746835
9.581099 -0.853179 2.716442 13389771832
9.463418 -0.774725 3.000835 13389796832
9.433999 -0.794339 3.020448 13389821837
9.394772 -0.862985 3.040062 13389846828
9.473226 -0.784532 2.941995 13389871841
9.345738 -0.755112 2.981222 13389896839
9.237865 -1.304285 3.236195 13389921835
9.316319 -1.716164 3.196968 13389946832
9.365352 -1.951524 2.932189 13389971842
9.600712 -2.157463 3.040062 13389996832
9.532065 -2.275143 3.118515 13390021844
9.286899 -2.363403 3.049868 13390046818
9.296705 -2.373209 2.991029 13390071842
9.247672 -2.422243 2.902769 13390096835
9.296705 -2.177077 3.000835 13390121844
9.463418 -1.912297 3.236195 13390146817
9.502645 -1.794617 3.353875 13390171838
9.365352 -1.922104 3.236195 13390196817
9.345738 -2.206496 3.196968 13390221789
9.247672 -2.353596 3.010642 13390246791
9.443805 -1.274865 3.295035 13390271776
9.532065 -0.970859 3.442135 13390296771
9.375159 -1.225831 3.412714 13390321834
9.139799 -1.667131 3.314648 13390346819
9.002505 -1.480804 3.422521 13390371841
9.228059 -0.872792 3.550008 13390396836
9.159412 -0.558979 3.697107 13390421842
9.149606 -0.392266 3.824594 13390446870
9.139799 -0.568786 3.746140 13390471841
9.169219 -0.686466 3.618654 13390496855
9.306512 -0.598206 3.550008 13390521834
9.551678 -0.392266 3.628461 13390546812
9.708585 -0.186326 3.422521 13390571841
9.747811 -0.402073 3.265615 13390596804
9.757618 -0.676659 3.089095 13390621843
9.826264 -0.608012 3.059675 13390646818
9.855684 -0.196133 3.265615 13390671838
9.826264 -0.049033 3.304842 13390696811
9.738005 0.039227 3.216582 13390721835
9.630132 -0.166713 3.206775 13390746817
9.551678 -0.490333 3.147935 13390771842
9.600712 -0.421686 3.049868 13390796822
9.688972 -0.529559 2.951802 13390821842
9.649745 -0.608012 2.794895 13390846817
9.630132 -0.921825 2.657602 13390871847
9.630132 -0.980665 2.804702 13390896804
9.610518 -0.843372 2.736056 13390921840
9.424192 -0.892405 2.637989 13390946805
9.463418 -0.931632 2.628183 13390971847
9.688972 -0.774725 2.687022 13390996812
9.826264 -0.627626 2.647796 13391021842
9.532065 -0.509946 2.922382 13391049165
9.375159 -0.519753 3.040062 13391071816
9.414385 -0.470719 3.089095 13391096808
9.384965 -0.431493 3.196968 13391121839
8.973086 -0.657046 3.216582 13391146793
9.071153 -0.872792 3.314648 13391171848
9.296705 -1.088538 3.265615 13391196814
9.581099 -1.157185 3.334261 13391221834
9.630132 -0.862985 3.304842 13391246811
9.512452 -0.892405 3.089095 13391271840
9.620325 -1.039505 3.030255 13391296810
9.688972 -1.186605 2.834122 13391321837
9.816459 -1.147378 2.196690 13391346800
9.924331 -1.157185 2.235916 13391371842
9.845878 -1.343511 2.128043 13391396830
9.787038 -1.559257 2.147657 13391421818
9.738005 -1.421964 1.971137 13391446825
9.747811 -1.363124 2.353596 13391471839
9.492838 -1.304285 2.432050 13391496833
9.453611 -1.157185 2.500696 13391521822
9.649745 -0.843372 2.314370 13391546829
9.757618 -0.872792 2.255530 13391571839
9.767425 -1.000278 2.392823 13391596834
9.855684 -1.108152 2.500696 13391621844
9.836071 -1.108152 2.598763 13391646828
9.924331 -1.010085 2.520309 13391671837
10.051817 -0.784532 2.402630 13391696832
10.032204 -0.764919 2.275143 13391721832
9.816459 -0.951245 2.353596 13391746827
9.679165 -0.931632 2.353596 13391771835
9.816459 -0.833565 2.226110 13391796833
9.708585 -1.304285 2.569343 13391821828
9.473226 -1.441578 2.687022 13391846844
9.522259 -1.372931 2.745862 13391871834
9.541871 -1.117958 2.824315 13391896815
9.738005 -0.647239 2.912575 13391921821
9.590905 -0.813952 3.108708 13391946831
9.306512 -1.157185 3.010642 13391971830
9.012313 -1.363124 3.236195 13391996827
9.375159 -0.470719 3.618654 13392021825
9.218252 -0.490333 3.746140 13392046837
9.080959 -0.735499 4.079567 13392071817
8.904439 -0.892405 4.236474 13392096838
9.179026 -0.539366 4.373766 13392121835
9.012313 -0.578592 4.520866 13392146836
8.875020 -0.588399 4.452219 13392171834
8.796566 -0.509946 4.324733 13392196828
8.943666 -0.245166 3.903047 13392221831
9.179026 -0.186326 4.030534 13392246827
9.218252 -0.529559 4.207053 13392271848
8.884827 -0.813952 4.471833 13392296829
8.894632 -0.735499 4.344347 13392321834
9.688972 -2.255530 4.462027 13392346831
9.365352 -1.794617 4.432606 13392371841
9.237865 -1.284671 4.971972 13392396836
8.973086 -0.804145 4.756226 13392421834
8.816179 -0.470719 4.726806 13392446831
8.433721 -0.235360 4.971972 13392471839
8.531787 -0.843372 5.442691 13392496835
8.580820 -1.108152 5.687858 13392521841
8.512174 -1.019892 5.678051 13392546858
8.316040 -0.990472 5.697665 13392571844
8.325847 -0.735499 5.040619 13392596828
8.394494 -1.039505 5.285785 13392621839
8.531787 -0.961052 5.021006 13392646827
8.776953 -0.402073 4.795453 13392671838
8.639660 -0.107873 4.628739 13392696832
8.267007 -0.353039 5.315205 13392721828
8.561207 -0.647239 5.462305 13392746837
8.767146 -0.392266 5.187718 13392771843
8.551400 0.313813 5.579985 13392796833
8.531787 0.254973 5.207332 13392821838
8.757339 0.068647 5.766311 13392846843
8.933860 0.362846 5.648631 13392871837
9.051538 0.500139 4.756226 13392896844
8.933860 0.382459 4.785646 13392921851
8.806373 0.137293 5.030812 13392946837
8.629853 -0.205940 5.481918 13392971827
8.531787 -0.117680 5.501531 13392996835
8.306233 -0.088260 5.079845 13393021828
8.306233 -0.137293 5.315205 13393046844
8.414106 0.078453 5.638824 13393071840
8.384687 0.176520 5.854571 13393096836
8.384687 0.333426 5.962444 13393121831
8.276814 0.519753 6.060511 13393146843
8.139521 0.755112 5.197526 13393171842
8.002228 0.647239 5.285785 13393196830
7.835515 0.353039 5.589791 13393221835
7.511894 -0.156906 5.913410 13393246843
7.639381 -0.862985 6.727362 13393271845
7.737448 -1.039505 6.903882 13393296834
7.619768 -1.372931 6.796009 13393321834
7.492281 -1.647517 6.472390 13393346840
7.992421 -0.774725 6.688136 13393371845
7.825707 -0.225553 6.864655 13393396829
7.913968 -0.058840 6.786202 13393421833
7.943388 -0.294200 6.492003 13393446832
7.972808 -0.794339 5.579985 13393471827
8.129714 -0.784532 5.344625 13393496825
8.178747 -0.862985 5.246559 13393521841
8.188554 -0.980665 5.128879 13393546835
8.404300 -0.421686 5.334818 13393571836
9.012313 0.568786 5.442691 13393596838
9.022120 0.353039 5.070039 13393621837
8.472947 -1.029698 5.158298 13393646834
8.335654 -0.843372 5.315205 13393671835
8.541594 -0.411879 5.256365 13393696828
8.757339 -0.264780 4.922939 13393721831
8.727920 -0.725692 4.785646 13393746842
8.551400 -0.549172 4.805259 13393771834
8.541594 -0.245166 5.040619 13393796825
8.404300 -0.058840 5.138685 13393821843
8.443527 0.235360 5.295592 13393846847
8.423914 0.088260 5.432885 13393871825
8.227780 0.009807 5.462305 13393896824
8.188554 0.098067 5.462305 13393921819
8.267007 -0.078453 6.021284 13393946829
8.316040 -0.009807 5.442691 13393971825
8.551400 0.176520 5.609405 13393996826
8.659273 0.284393 5.354432 13394021814
8.620047 0.068647 5.511338 13394046835
8.580820 -0.078453 5.579985 13394071827
8.472947 -0.147100 5.540758 13394096828
8.365073 -0.049033 5.589791 13394121811
8.031648 0.225553 5.550564 13394146877
8.002228 0.343233 5.756504 13394171834
8.070874 0.274586 5.550564 13394196823
8.247394 0.107873 5.266171 13394221828
8.414106 0.500139 4.854292 13394246832
8.571013 0.421686 5.030812 13394271828
8.845599 0.627626 5.374044 13394296822
9.110379 0.931632 5.070039 13394321824
8.914246 0.902212 5.226945 13394346833
8.835793 0.706079 5.138685 13394371827
8.747533 0.657046 5.540758 13394396827
8.776953 0.843372 5.815344 13394421845
8.521980 0.921825 5.403465 13394446832
8.404300 1.157185 5.256365 13394471824
8.178747 1.049312 5.109265 13394496812
8.100294 1.510224 5.040619 13394521831
8.217974 1.833844 5.138685 13394546831
8.041454 2.137850 5.226945 13394571823
7.531508 2.353596 4.618933 13394596819
8.159134 2.039783 5.668244 13394621832
8.110101 1.490611 6.138963 13394646829
8.335654 1.265058 6.972529 13394671822
8.178747 1.225831 7.001948 13394696815
8.443527 1.971137 5.854571 13394721826
8.296427 1.902490 6.070317 13394746826
8.227780 2.079010 6.462583 13394771834
8.080681 2.304563 6.148770 13394796845
8.227780 2.873349 5.511338 13394821821
7.963001 2.961608 5.472112 13394846830
7.815901 3.128322 5.874184 13394871832
7.825707 3.226388 5.403465 13394896821
7.364795 3.216582 5.256365 13394921839
6.864655 3.500974 5.570178 13394946831
6.315483 3.961887 5.629018 13394971825
6.972529 2.991029 7.423635 13394996818
7.119628 2.539923 6.943109 13395021827
6.864655 2.873349 6.364516 13395046825
6.678329 3.344068 6.148770 13395071824
6.688136 3.550008 6.119350 13395096819
6.972529 3.314648 6.040897 13395121830
7.109822 2.892962 6.011477 13395146833
7.423635 2.432050 5.599597 13395171829
7.560929 2.579149 5.746698 13395196817
7.619768 2.637989 5.864377 13395221828
7.786481 2.510503 5.785924 13395246818
8.149327 2.108430 5.805537 13395271822
8.237587 2.167270 6.335097 13395296818
7.992421 2.333983 6.413549 13395321830
7.884548 2.255530 6.237030 13395346827
8.129714 2.343790 6.187996 13395371825
8.355267 1.667131 6.227223 13395396817
8.159134 1.882877 5.972251 13395421837
8.198360 1.951524 5.521145 13395446839
8.384687 1.873070 5.462305 13395471821
8.453333 1.824037 4.824872 13395496824
8.649467 1.833844 4.481639 13395521831
8.875020 1.892684 4.236474 13395546827
8.973086 1.980944 4.030534 13395571829
8.835793 2.128043 3.638267 13395596829
9.090766 1.931910 3.422521 13395621835
9.120186 1.931910 2.902769 13395646830
8.835793 1.716164 2.785089 13395671821
8.943666 1.706357 2.765476 13395696819
9.169219 1.696550 2.637989 13395721836
9.443805 1.676937 2.481083 13395746827
9.296705 1.431771 2.481083 13395771837
9.326125 1.157185 2.432050 13395796826
9.747811 1.108152 2.647796 13395821825
9.826264 1.068925 2.804702 13395846835
10.002784 0.931632 2.657602 13395871835
10.002784 0.892405 2.775282 13395896831
9.904717 0.833565 2.991029 13395921830
9.904717 0.813952 3.069482 13395946825
9.649745 1.137571 3.089095 13395971833
9.708585 0.804145 2.873349 13395996832
9.757618 0.715886 2.647796 13396021826
9.698778 0.686466 2.559536 13396046790
9.659552 0.745305 2.598763 13396071828
9.532065 0.588399 2.598763 13396096822
9.541871 0.480526 2.804702 13396121830
9.688972 0.490333 2.510503 13396146819
9.630132 0.382459 2.677216 13396171830
9.669358 0.470719 2.530116 13396196830
9.688972 0.421686 2.461469 13396221831
9.561485 0.509946 2.441856 13396246832
9.659552 0.254973 2.579149 13396271823
9.738005 0.196133 2.569343 13396296832
9.806651 0.098067 2.530116 13396321835
9.787038 0.127486 2.579149 13396346842
9.777231 0.254973 2.284950 13396371831
9.992978 0.176520 2.245723 13396396837
10.061625 -0.088260 2.177077 13396421827
9.973364 -0.294200 2.510503 13396446828
9.953751 -0.294200 2.745862 13396471827
9.885104 -0.009807 2.765476 13396496837
9.983171 0.039227 2.687022 13396521830
9.934137 0.019613 2.736056 13396546835
9.885104 -0.049033 2.902769 13396571818
9.894911 -0.068647 3.049868 13396596836
9.865492 -0.039227 3.030255 13396621839
9.757618 -0.176520 2.981222 13396646835
9.679165 -0.098067 3.157742 13396671837
9.659552 -0.029420 3.295035 13396696838
9.649745 -0.039227 3.049868 13396721845
9.787038 -0.323619 2.853735 13396746829
9.659552 -0.313813 2.853735 13396771840
9.581099 -0.137293 2.716442 13396796833
9.433999 -0.186326 2.873349 13396821823
9.296705 -0.039227 3.324455 13396846831
9.365352 -0.029420 3.059675 13396871839
9.571292 -0.009807 3.030255 13396896830
9.806651 -0.029420 2.716442 13396921833
9.679165 -0.098067 2.706636 13396946827
9.688972 -0.078453 2.647796 13396971837
9.708585 -0.117680 2.441856 13396996819
9.698778 -0.166713 2.245723 13397021829
9.581099 -0.313813 2.755669 13397046831
9.571292 -0.313813 2.883155 13397071831
9.738005 -0.304006 2.853735 13397096830
9.943945 -0.362846 2.530116 13397121834
9.904717 -0.294200 2.608569 13397146829
9.796844 -0.215746 2.932189 13397171832
9.826264 -0.235360 3.040062 13397196831
9.875298 -0.205940 2.941995 13397221825
9.777231 -0.196133 2.814509 13397246835
9.679165 -0.225553 2.755669 13397271826
9.630132 -0.245166 2.873349 13397296837
9.688972 -0.156906 2.794895 13397321827
9.757618 -0.137293 2.843929 13397346832
9.855684 -0.117680 2.775282 13397371822
