-6.360000 -1.080000 3.360000 13387415394
-6.060000 -1.620000 3.180000 13387439595
-6.060000 -1.500000 3.300000 13387464611
-6.240000 -1.680000 3.120000 13387489778
-6.240000 -1.200000 3.120000 13387514763
-6.060000 -1.620000 3.420000 13387539762
-6.000000 -1.560000 3.240000 13387564763
-6.240000 -1.560000 3.240000 13387589768
-6.420000 -1.260000 3.180000 13387614870
-6.300000 -1.500000 3.420000 13387639777
-5.880000 -1.440000 3.360000 13387666619
-5.940000 -1.260000 3.420000 13387690449
-6.360000 -1.320000 3.720000 13387715214
-6.360000 -1.200000 3.240000 13387740167
-5.880000 -1.560000 3.120000 13387765153
-6.180000 -1.620000 3.060000 13387790186
-6.240000 -1.440000 3.240000 13387815173
-6.180000 -1.380000 3.300000 13387840172
-6.420000 -1.260000 3.180000 13387865172
-6.240000 -1.560000 3.120000 13387890206
-6.000000 -1.320000 3.120000 13387915169
-6.120000 -1.320000 3.120000 13387940173
-6.000000 -0.960000 3.240000 13387965094
-6.180000 -1.260000 3.180000 13387990174
-6.000000 -1.200000 3.360000 13388015264
-6.000000 -0.960000 2.880000 13388040176
-6.060000 -1.140000 2.940000 13388065290
-5.940000 -1.140000 2.940000 13388090189
-6.060000 -1.020000 2.580000 13388115318
-5.760000 -1.200000 2.760000 13388140202
-5.700000 -1.020000 2.580000 13388165319
-6.120000 -1.200000 2.640000 13388190209
-5.820000 -0.900000 2.820000 13388215319
-5.940000 -0.900000 2.580000 13388240177
-5.760000 -0.720000 2.280000 13388265282
-5.760000 -0.840000 2.160000 13388290179
-5.760000 -0.600000 2.400000 13388315301
-5.760000 -0.840000 2.520000 13388340187
-5.700000 -0.780000 2.340000 13388365294
-5.940000 -0.900000 2.100000 13388390205
-5.580000 -0.780000 2.100000 13388415360
-5.700000 -0.780000 1.980000 13388440201
-5.460000 -0.780000 1.980000 13388465298
-5.520000 -0.720000 1.800000 13388490204
-5.640000 -0.480000 1.560000 13388515334
-5.160000 -0.720000 1.440000 13388540193
-5.400000 -0.720000 1.440000 13388565319
-5.160000 -1.080000 1.440000 13388590202
-4.980000 -0.300000 1.260000 13388615323
-5.160000 -0.960000 1.200000 13388640208
-4.860000 -0.660000 1.500000 13388665315
-4.800000 -0.600000 1.080000 13388690219
-4.980000 -0.420000 1.140000 13388715306
-4.800000 -0.600000 0.720000 13388740199
-4.920000 -0.480000 1.080000 13388765298
-4.860000 -0.660000 0.900000 13388790190
-4.560000 -0.360000 0.840000 13388815147
-4.560000 -0.480000 0.840000 13388839956
-4.860000 -0.300000 1.020000 13388865106
-4.920000 -0.600000 0.360000 13388889942
-4.620000 -0.660000 0.660000 13388915124
-4.500000 -0.540000 0.420000 13388939920
-4.680000 -0.360000 0.360000 13388965110
-4.440000 -0.600000 0.480000 13388990123
-4.500000 -0.780000 0.420000 13389015081
-4.500000 -0.420000 0.180000 13389039925
-4.500000 -0.660000 0.180000 13389065115
-4.680000 -0.600000 0.360000 13389089928
-4.740000 -0.540000 0.420000 13389115171
-4.440000 -0.840000 0.240000 13389139936
-4.440000 -0.720000 0.360000 13389165137
-4.440000 -0.720000 0.360000 13389189946
-4.680000 -0.600000 0.600000 13389215139
-4.380000 -0.660000 0.540000 13389239922
-4.440000 -0.720000 0.540000 13389265104
-4.380000 -0.540000 0.060000 13389289680
-4.440000 -0.600000 0.240000 13389315147
-4.080000 -0.600000 -0.120000 13389339846
-4.260000 -0.420000 0.060000 13389365123
-4.080000 -0.480000 0.060000 13389389659
-4.200000 -0.720000 0.120000 13389415154
-4.440000 -0.840000 -0.240000 13389439849
-4.380000 -1.140000 -0.300000 13389465148
-4.500000 -0.900000 -0.300000 13389489668
-4.080000 -1.200000 -0.720000 13389515136
-4.140000 -1.140000 -0.180000 13389539875
-4.260000 -0.900000 0.060000 13389565129
-4.500000 -1.020000 -0.180000 13389589677
-4.080000 -0.960000 -0.360000 13389615180
-4.140000 -1.020000 -0.540000 13389639858
-4.200000 -1.200000 -0.240000 13389665129
-3.960000 -0.840000 -0.480000 13389689671
-3.780000 -0.900000 -0.540000 13389715118
-3.960000 -0.840000 -0.720000 13389739970
-3.900000 -0.900000 -0.660000 13389765114
-3.420000 -0.660000 -0.900000 13389789982
-3.660000 -1.020000 -0.780000 13389815126
-3.300000 -0.900000 -0.540000 13389839939
-3.360000 -0.840000 -0.960000 13389865076
-3.420000 -1.020000 -1.020000 13389889958
-2.880000 -1.320000 -1.080000 13389915092
-3.180000 -0.900000 -1.500000 13389939990
-3.240000 -0.840000 -1.440000 13389965214
-2.760000 -1.320000 -1.560000 13389990299
-2.820000 -1.500000 -1.620000 13390014796
-2.520000 -1.440000 -1.440000 13390040308
-3.060000 -1.500000 -1.380000 13390064924
-2.640000 -1.440000 -1.800000 13390089806
-2.820000 -1.500000 -1.860000 13390115264
-2.580000 -1.860000 -1.980000 13390139999
-2.460000 -1.500000 -2.220000 13390165115
-2.400000 -1.920000 -1.800000 13390189988
-2.520000 -1.680000 -2.400000 13390214927
-2.400000 -1.800000 -2.160000 13390239787
-2.520000 -1.920000 -2.280000 13390264927
-2.640000 -2.640000 -2.400000 13390289811
-2.520000 -2.160000 -2.280000 13390315007
-2.700000 -1.860000 -2.220000 13390340001
-2.760000 -2.280000 -2.640000 13390364931
-2.880000 -2.760000 -2.400000 13390389827
-2.580000 -2.580000 -2.460000 13390415112
-2.640000 -2.880000 -2.400000 13390439572
-2.520000 -3.000000 -2.640000 13390464671
-2.940000 -2.820000 -2.700000 13390489600
-2.760000 -3.000000 -2.520000 13390514693
-2.760000 -2.640000 -3.000000 13390539569
-2.880000 -3.000000 -2.520000 13390564699
-2.880000 -3.000000 -2.400000 13390589791
-2.880000 -3.120000 -2.760000 13390614844
-3.060000 -2.940000 -2.700000 13390639848
-2.820000 -3.300000 -2.580000 13390665153
-2.880000 -3.360000 -2.880000 13390690078
-2.820000 -3.420000 -2.940000 13390714927
-2.880000 -3.360000 -2.640000 13390740284
-2.760000 -3.480000 -3.120000 13390764920
-2.940000 -3.540000 -3.420000 13390789807
-2.820000 -3.660000 -2.820000 13390814929
-2.760000 -3.240000 -3.120000 13390839804
-3.060000 -3.900000 -2.820000 13390864924
-2.940000 -3.660000 -3.060000 13390889994
-2.760000 -3.840000 -3.000000 13390915272
-2.940000 -4.140000 -3.420000 13390939833
-2.880000 -4.200000 -3.240000 13390964918
-3.060000 -4.140000 -2.820000 13390989902
-3.060000 -4.140000 -3.300000 13391015292
-3.120000 -4.200000 -3.000000 13391039977
-3.000000 -4.200000 -3.240000 13391065375
-3.000000 -4.560000 -3.360000 13391089649
-2.940000 -4.620000 -3.420000 13391115339
-3.120000 -4.680000 -3.240000 13391140230
-3.000000 -4.440000 -3.120000 13391165406
-3.180000 -4.740000 -3.300000 13391190246
-3.060000 -4.740000 -3.180000 13391215329
-2.880000 -4.800000 -3.360000 13391240170
-3.060000 -4.740000 -3.180000 13391265303
-3.240000 -5.040000 -3.240000 13391289655
-3.240000 -4.800000 -3.360000 13391315209
-3.060000 -4.980000 -3.420000 13391339941
-3.300000 -5.220000 -3.300000 13391365112
-2.940000 -5.100000 -3.300000 13391389982
-3.180000 -5.220000 -3.300000 13391415129
-3.360000 -5.280000 -2.760000 13391439835
-3.480000 -5.640000 -3.600000 13391465143
-3.300000 -5.460000 -3.180000 13391489971
-3.420000 -5.820000 -3.180000 13391515152
-3.120000 -6.000000 -3.120000 13391539942
-3.420000 -5.940000 -3.180000 13391565105
-3.360000 -6.120000 -3.240000 13391589931
-3.660000 -6.180000 -2.700000 13391615103
-3.720000 -6.480000 -3.000000 13391639943
-3.480000 -6.600000 -3.000000 13391665112
-3.240000 -6.840000 -2.640000 13391689932
-3.360000 -6.960000 -2.760000 13391715130
-3.600000 -6.600000 -3.000000 13391739985
-3.660000 -7.020000 -2.940000 13391765100
-3.360000 -6.720000 -2.880000 13391789939
-3.480000 -6.840000 -2.760000 13391814830
-3.300000 -7.020000 -2.820000 13391839932
-3.660000 -6.900000 -3.060000 13391865107
-3.420000 -7.140000 -2.820000 13391889645
-3.120000 -7.200000 -2.880000 13391914838
-3.240000 -7.320000 -3.240000 13391939643
-3.360000 -7.080000 -3.000000 13391965103
-3.060000 -7.500000 -3.060000 13391990117
-2.880000 -7.560000 -2.880000 13392014865
-2.880000 -7.560000 -3.000000 13392039664
-2.520000 -8.160000 -2.760000 13392065121
-2.520000 -8.040000 -2.760000 13392089928
-2.760000 -8.280000 -3.000000 13392114822
-2.880000 -8.280000 -2.520000 13392139933
-2.460000 -8.340000 -2.580000 13392165111
-2.940000 -8.340000 -2.700000 13392189975
-2.760000 -8.400000 -2.640000 13392215147
-2.580000 -8.700000 -2.940000 13392239932
-2.820000 -8.220000 -2.580000 13392265113
-2.820000 -8.580000 -2.340000 13392290139
-2.760000 -8.160000 -2.640000 13392315195
-2.820000 -8.940000 -2.460000 13392339985
-2.640000 -8.639999 -2.520000 13392365212
-2.700000 -8.820000 -2.100000 13392389937
-2.520000 -8.760000 -2.400000 13392414934
-2.640000 -8.639999 -1.920000 13392439952
-2.520000 -8.880000 -2.040000 13392464934
-2.820000 -8.580000 -1.980000 13392489996
-2.640000 -9.120000 -2.280000 13392514974
-2.820000 -8.820000 -2.220000 13392539596
-2.400000 -9.000000 -2.040000 13392564587
-2.640000 -8.880000 -2.160000 13392589644
-2.820000 -8.820000 -2.220000 13392614588
-2.880000 -8.880000 -2.160000 13392639834
-3.060000 -9.179999 -2.340000 13392664576
-2.820000 -8.940000 -2.100000 13392689635
-2.700000 -9.059999 -2.100000 13392714571
-2.580000 -9.179999 -1.860000 13392739573
-2.700000 -9.300000 -1.860000 13392764572
-2.760000 -9.360000 -2.280000 13392790079
-2.340000 -9.420000 -1.740000 13392815254
-2.400000 -9.480000 -1.560000 13392839590
-2.580000 -9.420000 -1.500000 13392864574
-2.760000 -9.599999 -1.920000 13392889560
-2.760000 -9.480000 -2.040000 13392915271
-2.640000 -9.240000 -2.160000 13392939566
-2.520000 -9.480000 -1.680000 13392964590
-2.760000 -9.240000 -2.040000 13392989717
-2.280000 -9.719999 -1.920000 13393015545
-2.400000 -9.480000 -2.040000 13393039594
-2.400000 -9.480000 -1.920000 13393064572
-2.220000 -9.540000 -1.980000 13393089585
-2.640000 -9.480000 -1.920000 13393114568
-3.120000 -9.480000 -1.800000 13393139600
-2.700000 -9.660000 -2.100000 13393164572
-2.760000 -9.599999 -1.560000 13393189591
-2.700000 -9.540000 -1.980000 13393214568
-2.760000 -9.480000 -1.920000 13393239589
-2.580000 -9.300000 -1.740000 13393264585
-3.240000 -9.599999 -1.560000 13393289571
-3.240000 -9.840000 -1.680000 13393314570
-3.180000 -9.660000 -1.500000 13393339568
-3.180000 -9.660000 -1.380000 13393364563
-3.300000 -10.139999 -1.500000 13393389568
-3.420000 -9.780000 -0.900000 13393414910
-3.600000 -9.840000 -0.840000 13393439649
-3.840000 -9.840000 -0.720000 13393464552
-3.900000 -9.660000 -0.420000 13393489538
-3.780000 -10.139999 -0.300000 13393514546
-4.020000 -10.260000 -0.060000 13393540334
-3.960000 -9.840000 -0.120000 13393564592
-4.260000 -9.780000 -0.420000 13393589560
-4.140000 -10.380000 0.060000 13393614673
-4.260000 -10.260000 -0.060000 13393639583
-4.320000 -9.719999 0.240000 13393664579
-4.680000 -9.960000 0.360000 13393689575
-4.260000 -10.260000 0.540000 13393714588
-4.140000 -10.020000 0.540000 13393739584
-4.500000 -10.139999 0.660000 13393764574
-4.440000 -10.440000 0.720000 13393789667
-4.560000 -9.960000 0.840000 13393814592
-4.440000 -9.960000 0.480000 13393839629
-4.740000 -10.139999 0.780000 13393864831
-4.740000 -10.139999 0.540000 13393889875
-4.860000 -9.900000 1.140000 13393914932
-4.740000 -9.660000 0.780000 13393939847
-4.860000 -10.020000 0.780000 13393964816
-4.800000 -10.080000 0.840000 13393989931
-5.040000 -9.960000 0.840000 13394014813
-4.920000 -9.840000 0.960000 13394039875
-5.160000 -10.200000 1.080000 13394064809
-5.160000 -9.840000 1.560000 13394089860
-4.920000 -9.840000 1.200000 13394114811
-4.980000 -9.900000 1.500000 13394139843
-4.920000 -9.960000 1.320000 13394165117
-4.740000 -10.020000 1.620000 13394189658
-5.100000 -10.020000 1.620000 13394214819
-5.340000 -9.900000 1.740000 13394239868
-4.980000 -9.660000 1.980000 13394264811
-5.040000 -9.840000 1.920000 13394289858
-5.160000 -9.840000 1.920000 13394314811
-4.680000 -9.599999 2.160000 13394339829
-5.040000 -9.719999 2.400000 13394364812
-4.860000 -9.780000 2.220000 13394389670
-5.340000 -9.780000 2.580000 13394415077
-5.220000 -9.900000 2.340000 13394439825
-5.280000 -9.960000 2.640000 13394464815
-4.920000 -9.719999 2.280000 13394489664
-5.040000 -9.960000 2.640000 13394514957
-5.220000 -9.900000 2.580000 13394539861
-5.400000 -9.840000 2.880000 13394564808
-5.100000 -9.900000 2.820000 13394589651
-5.160000 -9.480000 2.760000 13394614965
-5.400000 -9.599999 2.880000 13394639647
-5.520000 -9.240000 3.000000 13394664955
-5.400000 -9.360000 3.000000 13394689656
-5.520000 -9.120000 3.000000 13394714960
-5.580000 -9.059999 3.060000 13394739641
-5.640000 -9.240000 3.720000 13394764764
-5.580000 -9.300000 3.660000 13394789831
-5.760000 -9.360000 3.840000 13394814864
-5.580000 -8.820000 3.660000 13394839996
-5.940000 -8.700000 3.660000 13394864763
-5.940000 -8.820000 3.660000 13394889648
-5.940000 -8.700000 3.660000 13394914983
-6.000000 -8.520000 3.600000 13394939884
-6.540000 -8.340000 3.660000 13394964819
-6.240000 -8.280000 3.480000 13394989940
-6.060000 -7.620000 3.420000 13395014988
-6.660000 -7.740000 3.540000 13395039643
-6.300000 -7.500000 3.780000 13395064831
-6.480000 -7.800000 3.480000 13395089673
-6.540000 -7.380000 3.540000 13395114947
-6.540000 -7.140000 3.660000 13395139842
-6.480000 -7.200000 3.600000 13395164952
-6.840000 -6.840000 3.840000 13395189642
-6.900000 -6.660000 4.140000 13395214960
-6.720000 -6.480000 3.720000 13395239872
-6.600000 -6.600000 3.840000 13395264812
-6.480000 -6.600000 3.960000 13395289647
-6.540000 -6.300000 4.140000 13395314945
-7.020000 -6.180000 4.020000 13395339641
-6.600000 -6.000000 3.840000 13395364821
-6.660000 -5.700000 4.020000 13395389630
-6.540000 -5.700000 4.260000 13395414961
-6.780000 -5.820000 4.260000 13395439830
-6.540000 -5.340000 4.260000 13395464849
-6.720000 -5.160000 4.560000 13395489806
-6.600000 -4.800000 4.200000 13395514842
-6.660000 -5.100000 4.740000 13395539829
-6.420000 -4.860000 4.620000 13395564822
-6.480000 -4.680000 4.680000 13395589809
-6.480000 -4.440000 4.800000 13395614955
-6.420000 -4.380000 4.740000 13395639639
-6.240000 -4.200000 4.560000 13395664884
-6.240000 -4.200000 4.440000 13395689647
-6.300000 -3.780000 4.500000 13395714868
-6.360000 -3.720000 4.800000 13395739850
-5.700000 -3.660000 4.620000 13395764819
-6.000000 -3.480000 4.560000 13395789639
-6.360000 -3.600000 4.560000 13395814840
-6.000000 -3.120000 3.960000 13395839806
-6.180000 -3.300000 4.380000 13395864811
-5.820000 -3.060000 4.380000 13395889973
-5.760000 -3.000000 3.960000 13395915147
-5.940000 -3.180000 3.780000 13395939966
-5.640000 -3.000000 3.360000 13395964946
-6.000000 -2.640000 3.360000 13395990203
-5.880000 -3.000000 3.240000 13396014951
-5.700000 -2.700000 2.940000 13396040159
-5.580000 -2.940000 2.820000 13396064968
-5.940000 -3.060000 2.700000 13396090154
-5.820000 -2.940000 2.460000 13396114955
-5.880000 -3.360000 2.400000 13396140193
-5.820000 -3.300000 2.220000 13396165153
-5.460000 -3.780000 2.220000 13396190155
-5.700000 -3.900000 2.220000 13396214969
-5.940000 -3.900000 2.340000 13396240132
-5.880000 -3.960000 2.160000 13396264950
-5.940000 -4.140000 2.100000 13396290135
-6.240000 -4.320000 2.040000 13396314968
-6.180000 -4.380000 2.220000 13396340144
-6.420000 -4.500000 2.580000 13396364952
-6.420000 -4.620000 2.820000 13396390173
-6.300000 -4.500000 2.700000 13396415152
-6.360000 -4.440000 2.880000 13396440637
-6.420000 -4.740000 3.060000 13396464933
-6.120000 -4.440000 3.480000 13396489976
-6.600000 -4.680000 3.720000 13396514948
-6.660000 -4.260000 3.660000 13396539973
-6.660000 -4.380000 4.020000 13396564942
-6.540000 -4.140000 4.140000 13396589967
-6.900000 -3.780000 3.900000 13396615170
-6.960000 -3.840000 4.200000 13396639997
-7.020000 -3.780000 4.740000 13396664782
-6.480000 -3.720000 4.680000 13396689772
-7.140000 -3.060000 4.740000 13396714763
-6.840000 -3.120000 4.560000 13396739756
-6.900000 -2.700000 4.860000 13396764746
-6.600000 -2.880000 4.680000 13396789763
-6.960000 -2.280000 4.200000 13396814756
-6.780000 -2.220000 4.740000 13396839755
-6.540000 -2.220000 4.500000 13396864747
-7.020000 -2.220000 4.380000 13396889764
-6.540000 -1.620000 4.260000 13396914754
-6.420000 -1.740000 4.380000 13396939755
-6.480000 -1.560000 4.440000 13396964741
-6.780000 -1.500000 4.260000 13396989868
-6.480000 -1.680000 4.440000 13397014754
-6.900000 -1.740000 4.260000 13397039749
-6.960000 -1.440000 4.680000 13397064749
-6.600000 -1.680000 4.320000 13397089751
-6.660000 -1.140000 4.500000 13397114739
-6.360000 -1.440000 4.440000 13397139744
-6.300000 -1.500000 4.140000 13397164763
-6.660000 -1.500000 4.380000 13397189780
-6.720000 -1.440000 4.200000 13397214802
-6.540000 -1.140000 4.500000 13397239756
-6.540000 -1.140000 4.380000 13397264741
-6.900000 -1.140000 4.380000 13397289787
-6.600000 -1.560000 4.320000 13397314776
-6.420000 -1.140000 4.380000 13397339768
-6.780000 -1.020000 4.140000 13397364749
-6.660000 -1.260000 4.140000 13397389783
