0.000000 13387399521
0.000000 13387421823
0.000000 13387446764
0.000000 13387471863
0.000000 13387496848
0.000000 13387521858
0.000000 13387546862
0.000000 13387571856
0.000000 13387596855
0.000000 13387621847
0.000000 13387646863
0.000000 13387671841
0.000000 13387696859
0.000000 13387721851
0.000000 13387746832
0.000000 13387771854
0.000000 13387796847
0.000000 13387821836
0.000000 13387846841
0.000000 13387871858
0.000000 13387896852
0.000000 13387921852
0.000000 13387946838
0.000000 13387971852
0.000000 13387996850
0.000000 13388021845
0.000000 13388046848
0.000000 13388071846
0.000000 13388096846
0.000000 13388121852
0.000000 13388146835
0.000000 13388171856
0.000000 13388196853
0.000000 13388221848
0.000000 13388246839
0.000000 13388271854
0.000000 13388296849
0.000000 13388321850
0.000000 13388346833
0.000000 13388371846
0.000000 13388396850
0.000000 13388421848
0.000000 13388446826
0.000000 13388471855
0.000000 13388496848
0.000000 13388521850
0.000000 13388546835
0.000000 13388571849
0.000000 13388596852
0.000000 13388621840
0.000000 13388646841
0.000000 13388671850
0.000000 13388696854
0.000000 13388721843
0.000000 13388746840
0.000000 13388771844
0.000000 13388796852
0.000000 13388821834
0.000000 13388846840
0.000000 13388871843
0.000000 13388896851
0.000000 13388921852
0.000000 13388946841
0.000000 13388971849
0.000000 13388996813
0.000000 13389021846
0.000000 13389046856
0.000000 13389071854
0.000000 13389096852
0.000000 13389121847
0.000000 13389146849
0.000000 13389171852
0.000000 13389196853
0.000000 13389221850
0.000000 13389246844
0.000000 13389271857
0.000000 13389296840
0.000000 13389321850
0.000000 13389346837
0.000000 13389371850
0.000000 13389396841
0.000000 13389421844
0.000000 13389446848
0.000000 13389471849
0.000000 13389496847
0.000000 13389521849
0.000000 13389546845
0.000000 13389571850
0.000000 13389596847
0.000000 13389621842
0.000000 13389646850
0.000000 13389671853
0.000000 13389696824
0.000000 13389721831
0.000000 13389746835
0.000000 13389771832
0.000000 13389796832
0.000000 13389821837
0.000000 13389846828
0.000000 13389871841
0.000000 13389896839
0.000000 13389921835
0.000000 13389946832
0.000000 13389971842
0.000000 13389996832
0.000000 13390021844
0.000000 13390046818
0.000000 13390071842
0.000000 13390096835
0.000000 13390121844
0.000000 13390146817
0.000000 13390171838
0.000000 13390196817
0.000000 13390221789
0.000000 13390246791
0.000000 13390271776
0.000000 13390296771
0.000000 13390321834
0.000000 13390346819
0.000000 13390371841
0.000000 13390396836
0.000000 13390421842
0.000000 13390446870
0.000000 13390471841
0.000000 13390496855
0.000000 13390521834
0.000000 13390546812
0.000000 13390571841
0.000000 13390596804
0.000000 13390621843
0.000000 13390646818
0.000000 13390671838
0.000000 13390696811
0.000000 13390721835
0.000000 13390746817
0.000000 13390771842
0.000000 13390796822
0.000000 13390821842
0.000000 13390846817
0.000000 13390871847
0.000000 13390896804
0.000000 13390921840
0.000000 13390946805
0.000000 13390971847
0.000000 13390996812
0.000000 13391021842
0.000000 13391049165
0.000000 13391071816
0.000000 13391096808
0.000000 13391121839
0.000000 13391146793
0.000000 13391171848
0.000000 13391196814
0.000000 13391221834
0.000000 13391246811
0.000000 13391271840
0.000000 13391296810
0.000000 13391321837
0.000000 13391346800
0.000000 13391371842
0.000000 13391396830
0.000000 13391421818
0.000000 13391446825
0.000000 13391471839
0.000000 13391496833
0.000000 13391521822
0.000000 13391546829
0.000000 13391571839
0.000000 13391596834
0.000000 13391621844
0.000000 13391646828
0.000000 13391671837
0.000000 13391696832
0.000000 13391721832
0.000000 13391746827
0.000000 13391771835
0.000000 13391796833
0.000000 13391821828
0.000000 13391846844
0.000000 13391871834
0.000000 13391896815
0.000000 13391921821
0.000000 13391946831
0.000000 13391971830
0.000000 13391996827
0.000000 13392021825
0.000000 13392046837
0.000000 13392071817
0.000000 13392096838
0.000000 13392121835
0.000000 13392146836
0.000000 13392171834
0.000000 13392196828
0.000000 13392221831
0.000000 13392246827
0.000000 13392271848
0.000000 13392296829
0.000000 13392321834
0.000000 13392346831
0.000000 13392371841
0.000000 13392396836
0.000000 13392421834
0.000000 13392446831
0.000000 13392471839
0.000000 13392496835
0.000000 13392521841
0.000000 13392546858
0.000000 13392571844
0.000000 13392596828
0.000000 13392621839
0.000000 13392646827
0.000000 13392671838
0.000000 13392696832
0.000000 13392721828
0.000000 13392746837
0.000000 13392771843
0.000000 13392796833
0.000000 13392821838
0.000000 13392846843
0.000000 13392871837
0.000000 13392896844
0.000000 13392921851
0.000000 13392946837
0.000000 13392971827
0.000000 13392996835
0.000000 13393021828
0.000000 13393046844
0.000000 13393071840
0.000000 13393096836
0.000000 13393121831
0.000000 13393146843
0.000000 13393171842
0.000000 13393196830
0.000000 13393221835
0.000000 13393246843
0.000000 13393271845
0.000000 13393296834
0.000000 13393321834
0.000000 13393346840
0.000000 13393371845
0.000000 13393396829
0.000000 13393421833
0.000000 13393446832
0.000000 13393471827
0.000000 13393496825
0.000000 13393521841
0.000000 13393546835
0.000000 13393571836
0.000000 13393596838
0.000000 13393621837
0.000000 13393646834
0.000000 13393671835
0.000000 13393696828
0.000000 13393721831
0.000000 13393746842
0.000000 13393771834
0.000000 13393796825
0.000000 13393821843
0.000000 13393846847
0.000000 13393871825
0.000000 13393896824
0.000000 13393921819
0.000000 13393946829
0.000000 13393971825
0.000000 13393996826
0.000000 13394021814
0.000000 13394046835
0.000000 13394071827
0.000000 13394096828
0.000000 13394121811
0.000000 13394146877
0.000000 13394171834
0.000000 13394196823
0.000000 13394221828
0.000000 13394246832
0.000000 13394271828
0.000000 13394296822
0.000000 13394321824
0.000000 13394346833
0.000000 13394371827
0.000000 13394396827
0.000000 13394421845
0.000000 13394446832
0.000000 13394471824
0.000000 13394496812
0.000000 13394521831
0.000000 13394546831
0.000000 13394571823
0.000000 13394596819
0.000000 13394621832
0.000000 13394646829
0.000000 13394671822
0.000000 13394696815
0.000000 13394721826
0.000000 13394746826
0.000000 13394771834
0.000000 13394796845
0.000000 13394821821
0.000000 13394846830
0.000000 13394871832
0.000000 13394896821
0.000000 13394921839
0.000000 13394946831
0.000000 13394971825
0.000000 13394996818
0.000000 13395021827
0.000000 13395046825
0.000000 13395071824
0.000000 13395096819
0.000000 13395121830
0.000000 13395146833
0.000000 13395171829
0.000000 13395196817
0.000000 13395221828
0.000000 13395246818
0.000000 13395271822
0.000000 13395296818
0.000000 13395321830
0.000000 13395346827
0.000000 13395371825
0.000000 13395396817
0.000000 13395421837
0.000000 13395446839
0.000000 13395471821
0.000000 13395496824
0.000000 13395521831
0.000000 13395546827
0.000000 13395571829
0.000000 13395596829
0.000000 13395621835
0.000000 13395646830
0.000000 13395671821
0.000000 13395696819
0.000000 13395721836
0.000000 13395746827
0.000000 13395771837
0.000000 13395796826
0.000000 13395821825
0.000000 13395846835
0.000000 13395871835
0.000000 13395896831
0.000000 13395921830
0.000000 13395946825
0.000000 13395971833
0.000000 13395996832
0.000000 13396021826
0.000000 13396046790
0.000000 13396071828
0.000000 13396096822
0.000000 13396121830
0.000000 13396146819
0.000000 13396171830
0.000000 13396196830
0.000000 13396221831
0.000000 13396246832
0.000000 13396271823
0.000000 13396296832
0.000000 13396321835
0.000000 13396346842
0.000000 13396371831
0.000000 13396396837
0.000000 13396421827
0.000000 13396446828
0.000000 13396471827
0.000000 13396496837
0.000000 13396521830
0.000000 13396546835
0.000000 13396571818
0.000000 13396596836
0.000000 13396621839
0.000000 13396646835
0.000000 13396671837
0.000000 13396696838
0.000000 13396721845
0.000000 13396746829
0.000000 13396771840
0.000000 13396796833
0.000000 13396821823
0.000000 13396846831
0.000000 13396871839
0.000000 13396896830
0.000000 13396921833
0.000000 13396946827
0.000000 13396971837
0.000000 13396996819
0.000000 13397021829
0.000000 13397046831
0.000000 13397071831
0.000000 13397096830
0.000000 13397121834
0.000000 13397146829
0.000000 13397171832
0.000000 13397196831
0.000000 13397221825
0.000000 13397246835
0.000000 13397271826
0.000000 13397296837
0.000000 13397321827
0.000000 13397346832
0.000000 13397371822
