-17.500000 9.170000 -0.770000 13300027048
-16.432501 17.027500 -0.770000 13300052035
-15.680000 20.335001 -1.785000 13300077040
-17.290001 23.082500 -1.330000 13300102048
-20.212500 21.122499 -3.797500 13300127042
-17.482500 25.987499 -3.727500 13300152042
-15.522500 37.974998 -3.832500 13300177039
-16.170000 51.240002 -3.150000 13300202041
-10.657500 72.065002 -2.800000 13300226963
-3.500000 119.437500 -6.037500 13300251938
4.252500 123.217499 -6.002500 13300276928
6.020000 90.264999 -0.752500 13300301944
5.845000 84.769997 6.475000 13300327034
3.955000 98.665001 10.850000 13300352048
3.885000 143.867508 11.620000 13300377035
6.772500 173.372498 17.167500 13300402055
13.597500 206.604996 19.879999 13300427020
22.242500 248.412506 13.335000 13300452032
32.935001 260.977509 16.379999 13300477038
30.065001 257.267487 19.180000 13300502016
15.750000 234.692505 18.620001 13300527026
8.225000 202.492508 16.379999 13300552035
0.490000 168.682495 -5.687500 13300577025
-6.597500 139.562500 -17.360001 13300602035
-5.267500 169.610001 -10.570000 13300627036
1.610000 190.767502 -4.480000 13300651938
10.220000 213.149994 -2.152500 13300676923
14.070000 204.172501 -1.085000 13300701933
16.940001 193.392502 2.905000 13300727047
16.397501 201.197495 4.235000 13300752032
20.212500 253.102509 3.290000 13300777027
20.982500 255.097504 7.472500 13300802037
18.865000 248.080002 10.027500 13300827040
21.280001 229.669998 11.742500 13300852023
20.037500 214.095001 9.100000 13300877022
21.472500 186.725006 6.580000 13300902035
21.700001 183.365005 9.117500 13300927036
18.497499 164.027496 9.065000 13300952042
16.537500 159.477493 8.575000 13300977055
17.184999 150.307495 7.595000 13301002032
15.015000 146.702499 6.860000 13301027041
17.622499 149.922501 5.670000 13301052051
21.052500 138.582504 4.760000 13301077044
21.612499 121.764999 4.340000 13301102043
19.775000 117.669998 1.487500 13301127026
17.184999 115.202499 3.902500 13301152041
13.492500 100.852501 11.287500 13301177040
11.252500 91.402504 15.295000 13301202038
10.465000 105.559998 9.310000 13301227039
3.535000 107.625000 10.202500 13301252044
-0.857500 92.434998 5.845000 13301277051
-6.492500 46.917500 -0.507500 13301302040
-7.385000 21.139999 -4.917500 13301327026
-14.227500 22.382500 -8.942500 13301352041
-11.165000 32.987499 -13.597500 13301377033
-6.317500 31.692501 -15.452500 13301402039
1.942500 -7.805000 -16.485001 13301427022
-7.367500 -4.602500 -15.452500 13301452046
-6.195000 -4.165000 -13.387500 13301477049
1.207500 -3.360000 -11.322500 13301502037
1.225000 -0.122500 -14.105000 13301527028
-2.922500 -4.795000 -11.900000 13301552044
-3.622500 -8.155000 -9.397500 13301577035
3.097500 -7.315000 -7.962500 13301602031
5.092500 -14.420000 -6.055000 13301627023
