-0.180000 -1.500000 -1.620000 13300015145
-0.120000 -1.200000 -1.440000 13300040162
0.120000 -1.440000 -1.680000 13300065148
0.120000 -1.440000 -1.080000 13300090124
0.180000 -1.380000 -1.260000 13300115147
0.360000 -1.320000 -1.320000 13300140127
0.480000 -1.080000 -1.200000 13300165132
0.300000 -1.260000 -1.500000 13300190138
0.060000 -1.380000 -1.380000 13300215145
0.600000 -1.320000 -1.440000 13300240129
0.360000 -1.200000 -1.080000 13300265112
0.720000 -1.440000 -1.320000 13300290134
0.780000 -1.020000 -1.140000 13300315142
0.900000 -1.140000 -1.020000 13300340148
1.080000 -1.800000 -0.600000 13300365129
1.380000 -1.380000 -0.780000 13300390113
1.800000 -1.080000 -0.360000 13300415153
1.980000 -1.140000 -0.540000 13300440120
2.400000 -1.320000 -0.120000 13300465123
2.400000 -1.320000 0.240000 13300490133
2.700000 -1.500000 0.540000 13300515138
2.820000 -1.620000 0.780000 13300540131
3.120000 -1.560000 1.080000 13300565141
2.820000 -1.380000 1.620000 13300590107
3.180000 -1.620000 1.860000 13300615133
3.180000 -1.500000 2.100000 13300640264
3.060000 -1.620000 2.460000 13300665154
2.400000 -1.560000 3.000000 13300690102
2.700000 -1.500000 3.300000 13300715127
2.760000 -1.320000 3.600000 13300740268
2.220000 -1.620000 4.020000 13300765136
2.280000 -1.200000 3.960000 13300790115
1.860000 -1.020000 4.380000 13300815129
1.620000 -1.380000 4.740000 13300840119
1.380000 -1.260000 4.860000 13300865117
1.380000 -1.740000 4.860000 13300890115
0.720000 -1.320000 5.160000 13300915111
0.720000 -1.080000 5.160000 13300940129
0.780000 -1.380000 5.460000 13300965147
0.480000 -1.680000 5.280000 13300990134
0.360000 -1.320000 5.520000 13301015137
-0.360000 -1.080000 5.400000 13301040222
-0.780000 -1.260000 5.460000 13301065137
-0.720000 -1.080000 5.400000 13301090235
-1.080000 -0.840000 5.400000 13301115133
-0.960000 -0.960000 5.400000 13301140234
-1.200000 -0.960000 5.520000 13301165132
-1.320000 -0.960000 5.400000 13301190239
-1.500000 -0.780000 5.460000 13301215134
-2.040000 -1.440000 5.040000 13301240242
-1.440000 -0.960000 5.280000 13301265146
-1.800000 -0.960000 5.280000 13301290247
-1.920000 -0.840000 5.400000 13301315124
-1.740000 -1.260000 5.460000 13301340238
-2.220000 -1.380000 5.460000 13301365123
-2.040000 -1.080000 5.400000 13301390237
-2.040000 -1.320000 5.640000 13301415129
-2.160000 -1.080000 5.520000 13301440241
-2.160000 -1.200000 5.640000 13301465132
-2.400000 -0.960000 5.520000 13301490268
-2.160000 -1.320000 5.400000 13301515125
-2.160000 -1.200000 5.520000 13301540229
-1.920000 -1.080000 5.400000 13301565122
-2.400000 -1.080000 5.520000 13301590239
-2.400000 -1.080000 5.400000 13301615118
