-7.119628 -2.294756 -6.717556 29325050398
-7.207889 -2.314370 -6.874462 29325073516
-7.188275 -2.275143 -6.884269 29325098516
-7.207889 -2.343790 -7.011755 29325123516
-7.207889 -2.343790 -7.031369 29325148519
-7.247115 -2.373209 -6.992142 29325173538
-7.266728 -2.333983 -7.050982 29325198521
-7.198082 -2.353596 -6.913689 29325223602
-7.217695 -2.373209 -6.943109 29325248611
-7.286342 -2.520309 -6.864655 29325273620
-7.364795 -2.628183 -6.845042 29325298615
-7.413828 -2.647796 -6.952915 29325323851
-7.462861 -2.736056 -6.884269 29325348864
-7.364795 -2.736056 -6.756783 29325373958
-7.276535 -2.687022 -6.894075 29325398855
-7.286342 -2.824315 -6.903882 29325423818
-7.354988 -2.932189 -6.805816 29325448782
-7.482475 -2.991029 -6.776396 29325473759
-7.413828 -3.138128 -6.668523 29325498859
-7.443248 -2.961608 -6.648909 29325523926
-7.384408 -2.951802 -6.835236 29325548848
-7.198082 -2.981222 -6.766589 29325573834
-7.168662 -3.069482 -6.541036 29325598859
-7.374601 -3.716721 -6.580263 29325623816
-7.482475 -3.952080 -6.590069 29325648855
-7.423635 -4.108987 -6.590069 29325673823
-7.423635 -4.363960 -6.688136 29325698855
-7.247115 -5.962444 -5.962444 29325723818
-7.247115 -5.629018 -6.746976 29325748849
-6.746976 -4.628739 -8.041454 29325773854
-7.041175 -3.167548 -6.648909 29325798853
-7.041175 -2.981222 -6.472390 29325823841
-8.757339 -4.815066 -6.021284 29325848853
-7.766868 -4.599319 -6.158577 29325873854
-5.462305 -5.246559 -6.286063 29325898847
-6.393937 -5.001392 -7.698222 29325923831
-9.433999 -7.658995 -6.521423 29325948850
-8.786759 -5.687858 -6.080123 29325973853
-6.119350 -5.334818 -6.452776 29325999015
-6.619490 -7.315762 -4.932746 29326023826
-6.011477 -5.844764 -6.639102 29326048852
-5.717278 -5.844764 -7.757061 29326073865
-5.717278 -6.384130 -4.246280 29326098856
-6.482196 -7.080402 -2.265337 29326123842
-6.835236 -7.423635 -3.196968 29326148850
-6.972529 -6.952915 -2.824315 29326173845
-8.090487 -7.531508 -0.843372 29326198851
-8.247394 -7.394215 -1.117958 29326223814
-8.953472 -7.443248 -1.245445 29326248840
-9.257479 -7.413828 -1.029698 29326273855
-9.698778 -5.933024 -1.147378 29326298847
-9.816459 -5.530951 -0.961052 29326323839
-9.845878 -5.285785 -0.647239 29326348849
-9.865492 -5.060232 -0.196133 29326373850
-9.894911 -4.197247 0.490333 29326398843
-10.296983 -3.285228 0.588399 29326423816
-10.679443 -2.128043 0.794339 29326448844
-11.022676 -3.040062 1.431771 29326473845
-10.571569 -2.824315 1.127765 29326498840
-10.336210 -2.098624 1.010085 29326523811
-9.924331 -1.343511 0.853179 29326548850
-9.394772 -1.019892 -0.068647 29326573844
-9.698778 -0.441299 -0.666852 29326598848
-9.894911 0.872792 0.049033 29326623826
-9.610518 1.882877 0.833565 29326648844
-7.913968 3.118515 0.078453 29326673829
-6.688136 3.285228 0.500139 29326698824
-4.766033 4.236474 0.431493 29326723807
-3.844207 5.952637 -0.764919 29326748825
-2.128043 7.443248 -1.490611 29326773820
-1.274865 7.923775 -1.000278 29326798820
-0.539366 8.247394 -1.147378 29326823809
0.382459 8.747533 -1.363124 29326848832
1.196411 9.394772 -2.177077 29326873832
2.020170 9.326125 -1.402351 29326898829
2.834122 9.316319 -0.921825 29326923816
3.177355 9.139799 -0.774725 29326948819
4.108987 8.669080 -1.098345 29326973821
4.677773 8.237587 -0.804145 29326998806
4.824872 7.590348 -0.088260 29327023816
5.128879 7.482475 -0.039227 29327048819
5.952637 7.237308 -1.814230 29327073827
6.266450 6.903882 -1.853457 29327098828
6.413549 6.599876 -1.421964 29327123791
6.697943 6.266450 -1.147378 29327148821
7.237308 6.060511 -1.784810 29327173824
7.325568 6.374323 -1.667131 29327198834
7.472668 6.374323 -1.333705 29327223824
7.815901 7.600155 -2.069203 29327248829
7.560929 7.688415 -2.530116 29327273822
7.904161 7.335375 -1.431771 29327298817
7.247115 7.394215 -1.010085 29327323809
6.344903 7.256922 -0.470719 29327348831
6.462583 7.158855 -0.343233 29327373819
6.707749 7.109822 -0.509946 29327398830
6.923496 7.109822 -0.166713 29327423806
7.453054 6.933302 0.362846 29327448823
7.433442 6.992142 0.294200 29327473825
7.305955 7.031369 0.764919 29327498831
7.511894 7.021562 0.529559 29327523819
7.590348 6.982336 0.539366 29327548820
7.894354 6.933302 0.304006 29327573806
8.139521 6.874462 0.029420 29327598829
8.012034 6.825429 0.098067 29327623815
7.619768 6.952915 0.274586 29327648825
7.521701 7.011755 0.411879 29327673827
7.296148 7.090209 0.451106 29327698830
7.315762 6.923496 0.509946 29327723807
7.335375 6.933302 0.706079 29327748827
7.305955 6.835236 0.568786 29327773825
7.345181 6.786202 0.411879 29327798821
7.374601 6.815622 0.500139 29327823806
7.305955 6.815622 0.617819 29327848824
7.394215 6.845042 0.549172 29327873825
7.531508 6.923496 0.617819 29327898839
7.198082 6.835236 0.725692 29327923807
7.207889 6.903882 0.411879 29327948824
7.305955 6.845042 0.411879 29327973826
7.394215 6.756783 0.529559 29327998800
7.462861 6.952915 0.029420 29328023789
7.541315 7.011755 0.176520 29328048829
7.541315 7.050982 0.500139 29328073814
7.502088 7.090209 0.686466 29328098829
7.188275 7.090209 0.833565 29328123810
7.090209 7.109822 0.784532 29328148816
7.217695 7.168662 0.666852 29328173824
7.305955 7.237308 0.637432 29328198825
7.296148 7.158855 0.558979 29328223819
7.149048 7.109822 0.519753 29328248826
7.001948 7.109822 0.362846 29328273832
7.021562 7.266728 0.284393 29328298822
7.139242 7.129435 0.421686 29328323803
7.207889 7.109822 0.294200 29328348829
7.315762 7.031369 0.274586 29328373823
7.433442 7.080402 0.480526 29328398834
7.315762 7.207889 0.313813 29328423808
7.276535 7.158855 0.353039 29328448828
7.256922 7.031369 0.617819 29328473817
7.198082 7.001948 0.735499 29328498831
7.256922 7.041175 0.382459 29328523810
7.256922 7.001948 0.480526 29328548827
7.266728 7.070595 0.519753 29328573825
