12.582500 -3.972500 -2.047500 29325075582
12.582500 -2.677500 -2.485000 29325100715
8.050000 -0.035000 -3.255000 29325125600
-1.365000 0.945000 -0.612500 29325150606
-5.372500 -1.802500 -0.280000 29325175598
0.490000 -1.540000 -0.315000 29325200603
0.402500 -0.665000 -0.665000 29325225721
0.892500 -0.770000 -0.227500 29325250722
0.140000 0.140000 -1.697500 29325275718
1.137500 -5.827500 -6.212500 29325300743
3.990000 -6.020000 -7.262500 29325326073
4.392500 -7.717500 -7.122500 29325351072
4.585000 -10.185000 -9.415000 29325376055
7.332500 -7.892500 -11.445000 29325401012
10.535000 -3.587500 -13.160000 29325426057
7.017500 -4.060000 -15.557500 29325450924
8.872500 -9.275000 -16.782499 29325476077
8.382500 -8.242500 -16.730000 29325501024
6.615000 -4.707500 -21.647501 29325526062
7.490000 -8.347500 -19.827499 29325551014
7.000000 -0.192500 -15.417500 29325576055
8.015000 1.925000 -14.892500 29325601002
5.985000 -3.780000 -14.665000 29325626052
5.652500 -2.030000 -17.184999 29325651008
8.330000 -6.300000 -23.485001 29325676060
7.175000 -1.645000 -25.707500 29325701002
6.912500 16.607500 -27.790001 29325726054
5.617500 -6.195000 -60.777500 29325751007
18.357500 2.170000 -51.047501 29325776034
28.787500 24.832500 -20.475000 29325801003
36.592499 18.532499 -12.075000 29325826144
32.287498 20.650000 -11.462500 29325851011
27.072500 -36.715000 -20.352501 29325876103
16.590000 -25.112499 -30.309999 29325901006
24.587500 3.850000 -54.722500 29325926117
24.325001 112.699997 -76.230003 29325951004
65.800003 4.147500 -85.504997 29325976005
49.770000 -55.737499 -41.230000 29326001026
112.787498 -80.762497 -83.440002 29326026012
103.285004 -77.875000 -94.184998 29326051014
100.677498 12.722500 -29.330000 29326076029
112.385002 -2.397500 -8.452500 29326101001
113.294998 -101.815002 5.005000 29326126014
97.562500 -121.730003 4.182500 29326151013
99.050003 -99.224998 23.572500 29326176010
80.254997 -124.355003 35.822498 29326201007
115.745003 -111.370003 56.472500 29326226017
104.947502 -95.410004 80.044998 29326251006
100.992500 -100.205002 87.779999 29326276028
80.657501 -99.820000 96.845001 29326301009
54.285000 -73.027504 131.302505 29326326009
16.695000 -53.777500 150.937500 29326351002
2.695000 -32.900002 164.115005 29326376009
-11.795000 -24.027500 173.705002 29326401006
-31.272501 -5.372500 190.837494 29326426011
-44.345001 14.350000 240.240005 29326451011
-77.525002 14.332500 259.385010 29326476007
-110.355003 15.015000 256.235016 29326501019
-116.270004 30.940001 259.035004 29326526014
-120.487503 61.599998 295.225006 29326551012
-116.742500 125.754997 328.842499 29326576009
-107.169998 225.085007 334.179993 29326601047
-78.522499 254.677505 343.209991 29326626015
-65.029999 189.297501 353.727509 29326651049
-66.220001 180.932495 353.010010 29326675992
-59.639999 146.492508 332.255005 29326701033
-64.224998 40.932499 255.797501 29326725995
-65.065002 29.505001 231.157501 29326751033
-45.062500 42.157501 232.487503 29326775993
-46.672501 14.525000 220.727509 29326801033
-59.587502 -16.222500 198.274994 29326825992
-58.869999 -22.487499 174.142502 29326851035
-44.764999 -28.437500 165.987503 29326875992
-63.070000 -38.884998 161.682495 29326901030
-82.127502 -56.542500 142.292496 29326925995
-72.660004 -46.340000 131.652496 29326951031
-45.832500 -45.447498 122.657501 29326976008
-29.365000 -27.142500 119.122498 29327001031
-17.745001 -27.160000 110.232498 29327025994
5.145000 -58.222500 96.180000 29327051038
13.090000 -50.977501 96.127502 29327075994
5.950000 -20.842501 87.989998 29327101035
5.565000 -17.745001 73.517502 29327125994
1.155000 -38.185001 51.327499 29327151034
-3.220000 -10.255000 33.564999 29327176039
6.842500 8.312500 28.630001 29327201035
14.280000 8.662500 27.737499 29327226051
15.277500 26.040001 5.145000 29327251032
-6.107500 16.065001 -1.872500 29327276045
-48.562500 -11.112500 -17.710001 29327301036
-19.442499 10.675000 -17.447500 29327326041
-15.312500 28.035000 1.995000 29327351038
-6.545000 42.314999 15.680000 29327376036
-4.322500 58.660000 17.447500 29327401030
0.595000 47.057499 18.392500 29327426037
0.210000 32.165001 12.530000 29327451035
-0.805000 24.762501 10.937500 29327476035
0.892500 6.317500 15.732500 29327501036
6.020000 13.300000 21.017500 29327526026
8.540000 33.075001 16.852501 29327551057
6.860000 -10.430000 2.100000 29327576049
-3.167500 0.595000 -4.357500 29327601043
-5.547500 28.717501 -0.017500 29327626036
11.620000 29.627501 4.165000 29327651041
13.842500 28.612499 2.835000 29327676033
12.845000 16.642500 1.942500 29327701037
8.855000 7.210000 -1.925000 29327726039
8.295000 3.902500 -3.220000 29327751037
5.267500 -0.437500 -5.722500 29327776038
1.557500 -0.017500 -5.302500 29327801032
0.805000 7.420000 -0.402500 29327826046
4.077500 3.675000 2.187500 29327851040
3.762500 3.727500 2.852500 29327876036
2.450000 9.310000 2.152500 29327901034
1.172500 7.175000 -4.025000 29327926038
-2.485000 1.960000 -8.085000 29327951034
-5.810000 2.555000 -6.160000 29327976034
-3.552500 -0.210000 -8.172500 29328001032
-1.925000 1.015000 -7.315000 29328026036
-1.067500 13.475000 -3.885000 29328051034
1.872500 15.680000 -2.135000 29328076159
1.645000 4.795000 -2.747500 29328101048
0.070000 4.200000 -1.382500 29328126045
-0.560000 -2.817500 -3.675000 29328151034
-2.747500 -5.057500 -2.887500 29328176043
-2.187500 -3.902500 -1.207500 29328201039
-3.885000 -0.840000 -1.837500 29328226046
-4.305000 -3.290000 -4.497500 29328251038
-4.637500 -4.025000 -5.600000 29328276042
-3.097500 3.605000 -0.595000 29328301039
-0.210000 6.475000 2.012500 29328326039
1.767500 -0.227500 -2.870000 29328351052
1.470000 0.980000 -3.115000 29328376044
1.575000 1.172500 -2.677500 29328401037
2.467500 -0.700000 -1.207500 29328426039
-0.455000 3.150000 2.922500 29328451035
-0.927500 1.400000 1.557500 29328476039
-0.647500 -8.452500 -2.310000 29328501038
-2.327500 -9.887500 -3.185000 29328525994
-3.850000 -0.892500 -1.365000 29328551043
-3.167500 -2.537500 -1.452500 29328576041
