-0.049033 0.098067 -10.532343 9656986416
-0.049033 0.186326 -10.561764 9657011412
-0.049033 0.196133 -10.551956 9657036405
0.009807 0.205940 -10.542150 9657061413
0.049033 0.245166 -10.748089 9657086409
0.058840 0.284393 -10.689250 9657111408
0.147100 0.254973 -10.630409 9657136405
0.284393 0.215746 -10.963836 9657161409
0.186326 0.578592 -11.218809 9657186411
0.058840 0.647239 -11.248228 9657211411
-0.078453 0.804145 -11.209002 9657236415
-0.284393 1.186605 -11.542429 9657261411
-0.254973 1.304285 -11.581655 9657286412
-0.186326 1.863264 -12.081794 9657311412
-0.156906 1.853457 -12.003341 9657336412
-0.362846 2.579149 -11.159969 9657361417
-0.470719 3.108708 -10.228337 9657386415
-0.558979 3.295035 -9.443805 9657411419
-0.725692 3.981500 -8.982893 9657436408
-1.196411 5.540758 -8.414106 9657461412
-1.441578 6.001670 -7.404021 9657486402
-1.686744 6.854849 -6.854849 9657511399
-1.716164 7.325568 -6.835236 9657536437
-1.333705 8.119907 -5.697665 9657561416
-0.970859 8.227780 -5.079845 9657586402
-0.872792 8.355267 -4.609126 9657611415
-0.392266 8.757339 -4.658159 9657636409
0.323619 9.277092 -3.618654 9657661410
0.402073 9.600712 -3.383295 9657686406
0.657046 9.433999 -2.206496 9657711415
0.529559 9.512452 -0.862985 9657736414
0.735499 9.620325 -0.186326 9657761410
0.549172 9.483032 0.304006 9657786395
0.647239 9.659552 0.215746 9657811409
0.637432 9.679165 0.186326 9657836414
0.480526 9.836071 0.558979 9657861408
0.402073 9.718391 0.568786 9657886398
0.411879 9.659552 0.509946 9657911411
0.460913 9.796844 0.343233 9657936410
0.715886 9.894911 0.049033 9657961411
0.764919 10.120463 -0.147100 9657986402
0.686466 10.071430 0.009807 9658011410
0.372653 9.787038 0.676659 9658036410
0.608012 9.855684 0.205940 9658061411
0.813952 10.002784 -0.156906 9658086397
0.853179 10.022397 -0.156906 9658111404
0.539366 9.845878 0.362846 9658136414
0.558979 9.738005 0.382459 9658161410
0.745305 9.767425 0.088260 9658186403
0.813952 9.816459 -0.166713 9658211411
0.333426 9.561485 0.294200 9658236422
0.205940 9.384965 0.068647 9658261426
0.608012 9.532065 -1.068925 9658286399
0.902212 9.708585 -1.765197 9658311416
0.186326 9.306512 -1.166991 9658336413
-0.029420 9.139799 -1.775004 9658361418
0.117680 9.100572 -2.941995 9658386399
0.588399 9.031926 -3.961887 9658411420
-0.078453 8.698500 -3.765754 9658436409
0.078453 8.227780 -4.677773 9658461409
0.676659 7.933581 -6.070317 9658486399
0.843372 7.894354 -6.452776 9658511417
0.117680 6.531229 -6.658716 9658536417
0.490333 5.717278 -7.482475 9658561411
1.117958 5.354432 -8.737726 9658586403
-0.019613 4.854292 -9.228059 9658611420
-0.147100 4.010921 -9.679165 9658636418
0.411879 3.324455 -10.365630 9658661417
0.578592 2.696829 -10.875576 9658686405
0.137293 1.431771 -10.404857 9658711415
0.117680 0.941439 -10.855963 9658736407
0.411879 0.186326 -11.032482 9658761417
0.558979 -0.745305 -10.669637 9658786401
0.235360 -1.304285 -10.748089 9658811424
0.245166 -1.922104 -10.620603 9658836413
0.343233 -2.598763 -10.287177 9658861411
0.500139 -2.883155 -10.198916 9658886401
0.666852 -3.804981 -9.934137 9658911413
0.627626 -4.314927 -9.757618 9658936414
0.509946 -4.717000 -9.463418 9658961417
0.323619 -5.070039 -9.159412 9658986396
0.441299 -5.825150 -8.914246 9659011421
0.578592 -5.991864 -8.875020 9659036417
0.598206 -6.276257 -8.845599 9659061408
0.666852 -6.845042 -8.325847 9659086403
0.637432 -7.541315 -7.247115 9659111398
0.951245 -7.717835 -7.158855 9659136400
1.078732 -7.953194 -6.570456 9659161404
1.137571 -8.188554 -6.384130 9659186416
1.059118 -8.904439 -4.991585 9659211405
1.098345 -9.120186 -4.285507 9659236414
1.206218 -9.139799 -4.344347 9659261415
1.333705 -9.610518 -3.961887 9659286417
1.049312 -9.679165 -3.402908 9659311407
0.823759 -9.590905 -2.775282 9659336412
0.784532 -9.414385 -2.510503 9659361396
0.882599 -9.443805 -2.383016 9659386410
0.882599 -9.581099 -1.824037 9659411408
0.833565 -9.639938 -1.931910 9659436405
0.804145 -9.414385 -1.824037 9659461407
0.774725 -9.845878 -0.598206 9659486416
0.980665 -9.924331 0.137293 9659511409
1.010085 -9.934137 -0.009807 9659536398
1.059118 -9.924331 -0.137293 9659561408
0.882599 -9.738005 -0.196133 9659586412
0.862985 -9.688972 0.176520 9659611400
0.470719 -9.796844 0.225553 9659636400
0.343233 -9.845878 0.284393 9659661405
0.274586 -9.826264 0.127486 9659686413
0.284393 -9.845878 0.284393 9659711398
0.421686 -9.777231 0.745305 9659736403
0.402073 -9.718391 0.539366 9659761406
0.372653 -9.708585 0.931632 9659786409
0.333426 -9.620325 0.882599 9659811406
0.235360 -9.561485 0.951245 9659836410
