-0.297500 0.402500 4.060000 9657022974
-0.315000 0.367500 3.657500 9657047974
-1.330000 -1.365000 3.062500 9657072971
-0.962500 4.690000 3.937500 9657097971
-2.205000 3.692500 2.730000 9657122974
-5.145000 -4.672500 -4.060000 9657147975
-8.277500 -14.980000 -11.305000 9657172972
-14.980000 -15.137500 -11.252500 9657197974
-25.637501 -14.437500 -8.522500 9657222972
-43.872501 -22.277500 -9.432500 9657247974
-60.410000 -26.792500 -11.585000 9657272974
-86.555000 -36.592499 -16.152500 9657297977
-116.340004 -21.350000 -11.900000 9657322970
-142.677505 13.422500 -5.372500 9657347973
-165.725006 13.142500 -3.640000 9657372974
-183.645004 -6.405000 1.295000 9657397971
-212.992508 -36.837502 0.420000 9657422975
-237.264999 -49.997501 12.547500 9657447971
-255.552505 -71.067497 42.770000 9657472974
-256.130005 -94.709999 49.665001 9657497974
-244.615005 -101.430000 53.514999 9657522972
-222.477509 -43.557499 67.095001 9657547992
-163.240005 6.002500 56.717499 9657572973
-135.082504 38.395000 48.352501 9657597970
-127.084999 35.647499 49.700001 9657622971
-140.857498 41.965000 52.902500 9657647972
-159.949997 38.132500 49.420002 9657672976
-177.485001 56.612499 41.282501 9657697972
-162.102493 66.727501 29.207500 9657722971
-126.105003 47.232502 17.184999 9657747975
-74.602501 40.162498 9.765000 9657772973
-68.775002 18.882500 -8.102500 9657797973
-48.422501 24.674999 -4.340000 9657822975
-24.762501 25.760000 -4.497500 9657847972
-22.049999 29.330000 4.042500 9657872971
-10.745000 23.852501 8.365000 9657897972
2.467500 8.890000 -2.257500 9657922972
-0.105000 9.747500 -0.245000 9657947973
9.467500 6.142500 -1.767500 9657972972
3.657500 4.550000 -3.342500 9657997972
-7.945000 4.007500 -2.467500 9658022973
-7.175000 -2.380000 2.625000 9658047971
13.300000 -10.010000 -5.197500 9658072973
11.392500 -7.752500 -9.047500 9658097973
2.327500 2.992500 -2.607500 9658122972
4.305000 1.015000 0.910000 9658147972
15.295000 -6.422500 -0.105000 9658172971
26.722500 -5.057500 -3.500000 9658197971
45.167500 0.560000 -4.112500 9658222974
51.117500 -2.135000 3.097500 9658247973
81.882500 -19.267500 -1.015000 9658272973
104.264999 -18.392500 -8.907500 9658297975
104.737503 -3.937500 -10.412500 9658322979
106.644997 -11.567500 -7.017500 9658347976
132.789993 -33.057499 -4.340000 9658372974
161.279999 -26.355000 -8.890000 9658397970
158.445007 -1.225000 -3.535000 9658422975
150.167496 -8.767500 18.322500 9658447971
186.287506 -32.637501 13.492500 9658472975
190.137497 -25.585001 2.047500 9658497973
175.979996 39.742500 36.084999 9658522975
214.217499 21.297501 36.872501 9658547973
229.967499 -65.922501 -6.422500 9658572972
198.572495 -34.282501 -5.635000 9658597968
215.302505 8.172500 10.465000 9658622970
227.132507 -35.139999 9.677500 9658647971
212.222504 -35.507500 -7.472500 9658672971
183.627502 22.732500 12.285000 9658697969
205.712494 13.160000 13.317500 9658722972
210.699997 -20.142500 1.522500 9658747971
174.755005 9.257500 8.365000 9658772972
173.005005 23.905001 9.380000 9658797970
185.097504 4.935000 1.750000 9658822968
168.297501 12.040000 7.245000 9658847968
152.145004 9.292500 -0.472500 9658872976
151.637497 12.320000 -3.675000 9658897970
140.664993 17.202499 -6.842500 9658922968
136.307495 25.182501 -3.815000 9658947968
138.267502 21.052500 -1.627500 9658972972
139.947495 11.935000 -3.937500 9658997970
138.197495 8.995000 -2.257500 9659022969
142.940002 17.990000 0.892500 9659047970
137.059998 27.702499 3.115000 9659072971
130.690002 27.702499 3.972500 9659097968
134.645004 16.065001 5.022500 9659122976
138.705002 15.592500 9.415000 9659148012
133.892502 15.767500 6.335000 9659172969
126.227501 20.912500 3.605000 9659198025
120.487503 19.320000 8.767500 9659223023
127.242500 -7.700000 8.190000 9659248028
130.847504 -5.005000 3.342500 9659272978
119.489998 11.340000 -5.757500 9659298014
103.879997 15.715000 -7.472500 9659322988
101.815002 9.082500 -5.512500 9659347978
92.925003 -13.825000 -1.785000 9659372976
83.790001 -11.375000 0.822500 9659397972
69.492500 -17.552500 0.787500 9659422973
62.842499 -15.627501 -1.085000 9659447969
50.189999 -12.775000 4.322500 9659472974
34.527500 -11.200000 12.512500 9659497972
28.735001 -23.467501 13.212500 9659522974
41.334999 -14.892500 19.040001 9659547973
53.567501 -20.772501 17.132500 9659572967
54.022499 -15.662500 12.337500 9659597970
51.327499 -20.212500 14.927500 9659622969
51.904999 -14.035000 19.180000 9659647971
48.369999 -15.277500 24.674999 9659672969
42.052502 -10.220000 22.837500 9659697970
34.982502 -8.207500 20.632500 9659722969
28.420000 -7.770000 11.585000 9659747972
18.987499 -0.332500 2.817500 9659772971
9.100000 0.665000 -1.907500 9659797970
5.827500 2.222500 -3.307500 9659822969
1.120000 1.907500 -0.822500 9659847968
-0.105000 -2.677500 -1.382500 9659872967
