-1.380000 -0.660000 5.700000 9657006328
-1.140000 -1.020000 5.340000 9657030808
-1.200000 -0.840000 5.520000 9657055889
-1.380000 -0.900000 5.220000 9657080807
-1.500000 -0.660000 5.340000 9657106010
-1.800000 -1.200000 5.640000 9657130802
-1.320000 -0.720000 5.640000 9657155889
-1.320000 -0.720000 5.520000 9657180799
-1.320000 -1.080000 5.280000 9657205986
-1.260000 -0.900000 5.700000 9657230810
-1.380000 -1.260000 5.940000 9657256169
-1.380000 -1.500000 5.580000 9657280814
-1.500000 -1.620000 5.940000 9657305990
-1.380000 -1.860000 6.300000 9657330801
-1.320000 -1.800000 6.600000 9657355898
-1.320000 -2.280000 6.960000 9657380824
-0.720000 -3.000000 7.200000 9657406053
-0.960000 -3.600000 7.680000 9657430810
-0.900000 -4.260000 7.380000 9657456045
-0.840000 -4.440000 7.560000 9657480819
-0.180000 -5.220000 7.380000 9657506416
-0.360000 -5.760000 7.320000 9657530803
-0.180000 -6.300000 7.260000 9657555956
-0.420000 -6.540000 7.500000 9657580664
-0.120000 -6.960000 7.440000 9657605987
-0.360000 -6.960000 6.840000 9657630684
-0.600000 -7.560000 7.200000 9657655895
-0.720000 -8.520000 6.960000 9657680669
-1.140000 -8.580000 6.780000 9657705976
-1.200000 -8.880000 6.960000 9657730672
-1.140000 -9.179999 6.660000 9657756186
-1.260000 -9.300000 6.660000 9657780662
-1.260000 -9.300000 6.300000 9657805982
-1.440000 -9.000000 6.360000 9657830654
-1.500000 -9.420000 5.940000 9657855889
-1.740000 -9.660000 6.300000 9657880656
-1.380000 -9.420000 6.060000 9657905998
-1.680000 -9.240000 6.120000 9657930658
-1.560000 -9.120000 6.360000 9657955894
-1.560000 -9.000000 6.000000 9657980678
-1.620000 -9.420000 5.940000 9658006296
-1.800000 -9.240000 6.240000 9658030659
-1.440000 -9.120000 6.360000 9658055898
-1.620000 -9.059999 6.300000 9658080652
-1.080000 -9.120000 6.600000 9658105972
-1.620000 -9.420000 5.940000 9658130650
-1.740000 -8.940000 6.300000 9658155913
-1.440000 -8.880000 6.240000 9658180662
-1.380000 -9.059999 6.180000 9658205967
-1.380000 -8.940000 6.420000 9658230668
-1.620000 -8.820000 6.540000 9658256328
-1.500000 -8.460000 6.660000 9658280663
-1.500000 -8.340000 7.020000 9658305999
-1.500000 -7.860000 7.260000 9658330673
-1.440000 -7.680000 7.080000 9658355869
-1.380000 -7.380000 7.140000 9658380661
-1.200000 -6.960000 7.200000 9658405992
-1.320000 -6.360000 7.320000 9658430679
-1.500000 -6.180000 7.260000 9658455911
-1.500000 -5.460000 7.500000 9658480682
-1.140000 -5.460000 7.620000 9658506134
-1.320000 -4.440000 7.560000 9658530678
-1.200000 -4.080000 7.440000 9658555918
-1.320000 -3.720000 7.440000 9658580657
-0.900000 -3.180000 6.900000 9658605992
-1.200000 -2.640000 6.960000 9658630657
-1.140000 -2.460000 6.300000 9658655909
-0.900000 -1.740000 6.180000 9658680687
-1.200000 -1.560000 6.120000 9658705985
-0.900000 -1.140000 5.820000 9658730672
-0.900000 -0.900000 5.100000 9658756048
-1.140000 -0.780000 5.220000 9658780663
-0.840000 -0.240000 4.440000 9658805994
-1.080000 -0.240000 4.080000 9658830659
-1.200000 -0.240000 4.200000 9658855897
-1.080000 -0.240000 3.720000 9658880668
-1.140000 0.180000 3.660000 9658905991
-1.200000 0.360000 3.120000 9658930654
-0.840000 0.480000 3.000000 9658955953
-1.020000 0.180000 2.700000 9658980668
-1.200000 0.240000 2.400000 9659006142
-1.020000 0.540000 1.740000 9659030662
-1.200000 0.600000 1.200000 9659055917
-1.020000 0.300000 1.380000 9659080656
-1.200000 0.240000 0.720000 9659105973
-1.020000 0.060000 0.780000 9659130664
-1.140000 0.060000 0.300000 9659155885
-1.260000 0.180000 -0.300000 9659180785
-1.080000 0.120000 -0.720000 9659206006
-0.840000 -0.600000 -0.840000 9659230796
-1.260000 -0.780000 -0.900000 9659256064
-1.080000 -0.360000 -1.320000 9659280684
-1.020000 -1.020000 -1.500000 9659305990
-0.960000 -1.200000 -1.320000 9659330723
-0.660000 -0.900000 -1.980000 9659355939
-1.200000 -1.200000 -2.160000 9659380661
-1.200000 -1.560000 -2.160000 9659405768
-0.840000 -1.440000 -2.280000 9659430424
-1.020000 -1.620000 -2.460000 9659455663
-0.780000 -1.620000 -2.460000 9659480450
-1.020000 -1.860000 -2.460000 9659505765
-1.080000 -1.800000 -2.640000 9659530431
-0.840000 -1.800000 -2.520000 9659555672
-1.200000 -1.920000 -2.520000 9659580424
-1.080000 -2.160000 -2.640000 9659605743
-1.140000 -2.220000 -3.060000 9659630424
-1.260000 -2.340000 -2.940000 9659655668
-0.780000 -2.220000 -2.820000 9659680417
-1.020000 -2.220000 -3.180000 9659705735
-0.840000 -2.520000 -2.640000 9659730447
-1.320000 -2.640000 -3.000000 9659755677
-1.200000 -2.280000 -3.000000 9659780430
-1.200000 -2.760000 -3.240000 9659805731
-0.960000 -2.760000 -3.000000 9659830425
-0.900000 -2.580000 -2.940000 9659855675
