0.000000 9656986416
0.000000 9657011412
0.000000 9657036405
0.000000 9657061413
0.000000 9657086409
0.000000 9657111408
0.000000 9657136405
0.000000 9657161409
0.000000 9657186411
0.000000 9657211411
0.000000 9657236415
0.000000 9657261411
0.000000 9657286412
0.000000 9657311412
0.000000 9657336412
0.000000 9657361417
0.000000 9657386415
0.000000 9657411419
0.000000 9657436408
0.000000 9657461412
0.000000 9657486402
0.000000 9657511399
0.000000 9657536437
0.000000 9657561416
0.000000 9657586402
0.000000 9657611415
0.000000 9657636409
0.000000 9657661410
0.000000 9657686406
0.000000 9657711415
0.000000 9657736414
0.000000 9657761410
0.000000 9657786395
0.000000 9657811409
0.000000 9657836414
0.000000 9657861408
0.000000 9657886398
0.000000 9657911411
0.000000 9657936410
0.000000 9657961411
0.000000 9657986402
0.000000 9658011410
0.000000 9658036410
0.000000 9658061411
0.000000 9658086397
0.000000 9658111404
0.000000 9658136414
0.000000 9658161410
0.000000 9658186403
0.000000 9658211411
0.000000 9658236422
0.000000 9658261426
0.000000 9658286399
0.000000 9658311416
0.000000 9658336413
0.000000 9658361418
0.000000 9658386399
0.000000 9658411420
0.000000 9658436409
0.000000 9658461409
0.000000 9658486399
0.000000 9658511417
0.000000 9658536417
0.000000 9658561411
0.000000 9658586403
0.000000 9658611420
0.000000 9658636418
0.000000 9658661417
0.000000 9658686405
0.000000 9658711415
0.000000 9658736407
0.000000 9658761417
0.000000 9658786401
0.000000 9658811424
0.000000 9658836413
0.000000 9658861411
0.000000 9658886401
0.000000 9658911413
0.000000 9658936414
0.000000 9658961417
0.000000 9658986396
0.000000 9659011421
0.000000 9659036417
0.000000 9659061408
0.000000 9659086403
0.000000 9659111398
0.000000 9659136400
0.000000 9659161404
0.000000 9659186416
0.000000 9659211405
0.000000 9659236414
0.000000 9659261415
0.000000 9659286417
0.000000 9659311407
0.000000 9659336412
0.000000 9659361396
0.000000 9659386410
0.000000 9659411408
0.000000 9659436405
0.000000 9659461407
0.000000 9659486416
0.000000 9659511409
0.000000 9659536398
0.000000 9659561408
0.000000 9659586412
0.000000 9659611400
0.000000 9659636400
0.000000 9659661405
0.000000 9659686413
0.000000 9659711398
0.000000 9659736403
0.000000 9659761406
0.000000 9659786409
0.000000 9659811406
0.000000 9659836410
