0.127486 0.078453 9.483032 16150747811
0.117680 0.058840 9.522259 16150772807
0.147100 0.058840 9.522259 16150797826
0.117680 0.058840 9.512452 16150822799
0.117680 0.068647 9.522259 16150847805
0.117680 0.078453 9.541871 16150872799
0.137293 0.078453 9.512452 16150897831
0.166713 0.049033 9.522259 16150922827
0.176520 0.078453 9.561485 16150947804
0.186326 0.078453 9.541871 16150972798
0.186326 0.068647 9.541871 16150997821
0.215746 0.068647 9.541871 16151022799
0.284393 0.088260 9.375159 16151047817
0.343233 0.137293 9.424192 16151072814
0.205940 0.058840 9.483032 16151097827
0.196133 0.058840 9.453611 16151122820
0.176520 0.049033 9.483032 16151147806
0.176520 0.078453 9.512452 16151172812
0.186326 0.068647 9.502645 16151197817
0.186326 0.068647 9.561485 16151222816
0.166713 0.088260 9.571292 16151247809
0.156906 0.078453 9.620325 16151272810
0.176520 0.088260 9.590905 16151297831
0.166713 0.098067 9.532065 16151322809
0.166713 0.068647 9.532065 16151347800
0.215746 0.068647 9.463418 16151372822
0.186326 0.058840 9.571292 16151397829
-0.147100 -0.068647 9.581099 16151422814
-0.019613 -0.019613 9.610518 16151447815
0.107873 0.068647 9.443805 16151472850
0.127486 0.078453 9.512452 16151497823
0.156906 0.058840 9.492838 16151522840
0.147100 0.029420 9.483032 16151547811
0.156906 0.049033 9.512452 16151572830
0.127486 0.039227 9.522259 16151597826
0.127486 -0.068647 9.600712 16151622801
0.098067 0.019613 9.590905 16151647814
0.078453 -0.078453 9.561485 16151673598
-0.039227 -0.039227 9.581099 16151697841
-0.009807 0.039227 9.502645 16151722896
0.088260 0.029420 9.541871 16151747820
0.215746 0.009807 9.492838 16151772821
0.156906 0.078453 9.541871 16151797827
0.137293 0.049033 9.483032 16151822822
0.264780 0.009807 9.600712 16151847831
0.147100 0.019613 9.532065 16151872819
0.068647 0.147100 9.532065 16151897816
0.058840 0.088260 9.630132 16151922832
0.039227 0.039227 9.620325 16151947815
0.117680 -0.098067 9.630132 16151972827
-0.019613 -0.019613 9.590905 16151997809
-0.117680 -0.058840 9.473226 16152022792
0.039227 0.098067 9.541871 16152047817
0.166713 0.156906 9.463418 16152072811
0.264780 0.156906 9.443805 16152097832
0.353039 0.166713 9.551678 16152123077
0.245166 0.264780 9.522259 16152147820
0.225553 0.235360 9.581099 16152172817
0.166713 0.156906 9.541871 16152197822
0.098067 0.137293 9.473226 16152222846
0.186326 0.068647 9.590905 16152247790
0.176520 0.088260 9.502645 16152272829
0.166713 0.098067 9.590905 16152297828
0.127486 0.049033 9.551678 16152322831
0.098067 0.019613 9.532065 16152347815
0.137293 -0.019613 9.581099 16152372814
0.137293 0.068647 9.590905 16152397829
0.098067 0.049033 9.532065 16152422831
0.039227 0.049033 9.522259 16152447829
0.058840 0.009807 9.512452 16152472834
0.088260 0.058840 9.561485 16152497814
0.068647 0.068647 9.590905 16152522813
0.068647 0.068647 9.590905 16152547809
-0.039227 0.137293 9.532065 16152572824
-0.137293 0.117680 9.561485 16152597827
-0.019613 0.176520 9.551678 16152622800
-0.039227 0.156906 9.522259 16152647817
0.039227 0.205940 9.473226 16152672822
0.088260 0.147100 9.502645 16152697833
0.049033 0.117680 9.551678 16152722818
0.049033 0.088260 9.590905 16152747797
0.039227 0.166713 9.551678 16152772829
0.186326 0.117680 9.532065 16152797838
0.156906 0.147100 9.522259 16152822816
0.098067 0.107873 9.581099 16152847818
0.147100 0.078453 9.541871 16152872813
0.205940 0.029420 9.551678 16152897818
0.205940 0.058840 9.610518 16152922821
0.166713 0.147100 9.541871 16152947808
0.127486 0.147100 9.571292 16152972936
0.117680 0.049033 9.600712 16152997824
0.078453 0.117680 9.571292 16153022820
0.009807 0.127486 9.571292 16153047808
0.029420 0.049033 9.502645 16153072823
0.029420 0.068647 9.610518 16153097806
-0.029420 0.098067 9.571292 16153122808
0.117680 0.205940 9.698778 16153147815
0.078453 0.127486 9.581099 16153172818
0.058840 0.098067 9.522259 16153197809
0.049033 0.049033 9.551678 16153222803
0.009807 0.078453 9.581099 16153247813
-0.039227 0.196133 9.512452 16153272819
0.009807 0.137293 9.512452 16153297830
-0.019613 0.078453 9.492838 16153322799
-0.068647 0.039227 9.532065 16153347853
-0.019613 0.039227 9.502645 16153372821
0.068647 0.039227 9.541871 16153397839
0.009807 0.088260 9.502645 16153422821
-0.009807 0.088260 9.532065 16153447816
-0.019613 0.117680 9.502645 16153472831
0.137293 0.205940 9.541871 16153497824
0.323619 0.274586 9.532065 16153522814
0.147100 0.137293 9.551678 16153547812
0.078453 0.137293 9.620325 16153572820
0.058840 0.068647 9.590905 16153597825
0.107873 0.117680 9.581099 16153622818
0.196133 0.137293 9.532065 16153647800
0.166713 0.078453 9.532065 16153672824
0.107873 0.088260 9.492838 16153697826
0.068647 0.078453 9.541871 16153722815
0.117680 0.039227 9.610518 16153747816
0.068647 0.088260 9.541871 16153772805
0.019613 0.176520 9.561485 16153797839
0.049033 0.117680 9.492838 16153822810
0.039227 0.147100 9.473226 16153847810
0.039227 0.147100 9.492838 16153872800
0.019613 0.117680 9.541871 16153897812
0.058840 0.039227 9.571292 16153922825
0.107873 0.029420 9.502645 16153947801
0.117680 0.058840 9.532065 16153972820
0.147100 0.019613 9.581099 16153997810
0.107873 0.068647 9.522259 16154022817
0.137293 0.049033 9.512452 16154047812
0.127486 0.068647 9.561485 16154072831
0.058840 0.196133 9.463418 16154097822
0.019613 0.254973 9.492838 16154122814
0.019613 0.264780 9.453611 16154147810
0.068647 0.196133 9.571292 16154172815
0.068647 0.068647 9.600712 16154197818
0.117680 0.049033 9.590905 16154222817
0.235360 -0.009807 9.600712 16154247811
0.254973 -0.029420 9.600712 16154272824
0.196133 0.166713 9.541871 16154297818
0.156906 0.147100 9.600712 16154322816
0.088260 0.225553 9.600712 16154347814
0.166713 0.117680 9.522259 16154372822
0.147100 0.137293 9.424192 16154397820
0.166713 0.078453 9.375159 16154422814
0.196133 -0.049033 9.483032 16154447810
-0.039227 -0.274586 9.463418 16154472820
0.068647 0.107873 9.424192 16154497822
0.529559 0.598206 9.159412 16154522802
0.578592 0.382459 9.708585 16154547814
0.323619 0.078453 9.100572 16154572810
0.411879 0.009807 9.071153 16154597805
0.343233 0.353039 9.277092 16154622798
0.274586 0.107873 9.473226 16154647807
0.225553 0.186326 9.502645 16154672810
0.235360 0.166713 9.492838 16154697904
0.264780 0.127486 9.483032 16154722813
0.235360 0.049033 9.620325 16154747821
0.215746 0.078453 9.561485 16154772809
0.205940 0.107873 9.492838 16154797833
0.245166 0.078453 9.433999 16154822797
0.343233 0.039227 9.463418 16154847808
0.294200 0.078453 9.473226 16154872803
0.264780 0.078453 9.433999 16154897818
0.294200 0.078453 9.532065 16154922816
0.264780 0.068647 9.463418 16154947830
0.304006 0.068647 9.502645 16154972810
0.284393 0.049033 9.463418 16154997821
0.294200 0.029420 9.532065 16155022806
0.235360 0.049033 9.532065 16155047821
0.196133 0.127486 9.502645 16155072809
0.196133 0.166713 9.541871 16155097828
0.166713 0.225553 9.443805 16155122828
0.215746 0.107873 9.581099 16155147804
0.186326 0.098067 9.502645 16155172806
0.196133 0.039227 9.483032 16155197817
0.205940 0.156906 9.522259 16155222808
0.205940 0.156906 9.522259 16155247812
0.215746 0.137293 9.581099 16155272816
0.215746 0.068647 9.708585 16155297824
0.215746 0.098067 9.571292 16155322805
0.225553 0.068647 9.483032 16155347816
0.382459 0.049033 8.345461 16155372824
-0.107873 0.186326 11.895468 16155397815
-0.058840 0.127486 10.797122 16155422817
-0.009807 0.088260 10.120463 16155447812
-0.009807 0.098067 9.816459 16155472807
0.029420 0.098067 9.581099 16155497811
0.049033 0.078453 9.551678 16155522818
0.039227 0.098067 9.522259 16155547841
0.039227 0.107873 9.522259 16155572821
0.029420 0.098067 9.512452 16155597816
-0.039227 0.098067 9.512452 16155622816
-0.068647 0.137293 9.551678 16155647799
-0.009807 0.117680 9.522259 16155672822
0.019613 0.127486 9.522259 16155697817
0.019613 0.117680 9.512452 16155722808
0.019613 0.137293 9.492838 16155747796
0.019613 0.127486 9.541871 16155772811
0.029420 0.107873 9.532065 16155797818
0.029420 0.088260 9.532065 16155822814
0.009807 0.107873 9.522259 16155847801
0.029420 0.058840 9.551678 16155872814
-0.009807 0.088260 9.522259 16155897808
-0.009807 0.068647 9.492838 16155922811
-0.009807 0.049033 9.541871 16155947797
-0.019613 0.078453 9.532065 16155972819
0.009807 0.098067 9.551678 16155997817
-0.009807 0.078453 9.502645 16156022813
0.284393 -0.058840 9.532065 16156047800
0.333426 -0.049033 9.551678 16156072806
0.284393 -0.029420 9.473226 16156097813
0.225553 0.019613 9.541871 16156122811
0.156906 -0.117680 9.512452 16156147800
0.039227 -0.117680 9.590905 16156172827
-0.019613 0.009807 9.551678 16156197797
-0.049033 0.098067 9.541871 16156222816
-0.049033 0.029420 9.522259 16156247807
-0.127486 0.078453 9.590905 16156272815
-0.049033 0.029420 9.453611 16156297806
0.029420 0.186326 9.639938 16156322810
0.039227 0.205940 9.630132 16156347805
0.039227 0.205940 9.581099 16156372813
-0.333426 -0.313813 9.581099 16156397826
-0.127486 0.117680 9.384965 16156422820
-0.029420 0.156906 9.541871 16156447817
-0.029420 0.088260 9.453611 16156472798
0.039227 0.039227 9.541871 16156497831
0.039227 0.127486 9.590905 16156522837
-0.058840 0.137293 9.541871 16156547812
-0.049033 0.176520 9.512452 16156572827
0.088260 0.049033 9.581099 16156597824
-0.009807 0.068647 9.512452 16156622823
0.009807 0.166713 9.492838 16156647813
-0.019613 0.166713 9.473226 16156672824
0.098067 0.009807 9.443805 16156697835
0.088260 0.107873 9.453611 16156722822
-0.029420 -0.029420 9.679165 16156747807
0.039227 0.009807 9.679165 16156772827
-0.088260 -0.078453 9.679165 16156797825
0.029420 0.156906 10.012591 16156822826
-0.215746 -0.098067 10.228337 16156847824
-0.176520 0.058840 9.738005 16156872812
-0.058840 0.166713 9.747811 16156897816
-0.039227 0.107873 9.659552 16156922827
-0.039227 -0.019613 9.679165 16156947812
0.029420 0.039227 9.551678 16156972832
0.049033 0.098067 9.532065 16156997829
0.039227 0.137293 9.532065 16157022824
0.009807 0.147100 9.571292 16157047816
-0.058840 -0.117680 9.581099 16157072817
-0.019613 -0.068647 9.541871 16157097831
-0.019613 0.019613 9.473226 16157122817
-0.019613 0.009807 9.541871 16157147806
-0.019613 0.039227 9.561485 16157172818
-0.009807 0.029420 9.571292 16157197825
-0.019613 0.058840 9.541871 16157222820
-0.019613 0.078453 9.581099 16157247809
0.009807 0.039227 9.532065 16157272823
0.009807 0.039227 9.532065 16157297836
0.009807 0.058840 9.532065 16157322828
0.009807 0.068647 9.453611 16157347817
0.529559 -0.294200 9.620325 16157372824
0.098067 -0.049033 9.698778 16157397848
0.088260 -0.068647 9.590905 16157422825
-0.009807 0.039227 9.522259 16157447809
-0.176520 0.039227 9.551678 16157472821
-0.058840 0.029420 9.571292 16157497812
0.068647 0.009807 9.551678 16157522828
-0.156906 -0.323619 9.865492 16157547809
-0.647239 -0.402073 9.630132 16157572822
-0.294200 -0.480526 9.630132 16157597814
-0.215746 -0.480526 9.473226 16157622822
-0.088260 0.009807 9.541871 16157647796
-0.127486 0.147100 9.551678 16157672826
-0.470719 -0.353039 9.267285 16157697816
0.068647 0.049033 9.443805 16157722819
0.117680 0.117680 9.453611 16157747796
0.117680 0.254973 9.433999 16157772829
0.107873 0.127486 9.522259 16157797824
0.068647 0.323619 9.541871 16157822826
0.156906 0.147100 9.522259 16157847819
0.068647 0.088260 9.541871 16157872815
0.029420 0.147100 9.541871 16157897797
-0.068647 0.068647 9.483032 16157922821
-0.068647 0.019613 9.463418 16157947807
-0.068647 0.019613 9.561485 16157972800
0.068647 0.068647 9.571292 16157997801
0.107873 0.078453 9.561485 16158022793
0.078453 0.058840 9.590905 16158047806
0.058840 0.019613 9.581099 16158072814
0.009807 0.049033 9.551678 16158097817
-0.009807 0.029420 9.581099 16158122823
-0.029420 -0.039227 9.561485 16158147800
-0.019613 0.019613 9.600712 16158172808
0.215746 -0.353039 9.659552 16158197799
-0.666852 2.804702 10.228337 16158222823
-0.147100 1.441578 9.963558 16158247808
0.009807 0.608012 9.649745 16158272812
0.147100 0.294200 9.561485 16158297810
0.166713 0.098067 9.590905 16158322827
0.156906 0.058840 9.590905 16158347801
0.215746 0.009807 9.561485 16158372822
0.137293 0.029420 9.541871 16158397809
0.107873 0.029420 9.581099 16158422823
0.088260 0.029420 9.551678 16158447805
0.107873 0.019613 9.463418 16158472825
0.107873 0.009807 9.541871 16158497814
0.088260 0.009807 9.541871 16158522824
0.068647 0.009807 9.512452 16158547774
0.039227 0.009807 9.502645 16158572818
0.049033 0.019613 9.600712 16158597821
0.039227 0.039227 9.561485 16158622813
0.088260 -0.019613 9.571292 16158647814
0.068647 0.009807 9.561485 16158672822
0.049033 -0.009807 9.473226 16158697792
0.284393 -0.284393 9.600712 16158722826
0.402073 -1.000278 9.708585 16158747804
-0.058840 -0.137293 9.659552 16158772797
-0.166713 0.294200 9.541871 16158797838
-0.137293 0.431493 9.551678 16158822828
-0.137293 0.343233 9.463418 16158847814
-0.039227 0.127486 9.561485 16158872818
0.068647 0.068647 9.590905 16158897904
-0.137293 0.078453 9.571292 16158922831
-0.098067 0.137293 9.532065 16158947802
-0.039227 0.098067 9.532065 16158972826
0.068647 0.009807 9.561485 16158998060
0.088260 -0.019613 9.463418 16159022825
0.058840 0.039227 9.512452 16159047808
0.058840 0.019613 9.532065 16159072814
-0.019613 0.029420 9.590905 16159097825
-0.039227 0.068647 9.522259 16159122802
-0.039227 0.068647 9.522259 16159147796
-0.019613 0.049033 9.571292 16159172808
-0.009807 0.088260 9.561485 16159197824
0.029420 0.049033 9.610518 16159222865
0.029420 0.098067 9.541871 16159247806
0.019613 0.088260 9.561485 16159272824
0.029420 0.029420 9.326125 16159297818
0.078453 -0.068647 9.483032 16159322820
0.205940 -0.156906 9.532065 16159347811
0.225553 -0.166713 9.512452 16159372814
0.215746 -0.117680 9.522259 16159397818
0.078453 -0.039227 9.512452 16159422813
-0.049033 0.019613 9.561485 16159447807
-0.068647 0.058840 9.522259 16159472869
-0.068647 0.137293 9.541871 16159497826
-0.009807 0.107873 9.532065 16159522859
0.098067 -0.009807 9.502645 16159547820
0.196133 -0.088260 9.502645 16159572813
0.156906 -0.068647 9.433999 16159597836
0.196133 -0.078453 9.502645 16159622816
0.205940 -0.058840 9.492838 16159647823
0.205940 0.147100 9.590905 16159672818
-0.029420 0.088260 9.522259 16159697837
-0.039227 0.039227 9.551678 16159722828
-0.019613 0.058840 9.571292 16159747829
0.029420 -0.019613 9.532065 16159772828
0.049033 0.009807 9.512452 16159797837
0.107873 -0.049033 9.561485 16159822816
0.117680 -0.098067 9.473226 16159847815
0.029420 0.009807 9.492838 16159872807
-0.088260 0.049033 9.522259 16159897821
-0.107873 0.019613 9.522259 16159922834
-0.215746 -0.029420 9.473226 16159947814
-0.029420 0.107873 9.541871 16159972823
0.039227 0.068647 9.561485 16159997831
0.009807 0.039227 9.522259 16160022824
0.009807 0.039227 9.502645 16160047816
0.029420 0.039227 9.522259 16160072795
0.068647 0.137293 9.512452 16160097814
0.068647 0.117680 9.541871 16160122813
0.029420 -0.176520 9.620325 16160147811
0.137293 -0.117680 9.669358 16160172826
0.176520 -0.117680 9.532065 16160197810
0.235360 0.127486 9.463418 16160222824
0.078453 0.107873 9.571292 16160247822
0.049033 0.029420 9.600712 16160272824
0.078453 0.088260 9.532065 16160297814
0.137293 0.107873 9.600712 16160322824
0.107873 0.117680 9.610518 16160347834
0.117680 0.029420 9.639938 16160372818
0.127486 0.009807 9.639938 16160397818
0.176520 0.009807 9.571292 16160422821
0.127486 -0.019613 9.600712 16160447813
0.107873 -0.019613 9.620325 16160472821
0.078453 0.009807 9.630132 16160497806
0.088260 -0.029420 9.561485 16160522818
0.039227 -0.019613 9.532065 16160547803
0.039227 -0.009807 9.483032 16160572825
0.088260 0.098067 9.659552 16160597819
0.127486 0.098067 9.688972 16160622822
0.117680 0.078453 9.600712 16160647810
0.098067 0.098067 9.463418 16160672820
0.068647 0.058840 9.424192 16160697820
0.049033 0.009807 9.394772 16160722824
0.078453 0.019613 9.463418 16160747838
0.127486 -0.009807 9.306512 16160772822
0.107873 -0.049033 9.463418 16160797806
0.127486 -0.049033 9.894911 16160822807
0.127486 0.009807 9.688972 16160847808
0.117680 0.127486 9.894911 16160872808
0.147100 0.049033 9.649745 16160897806
0.107873 0.049033 9.610518 16160922817
0.098067 0.088260 9.483032 16160947807
0.098067 0.068647 9.375159 16160972815
0.088260 0.068647 9.669358 16160997797
0.088260 0.156906 9.894911 16161022820
0.068647 0.098067 9.738005 16161047805
0.039227 0.098067 9.610518 16161072817
0.039227 0.058840 9.610518 16161097795
0.068647 0.029420 9.610518 16161122813
0.049033 0.078453 9.590905 16161147803
0.029420 0.088260 9.551678 16161172821
0.009807 0.107873 9.541871 16161197798
0.039227 0.098067 9.522259 16161222818
0.088260 0.088260 9.571292 16161247796
0.098067 0.019613 9.502645 16161272822
0.058840 0.049033 9.532065 16161297795
0.078453 0.029420 9.522259 16161322813
-0.039227 0.039227 9.581099 16161347802
-0.049033 0.029420 9.571292 16161372810
0.009807 0.078453 9.532065 16161397803
0.078453 0.137293 9.541871 16161422816
0.117680 0.117680 9.532065 16161447795
0.107873 0.049033 9.561485 16161472810
0.088260 0.098067 9.522259 16161497809
0.147100 0.058840 9.502645 16161522804
0.107873 0.127486 9.708585 16161547809
0.137293 0.088260 9.571292 16161572799
0.166713 0.098067 9.590905 16161597802
0.098067 0.137293 9.561485 16161622804
0.127486 0.068647 9.502645 16161647803
0.147100 0.098067 9.620325 16161672807
0.166713 0.078453 9.600712 16161697806
0.009807 0.068647 9.551678 16161722807
0.078453 0.127486 9.522259 16161747805
0.068647 0.127486 9.502645 16161772803
0.098067 0.098067 9.581099 16161797788
0.068647 0.078453 9.502645 16161822820
0.068647 0.088260 9.571292 16161847803
0.088260 0.147100 9.561485 16161874663
0.078453 0.196133 9.561485 16161897802
0.029420 0.166713 9.561485 16161922809
0.039227 0.147100 9.600712 16161947820
0.029420 0.137293 9.532065 16161972809
0.117680 0.137293 9.483032 16161997803
0.127486 0.127486 9.473226 16162022806
0.127486 0.117680 9.541871 16162047789
0.117680 0.117680 9.532065 16162072794
0.137293 0.117680 9.551678 16162097804
0.127486 0.088260 9.522259 16162122807
0.117680 0.098067 9.561485 16162147800
0.137293 0.068647 9.532065 16162172809
0.098067 0.078453 9.541871 16162197802
0.098067 0.088260 9.541871 16162222810

