2.555000 -5.582500 -0.822500 16150774702
2.502500 -5.810000 -0.735000 16150799702
2.555000 -6.230000 -0.770000 16150824725
2.397500 -6.580000 -0.787500 16150849707
2.677500 -6.667500 -0.717500 16150874716
2.432500 -6.720000 -0.752500 16150899701
2.695000 -7.192500 -0.682500 16150924717
2.397500 -7.945000 -0.752500 16150949703
2.467500 -8.295000 -0.840000 16150974708
2.327500 -8.120000 -0.717500 16150999694
2.537500 -8.522500 -0.752500 16151024728
2.065000 -7.980000 -0.840000 16151049701
2.642500 -6.930000 0.402500 16151074698
2.432500 -6.317500 2.012500 16151099706
2.485000 -5.845000 -0.752500 16151124737
2.730000 -4.340000 -0.647500 16151149709
2.380000 -4.060000 -0.700000 16151174719
2.327500 -4.812500 -0.665000 16151199723
2.432500 -5.110000 -0.857500 16151224734
2.467500 -5.407500 -0.805000 16151249706
2.712500 -5.722500 -0.805000 16151274715
2.957500 -5.775000 -0.875000 16151299673
2.887500 -6.230000 -0.892500 16151324718
2.432500 -6.317500 -0.787500 16151349709
2.467500 -3.902500 -0.227500 16151374691
3.010000 -4.690000 18.987499 16151399704
2.730000 -5.880000 8.452500 16151424823
2.520000 -6.825000 -0.437500 16151449710
2.292500 -7.787500 -0.892500 16151474780
2.275000 -5.757500 -0.857500 16151499714
2.765000 -4.830000 -0.717500 16151524796
2.642500 -2.485000 -0.560000 16151549718
3.220000 -3.167500 -0.682500 16151574680
2.660000 -3.867500 -0.875000 16151599745
2.537500 -4.322500 -9.222500 16151624667
2.485000 -6.632500 -16.799999 16151649717
2.835000 -6.790000 -22.504999 16151676210
3.080000 -7.105000 -31.500000 16151699789
2.695000 -7.857500 -40.267502 16151725109
2.975000 -6.982500 -44.047501 16151749728
3.132500 -7.630000 -43.732502 16151775241
3.097500 -7.595000 -43.872501 16151799710
3.220000 -7.647500 -47.792500 16151824664
3.325000 -7.875000 -48.545002 16151849712
3.080000 -6.895000 -47.180000 16151874674
2.905000 -6.265000 -45.779999 16151899715
3.587500 -6.632500 -47.267502 16151924711
3.272500 -7.297500 -56.857502 16151949705
3.272500 -8.225000 -58.275002 16151974716
3.342500 -8.610000 -64.470001 16151999781
3.430000 -8.487500 -75.144997 16152024714
3.710000 -8.207500 -80.535004 16152049712
3.867500 -8.137500 -79.275002 16152074709
3.745000 -7.787500 -75.232498 16152099706
3.587500 -6.930000 -72.992500 16152124733
3.500000 -6.807500 -67.059998 16152149714
3.692500 -5.915000 -58.695000 16152174710
3.377500 -6.422500 -54.687500 16152199711
3.517500 -5.652500 -50.312500 16152224592
3.342500 -6.370000 -50.750000 16152249587
3.517500 -7.367500 -48.737499 16152274712
3.237500 -6.790000 -42.490002 16152299715
3.202500 -7.017500 -44.205002 16152324716
3.255000 -7.210000 -44.345001 16152349714
3.045000 -7.840000 -45.150002 16152374702
3.167500 -7.542500 -41.527500 16152399714
3.115000 -6.860000 -44.082500 16152424709
3.377500 -7.507500 -44.397499 16152449714
3.115000 -7.560000 -44.099998 16152474816
3.237500 -8.242500 -43.102501 16152499742
3.202500 -7.857500 -40.110001 16152524742
3.185000 -8.242500 -40.442501 16152549724
2.677500 -7.857500 -42.472500 16152574727
3.500000 -6.947500 -47.705002 16152599721
3.132500 -7.087500 -54.407501 16152624719
3.272500 -7.140000 -56.052502 16152649714
3.290000 -7.630000 -59.045002 16152674714
3.342500 -6.772500 -56.420002 16152699711
3.500000 -6.492500 -55.160000 16152724714
3.325000 -6.720000 -54.424999 16152749816
3.657500 -8.977500 -61.950001 16152774712
3.290000 -8.260000 -62.404999 16152799710
3.675000 -8.225000 -59.115002 16152824706
3.325000 -8.155000 -61.827499 16152849709
3.517500 -6.405000 -62.597500 16152874718
3.482500 -6.510000 -64.190002 16152899713
3.727500 -7.315000 -59.779999 16152924714
3.675000 -7.280000 -50.785000 16152949712
2.957500 -5.950000 -40.670002 16152974721
3.447500 -5.687500 -39.830002 16152999643
3.167500 -5.617500 -28.437500 16153024742
3.202500 -5.827500 -22.225000 16153049719
3.097500 -5.407500 -20.510000 16153074998
3.272500 -7.315000 -25.007500 16153099714
3.307500 -8.207500 -25.462500 16153124727
2.957500 -7.052500 -23.485001 16153149735
2.502500 -6.877500 -23.799999 16153174715
2.817500 -6.335000 -20.387501 16153199732
2.695000 -6.177500 -19.862499 16153224778
2.992500 -6.527500 -20.335001 16153249742
3.045000 -7.262500 -19.985001 16153274726
2.817500 -5.390000 -14.875000 16153299720
2.992500 -6.177500 -18.340000 16153324693
2.905000 -7.315000 -25.270000 16153349849
3.307500 -6.737500 -30.222500 16153374730
3.010000 -6.545000 -32.830002 16153399719
3.552500 -7.367500 -33.705002 16153424723
3.360000 -6.597500 -32.882500 16153449712
3.115000 -6.825000 -34.527500 16153474711
3.115000 -6.475000 -29.434999 16153499707
3.237500 -5.932500 -18.882500 16153524719
3.185000 -5.862500 -13.965000 16153549706
3.027500 -5.722500 -11.095000 16153574706
3.150000 -6.580000 -12.372500 16153599711
2.695000 -6.492500 -12.477500 16153624717
2.712500 -6.352500 -7.087500 16153649706
2.887500 -5.757500 -5.722500 16153674708
2.695000 -5.267500 -6.842500 16153699690
2.870000 -6.580000 -12.145000 16153724706
2.642500 -6.527500 -10.902500 16153749703
3.377500 -6.317500 -13.370000 16153774716
2.940000 -4.847500 -9.380000 16153799708
2.625000 -5.932500 -9.625000 16153824709
2.835000 -6.300000 -8.610000 16153849706
2.817500 -6.072500 -5.670000 16153874722
2.922500 -6.230000 -4.812500 16153899705
2.642500 -6.877500 -5.915000 16153924704
2.835000 -6.580000 -6.842500 16153949705
2.677500 -6.422500 -9.012500 16153974704
2.677500 -7.140000 -10.010000 16153999648
2.835000 -7.420000 -11.427500 16154024766
2.677500 -7.770000 -13.422500 16154049720
2.765000 -8.085000 -14.682500 16154074777
2.467500 -8.540000 -15.400000 16154099724
2.590000 -6.860000 -8.610000 16154124705
3.010000 -5.320000 -2.975000 16154149720
2.730000 -8.470000 -0.822500 16154174710
2.327500 -7.770000 -0.840000 16154199722
2.135000 -13.247500 -0.962500 16154224912
1.365000 -6.720000 -8.015000 16154249714
2.625000 -2.397500 -12.302500 16154274754
3.482500 -5.512500 -12.827500 16154299730
3.167500 -8.400000 -9.747500 16154324839
2.450000 -12.915000 -9.660000 16154349724
1.960000 -16.222500 -14.927500 16154374720
1.260000 -13.545000 -16.275000 16154399697
0.945000 -8.715000 -14.402500 16154424739
2.362500 -7.490000 -18.165001 16154449712
2.642500 -12.092500 -30.730000 16154474817
1.540000 -10.710000 -42.314999 16154499711
1.522500 -2.765000 -14.542500 16154524714
3.272500 5.075000 -1.750000 16154549719
5.127500 -12.722500 -18.532499 16154574717
1.505000 -6.212500 -20.562500 16154599713
2.677500 -0.420000 -13.247500 16154624713
3.640000 -6.107500 -5.932500 16154649719
2.922500 -7.122500 -6.930000 16154674728
2.572500 -6.002500 -2.957500 16154700141
2.747500 -4.970000 -1.645000 16154724809
2.922500 -6.195000 -3.692500 16154749759
2.642500 -8.505000 -4.917500 16154774699
2.240000 -7.140000 -1.452500 16154799711
2.537500 -6.177500 -0.927500 16154824711
2.730000 -5.530000 -0.752500 16154849703
2.520000 -5.827500 -0.805000 16154874771
2.607500 -4.830000 -0.927500 16154899701
2.747500 -5.285000 -8.067500 16154924719
2.800000 -8.662500 -23.415001 16154949745
2.292500 -5.722500 -22.312500 16154974749
2.800000 -5.057500 -21.332500 16154999720
2.572500 -4.060000 -19.844999 16155024725
2.730000 -6.387500 -20.930000 16155049719
2.625000 -6.335000 -20.370001 16155074696
2.660000 -4.707500 -17.307501 16155099706
2.940000 -4.025000 -9.082500 16155124728
3.027500 -6.160000 -8.522500 16155149713
3.097500 -9.152500 -11.340000 16155174699
2.310000 -6.335000 -9.747500 16155199705
2.940000 -5.740000 -7.385000 16155224756
2.730000 -4.620000 -2.152500 16155249751
2.870000 -6.965000 -0.962500 16155274736
2.257500 -9.275000 -0.962500 16155299744
2.135000 -10.027500 -1.015000 16155324710
1.732500 -10.850000 -0.612500 16155349720
1.872500 19.022501 -0.315000 16155374648
6.947500 -5.372500 -0.735000 16155399727
2.415000 -2.607500 -0.892500 16155424709
2.520000 -4.480000 -0.735000 16155449704
2.765000 -4.567500 -0.927500 16155474720
2.030000 -4.690000 -0.805000 16155499720
2.345000 -5.355000 -0.962500 16155524723
2.835000 -4.830000 -0.612500 16155549711
1.995000 -4.812500 -0.525000 16155574710
2.555000 -6.072500 -5.250000 16155599706
2.712500 -6.037500 -6.195000 16155624775
2.642500 -5.495000 -4.340000 16155649715
2.870000 -5.040000 -0.910000 16155674721
2.905000 -5.057500 -0.630000 16155699717
2.520000 -5.022500 -0.700000 16155724758
2.765000 -5.127500 -0.857500 16155750149
2.555000 -5.302500 -0.892500 16155774681
2.397500 -5.670000 -0.472500 16155799699
2.957500 -5.705000 -0.717500 16155824731
2.607500 -5.617500 -0.542500 16155849695
2.537500 -5.775000 -0.770000 16155874719
2.905000 -5.722500 -0.612500 16155899714
2.730000 -5.582500 -0.490000 16155924704
2.800000 -5.407500 -0.770000 16155949707
2.677500 -5.022500 -0.682500 16155974775
2.940000 -5.967500 -0.927500 16155999706
2.695000 -6.300000 -0.875000 16156024715
2.555000 -7.927500 -7.945000 16156049710
2.957500 -6.247500 -30.309999 16156074714
3.272500 -7.472500 -46.830002 16156099716
3.657500 -6.667500 -60.760002 16156124723
3.692500 -11.637500 -77.402504 16156149712
4.777500 -10.517500 -82.372498 16156174736
4.252500 -9.747500 -92.294998 16156199710
4.252500 -10.115000 -97.720001 16156224817
4.550000 -10.080000 -101.290001 16156249702
4.707500 -9.905000 -104.702499 16156274698
4.462500 -9.765000 -103.827499 16156299698
4.637500 -9.555000 -102.462502 16156324691
4.462500 -10.272500 -96.267502 16156349712
3.832500 -9.572500 -90.037498 16156374695
3.937500 -9.310000 -92.330002 16156399837
4.025000 -9.030000 -95.165001 16156424745
3.622500 -8.767500 -96.792503 16156449742
3.990000 -8.662500 -90.264999 16156474727
4.200000 -8.610000 -88.059998 16156499736
3.745000 -8.732500 -84.297501 16156524808
3.972500 -8.540000 -74.147499 16156549717
3.570000 -7.490000 -72.257500 16156574785
3.902500 -8.662500 -80.727501 16156599731
3.850000 -8.417500 -83.894997 16156624994
3.780000 -8.785000 -81.847504 16156649729
4.165000 -8.715000 -80.237503 16156674705
3.990000 -8.050000 -82.897499 16156699770
4.007500 -6.685000 -86.099998 16156724737
4.007500 -8.120000 -75.827499 16156749718
3.972500 -8.400000 -72.239998 16156774715
3.780000 -8.557500 -67.532501 16156799718
3.850000 -9.677500 -75.967499 16156824855
3.605000 -8.032500 -69.422501 16156849754
3.657500 -7.455000 -64.312500 16156874705
3.640000 -7.297500 -50.452499 16156900730
3.622500 -7.122500 -44.730000 16156924743
3.447500 -7.227500 -42.717499 16156949711
3.202500 -7.087500 -41.264999 16156974808
3.132500 -7.157500 -42.139999 16156999687
3.395000 -6.317500 -42.035000 16157024720
3.237500 -6.562500 -40.705002 16157049727
3.605000 -5.530000 -21.000000 16157074708
3.185000 -4.865000 -2.345000 16157099804
2.712500 -5.197500 -0.910000 16157124715
2.520000 -5.810000 -0.595000 16157149725
2.555000 -5.635000 -0.735000 16157174715
2.922500 -5.967500 -0.857500 16157199712
3.115000 -5.530000 -0.927500 16157224769
2.782500 -5.722500 -0.857500 16157249711
3.080000 -5.460000 -0.647500 16157274714
2.572500 -5.845000 -0.700000 16157299739
3.027500 -5.425000 -0.770000 16157324715
2.905000 -5.617500 -0.717500 16157349724
2.905000 -4.970000 -4.007500 16157374735
2.782500 -7.070000 -22.592501 16157400143
3.185000 -7.070000 -22.889999 16157424742
2.800000 -7.595000 -25.462500 16157449724
3.027500 -7.350000 -35.402500 16157474770
3.342500 -7.367500 -39.830002 16157499822
3.202500 -7.280000 -37.082500 16157524734
2.712500 -7.402500 -36.820000 16157549710
3.290000 -7.647500 -45.552502 16157574752
3.360000 -7.770000 -55.562500 16157599709
3.185000 -7.875000 -67.077499 16157624706
2.817500 -7.717500 -67.462502 16157649703
3.045000 -7.560000 -71.504997 16157674704
3.430000 -7.665000 -70.577499 16157699708
3.342500 -7.840000 -67.777504 16157724704
3.710000 -7.490000 -68.442497 16157749707
3.307500 -7.717500 -65.834999 16157774705
3.517500 -7.560000 -65.555000 16157799718
3.325000 -7.280000 -65.275002 16157824715
3.150000 -7.525000 -57.855000 16157849722
2.922500 -7.542500 -56.840000 16157874717
3.482500 -7.700000 -50.452499 16157899700
3.220000 -7.140000 -48.317501 16157924698
3.377500 -7.770000 -47.617500 16157949707
3.220000 -7.997500 -50.575001 16157974708
3.727500 -8.155000 -58.590000 16157999738
3.377500 -7.840000 -57.540001 16158024711
3.797500 -7.612500 -53.095001 16158049712
3.517500 -7.577500 -54.022499 16158074708
3.885000 -7.857500 -55.650002 16158099708
3.395000 -8.242500 -58.099998 16158124710
3.482500 -8.207500 -56.472500 16158149705
4.042500 -8.452500 -50.924999 16158174707
3.937500 -8.872500 -53.392502 16158199713
3.780000 -6.177500 -59.814999 16158224726
4.182500 -6.772500 -40.407501 16158249709
3.220000 -6.807500 -37.520000 16158274704
3.272500 -6.982500 -30.327499 16158299704
2.922500 -6.422500 -27.072500 16158324735
3.097500 -6.842500 -20.422501 16158349709
3.115000 -6.300000 -5.705000 16158374738
2.607500 -6.090000 -1.295000 16158399699
2.887500 -5.827500 -0.735000 16158424705
2.660000 -5.442500 -0.805000 16158449705
2.887500 -5.600000 -0.857500 16158474700
2.572500 -5.285000 -0.630000 16158499702
2.957500 -4.410000 -0.787500 16158524700
2.695000 -4.655000 -0.717500 16158549714
3.062500 -4.952500 -0.857500 16158574702
3.097500 -5.057500 -0.682500 16158599706
2.887500 -5.075000 -0.875000 16158624697
2.782500 -5.005000 -0.752500 16158649711
2.817500 -5.005000 -0.857500 16158674700
2.940000 -4.725000 -0.805000 16158699704
2.940000 -4.970000 -9.537500 16158724703
5.460000 -8.645000 -84.070000 16158749718
4.515000 -8.960000 -97.614998 16158774717
4.235000 -7.700000 -78.592499 16158799723
4.182500 -7.647500 -62.982502 16158824703
3.675000 -7.192500 -48.230000 16158849719
3.290000 -7.210000 -47.092499 16158874712
3.412500 -7.717500 -50.540001 16158899716
3.342500 -7.455000 -49.472500 16158924704
3.447500 -7.000000 -46.287498 16158949715
3.535000 -6.842500 -40.775002 16158974702
3.185000 -6.982500 -43.645000 16158999731
3.220000 -7.507500 -48.702499 16159024706
3.535000 -7.612500 -52.045002 16159049724
3.640000 -6.947500 -49.857502 16159074698
3.622500 -7.052500 -47.057499 16159099706
3.797500 -7.035000 -42.087502 16159124705
3.762500 -6.667500 -39.217499 16159149722
3.342500 -6.912500 -38.080002 16159174703
3.377500 -7.350000 -34.457500 16159199714
2.922500 -7.297500 -32.445000 16159224730
3.395000 -7.157500 -31.902500 16159249774
3.290000 -6.667500 -28.612499 16159274707
3.167500 -7.035000 -23.379999 16159299706
3.010000 -6.842500 -23.695000 16159324712
3.150000 -6.842500 -29.155001 16159349705
3.010000 -7.227500 -42.035000 16159374703
3.185000 -7.157500 -45.972500 16159399717
3.342500 -7.262500 -49.805000 16159424713
3.220000 -7.735000 -46.217499 16159449703
3.290000 -6.912500 -39.654999 16159474748
3.237500 -6.912500 -29.102501 16159499713
3.115000 -6.755000 -26.600000 16159524754
3.255000 -6.790000 -28.822500 16159549715
2.870000 -6.737500 -39.392502 16159574719
3.255000 -7.595000 -43.505001 16159599712
3.325000 -7.157500 -46.795002 16159624709
3.605000 -6.405000 -55.912498 16159649713
3.675000 -6.930000 -57.767502 16159674702
4.007500 -6.632500 -52.325001 16159699827
3.640000 -7.070000 -50.172501 16159724861
3.482500 -7.385000 -48.772499 16159749743
3.692500 -7.822500 -50.575001 16159774703
3.465000 -7.682500 -53.130001 16159799732
3.517500 -7.402500 -55.020000 16159824734
3.447500 -7.735000 -65.292503 16159849724
3.745000 -7.805000 -67.952499 16159874721
4.235000 -7.945000 -68.862503 16159899850
3.972500 -7.840000 -68.599998 16159924799
3.727500 -8.312500 -69.282501 16159949723
3.937500 -7.840000 -67.987503 16159974775
3.587500 -8.225000 -65.327499 16159999753
3.955000 -7.997500 -64.172501 16160024732
3.360000 -7.840000 -61.477501 16160049720
3.447500 -8.085000 -58.275002 16160074727
3.640000 -8.050000 -56.665001 16160099722
3.640000 -7.927500 -55.720001 16160124717
3.500000 -7.770000 -57.277500 16160149713
3.500000 -7.857500 -73.955002 16160174719
3.885000 -8.312500 -72.415001 16160199734
3.832500 -7.962500 -65.695000 16160224775
3.920000 -7.717500 -56.139999 16160249713
3.570000 -7.647500 -52.832500 16160274724
3.570000 -7.822500 -53.095001 16160299729
3.430000 -7.717500 -50.750000 16160324743
3.500000 -7.595000 -49.770000 16160349752
3.710000 -7.402500 -46.759998 16160374723
3.255000 -7.420000 -44.222500 16160399744
3.115000 -7.455000 -42.297501 16160424740
3.360000 -7.367500 -46.549999 16160449710
3.500000 -7.577500 -53.707500 16160474791
3.377500 -7.420000 -57.224998 16160499723
3.430000 -8.032500 -57.049999 16160524732
3.377500 -7.980000 -59.010002 16160549718
3.745000 -7.490000 -63.700001 16160574718
3.937500 -7.822500 -66.062500 16160599732
3.955000 -8.207500 -66.272499 16160624734
3.622500 -7.595000 -64.137497 16160649709
3.762500 -7.822500 -58.397499 16160674694
3.517500 -6.807500 -54.022499 16160699723
3.465000 -7.262500 -50.697498 16160724740
3.395000 -7.437500 -52.639999 16160749716
3.745000 -7.595000 -53.777500 16160774714
3.377500 -7.717500 -56.087502 16160799737
3.605000 -7.630000 -57.820000 16160824740
3.570000 -7.840000 -62.474998 16160849707
3.570000 -7.997500 -61.564999 16160874731
3.745000 -7.612500 -62.685001 16160899690
3.727500 -8.085000 -66.867500 16160924745
3.815000 -7.910000 -67.830002 16160949712
3.867500 -7.490000 -66.885002 16160974706
3.675000 -8.155000 -64.662498 16160999716
3.710000 -7.822500 -63.595001 16161024743
3.727500 -7.630000 -59.639999 16161049713
3.307500 -7.595000 -56.070000 16161074713
3.675000 -7.402500 -53.427502 16161099712
3.325000 -7.770000 -51.974998 16161124737
3.185000 -7.840000 -50.924999 16161149717
3.325000 -7.367500 -47.827499 16161174711
3.465000 -7.297500 -42.910000 16161199709
3.500000 -7.017500 -40.494999 16161224741
3.220000 -7.297500 -39.427502 16161249711
3.115000 -7.420000 -39.970001 16161274713
2.922500 -7.472500 -42.105000 16161299718
3.377500 -7.840000 -43.259998 16161324737
3.570000 -7.735000 -45.132500 16161349716
3.465000 -7.385000 -47.040001 16161374695
3.167500 -6.930000 -47.757500 16161400145
3.412500 -7.087500 -45.150002 16161424750
3.570000 -7.122500 -42.542500 16161449710
3.342500 -6.632500 -39.112499 16161474717
3.500000 -6.790000 -39.200001 16161499721
3.447500 -6.597500 -36.750000 16161524740
3.570000 -6.667500 -36.575001 16161549710
2.975000 -7.070000 -34.580002 16161574713
3.097500 -7.105000 -30.642500 16161599719
3.010000 -6.755000 -27.422501 16161624739
3.097500 -6.667500 -25.182501 16161649722
2.782500 -5.985000 -24.639999 16161674717
3.167500 -6.335000 -23.607500 16161699725
2.712500 -7.595000 -23.397501 16161724664
2.992500 -7.210000 -24.797501 16161749733
2.975000 -6.387500 -25.322500 16161774707
3.010000 -6.492500 -23.205000 16161799714
3.342500 -6.667500 -22.872499 16161824763
3.010000 -6.352500 -21.752501 16161849706
3.062500 -6.545000 -17.622499 16161876282
2.747500 -6.615000 -14.665000 16161899708
2.607500 -6.527500 -12.127500 16161924740
2.957500 -6.387500 -7.245000 16161949709
2.922500 -6.212500 -4.602500 16161974707
2.887500 -6.142500 -1.120000 16161999709
2.677500 -5.477500 -0.665000 16162024733
2.870000 -5.355000 -0.840000 16162049701
3.010000 -5.232500 -0.717500 16162074706
2.992500 -4.987500 -0.945000 16162099704
2.537500 -5.092500 -0.840000 16162124728
2.782500 -4.270000 -0.735000 16162149709
1.977500 -5.005000 -0.840000 16162174706
2.695000 -4.935000 -0.822500 16162199712
2.607500 -5.110000 -0.805000 16162224741
