5.000000 16150747811
5.000000 16150772807
5.000000 16150797826
5.000000 16150822799
5.000000 16150847805
5.000000 16150872799
5.000000 16150897831
5.000000 16150922827
5.000000 16150947804
5.000000 16150972798
5.000000 16150997821
5.000000 16151022799
5.000000 16151047817
5.000000 16151072814
5.000000 16151097827
5.000000 16151122820
5.000000 16151147806
5.000000 16151172812
5.000000 16151197817
5.000000 16151222816
5.000000 16151247809
5.000000 16151272810
5.000000 16151297831
5.000000 16151322809
5.000000 16151347800
5.000000 16151372822
5.000000 16151397829
5.000000 16151422814
5.000000 16151447815
5.000000 16151472850
5.000000 16151497823
5.000000 16151522840
5.000000 16151547811
5.000000 16151572830
5.000000 16151597826
5.000000 16151622801
5.000000 16151647814
5.000000 16151673598
5.000000 16151697841
5.000000 16151722896
5.000000 16151747820
5.000000 16151772821
5.000000 16151797827
5.000000 16151822822
5.000000 16151847831
5.000000 16151872819
5.000000 16151897816
5.000000 16151922832
5.000000 16151947815
5.000000 16151972827
5.000000 16151997809
5.000000 16152022792
5.000000 16152047817
5.000000 16152072811
5.000000 16152097832
5.000000 16152123077
5.000000 16152147820
5.000000 16152172817
5.000000 16152197822
5.000000 16152222846
5.000000 16152247790
5.000000 16152272829
5.000000 16152297828
5.000000 16152322831
5.000000 16152347815
5.000000 16152372814
5.000000 16152397829
5.000000 16152422831
5.000000 16152447829
5.000000 16152472834
5.000000 16152497814
5.000000 16152522813
5.000000 16152547809
5.000000 16152572824
5.000000 16152597827
5.000000 16152622800
5.000000 16152647817
5.000000 16152672822
5.000000 16152697833
5.000000 16152722818
5.000000 16152747797
5.000000 16152772829
5.000000 16152797838
5.000000 16152822816
5.000000 16152847818
5.000000 16152872813
5.000000 16152897818
5.000000 16152922821
5.000000 16152947808
5.000000 16152972936
5.000000 16152997824
5.000000 16153022820
5.000000 16153047808
5.000000 16153072823
5.000000 16153097806
5.000000 16153122808
5.000000 16153147815
5.000000 16153172818
5.000000 16153197809
5.000000 16153222803
5.000000 16153247813
5.000000 16153272819
5.000000 16153297830
5.000000 16153322799
5.000000 16153347853
0.000000 16153372821
0.000000 16153397839
0.000000 16153422821
0.000000 16153447816
0.000000 16153472831
0.000000 16153497824
0.000000 16153522814
0.000000 16153547812
0.000000 16153572820
0.000000 16153597825
0.000000 16153622818
0.000000 16153647800
0.000000 16153672824
0.000000 16153697826
0.000000 16153722815
0.000000 16153747816
0.000000 16153772805
0.000000 16153797839
0.000000 16153822810
0.000000 16153847810
0.000000 16153872800
0.000000 16153897812
0.000000 16153922825
0.000000 16153947801
0.000000 16153972820
0.000000 16153997810
0.000000 16154022817
0.000000 16154047812
0.000000 16154072831
0.000000 16154097822
0.000000 16154122814
0.000000 16154147810
0.000000 16154172815
0.000000 16154197818
0.000000 16154222817
0.000000 16154247811
0.000000 16154272824
0.000000 16154297818
0.000000 16154322816
0.000000 16154347814
0.000000 16154372822
0.000000 16154397820
0.000000 16154422814
0.000000 16154447810
0.000000 16154472820
0.000000 16154497822
0.000000 16154522802
0.000000 16154547814
0.000000 16154572810
0.000000 16154597805
0.000000 16154622798
0.000000 16154647807
0.000000 16154672810
0.000000 16154697904
0.000000 16154722813
0.000000 16154747821
0.000000 16154772809
0.000000 16154797833
0.000000 16154822797
0.000000 16154847808
0.000000 16154872803
0.000000 16154897818
0.000000 16154922816
0.000000 16154947830
0.000000 16154972810
0.000000 16154997821
0.000000 16155022806
0.000000 16155047821
0.000000 16155072809
0.000000 16155097828
0.000000 16155122828
0.000000 16155147804
0.000000 16155172806
0.000000 16155197817
0.000000 16155222808
0.000000 16155247812
0.000000 16155272816
0.000000 16155297824
0.000000 16155322805
0.000000 16155347816
0.000000 16155372824
0.000000 16155397815
0.000000 16155422817
0.000000 16155447812
0.000000 16155472807
0.000000 16155497811
0.000000 16155522818
0.000000 16155547841
0.000000 16155572821
0.000000 16155597816
0.000000 16155622816
0.000000 16155647799
0.000000 16155672822
0.000000 16155697817
0.000000 16155722808
0.000000 16155747796
0.000000 16155772811
0.000000 16155797818
0.000000 16155822814
0.000000 16155847801
0.000000 16155872814
0.000000 16155897808
0.000000 16155922811
0.000000 16155947797
0.000000 16155972819
0.000000 16155997817
0.000000 16156022813
0.000000 16156047800
0.000000 16156072806
0.000000 16156097813
0.000000 16156122811
0.000000 16156147800
0.000000 16156172827
0.000000 16156197797
0.000000 16156222816
0.000000 16156247807
0.000000 16156272815
0.000000 16156297806
0.000000 16156322810
0.000000 16156347805
0.000000 16156372813
0.000000 16156397826
0.000000 16156422820
0.000000 16156447817
0.000000 16156472798
0.000000 16156497831
0.000000 16156522837
0.000000 16156547812
0.000000 16156572827
0.000000 16156597824
0.000000 16156622823
0.000000 16156647813
0.000000 16156672824
0.000000 16156697835
0.000000 16156722822
0.000000 16156747807
0.000000 16156772827
0.000000 16156797825
0.000000 16156822826
0.000000 16156847824
0.000000 16156872812
0.000000 16156897816
5.000000 16156922827
5.000000 16156947812
5.000000 16156972832
5.000000 16156997829
5.000000 16157022824
5.000000 16157047816
5.000000 16157072817
0.000000 16157097831
0.000000 16157122817
0.000000 16157147806
0.000000 16157172818
0.000000 16157197825
0.000000 16157222820
0.000000 16157247809
0.000000 16157272823
0.000000 16157297836
0.000000 16157322828
0.000000 16157347817
0.000000 16157372824
0.000000 16157397848
0.000000 16157422825
0.000000 16157447809
0.000000 16157472821
0.000000 16157497812
0.000000 16157522828
0.000000 16157547809
0.000000 16157572822
0.000000 16157597814
0.000000 16157622822
0.000000 16157647796
0.000000 16157672826
0.000000 16157697816
0.000000 16157722819
0.000000 16157747796
0.000000 16157772829
5.000000 16157797824
5.000000 16157822826
5.000000 16157847819
5.000000 16157872815
5.000000 16157897797
5.000000 16157922821
5.000000 16157947807
5.000000 16157972800
5.000000 16157997801
5.000000 16158022793
5.000000 16158047806
5.000000 16158072814
5.000000 16158097817
5.000000 16158122823
5.000000 16158147800
5.000000 16158172808
5.000000 16158197799
5.000000 16158222823
5.000000 16158247808
5.000000 16158272812
5.000000 16158297810
5.000000 16158322827
5.000000 16158347801
5.000000 16158372822
5.000000 16158397809
5.000000 16158422823
5.000000 16158447805
5.000000 16158472825
5.000000 16158497814
5.000000 16158522824
5.000000 16158547774
5.000000 16158572818
5.000000 16158597821
5.000000 16158622813
5.000000 16158647814
5.000000 16158672822
5.000000 16158697792
5.000000 16158722826
5.000000 16158747804
5.000000 16158772797
5.000000 16158797838
5.000000 16158822828
5.000000 16158847814
5.000000 16158872818
5.000000 16158897904
5.000000 16158922831
5.000000 16158947802
5.000000 16158972826
5.000000 16158998060
5.000000 16159022825
5.000000 16159047808
5.000000 16159072814
5.000000 16159097825
5.000000 16159122802
5.000000 16159147796
5.000000 16159172808
5.000000 16159197824
5.000000 16159222865
5.000000 16159247806
5.000000 16159272824
5.000000 16159297818
5.000000 16159322820
5.000000 16159347811
5.000000 16159372814
5.000000 16159397818
5.000000 16159422813
5.000000 16159447807
5.000000 16159472869
5.000000 16159497826
5.000000 16159522859
5.000000 16159547820
5.000000 16159572813
5.000000 16159597836
5.000000 16159622816
5.000000 16159647823
5.000000 16159672818
0.000000 16159697837
0.000000 16159722828
0.000000 16159747829
0.000000 16159772828
0.000000 16159797837
0.000000 16159822816
0.000000 16159847815
0.000000 16159872807
0.000000 16159897821
0.000000 16159922834
0.000000 16159947814
0.000000 16159972823
0.000000 16159997831
0.000000 16160022824
0.000000 16160047816
0.000000 16160072795
0.000000 16160097814
0.000000 16160122813
0.000000 16160147811
0.000000 16160172826
0.000000 16160197810
0.000000 16160222824
0.000000 16160247822
0.000000 16160272824
0.000000 16160297814
0.000000 16160322824
0.000000 16160347834
0.000000 16160372818
0.000000 16160397818
0.000000 16160422821
0.000000 16160447813
0.000000 16160472821
0.000000 16160497806
0.000000 16160522818
0.000000 16160547803
0.000000 16160572825
0.000000 16160597819
0.000000 16160622822
0.000000 16160647810
0.000000 16160672820
0.000000 16160697820
0.000000 16160722824
0.000000 16160747838
0.000000 16160772822
0.000000 16160797806
0.000000 16160822807
0.000000 16160847808
0.000000 16160872808
0.000000 16160897806
0.000000 16160922817
0.000000 16160947807
0.000000 16160972815
0.000000 16160997797
0.000000 16161022820
0.000000 16161047805
0.000000 16161072817
0.000000 16161097795
0.000000 16161122813
0.000000 16161147803
0.000000 16161172821
0.000000 16161197798
0.000000 16161222818
0.000000 16161247796
0.000000 16161272822
0.000000 16161297795
0.000000 16161322813
0.000000 16161347802
0.000000 16161372810
0.000000 16161397803
0.000000 16161422816
0.000000 16161447795
0.000000 16161472810
0.000000 16161497809
0.000000 16161522804
0.000000 16161547809
0.000000 16161572799
0.000000 16161597802
0.000000 16161622804
0.000000 16161647803
0.000000 16161672807
0.000000 16161697806
0.000000 16161722807
0.000000 16161747805
0.000000 16161772803
0.000000 16161797788
0.000000 16161822820
0.000000 16161847803
0.000000 16161874663
0.000000 16161897802
0.000000 16161922809
0.000000 16161947820
0.000000 16161972809
0.000000 16161997803
0.000000 16162022806
0.000000 16162047789
0.000000 16162072794
0.000000 16162097804
0.000000 16162122807
0.000000 16162147800
0.000000 16162172809
0.000000 16162197802
0.000000 16162222810
