1.382738 -0.176520 9.355545 20329831418
1.304285 -0.245166 9.492838 20329856431
1.294478 -0.245166 9.532065 20329881419
1.294478 -0.088260 9.492838 20329906410
1.343511 -0.156906 9.384965 20329931456
1.353318 -0.205940 9.335932 20329956431
1.333705 -0.304006 9.316319 20329981435
1.294478 -0.304006 9.414385 20330006428
1.333705 -0.284393 9.394772 20330031446
1.294478 -0.215746 9.365352 20330056415
1.235638 -0.176520 9.512452 20330081411
1.206218 -0.156906 9.610518 20330106412
1.166991 -0.166713 9.639938 20330131431
1.166991 -0.117680 9.590905 20330156388
1.196411 -0.098067 9.483032 20330181430
1.196411 -0.107873 9.453611 20330206507
1.284671 -0.127486 9.433999 20330231437
1.333705 -0.254973 9.443805 20330256448
1.333705 -0.441299 9.326125 20330281444
1.304285 -0.343233 9.394772 20330306476
1.323898 -0.235360 9.394772 20330331372
1.363124 -0.333426 9.414385 20330356579
1.412158 -0.549172 9.561485 20330381427
1.539644 -0.470719 9.738005 20330406448
1.647517 -0.362846 9.963558 20330431410
1.657324 -0.460913 9.983171 20330456431
1.647517 -1.108152 9.022120 20330481412
1.716164 -1.235638 8.767146 20330506432
1.765197 -1.206218 8.629853 20330531436
1.676937 -1.265058 8.982893 20330556423
1.608291 -1.294478 9.031926 20330581418
1.520031 -1.363124 9.051538 20330606439
1.480804 -1.402351 9.267285 20330631433
1.333705 -1.441578 9.463418 20330656413
1.314091 -1.461191 9.639938 20330681428
1.294478 -1.549451 9.894911 20330706424
1.294478 -1.784810 9.992978 20330731417
1.392545 -2.108430 9.522259 20330756434
1.520031 -2.333983 9.424192 20330781426
1.588677 -2.569343 9.326125 20330806430
1.696550 -3.079288 9.296705 20330831436
1.618097 -3.314648 9.522259 20330856434
1.637711 -3.422521 9.522259 20330881419
1.539644 -3.550008 9.296705 20330906424
1.500418 -3.648074 9.090766 20330931437
1.510224 -3.706914 8.875020 20330956430
1.676937 -3.824594 8.629853 20330981418
1.735777 -3.961887 8.492560 20331006413
1.784810 -4.305120 8.090487 20331031435
1.863264 -4.491446 8.061068 20331056441
1.824037 -4.756226 7.913968 20331081413
1.824037 -5.050425 7.747255 20331106420
1.735777 -5.609405 7.482475 20331131423
1.608291 -5.638824 7.492281 20331156432
1.559257 -5.903604 7.325568 20331181432
1.559257 -6.423357 7.070595 20331206449
1.520031 -6.452776 7.001948 20331231445
1.451384 -6.550843 6.933302 20331256439
1.441578 -6.746976 6.756783 20331281448
1.284671 -7.129435 6.619490 20331306439
1.196411 -7.296148 6.580263 20331331437
1.206218 -7.531508 6.472390 20331356431
1.088538 -7.727641 6.305676 20331381408
0.941439 -7.904161 6.040897 20331406421
0.980665 -8.090487 5.746698 20331431440
0.951245 -8.188554 5.442691 20331456434
0.872792 -8.443527 5.168105 20331481418
0.823759 -8.541594 4.991585 20331506406
0.902212 -8.472947 5.148491 20331531444
0.853179 -8.776953 4.628739 20331556412
0.892405 -8.659273 3.971694 20331581427
0.931632 -8.816179 3.638267 20331606432
0.872792 -8.992700 3.236195 20331631445
0.794339 -9.100572 2.873349 20331656423
0.617819 -9.502645 2.559536 20331681423
0.558979 -9.394772 2.118237 20331706427
0.392266 -9.394772 1.588677 20331731415
0.480526 -9.728198 1.323898 20331756414
0.205940 -10.022397 0.823759 20331781419
0.117680 -10.149883 0.411879 20331806433
0.176520 -10.346016 0.078453 20331831423
-0.098067 -10.179304 -0.627626 20331856403
-0.294200 -10.326404 -0.892405 20331881417
-0.323619 -10.375437 -1.343511 20331906421
-0.470719 -10.326404 -1.833844 20331931429
-0.578592 -10.659830 -2.481083 20331956407
-0.421686 -10.424470 -2.794895 20331981430
-0.647239 -10.061625 -3.206775 20332006411
-0.764919 -10.091044 -3.481361 20332031429
-0.735499 -10.100850 -4.216860 20332056410
-0.715886 -9.953751 -4.756226 20332081444
-0.706079 -9.718391 -5.079845 20332106431
-0.460913 -8.816179 -5.511338 20332131419
-0.294200 -8.345461 -6.031090 20332156412
-0.254973 -8.080681 -6.295870 20332181418
-0.156906 -7.982615 -6.511616 20332206417
-0.029420 -7.296148 -6.639102 20332231461
-0.166713 -6.933302 -7.090209 20332256406
-0.009807 -6.845042 -7.433442 20332281405
0.078453 -6.541036 -7.835515 20332306417
0.058840 -6.462583 -8.119907 20332331429
0.049033 -6.187996 -8.090487 20332356397
0.049033 -5.727084 -8.482754 20332381428
0.088260 -5.540758 -8.865212 20332406414
0.107873 -5.579985 -8.992700 20332431430
0.049033 -5.325011 -9.345738 20332456408
-0.117680 -5.109265 -9.708585 20332481412
-0.156906 -5.168105 -9.757618 20332506420
-0.156906 -5.001392 -9.973364 20332531415
-0.254973 -4.795453 -10.012591 20332556414
-0.333426 -4.766033 -9.973364 20332581416
-0.353039 -4.207053 -9.934137 20332606413
-0.402073 -3.814787 -9.924331 20332631424
-0.411879 -3.716721 -9.992978 20332656430
-0.392266 -3.510781 -10.110658 20332681420
-0.294200 -3.059675 -10.424470 20332706421
-0.166713 -2.863542 -10.561764 20332731412
-0.117680 -2.490890 -10.630409 20332756433
-0.098067 -1.990750 -10.718670 20332781402
-0.049033 -1.892684 -10.797122 20332806428
-0.166713 -1.588677 -10.806930 20332831424
-0.343233 -1.088538 -10.640217 20332856415
-0.421686 -1.274865 -10.140078 20332881422
-0.402073 -1.421964 -10.238144 20332906427
-0.411879 -1.274865 -10.404857 20332931430
-0.333426 -1.088538 -10.532343 20332956406
-0.245166 -1.068925 -10.551956 20332981432
-0.235360 -0.882599 -10.620603 20333006421
-0.196133 -0.735499 -10.738283 20333031421
-0.147100 -0.686466 -10.855963 20333056420
-0.176520 -0.657046 -10.767703 20333081422
-0.225553 -0.490333 -10.816736 20333106432
-0.304006 -0.245166 -10.767703 20333131410
-0.304006 -0.245166 -10.600989 20333156453
-0.313813 -0.235360 -10.610797 20333181407
-0.333426 -0.264780 -10.600989 20333206438
-0.460913 -0.264780 -10.355824 20333231424
-0.451106 -0.215746 -10.277370 20333256432
-0.470719 -0.156906 -10.434277 20333281412
-0.441299 -0.235360 -10.640217 20333306424
-0.402073 -0.431493 -10.777510 20333331405
-0.333426 -0.254973 -10.787316 20333356419
-0.392266 -0.186326 -10.924609 20333381412
-0.392266 -0.274586 -10.914803 20333406847
-0.411879 0.107873 -11.140356 20333431432
-0.431493 0.137293 -11.326682 20333456454
-0.421686 0.058840 -11.287456 20333481436
-0.382459 -0.068647 -11.169776 20333506442
-0.470719 -0.176520 -11.159969 20333531419
-0.519753 -0.245166 -11.032482 20333556437
-0.558979 -0.264780 -10.699056 20333581413
-0.558979 -0.205940 -10.493117 20333606449
-0.411879 -0.196133 -10.650023 20333631711
-0.362846 -0.166713 -10.600989 20333656447
-0.294200 -0.156906 -10.542150 20333681413
-0.353039 -0.137293 -10.502923 20333706428
-0.343233 -0.176520 -10.483310 20333731431
-0.362846 -0.215746 -10.453890 20333756429
-0.392266 -0.254973 -10.571569 20333781404
-0.343233 -0.254973 -10.650023 20333806437
-0.402073 -0.264780 -10.767703 20333831417
-0.353039 -0.323619 -10.659830 20333856420
-0.304006 -0.254973 -10.620603 20333881431
-0.343233 -0.225553 -10.699056 20333906405
-0.353039 -0.225553 -10.816736 20333931420
-0.353039 -0.225553 -10.855963 20333956437
-0.343233 -0.245166 -10.816736 20333981434
-0.402073 -0.156906 -10.855963 20334006426
-0.421686 -0.147100 -10.885383 20334031441
-0.392266 -0.127486 -10.904996 20334056443
