1.575000 -4.410000 -0.525000 27174217975
1.907500 -6.072500 -0.787500 27174242833
2.502500 -6.422500 -0.700000 27174267978
2.467500 -5.827500 -0.472500 27174292972
2.677500 -11.427500 -1.155000 27174317983
3.255000 -5.705000 -0.822500 27174342974
2.362500 -8.995000 -0.700000 27174367812
2.870000 -7.717500 -0.945000 27174392993
2.660000 -8.190000 -0.787500 27174417986
2.730000 -8.050000 -3.500000 27174442977
3.167500 -10.272500 -3.990000 27174467977
3.342500 -10.342500 -5.232500 27174492973
3.255000 -11.270000 -1.960000 27174517971
3.255000 -9.152500 -0.927500 27174542816
3.027500 -8.015000 -1.242500 27174567966
2.782500 -7.560000 -0.945000 27174592940
2.712500 -7.595000 -0.612500 27174617970
2.765000 -6.860000 -0.717500 27174642969
2.607500 -6.790000 -0.805000 27174667966
2.362500 -6.282500 -0.647500 27174692975
2.642500 -5.950000 -0.542500 27174717830
2.082500 -5.617500 -0.665000 27174742984
2.607500 -5.460000 -0.647500 27174767970
2.922500 -5.845000 -0.700000 27174793001
2.520000 -5.635000 -1.785000 27174817964
2.677500 -5.652500 -6.912500 27174842949
2.502500 -5.635000 -11.480000 27174867996
2.905000 -5.740000 -11.602500 27174892962
2.695000 -6.317500 -14.350000 27174918141
2.502500 -5.810000 -14.577500 27174942782
2.572500 -6.107500 -13.457500 27174967973
2.835000 -5.197500 -13.597500 27174992991
2.975000 -5.320000 -14.822500 27175017921
2.712500 -6.562500 -18.760000 27175042984
2.642500 -6.510000 -19.250000 27175067971
3.010000 -5.862500 -18.742500 27175092984
2.712500 -6.125000 -17.727501 27175117973
2.642500 -6.667500 -16.747499 27175142985
2.852500 -6.860000 -16.205000 27175167795
2.940000 -6.457500 -15.785000 27175192956
2.572500 -6.580000 -17.132500 27175217941
2.660000 -7.087500 -17.780001 27175242951
2.747500 -6.965000 -17.430000 27175267912
2.642500 -7.087500 -16.852501 27175292951
2.765000 -6.580000 -18.007500 27175317963
2.660000 -5.985000 -18.462500 27175342973
3.062500 -5.897500 -18.042500 27175368011
2.695000 -5.285000 -19.897501 27175392951
2.362500 -7.087500 -19.600000 27175417969
3.167500 -6.720000 -19.565001 27175442911
2.852500 -6.072500 -20.160000 27175467889
2.870000 -6.020000 -20.825001 27175492942
3.080000 -4.515000 -23.135000 27175517896
2.695000 -5.477500 -25.672501 27175542914
2.782500 -6.230000 -29.102501 27175567896
2.922500 -5.302500 -27.282499 27175592912
2.852500 -5.985000 -23.922501 27175617889
2.835000 -9.292500 -24.885000 27175642911
3.517500 -8.487500 -27.370001 27175667900
3.237500 -8.347500 -26.004999 27175692945
2.852500 -8.155000 -17.325001 27175717900
2.870000 -7.315000 -17.605000 27175742920
2.922500 -6.877500 -16.152500 27175767902
2.240000 -6.842500 -14.420000 27175792891
2.940000 -6.930000 -15.960000 27175817908
2.940000 -7.402500 -16.537500 27175842821
2.310000 -6.632500 -16.309999 27175867901
3.255000 -5.687500 -16.887501 27175892898
2.660000 -5.705000 -14.175000 27175917896
2.642500 -5.477500 -11.130000 27175943018
2.572500 -5.022500 -9.695000 27175967901
2.677500 -7.560000 -8.067500 27175992825
2.887500 -5.477500 -7.210000 27176017880
2.310000 -5.600000 -9.240000 27176042896
2.607500 -5.337500 -11.060000 27176067905
2.607500 -5.652500 -11.130000 27176092869
2.572500 -6.142500 -10.902500 27176117895
3.045000 -5.512500 -9.660000 27176142907
3.010000 -6.405000 -9.327500 27176167976
2.800000 -6.020000 -12.250000 27176193016
2.782500 -5.565000 -11.672500 27176217970
2.625000 -6.615000 -11.585000 27176242939
2.887500 -6.440000 -11.130000 27176268020
2.817500 -6.422500 -10.325000 27176292956
2.730000 -5.967500 -11.095000 27176318025
2.275000 -6.720000 -11.952500 27176343010
2.397500 -6.160000 -12.215000 27176368005
2.607500 -6.580000 -10.482500 27176392964
2.817500 -5.127500 -9.012500 27176417895
2.537500 -6.300000 -10.167500 27176442910
2.572500 -5.985000 -10.955000 27176467890
2.345000 -5.985000 -10.272500 27176492912
3.045000 -6.352500 -9.380000 27176517914
3.062500 -6.282500 -8.190000 27176542916
2.607500 -5.740000 -8.802500 27176567903
2.397500 -6.002500 -6.230000 27176592939
2.520000 -6.457500 -8.260000 27176617910
2.590000 -5.565000 -11.042500 27176642910
2.450000 -6.982500 -8.382500 27176668023
2.712500 -6.405000 -7.490000 27176692955
2.502500 -6.160000 -6.440000 27176717952
2.467500 -6.020000 -6.282500 27176742984
2.397500 -6.895000 -6.265000 27176767964
3.045000 -6.947500 -4.970000 27176792961
2.940000 -5.845000 -5.897500 27176817953
2.467500 -6.195000 -6.527500 27176842977
3.062500 -6.195000 -5.005000 27176867855
2.642500 -6.842500 -4.952500 27176892974
2.870000 -5.722500 -4.025000 27176917982
2.327500 -5.512500 -4.970000 27176943014
2.625000 -5.792500 -5.022500 27176967985
2.625000 -5.407500 -1.330000 27176992930
2.677500 -6.597500 -4.970000 27177017990
2.695000 -6.037500 -5.285000 27177042967
2.590000 -6.370000 -0.875000 27177067951
2.275000 -4.970000 -0.192500 27177092955
2.240000 -6.037500 -0.735000 27177117991
2.485000 -5.617500 5.705000 27177142962
2.397500 -5.407500 8.172500 27177167999
2.345000 -6.177500 8.715000 27177192943
2.082500 -6.300000 11.147500 27177217992
2.170000 -6.282500 10.500000 27177242979
2.380000 -6.282500 13.107500 27177267972
2.660000 -5.302500 16.957500 27177292978
2.327500 -5.740000 13.002500 27177317986
2.380000 -5.232500 11.602500 27177342973
2.345000 -5.197500 12.757500 27177367996
2.625000 -5.915000 16.712500 27177392977
2.187500 -5.232500 17.430000 27177417989
2.520000 -4.970000 18.847500 27177443015
2.397500 -5.495000 15.715000 27177467959
2.310000 -5.705000 16.922501 27177492963
2.362500 -5.425000 17.815001 27177517955
2.397500 -5.495000 13.772500 27177542994
2.345000 -5.740000 15.452500 27177567957
2.415000 -5.215000 17.465000 27177592994
2.222500 -4.690000 17.115000 27177617959
1.977500 -5.547500 14.665000 27177642986
2.852500 -5.652500 15.295000 27177667963
2.730000 -4.620000 16.887501 27177692960
2.415000 -4.865000 17.395000 27177717972
2.012500 -4.847500 18.934999 27177742995
2.292500 -6.247500 19.407499 27177767967
2.380000 -5.460000 19.582500 27177792911
2.380000 -4.917500 19.057501 27177817830
2.065000 -5.670000 18.795000 27177843061
2.205000 -5.950000 19.915001 27177867976
2.537500 -5.635000 17.657499 27177892919
2.187500 -4.987500 17.587500 27177917990
2.572500 -4.970000 20.597500 27177943050
2.380000 -4.602500 21.332500 27177968057
2.275000 -5.110000 23.257500 27177992937
2.327500 -6.090000 22.365000 27178018039
2.082500 -5.617500 24.290001 27178042946
2.100000 -5.145000 26.775000 27178068020
2.695000 -4.795000 26.915001 27178092995
1.855000 -5.617500 25.795000 27178118012
2.117500 -5.880000 23.292500 27178142955
2.415000 -5.512500 22.575001 27178168109
2.170000 -5.425000 24.132500 27178193056
2.240000 -5.425000 22.889999 27178218745
2.170000 -5.792500 22.225000 27178243050
2.345000 -5.617500 22.434999 27178268050
2.747500 -5.127500 23.590000 27178293020
2.502500 -5.197500 22.995001 27178318148
2.240000 -5.722500 23.450001 27178343012
2.380000 -5.407500 23.100000 27178368015
2.415000 -5.652500 21.752501 27178393025
2.222500 -5.477500 23.240000 27178418082
2.257500 -5.530000 23.922501 27178442980
2.712500 -4.900000 23.362499 27178467984
2.030000 -5.600000 21.227501 27178493004
2.432500 -4.777500 21.122499 27178517965
2.240000 -5.197500 22.067499 27178543003
2.135000 -5.162500 24.500000 27178567975
2.065000 -5.355000 24.710001 27178592915
2.345000 -4.935000 27.037500 27178617935
2.555000 -5.512500 27.475000 27178642943
2.082500 -4.970000 26.740000 27178667979
2.590000 -5.320000 24.027500 27178692980
2.450000 -5.652500 22.102501 27178717950
2.327500 -5.810000 19.547501 27178742966
2.467500 -6.090000 19.442499 27178767871
2.555000 -5.407500 17.762501 27178793033
2.590000 -5.600000 15.645000 27178817942
2.205000 -5.442500 13.947500 27178842968
2.677500 -5.670000 13.842500 27178867966
2.205000 -5.635000 13.632500 27178892982
2.310000 -6.195000 14.175000 27178918179
2.642500 -5.827500 14.070000 27178943015
2.747500 -5.862500 11.672500 27178968009
2.467500 -5.740000 9.047500 27178993148
2.625000 -5.565000 9.677500 27179018010
2.345000 -5.390000 8.295000 27179043020
2.677500 -5.355000 8.085000 27179067982
2.765000 -6.317500 7.175000 27179092992
2.642500 -5.967500 8.190000 27179117954
3.272500 -5.740000 9.362500 27179142958
2.677500 -5.810000 10.115000 27179168052
3.115000 -6.212500 8.802500 27179192961
2.730000 -5.932500 8.365000 27179217954
2.747500 -6.090000 7.437500 27179242942
2.502500 -5.792500 6.125000 27179267954
2.625000 -5.915000 4.900000 27179292968
2.975000 -6.265000 4.742500 27179317947
2.870000 -5.757500 4.252500 27179342967
2.817500 -6.160000 3.920000 27179367902
2.677500 -5.232500 3.587500 27179392980
2.695000 -5.827500 3.132500 27179418004
2.695000 -6.282500 4.287500 27179442965
2.695000 -6.160000 3.535000 27179467975
2.992500 -5.950000 1.120000 27179492982
2.975000 -6.615000 0.087500 27179517952
2.905000 -6.142500 -2.975000 27179542957
2.905000 -6.072500 -4.025000 27179568035
2.730000 -6.825000 -5.757500 27179593119
3.045000 -6.212500 -9.205000 27179618067
3.202500 -6.562500 -12.915000 27179642970
3.290000 -6.282500 -12.425000 27179668139
3.202500 -6.772500 -15.277500 27179692973
3.605000 -6.615000 -20.299999 27179718125
3.307500 -6.772500 -22.960001 27179742971
3.447500 -6.650000 -24.692499 27179768156
3.202500 -7.157500 -26.915001 27179792958
3.692500 -7.455000 -28.927500 27179818112
3.132500 -5.442500 -27.247499 27179842956
3.167500 -6.527500 -28.682501 27179867801
3.080000 -6.807500 -31.657499 27179892957
3.185000 -6.702500 -34.842499 27179918000
3.850000 -7.157500 -33.897499 27179942973
2.957500 -6.072500 -23.782499 27179967955
2.502500 -7.035000 -23.485001 27179992958
3.465000 -6.457500 -27.405001 27180017879
3.115000 -6.947500 -21.402500 27180042979
3.080000 -6.177500 -15.627501 27180067939
2.590000 -6.177500 -14.927500 27180092947
3.097500 -6.790000 -18.059999 27180118043
2.957500 -6.545000 -16.957500 27180142976
3.097500 -6.457500 -15.102500 27180167918
3.272500 -7.735000 -18.042500 27180192947
2.800000 -8.785000 -22.469999 27180217912
3.010000 -6.247500 -15.137500 27180242974
3.325000 -4.445000 11.602500 27180267911
2.117500 -3.797500 -6.457500 27180292944
2.240000 -5.915000 -17.254999 27180317913
2.345000 -6.650000 -16.537500 27180342983
2.520000 -5.355000 -7.140000 27180367906
2.205000 -5.810000 4.987500 27180392951
2.135000 -5.162500 11.007500 27180417923
1.907500 -5.967500 6.002500 27180442978
1.855000 -6.737500 3.867500 27180467909
1.837500 -6.317500 4.480000 27180492940
2.450000 -5.495000 -1.347500 27180517917
2.520000 -5.145000 0.770000 27180542982
2.397500 -5.582500 7.070000 27180567907
2.362500 -5.722500 13.440001 27180592943
1.855000 -5.530000 13.492500 27180617909
2.117500 -5.512500 2.975000 27180642980
2.362500 -5.250000 -0.962500 27180667907
1.960000 -5.687500 -1.925000 27180692960
2.537500 -6.387500 -4.987500 27180717910
2.450000 -5.582500 -3.990000 27180742981
2.240000 -5.967500 -5.460000 27180767813
2.362500 -6.055000 -5.967500 27180792960
2.380000 -6.825000 -4.252500 27180817950
2.257500 -5.757500 -2.607500 27180842976
2.415000 -5.775000 -1.820000 27180867953
2.502500 -6.142500 -2.625000 27180892932
2.677500 -5.740000 -6.562500 27180918055
2.380000 -6.335000 -7.770000 27180942981
2.695000 -6.125000 -8.540000 27180967951
2.625000 -5.810000 -7.490000 27180992943
2.817500 -6.020000 -8.225000 27181017956
2.625000 -6.160000 -12.022500 27181042956
2.520000 -6.475000 -13.142500 27181067956
2.642500 -6.090000 -12.617500 27181092963
2.782500 -6.090000 -8.172500 27181117762
2.852500 -6.195000 -7.367500 27181142759
3.167500 -6.492500 -7.122500 27181167894
2.345000 -6.352500 -4.340000 27181192948
2.292500 -6.002500 -2.677500 27181217949
2.205000 -6.125000 -2.380000 27181242927
2.012500 -6.457500 -3.990000 27181267946
2.537500 -6.597500 -7.122500 27181292949
2.345000 -6.142500 -8.207500 27181317878
2.660000 -5.880000 -5.705000 27181342918
2.030000 -6.230000 -4.900000 27181367954
2.485000 -5.845000 -2.870000 27181392902
2.275000 -5.897500 -1.575000 27181417899
2.887500 -5.565000 -1.977500 27181442917
2.905000 -5.600000 -0.980000 27181467895
2.747500 -5.425000 -0.857500 27181492951
2.905000 -5.740000 -0.910000 27181517946
2.642500 -5.600000 -0.735000 27181542950
3.045000 -5.477500 -0.577500 27181567945
3.220000 -5.740000 -0.787500 27181592914
2.975000 -5.547500 -0.822500 27181617954
2.870000 -5.355000 -0.735000 27181642956
2.765000 -5.512500 -0.962500 27181667899
2.852500 -5.845000 -0.665000 27181692936
