8.940000 3.540000 2.220000 27174204558
8.760000 3.480000 2.040000 27174229648
8.760000 3.360000 2.160000 27174254420
8.700000 3.300000 2.340000 27174279447
8.520000 3.840000 2.160000 27174304315
8.880000 3.360000 2.400000 27174329434
8.580000 3.180000 2.100000 27174354306
8.460000 3.420000 2.340000 27174379482
8.639999 3.240000 2.400000 27174404351
8.700000 3.540000 1.980000 27174429440
8.520000 3.360000 1.920000 27174454314
8.460000 3.540000 2.340000 27174479430
8.520000 3.360000 2.040000 27174504320
8.700000 3.540000 2.100000 27174529440
8.580000 3.300000 2.100000 27174554300
8.760000 3.600000 2.040000 27174579432
8.820000 3.540000 2.340000 27174604304
8.340000 3.420000 2.220000 27174629433
8.700000 3.540000 2.220000 27174654343
8.760000 3.600000 2.160000 27174679436
8.880000 3.600000 2.160000 27174704322
8.760000 3.600000 2.520000 27174730311
8.700000 3.540000 2.340000 27174754323
8.880000 3.600000 2.160000 27174779446
8.580000 3.660000 1.980000 27174804325
8.700000 3.540000 2.220000 27174829437
8.700000 3.300000 2.220000 27174854322
8.639999 3.600000 1.920000 27174879444
8.520000 3.600000 1.920000 27174904294
8.580000 3.420000 2.340000 27174929478
8.520000 3.720000 1.920000 27174955667
8.760000 3.720000 2.400000 27174979440
8.760000 3.600000 2.160000 27175004555
8.700000 3.660000 1.980000 27175029454
8.700000 3.660000 2.100000 27175054453
8.639999 3.720000 2.160000 27175079450
8.760000 4.080000 2.280000 27175104472
8.760000 3.960000 2.040000 27175129709
9.059999 3.780000 1.980000 27175155323
8.760000 3.840000 1.920000 27175180350
8.820000 3.660000 2.100000 27175204495
8.820000 3.900000 2.100000 27175229492
9.059999 4.140000 2.340000 27175254439
8.880000 3.960000 2.280000 27175279436
9.300000 3.900000 1.980000 27175304443
9.240000 4.080000 2.160000 27175329448
9.059999 4.140000 1.980000 27175354440
9.360000 4.440000 2.160000 27175379451
9.120000 4.440000 2.160000 27175404436
9.360000 4.560000 1.800000 27175429470
9.300000 4.380000 2.220000 27175454452
9.420000 4.500000 1.860000 27175479327
9.120000 4.800000 1.920000 27175504440
9.300000 4.620000 1.740000 27175529330
9.120000 5.280000 1.920000 27175554443
9.179999 5.220000 1.860000 27175579308
9.000000 5.040000 1.560000 27175604430
8.760000 5.040000 2.040000 27175629324
9.059999 5.340000 1.860000 27175654445
8.880000 5.400000 1.920000 27175679335
8.700000 5.460000 1.500000 27175704460
8.580000 5.700000 1.380000 27175729334
8.460000 5.580000 1.740000 27175754440
8.700000 5.580000 1.740000 27175779329
8.580000 5.460000 1.500000 27175804440
8.760000 5.400000 1.440000 27175829330
7.980000 5.580000 1.380000 27175854435
8.400000 5.760000 1.440000 27175879307
8.400000 5.760000 1.440000 27175904436
8.639999 5.520000 1.560000 27175929341
8.220000 5.220000 1.260000 27175954476
8.400000 5.640000 1.320000 27175979365
8.099999 5.340000 1.500000 27176004558
8.280000 5.640000 1.320000 27176029334
8.520000 5.280000 1.440000 27176054483
8.220000 5.580000 1.500000 27176079322
8.220000 5.580000 1.260000 27176104499
8.160000 5.640000 1.440000 27176129340
8.280000 5.880000 1.920000 27176154496
8.280000 5.640000 1.080000 27176179347
8.520000 5.640000 1.440000 27176204471
8.220000 5.580000 1.500000 27176229338
8.340000 5.820000 1.500000 27176254506
8.160000 6.000000 1.200000 27176279334
8.580000 5.580000 1.380000 27176304487
8.520000 5.520000 1.440000 27176329332
8.220000 5.460000 1.380000 27176354455
8.040000 6.000000 1.320000 27176379324
8.280000 6.000000 1.080000 27176404455
8.099999 5.820000 1.380000 27176429346
8.220000 5.580000 0.900000 27176454488
8.099999 5.940000 1.380000 27176479329
8.340000 5.460000 1.500000 27176504446
8.400000 6.000000 1.200000 27176529351
8.340000 5.940000 1.260000 27176554492
8.340000 5.700000 1.020000 27176579335
8.220000 5.940000 1.260000 27176604455
8.280000 6.000000 1.200000 27176629335
8.160000 6.120000 1.440000 27176654491
7.980000 6.060000 1.260000 27176679344
7.920000 5.640000 1.320000 27176704443
8.040000 5.880000 1.440000 27176729325
8.040000 5.880000 1.440000 27176754458
7.980000 5.820000 1.500000 27176779330
8.280000 5.640000 1.200000 27176804509
8.099999 5.820000 1.140000 27176829330
8.340000 5.700000 1.260000 27176854483
8.520000 5.760000 1.200000 27176879379
8.340000 5.820000 1.140000 27176904486
8.220000 5.820000 1.140000 27176929625
8.340000 5.940000 1.260000 27176954496
8.280000 5.760000 1.200000 27176979338
8.220000 5.940000 1.020000 27177004561
8.280000 5.880000 1.200000 27177029331
8.340000 5.700000 1.140000 27177054454
8.460000 6.060000 0.900000 27177079334
8.340000 5.940000 1.020000 27177104448
8.520000 5.880000 1.080000 27177129312
8.099999 5.940000 1.020000 27177154465
8.099999 6.060000 1.020000 27177179339
8.520000 5.760000 1.200000 27177204454
8.160000 6.000000 1.080000 27177229332
8.280000 6.000000 1.560000 27177254443
8.040000 5.520000 1.560000 27177279315
8.220000 5.700000 1.140000 27177304456
8.160000 5.520000 0.960000 27177329330
8.280000 5.520000 1.200000 27177354467
8.280000 5.880000 0.960000 27177379332
8.520000 5.880000 1.440000 27177404444
8.400000 5.760000 1.200000 27177429628
8.099999 5.460000 1.260000 27177454464
8.040000 5.400000 1.440000 27177479570
8.280000 5.640000 1.440000 27177504450
8.400000 5.400000 1.200000 27177529324
8.160000 5.280000 1.440000 27177554456
8.220000 5.220000 1.620000 27177579531
8.220000 5.340000 1.020000 27177604459
8.220000 5.100000 1.500000 27177629351
8.340000 4.860000 1.140000 27177654448
8.040000 5.160000 1.200000 27177679481
7.980000 5.100000 1.380000 27177704466
8.160000 4.560000 1.320000 27177730949
8.160000 4.920000 1.080000 27177754465
8.220000 5.100000 1.260000 27177779336
8.040000 5.040000 1.320000 27177804453
8.280000 5.160000 1.440000 27177829607
8.400000 4.680000 1.320000 27177854617
7.920000 4.680000 1.320000 27177879575
8.040000 4.920000 1.560000 27177904500
7.980000 4.740000 1.260000 27177929391
7.860000 4.620000 1.260000 27177954518
8.040000 4.680000 1.080000 27177979349
8.160000 4.800000 1.080000 27178004558
8.099999 4.380000 1.260000 27178029337
8.160000 4.560000 1.320000 27178054449
8.040000 4.440000 1.080000 27178079339
7.860000 4.380000 1.380000 27178104436
7.740000 4.020000 1.260000 27178129337
7.800000 4.440000 1.200000 27178154426
7.740000 4.020000 1.020000 27178179361
7.800000 4.320000 1.320000 27178204457
7.800000 4.320000 1.560000 27178231065
7.680000 4.200000 0.960000 27178254477
7.860000 4.260000 1.380000 27178279342
7.680000 4.080000 1.440000 27178304458
7.680000 3.960000 1.440000 27178329335
7.680000 4.080000 1.200000 27178354431
7.740000 3.900000 1.500000 27178379339
7.620000 3.780000 1.620000 27178404449
7.560000 3.960000 1.200000 27178429370
7.620000 3.780000 1.260000 27178454463
7.620000 3.780000 1.500000 27178479329
7.800000 3.840000 1.320000 27178504426
7.740000 3.900000 1.500000 27178529329
7.380000 3.780000 1.260000 27178554427
7.260000 3.780000 1.140000 27178579323
7.500000 3.660000 1.140000 27178604441
7.380000 3.180000 1.260000 27178629339
7.320000 3.600000 1.560000 27178654408
7.560000 3.480000 1.440000 27178679334
7.380000 3.660000 1.380000 27178704412
7.440000 3.240000 1.080000 27178729347
7.320000 3.240000 1.680000 27178754418
7.440000 3.360000 1.200000 27178779385
7.200000 3.240000 1.200000 27178804423
7.440000 3.360000 1.560000 27178829341
7.200000 3.720000 1.320000 27178854416
7.200000 3.240000 1.080000 27178879330
7.200000 3.360000 1.440000 27178904580
7.380000 3.180000 1.380000 27178929363
6.900000 3.180000 1.380000 27178954542
7.080000 3.240000 1.560000 27178979345
7.260000 3.180000 1.500000 27179004784
6.900000 2.940000 1.140000 27179029343
7.020000 3.180000 1.380000 27179054588
7.080000 2.640000 1.320000 27179079335
7.020000 3.060000 1.380000 27179104573
7.200000 3.240000 1.560000 27179129332
7.260000 3.180000 1.140000 27179154575
6.960000 3.000000 1.320000 27179179335
7.020000 2.820000 1.260000 27179204573
6.840000 3.000000 1.560000 27179229354
6.960000 2.880000 1.320000 27179254567
6.540000 3.180000 1.140000 27179279321
6.960000 2.880000 1.440000 27179304570
6.720000 2.880000 1.560000 27179329338
6.900000 2.820000 1.380000 27179354441
6.480000 3.120000 1.200000 27179379331
7.020000 2.820000 1.380000 27179404442
6.840000 2.880000 1.080000 27179429331
6.720000 2.760000 1.200000 27179454446
7.020000 2.940000 1.260000 27179480550
6.900000 2.700000 1.500000 27179504471
6.900000 2.940000 1.380000 27179529318
6.960000 2.880000 1.440000 27179554438
6.600000 2.760000 1.200000 27179579325
6.780000 2.700000 1.500000 27179604443
7.020000 2.820000 1.500000 27179629343
7.140000 3.060000 1.380000 27179654436
7.140000 3.060000 1.380000 27179679307
7.020000 3.180000 1.380000 27179704433
7.020000 3.180000 1.380000 27179729294
6.840000 2.760000 1.440000 27179754431
6.840000 2.880000 1.440000 27179779312
7.080000 3.000000 1.320000 27179804421
7.200000 2.880000 1.440000 27179829294
7.200000 3.000000 1.320000 27179854474
7.020000 3.420000 1.620000 27179879308
7.380000 2.940000 1.380000 27179904447
7.260000 3.420000 1.260000 27179929315
7.080000 3.240000 1.320000 27179954471
7.380000 3.180000 1.620000 27179979312
7.560000 3.600000 1.440000 27180004550
7.440000 3.480000 1.680000 27180029302
7.260000 3.420000 1.260000 27180054456
7.320000 3.240000 1.680000 27180079289
7.620000 3.660000 1.140000 27180104475
7.440000 3.480000 1.560000 27180129310
7.800000 3.360000 1.440000 27180154489
7.500000 3.660000 1.620000 27180179331
7.740000 3.780000 1.260000 27180204431
7.680000 3.600000 1.440000 27180229315
7.500000 3.540000 1.500000 27180254475
7.740000 3.540000 1.500000 27180279304
7.620000 3.540000 1.740000 27180304442
7.620000 3.300000 1.500000 27180329312
7.860000 3.300000 1.380000 27180354467
7.800000 3.720000 1.920000 27180379313
7.920000 3.480000 1.440000 27180404466
7.620000 3.780000 1.500000 27180429294
8.160000 3.720000 1.560000 27180454472
7.740000 3.780000 1.380000 27180479309
7.500000 3.420000 1.620000 27180504483
8.160000 3.360000 1.800000 27180529314
7.920000 3.480000 1.560000 27180554479
7.920000 3.360000 2.040000 27180579287
7.680000 3.240000 1.800000 27180604477
7.920000 3.360000 1.800000 27180629309
8.040000 3.120000 2.040000 27180654477
7.740000 3.660000 1.740000 27180679290
7.920000 3.360000 1.800000 27180704457
8.280000 3.120000 1.800000 27180730506
8.099999 3.300000 2.220000 27180754431
8.099999 3.180000 1.860000 27180779298
8.340000 2.940000 2.220000 27180804425
8.099999 3.060000 2.220000 27180829316
8.820000 3.060000 2.220000 27180854489
8.520000 2.880000 2.040000 27180879290
8.280000 3.120000 2.280000 27180904448
8.760000 3.240000 2.040000 27180929495
8.580000 3.420000 2.460000 27180954641
9.000000 3.120000 2.280000 27180979498
9.000000 3.480000 2.400000 27181004694
9.000000 3.120000 2.400000 27181029668
9.000000 3.600000 2.520000 27181054824
9.240000 3.480000 2.520000 27181079671
9.240000 3.600000 2.160000 27181104812
9.300000 3.660000 2.340000 27181130443
9.120000 3.840000 2.280000 27181155228
9.120000 3.600000 2.400000 27181179691
9.059999 3.660000 2.580000 27181204809
9.480000 4.080000 2.160000 27181229493
9.120000 3.840000 2.280000 27181254619
9.059999 3.900000 2.100000 27181279458
8.940000 4.020000 2.460000 27181304603
8.940000 3.780000 2.220000 27181329470
8.880000 3.840000 2.280000 27181354607
8.639999 3.720000 2.040000 27181379465
8.580000 3.660000 2.340000 27181404606
9.120000 3.600000 2.520000 27181429481
9.179999 3.780000 2.100000 27181454626
9.179999 3.660000 2.340000 27181479467
8.700000 3.540000 2.220000 27181504623
9.179999 3.900000 2.220000 27181529470
9.120000 3.960000 2.280000 27181554605
9.059999 3.660000 2.100000 27181579485
8.820000 3.900000 2.460000 27181604605
8.940000 3.780000 2.340000 27181629482
8.820000 3.660000 2.340000 27181654611
8.880000 3.840000 2.040000 27181679481
