0.000000 27116287535
0.000000 27116309594
0.000000 27116334581
0.000000 27116359569
0.000000 27116384563
0.000000 27116409632
0.000000 27116434622
0.000000 27116459633
0.000000 27116484630
0.000000 27116509620
0.000000 27116534631
0.000000 27116559640
0.000000 27116584632
0.000000 27116609628
0.000000 27116634621
0.000000 27116659631
0.000000 27116684621
0.000000 27116709638
0.000000 27116734631
0.000000 27116759628
0.000000 27116784616
0.000000 27116809631
0.000000 27116834631
0.000000 27116859626
0.000000 27116884633
0.000000 27116909630
0.000000 27116934620
0.000000 27116959632
0.000000 27116984629
0.000000 27117009627
0.000000 27117034623
0.000000 27117059624
0.000000 27117084628
0.000000 27117109628
0.000000 27117134618
0.000000 27117159632
0.000000 27117184634
0.000000 27117209627
0.000000 27117234633
0.000000 27117259625
0.000000 27117284641
0.000000 27117309641
0.000000 27117334631
0.000000 27117359625
0.000000 27117384613
0.000000 27117409630
0.000000 27117434626
0.000000 27117459627
0.000000 27117484624
0.000000 27117509627
0.000000 27117535118
0.000000 27117559638
0.000000 27117584626
0.000000 27117609697
0.000000 27117634627
0.000000 27117659610
0.000000 27117684626
0.000000 27117709630
0.000000 27117734631
0.000000 27117759617
0.000000 27117784630
0.000000 27117809629
0.000000 27117834628
0.000000 27117859617
0.000000 27117884629
0.000000 27117909627
0.000000 27117934630
0.000000 27117959627
0.000000 27117984629
0.000000 27118009633
0.000000 27118034621
0.000000 27118059628
0.000000 27118084630
0.000000 27118109575
0.000000 27118134559
0.000000 27118159556
0.000000 27118184617
0.000000 27118209630
0.000000 27118234629
0.000000 27118259626
0.000000 27118284623
0.000000 27118309628
0.000000 27118334627
0.000000 27118359629
0.000000 27118384626
0.000000 27118409622
0.000000 27118434615
0.000000 27118459628
0.000000 27118484612
0.000000 27118509634
0.000000 27118534618
0.000000 27118559633
0.000000 27118584617
0.000000 27118609631
0.000000 27118634624
0.000000 27118659624
0.000000 27118684614
0.000000 27118709627
0.000000 27118734628
0.000000 27118759633
0.000000 27118784611
0.000000 27118809627
0.000000 27118834617
0.000000 27118859627
0.000000 27118884613
0.000000 27118909629
0.000000 27118934611
0.000000 27118959628
0.000000 27118984614
0.000000 27119009623
0.000000 27119034624
0.000000 27119059632
0.000000 27119084609
0.000000 27119109626
0.000000 27119134623
0.000000 27119159626
0.000000 27119184617
0.000000 27119209621
0.000000 27119234626
0.000000 27119259623
0.000000 27119284631
0.000000 27119309636
0.000000 27119334624
0.000000 27119359621
0.000000 27119384615
0.000000 27119409633
0.000000 27119434627
0.000000 27119459616
0.000000 27119484614
0.000000 27119509619
0.000000 27119534627
0.000000 27119559619
0.000000 27119584628
0.000000 27119609620
0.000000 27119634624
0.000000 27119659618
0.000000 27119684618
0.000000 27119709625
0.000000 27119734627
0.000000 27119759617
0.000000 27119784621
0.000000 27119809626
0.000000 27119834627
0.000000 27119859623
0.000000 27119884621
0.000000 27119909611
0.000000 27119934629
0.000000 27119959594
0.000000 27119984614
0.000000 27120009634
0.000000 27120034629
0.000000 27120059639
0.000000 27120084636
0.000000 27120109636
0.000000 27120134625
0.000000 27120159635
0.000000 27120184627
0.000000 27120209632
0.000000 27120234578
0.000000 27120259563
0.000000 27120284629
0.000000 27120309639
0.000000 27120334624
0.000000 27120359605
0.000000 27120384629
0.000000 27120409641
0.000000 27120434611
0.000000 27120459631
0.000000 27120484633
0.000000 27120509629
0.000000 27120534619
0.000000 27120559632
0.000000 27120584629
0.000000 27120609733
0.000000 27120634636
0.000000 27120659715
0.000000 27120684617
0.000000 27120709635
0.000000 27120734618
0.000000 27120759636
0.000000 27120784642
0.000000 27120809633
0.000000 27120834620
0.000000 27120859636
0.000000 27120884645
0.000000 27120909637
0.000000 27120934628
0.000000 27120959629
0.000000 27120984617
0.000000 27121009631
0.000000 27121034615
0.000000 27121059643
0.000000 27121084625
0.000000 27121109567
