2.397500 -5.180000 -0.822500 19974273531
2.502500 -5.495000 -1.120000 19974298547
2.537500 -5.302500 -0.577500 19974323542
2.240000 -5.040000 -0.945000 19974348557
2.310000 -5.232500 -0.787500 19974373550
2.397500 -5.075000 -0.612500 19974398554
2.555000 -4.865000 -0.700000 19974423536
2.205000 -5.845000 -0.770000 19974448405
2.275000 -2.537500 -0.647500 19974473547
2.415000 -5.162500 -0.857500 19974498521
2.275000 -5.530000 -0.700000 19974523552
2.467500 -5.687500 -0.735000 19974548529
2.537500 -5.985000 -0.735000 19974573914
2.205000 -5.775000 -0.682500 19974598544
2.502500 -5.652500 -0.560000 19974623557
2.380000 -6.160000 -0.910000 19974648545
2.450000 -5.845000 -0.612500 19974673545
2.362500 -6.177500 -0.612500 19974698542
2.047500 -5.862500 -0.665000 19974723559
2.327500 -5.407500 -0.875000 19974748543
2.467500 -7.332500 -18.392500 19974773543
2.625000 -7.612500 -27.247499 19974798570
2.555000 -7.857500 -35.770000 19974823559
2.502500 -8.347500 -44.572498 19974848531
2.800000 -7.437500 -45.814999 19974873542
2.800000 -6.982500 -46.865002 19974898543
2.800000 -7.315000 -47.075001 19974923561
3.325000 -7.402500 -52.132500 19974948542
3.377500 -8.505000 -59.185001 19974973543
3.062500 -8.312500 -64.207497 19974998538
2.940000 -8.575000 -66.010002 19975023559
3.237500 -8.295000 -70.769997 19975048544
2.992500 -7.455000 -67.690002 19975073554
3.325000 -6.510000 -62.195000 19975098543
3.640000 -7.840000 -66.745003 19975123557
3.342500 -7.892500 -69.019997 19975148518
3.027500 -8.592500 -71.312500 19975173530
3.027500 -8.190000 -67.112503 19975198533
3.132500 -8.347500 -65.590004 19975223545
2.817500 -8.190000 -62.264999 19975248526
3.062500 -8.557500 -57.522499 19975273529
2.782500 -7.595000 -52.692501 19975298522
3.010000 -5.967500 -50.312500 19975323542
3.027500 -6.247500 -47.880001 19975348595
2.905000 -6.580000 -56.577499 19975373525
3.482500 -7.682500 -67.917503 19975398523
3.132500 -8.365000 -76.632500 19975423548
3.500000 -9.100000 -85.750000 19975448522
3.517500 -9.485000 -93.065002 19975473525
3.447500 -10.832500 -104.754997 19975498521
3.097500 -10.937500 -100.467499 19975523567
2.852500 -8.907500 -80.237503 19975548545
3.062500 -6.352500 -58.939999 19975573499
3.272500 -7.472500 -58.397499 19975598547
3.255000 -8.890000 -60.812500 19975623563
2.537500 -8.505000 -54.337502 19975648574
2.852500 -8.872500 -54.320000 19975673556
2.625000 -9.362500 -51.187500 19975698542
2.380000 -7.122500 -48.107502 19975723546
2.590000 -5.915000 -44.082500 19975748539
3.045000 -5.810000 -44.047501 19975773533
2.922500 -6.947500 -46.392502 19975798541
3.080000 -8.190000 -49.279999 19975823541
2.887500 -9.205000 -51.029999 19975848546
2.555000 -9.887500 -50.802502 19975873540
2.712500 -10.080000 -45.709999 19975898497
2.450000 -8.995000 -37.537498 19975923540
2.012500 -8.417500 -32.410000 19975948534
2.310000 -8.207500 -34.562500 19975973546
2.275000 -9.467500 -39.235001 19975998538
1.995000 -10.675000 -43.295002 19976023541
2.065000 -10.762500 -44.555000 19976048536
1.820000 -10.797500 -41.439999 19976073552
1.680000 -10.062500 -44.939999 19976098538
1.697500 -8.487500 -44.082500 19976123486
2.030000 -7.647500 -43.575001 19976148537
2.117500 -6.860000 -41.492500 19976173550
2.467500 -5.705000 -36.487499 19976198536
2.537500 -5.635000 -33.407501 19976223566
2.257500 -4.742500 -29.715000 19976248540
2.467500 -4.060000 -27.912500 19976273529
2.537500 -5.250000 -29.889999 19976298525
2.642500 -6.562500 -33.634998 19976323553
2.695000 -8.032500 -40.617500 19976348539
2.537500 -9.747500 -45.185001 19976373523
2.082500 -8.505000 -45.045002 19976398539
2.135000 -7.980000 -44.467499 19976423556
2.187500 -6.615000 -31.500000 19976448551
2.537500 -5.390000 -27.352501 19976473531
2.607500 -5.460000 -25.094999 19976498508
2.537500 -5.687500 -22.469999 19976523563
2.677500 -6.895000 -23.415001 19976548547
2.712500 -7.210000 -22.977501 19976573533
2.590000 -7.350000 -24.605000 19976598528
1.942500 -6.667500 -24.517500 19976623549
2.572500 -6.265000 -25.042500 19976648529
2.310000 -6.230000 -22.924999 19976673534
2.310000 -6.090000 -22.680000 19976698529
2.712500 -6.720000 -19.565001 19976723549
2.310000 -7.437500 -19.985001 19976748542
2.170000 -6.965000 -16.170000 19976773532
2.152500 -4.970000 -8.207500 19976798529
2.555000 -5.145000 -8.120000 19976823336
2.625000 -4.235000 -5.145000 19976848533
2.712500 -4.655000 -6.177500 19976873528
2.380000 -7.560000 -13.335000 19976898526
2.170000 -7.490000 -20.772501 19976923546
2.362500 -7.525000 -21.735001 19976948520
2.572500 -7.052500 -22.575001 19976973521
2.432500 -6.072500 -22.347500 19976998521
2.607500 -5.390000 -18.952499 19977023530
2.590000 -6.090000 -18.217501 19977048534
2.660000 -6.580000 -13.212500 19977073533
2.537500 -6.177500 -11.182500 19977098536
2.292500 -6.685000 -10.377500 19977123547
2.520000 -6.160000 -9.992500 19977148519
2.362500 -6.457500 -11.795000 19977173524
2.432500 -5.792500 -14.717500 19977198516
2.380000 -5.495000 -16.362499 19977223576
2.520000 -5.302500 -19.355000 19977248539
2.292500 -5.565000 -28.542500 19977273541
2.677500 -3.780000 -26.057501 19977298547
2.695000 -6.037500 -29.295000 19977323557
2.835000 -6.807500 -30.135000 19977348533
2.572500 -5.495000 -31.622499 19977373523
2.642500 -4.322500 -32.549999 19977398522
2.712500 -4.270000 -32.602501 19977423547
2.835000 -4.567500 -31.202499 19977448520
3.150000 -4.725000 -30.887501 19977473519
3.010000 -4.882500 -30.520000 19977498526
3.150000 -6.265000 -34.037498 19977523559
2.695000 -7.140000 -41.352501 19977548526
2.765000 -9.800000 -45.290001 19977573534
2.467500 -9.992500 -47.110001 19977598530
2.432500 -9.117500 -45.517502 19977623553
2.397500 -7.122500 -47.985001 19977648515
2.817500 -6.807500 -48.597500 19977673527
2.800000 -8.137500 -49.840000 19977698520
2.205000 -8.347500 -51.187500 19977723558
2.450000 -7.507500 -50.102501 19977748524
2.520000 -6.370000 -47.687500 19977773527
2.695000 -6.020000 -49.752499 19977798533
3.080000 -4.830000 -51.064999 19977823546
3.465000 -2.625000 -52.202499 19977848532
3.430000 -3.272500 -55.334999 19977873527
3.605000 -4.690000 -62.842499 19977898526
3.430000 -7.752500 -69.807503 19977923558
3.150000 -7.700000 -71.610001 19977948523
3.325000 -7.455000 -73.202499 19977973525
3.762500 -8.820000 -75.127502 19977998558
3.027500 -7.595000 -80.150002 19978023550
3.710000 -8.347500 -78.662498 19978048524
3.342500 -6.842500 -70.612503 19978073510
3.745000 -6.807500 -64.347504 19978098522
3.412500 -7.875000 -59.744999 19978123543
3.412500 -7.630000 -60.480000 19978148524
3.482500 -8.260000 -66.307503 19978173520
3.430000 -8.347500 -81.934998 19978198521
3.552500 -8.627500 -89.110001 19978223548
3.797500 -8.032500 -86.275002 19978248519
3.797500 -8.155000 -75.669998 19978274022
3.465000 -8.312500 -70.962502 19978298535
3.552500 -7.472500 -66.080002 19978323557
3.605000 -7.875000 -60.357502 19978348525
3.062500 -7.665000 -57.750000 19978373530
3.167500 -7.385000 -57.994999 19978398526
3.447500 -7.840000 -59.779999 19978423537
3.342500 -7.122500 -59.500000 19978448522
3.430000 -7.997500 -62.369999 19978473518
3.622500 -7.560000 -59.220001 19978498922
3.535000 -7.665000 -55.457500 19978523571
2.800000 -7.122500 -52.202499 19978548537
3.185000 -7.087500 -51.362499 19978573541
3.360000 -7.157500 -50.610001 19978598550
3.220000 -6.772500 -52.430000 19978623558
3.045000 -6.895000 -57.715000 19978648542
3.377500 -7.437500 -61.442501 19978673531
3.535000 -7.752500 -60.567501 19978698546
3.255000 -8.645000 -59.955002 19978723575
3.307500 -8.347500 -54.092499 19978748545
3.290000 -7.630000 -44.834999 19978773508
3.132500 -7.962500 -31.062500 19978798541
2.782500 -6.807500 -1.732500 19978823562
2.327500 -5.775000 -0.647500 19978848547
2.642500 -5.232500 -0.822500 19978873542
2.292500 -5.722500 -0.735000 19978898530
2.467500 -6.580000 -0.822500 19978923559
2.257500 -6.055000 -0.682500 19978948540
2.450000 -5.635000 -0.822500 19978973520
2.765000 -5.705000 -0.857500 19978998347
2.835000 -4.900000 -0.787500 19979023341
2.537500 -4.567500 -0.787500 19979048329
2.450000 -5.197500 -0.875000 19979073511
2.485000 -5.057500 -0.805000 19979098516
2.467500 -5.530000 -0.682500 19979123657
2.625000 -5.285000 -0.910000 19979148510
2.537500 -5.565000 -0.700000 19979173581
2.520000 -5.495000 -0.927500 19979198517
2.555000 -5.355000 -0.770000 19979223558
2.450000 -6.142500 -0.822500 19979248521
2.327500 -6.352500 -0.875000 19979273634
2.502500 -5.950000 -0.980000 19979298519
2.555000 -5.967500 -1.522500 19979323475
2.380000 -7.770000 -27.667500 19979348516
2.712500 -7.157500 -44.257500 19979373472
3.237500 -6.912500 -59.132500 19979398518
3.482500 -7.875000 -73.832497 19979423474
3.325000 -8.522500 -70.822502 19979448516
3.640000 -8.172500 -60.462502 19979473476
3.465000 -7.682500 -45.185001 19979498539
3.132500 -6.755000 -37.782501 19979523491
3.010000 -6.317500 -31.080000 19979548495
2.800000 -6.650000 -28.052500 19979573486
2.590000 -7.437500 -31.850000 19979598483
2.887500 -6.667500 -40.215000 19979623491
2.922500 -6.790000 -43.259998 19979648543
2.975000 -6.930000 -45.027500 19979673490
3.080000 -7.630000 -47.494999 19979698532
3.272500 -6.492500 -51.345001 19979723535
3.412500 -6.912500 -56.700001 19979748537
2.852500 -7.857500 -58.310001 19979773476
3.185000 -8.662500 -56.560001 19979798536
3.202500 -8.435000 -49.209999 19979823490
3.272500 -7.770000 -43.067501 19979848540
3.010000 -6.772500 -39.322498 19979873530
2.940000 -7.700000 -35.542500 19979898539
2.835000 -8.732500 -33.250000 19979923526
2.695000 -8.365000 -31.639999 19979948531
2.677500 -10.395000 -31.010000 19979973534
2.222500 -11.795000 -32.322498 19979998548
1.872500 -17.482500 -30.520000 19980023334
0.735000 -11.742500 -28.945000 19980048550
1.592500 -5.425000 -25.602501 19980073544
2.432500 -3.745000 -21.559999 19980098533
2.852500 -2.485000 -15.610000 19980123545
2.782500 -9.222500 -10.552500 19980148539
1.575000 -6.632500 -0.805000 19980173542
2.257500 0.857500 -15.680000 19980198536
3.377500 0.227500 -41.404999 19980223341
3.605000 -1.767500 -39.900002 19980248535
3.587500 -3.325000 -34.195000 19980273473
3.010000 -7.787500 -20.719999 19980298533
2.397500 -7.227500 -9.992500 19980323533
2.327500 -6.580000 -2.327500 19980348536
2.327500 -6.842500 -0.787500 19980373335
2.397500 -6.300000 -0.682500 19980398536
2.712500 -2.187500 -0.560000 19980423518
2.905000 -3.412500 -0.717500 19980448516
2.765000 -2.730000 -0.770000 19980473515
2.695000 -3.762500 -0.910000 19980498525
2.590000 -3.097500 -0.682500 19980523523
2.730000 -3.797500 -0.717500 19980548516
2.310000 -4.935000 -0.612500 19980573538
2.765000 -5.285000 -0.857500 19980598531
2.432500 -5.565000 -0.822500 19980623606
2.537500 -4.375000 -0.910000 19980648537
2.240000 -4.445000 -0.752500 19980673547
2.502500 -5.180000 -0.787500 19980698538
2.660000 -5.355000 -0.490000 19980723489
2.502500 -6.020000 -0.665000 19980748540
2.572500 -9.292500 -0.665000 19980773513
2.450000 -5.792500 -0.507500 19980798544
2.502500 -4.917500 -0.682500 19980823469
2.485000 -5.792500 -0.682500 19980848532
2.730000 -5.040000 -0.770000 19980873478
2.380000 -5.775000 -0.507500 19980898515
2.222500 -5.740000 -1.015000 19980923478
2.782500 -5.897500 -13.405000 19980948525
2.747500 -6.772500 -51.380001 19980973479
3.185000 -8.067500 -64.925003 19980998518
3.535000 -7.805000 -71.207497 19981023474
3.692500 -8.295000 -76.247498 19981048527
3.517500 -8.067500 -79.449997 19981073479
3.885000 -7.910000 -89.355003 19981098529
4.112500 -7.490000 -89.565002 19981123476
4.147500 -7.210000 -88.462502 19981148528
3.990000 -7.665000 -87.062500 19981173510
3.902500 -7.402500 -86.082497 19981198522
3.885000 -8.330000 -88.987503 19981223540
3.920000 -8.942500 -94.430000 19981248546
4.200000 -8.907500 -94.290001 19981273547
4.112500 -8.662500 -92.855003 19981298535
3.727500 -9.065000 -97.422501 19981323527
4.252500 -8.925000 -100.467499 19981348525
4.322500 -9.065000 -102.497498 19981373537
4.095000 -9.415000 -106.504997 19981398923
4.427500 -8.487500 -108.395004 19981423544
4.392500 -9.135000 -104.754997 19981448576
3.990000 -9.152500 -103.197502 19981473547
4.200000 -9.975000 -102.025002 19981498545
4.235000 -9.572500 -95.410004 19981523542
4.182500 -9.222500 -89.092499 19981548536
4.025000 -9.310000 -83.912498 19981573544
3.920000 -8.697500 -83.754997 19981598544
3.675000 -8.767500 -85.557503 19981623533
3.797500 -8.837500 -95.480003 19981648541
3.920000 -9.275000 -102.970001 19981673535
3.867500 -9.327500 -106.172501 19981698532
3.920000 -9.065000 -100.415001 19981723539
3.815000 -8.907500 -96.180000 19981748546
4.060000 -8.802500 -92.347504 19981773498
4.007500 -8.067500 -88.690002 19981798531
3.867500 -8.120000 -81.462502 19981823534
3.465000 -7.822500 -68.512497 19981848545
3.710000 -6.947500 -62.720001 19981873538
3.290000 -7.682500 -58.537498 19981898543
3.360000 -7.087500 -62.895000 19981923532
3.482500 -7.700000 -67.410004 19981948430
3.657500 -7.595000 -71.767502 19981973537
4.025000 -8.050000 -74.847504 19981998500
3.500000 -7.717500 -79.922501 19982023534
3.937500 -8.015000 -78.942497 19982048534
3.815000 -8.015000 -72.467499 19982073553
3.657500 -7.875000 -67.410004 19982098546
3.570000 -6.825000 -61.127499 19982123542
3.657500 -7.875000 -57.942501 19982148535
3.710000 -8.067500 -56.822502 19982173492
3.290000 -7.332500 -59.080002 19982198552
3.290000 -6.895000 -58.834999 19982223489
3.605000 -7.350000 -57.207500 19982248551
3.395000 -7.402500 -59.360001 19982273543
3.465000 -7.420000 -60.357502 19982298545
3.657500 -7.122500 -62.545002 19982323535
4.077500 -8.662500 -63.017502 19982348544
4.042500 -7.770000 -65.362503 19982373541
4.042500 -7.402500 -62.930000 19982398340
3.885000 -7.875000 -60.549999 19982423547
3.570000 -7.840000 -58.012501 19982448509
3.465000 -7.105000 -60.200001 19982473538
3.552500 -8.715000 -61.320000 19982498546
3.605000 -7.700000 -64.644997 19982523532
3.447500 -8.137500 -62.002499 19982548540
3.885000 -7.735000 -54.180000 19982573545
3.587500 -7.612500 -45.709999 19982598542
3.377500 -7.577500 -43.400002 19982623549
3.272500 -7.122500 -38.220001 19982648547
2.957500 -7.402500 -35.384998 19982673550
3.027500 -6.545000 -35.367500 19982698533
3.150000 -4.847500 -39.340000 19982723536
2.905000 -7.385000 -47.424999 19982748548
2.870000 -7.315000 -54.494999 19982773546
3.850000 -9.030000 -48.702499 19982798543
3.360000 -6.317500 -49.577499 19982823531
3.167500 -6.965000 -49.035000 19982848548
3.290000 -8.330000 -51.992500 19982873540
3.342500 -5.232500 -47.407501 19982898452
3.132500 -7.227500 -43.032501 19982923533
3.307500 -5.092500 -41.474998 19982948537
2.870000 -7.507500 -40.512501 19982973535
3.412500 -6.090000 -39.707500 19982998546
3.045000 -7.665000 -36.872501 19983023533
2.800000 -7.262500 -34.457500 19983048547
3.097500 -6.930000 -36.522499 19983073549
3.500000 -7.787500 -39.532501 19983098547
3.377500 -8.032500 -43.347500 19983123498
3.325000 -8.085000 -43.872501 19983148544
3.395000 -6.317500 -45.570000 19983173533
3.150000 -8.085000 -48.002499 19983198542
3.570000 -6.457500 -50.137501 19983223544
3.430000 -7.437500 -49.087502 19983248547
3.762500 -6.615000 -44.099998 19983273872
2.870000 -7.227500 -42.367500 19983298538
3.237500 -6.492500 -40.372501 19983323547
3.570000 -6.842500 -39.305000 19983348524
3.185000 -7.052500 -36.802502 19983373543
3.167500 -6.982500 -25.690001 19983398527
3.010000 -7.455000 -16.607500 19983423526
2.887500 -7.070000 -12.285000 19983448527
2.625000 -6.212500 -5.670000 19983473528
2.485000 -6.020000 -1.995000 19983498531
2.712500 -3.010000 -0.525000 19983523524
1.802500 -5.092500 -0.962500 19983548529
2.275000 -5.635000 -0.805000 19983573516
2.817500 -0.875000 -0.612500 19983598542
0.717500 -6.335000 -0.840000 19983623537
2.345000 -2.730000 -0.612500 19983648539
1.452500 2.537500 0.087500 19983673536
1.137500 -2.187500 16.344999 19983698544
1.155000 -9.870000 20.650000 19983723537
2.222500 -3.237500 8.802500 19983748537
1.575000 -4.725000 4.182500 19983773541
1.942500 -4.217500 -0.560000 19983798553
2.047500 -5.127500 -0.822500 19983823518
2.292500 -5.425000 -0.595000 19983848531
2.677500 -5.337500 -0.805000 19983873523
2.310000 -5.337500 -0.962500 19983898518
2.660000 -4.882500 -0.857500 19983923530
2.677500 -5.390000 -0.647500 19983948524
2.782500 -5.390000 -0.560000 19983973521
2.397500 -5.267500 -0.735000 19983998509
