-2.152500 0.350000 -0.507500 10150605123
-2.782500 -0.035000 -0.385000 10150630111
-3.307500 -0.472500 -0.332500 10150655119
-3.237500 -0.087500 -0.070000 10150680110
-3.237500 -0.035000 -0.105000 10150705122
-3.587500 -1.487500 -0.595000 10150730108
-3.955000 0.280000 -0.157500 10150755121
-3.272500 1.942500 -0.735000 10150780108
0.700000 8.697500 2.117500 10150805121
7.787500 -8.330000 0.035000 10150830116
-7.857500 -1.417500 -1.225000 10150855130
-2.782500 3.990000 -1.137500 10150880108
-1.330000 -0.350000 -0.875000 10150905121
-1.120000 0.892500 -0.315000 10150930114
-0.997500 6.510000 0.577500 10150955121
-2.152500 10.465000 5.477500 10150980111
-2.275000 15.452500 8.592500 10151005118
-3.990000 3.202500 62.334999 10151030109
-7.945000 -1.820000 85.400002 10151055135
-6.090000 -2.047500 103.197502 10151080114
2.695000 10.675000 108.430000 10151105114
14.455000 16.660000 88.794998 10151130157
22.190001 10.377500 74.147499 10151154976
37.939999 1.610000 58.782501 10151184599
53.410000 6.457500 43.662498 10151205122
58.029999 -4.287500 38.377499 10151230132
54.092499 -22.855000 -5.320000 10151255123
27.195000 6.055000 2.170000 10151280113
-3.815000 5.355000 -34.720001 10151305120
-8.697500 10.797500 -39.007500 10151330110
-9.380000 1.750000 26.809999 10151355122
20.142500 -22.942499 14.420000 10151380113
60.952499 -13.457500 -0.752500 10151405118
103.407501 -28.892500 -5.057500 10151430105
154.087494 -53.549999 2.817500 10151455120
178.464996 -81.235001 -59.360001 10151480114
255.202499 164.955002 -92.889999 10151510912
188.912506 205.012497 -124.302498 10151530114
22.382500 203.175003 -94.482498 10151555127
-94.114998 54.389999 -20.650000 10151581986
-7.630000 25.602501 -23.485001 10151605128
38.622501 77.787498 -116.305000 10151630112
31.045000 79.449997 -180.074997 10151655117
27.702499 113.715004 -247.975006 10151680152
29.610001 168.507507 -305.619995 10151705110
-16.712500 214.112503 -327.040009 10151730109
-61.740002 208.652496 -356.369995 10151755116
-49.052502 183.330002 -366.887512 10151780126
-18.830000 157.990005 -342.054993 10151805127
44.415001 137.042496 -286.492493 10151830124
71.855003 128.642502 -239.802505 10151855124
36.732502 139.684998 -225.050003 10151880122
0.052500 154.175003 -213.744995 10151905120
-5.862500 135.257507 -158.707504 10151930119
-3.027500 130.147507 -141.259995 10151955120
12.355000 117.705002 -123.270004 10151980124
32.147499 113.487503 -67.007500 10152005115
19.985001 115.220001 -55.912498 10152030124
1.277500 146.562500 -56.139999 10152055111
-8.085000 138.372498 -37.625000 10152080116
-22.592501 114.834999 -24.202499 10152105120
-23.100000 82.320000 -18.217501 10152130117
-14.262500 67.375000 -15.715000 10152155114
-8.907500 43.575001 -9.012500 10152180116
-4.305000 26.827499 2.152500 10152205121
3.535000 11.060000 17.010000 10152230121
-4.637500 2.537500 10.937500 10152255125
-6.580000 11.795000 4.690000 10152280117
-11.707500 22.155001 8.102500 10152305122
-21.525000 13.580000 15.522500 10152330115
-23.152500 -2.800000 9.992500 10152355115
-9.642500 -10.867500 -8.452500 10152380116
4.095000 -5.145000 -6.370000 10152405114
-0.035000 1.750000 -1.977500 10152430113
-3.850000 10.727500 -2.642500 10152455115
-7.087500 6.492500 -8.330000 10152480114
-2.152500 -2.432500 -11.900000 10152505116
4.987500 3.745000 -8.802500 10152530122
1.540000 6.510000 -5.897500 10152555146
-1.662500 3.482500 -5.775000 10152580120
-0.210000 -1.960000 -6.720000 10152605117
3.237500 -4.620000 -7.245000 10152630119
3.832500 -1.137500 -6.457500 10152655111
0.980000 2.660000 -4.165000 10152680122
-1.715000 4.270000 -4.042500 10152705117
-7.525000 1.435000 -3.430000 10152730113
-9.590000 0.630000 -3.447500 10152755107
-11.287500 8.032500 -1.837500 10152780122
-13.440001 7.787500 -0.227500 10152805118
-12.477500 -1.225000 0.105000 10152830115
-7.910000 -3.657500 1.312500 10152855117
-4.672500 1.942500 0.105000 10152880116
-5.407500 8.225000 -1.172500 10152905117
-4.567500 5.127500 0.472500 10152930118
-1.820000 2.030000 2.817500 10152955120
1.225000 -2.275000 3.132500 10152980127
5.845000 0.962500 2.065000 10153005125
2.870000 5.355000 3.657500 10153030145
-2.747500 2.537500 4.935000 10153055115
-2.747500 -1.330000 6.457500 10153080127
0.402500 3.185000 3.640000 10153105120
-0.577500 1.767500 0.140000 10153130126
-2.030000 2.205000 -0.735000 10153155116
-3.290000 3.010000 0.122500 10153180127
-1.400000 3.202500 -0.595000 10153205116
2.222500 6.247500 -1.347500 10153230122
-2.800000 6.492500 -1.645000 10153255123
-4.252500 5.215000 -2.625000 10153280129
-3.272500 1.540000 -1.102500 10153305115
0.805000 -1.592500 -2.152500 10153330128
1.715000 1.610000 -1.942500 10153355139
-4.742500 3.412500 -0.927500 10153380125
