-0.240000 -1.320000 6.960000 10150589671
-0.720000 -1.440000 6.600000 10150614861
-0.480000 -1.320000 6.720000 10150639664
-0.780000 -1.020000 6.900000 10150664665
-0.660000 -1.260000 6.900000 10150689678
-0.420000 -1.260000 6.660000 10150714860
-0.240000 -1.080000 6.720000 10150739670
-0.420000 -1.380000 7.020000 10150764672
-0.600000 -1.320000 6.720000 10150789669
-0.600000 -1.200000 6.720000 10150814856
-0.480000 -0.960000 6.840000 10150839672
-0.420000 -1.140000 6.900000 10150864655
-0.600000 -1.200000 6.720000 10150889661
-0.480000 -1.200000 7.080000 10150914859
-0.660000 -1.380000 6.660000 10150939666
-0.480000 -1.200000 6.840000 10150964666
-0.540000 -0.780000 6.660000 10150989666
-0.420000 -1.260000 6.660000 10151014893
-0.840000 -1.080000 6.720000 10151039658
-0.060000 -1.380000 6.420000 10151064678
-0.240000 -1.680000 6.360000 10151089659
-0.300000 -1.500000 6.540000 10151114862
-0.300000 -1.800000 6.600000 10151139737
0.420000 -1.740000 6.060000 10151164694
0.480000 -1.440000 6.480000 10151189919
0.840000 -1.560000 6.120000 10151222090
0.660000 -1.620000 6.300000 10151239796
0.780000 -1.380000 5.940000 10151264672
0.660000 -1.260000 6.180000 10151289787
0.720000 -1.440000 6.000000 10151314874
0.420000 -1.260000 6.060000 10151339770
0.480000 -1.440000 6.240000 10151364668
0.600000 -1.080000 5.640000 10151389775
0.660000 -1.140000 5.460000 10151414862
0.600000 -1.080000 5.400000 10151439783
0.780000 -0.780000 4.980000 10151464662
0.720000 -0.480000 4.200000 10151489776
0.420000 0.060000 4.020000 10151517173
0.120000 0.060000 3.960000 10151539806
-0.360000 -0.120000 4.080000 10151564672
-0.240000 0.120000 4.440000 10151590343
-0.660000 -0.180000 3.900000 10151614875
-0.780000 0.300000 4.260000 10151639774
-1.800000 0.240000 3.960000 10151664672
-2.160000 -0.120000 3.960000 10151689780
-3.300000 -0.180000 3.900000 10151714999
-4.140000 -0.660000 3.780000 10151739754
-5.340000 -1.500000 3.660000 10151764710
-5.760000 -1.680000 3.480000 10151789769
-6.420000 -2.580000 2.940000 10151814850
-6.720000 -3.120000 2.760000 10151839743
-6.720000 -3.720000 2.760000 10151864649
-7.260000 -4.140000 2.100000 10151889782
-7.320000 -4.680000 1.680000 10151914863
-6.720000 -5.160000 1.560000 10151939777
-7.080000 -5.640000 1.200000 10151964662
-7.140000 -5.580000 0.780000 10151989783
-7.080000 -6.240000 0.840000 10152014879
-7.080000 -6.240000 0.240000 10152039799
-6.720000 -6.120000 0.360000 10152064660
-6.420000 -6.300000 -0.300000 10152089780
-6.180000 -6.540000 -0.660000 10152114862
-6.240000 -6.240000 -0.480000 10152139777
-6.060000 -6.420000 -0.900000 10152164667
-6.300000 -6.300000 -1.020000 10152189779
-6.060000 -6.060000 -0.780000 10152214851
-6.360000 -6.480000 -0.960000 10152239775
-6.420000 -6.540000 -0.900000 10152264665
-6.480000 -6.360000 -0.960000 10152289777
-6.240000 -6.240000 -1.080000 10152314863
-6.240000 -6.360000 -0.960000 10152339783
-5.880000 -6.240000 -0.960000 10152364665
-6.120000 -6.000000 -0.960000 10152389779
-5.940000 -6.300000 -1.020000 10152414849
-6.000000 -6.360000 -1.080000 10152439783
-6.300000 -6.060000 -1.260000 10152464662
-6.120000 -6.120000 -0.720000 10152489779
-6.420000 -6.420000 -0.900000 10152514851
-5.820000 -6.420000 -0.780000 10152540395
-6.180000 -6.300000 -0.900000 10152564673
-6.180000 -6.420000 -1.020000 10152589784
-6.360000 -6.480000 -0.960000 10152614869
-6.360000 -6.240000 -0.720000 10152639779
-6.120000 -6.480000 -0.960000 10152664664
-6.240000 -6.360000 -0.840000 10152689775
-6.180000 -6.420000 -0.780000 10152714850
-6.060000 -6.540000 -1.020000 10152739777
-6.240000 -6.720000 -0.960000 10152764668
-6.000000 -6.480000 -0.720000 10152789785
-6.300000 -6.300000 -1.260000 10152814866
-6.300000 -6.180000 -1.140000 10152839797
-6.180000 -6.420000 -1.260000 10152864662
-6.000000 -6.480000 -1.200000 10152889786
-6.000000 -6.240000 -1.080000 10152914853
-6.000000 -6.360000 -0.960000 10152939782
-5.820000 -6.660000 -1.020000 10152964665
-6.180000 -6.300000 -1.140000 10152989795
-6.060000 -6.180000 -1.380000 10153014873
-6.180000 -6.180000 -1.260000 10153039795
-6.000000 -6.600000 -0.960000 10153064668
-5.700000 -6.660000 -0.660000 10153089788
-5.940000 -6.300000 -0.780000 10153114865
-5.940000 -6.420000 -0.900000 10153139791
-6.060000 -6.180000 -1.140000 10153164668
-6.120000 -6.360000 -0.720000 10153189784
-5.760000 -6.360000 -1.320000 10153214858
-5.880000 -6.600000 -0.960000 10153239792
-6.120000 -6.480000 -1.320000 10153264665
-6.240000 -6.240000 -1.200000 10153289789
-5.880000 -6.360000 -1.200000 10153314864
-5.880000 -6.240000 -1.080000 10153339790
-5.880000 -6.120000 -1.200000 10153364658
