1.196411 0.264780 9.159412 22173009833
1.255251 0.196133 9.228059 22173030137
1.333705 0.176520 9.267285 22173055161
1.343511 0.107873 9.198639 22173080153
1.353318 0.049033 9.169219 22173105346
1.333705 0.029420 9.237865 22173130135
1.304285 -0.019613 9.306512 22173155141
1.343511 -0.156906 9.708585 22173180142
1.274865 -0.137293 9.561485 22173205340
1.176798 -0.088260 9.590905 22173230140
1.196411 0.009807 9.571292 22173255138
1.166991 0.019613 9.541871 22173280142
1.255251 -0.009807 9.551678 22173305152
1.225831 0.019613 9.424192 22173330131
1.225831 0.019613 9.453611 22173355142
1.186605 0.029420 9.414385 22173380147
1.166991 0.039227 9.414385 22173405339
1.186605 0.049033 9.492838 22173430130
1.206218 0.039227 9.443805 22173455147
1.147378 0.098067 9.453611 22173480134
1.078732 0.098067 9.551678 22173505337
1.078732 0.078453 9.473226 22173530128
0.921825 0.058840 9.453611 22173555139
0.666852 0.313813 8.031648 22173580151
0.657046 0.127486 9.355545 22173605342
0.313813 0.127486 9.433999 22173630137
0.264780 0.068647 9.600712 22173655134
0.274586 0.127486 9.630132 22173680142
0.039227 0.196133 9.522259 22173705328
-0.294200 0.245166 9.031926 22173730135
-0.490333 0.294200 9.463418 22173755132
-0.637432 0.254973 9.492838 22173780151
-0.892405 0.304006 9.384965 22173805339
-1.372931 0.333426 9.218252 22173830137
-1.745584 0.147100 9.237865 22173855142
-2.147657 0.147100 9.326125 22173880145
-2.794895 0.068647 9.110379 22173905334
-3.128322 0.107873 9.012313 22173930141
-3.432328 0.088260 8.992700 22173955155
-3.697107 0.098067 8.953472 22173980146
-4.197247 0.156906 8.443527 22174005368
-4.520866 0.304006 8.129714 22174030146
-4.805259 0.294200 7.963001 22174055138
-5.207332 0.196133 7.776674 22174080150
-5.913410 0.098067 7.384408 22174105318
-6.256643 0.029420 7.531508 22174130106
-6.590069 -0.068647 7.560929 22174155121
-6.845042 -0.176520 7.237308 22174180087
-7.345181 -0.176520 6.335097 22174205156
-7.658995 -0.137293 5.785924 22174230149
-7.668801 -0.058840 5.727084 22174255147
-7.953194 -0.058840 5.393658 22174280153
-8.139521 -0.039227 5.168105 22174305336
-8.325847 -0.068647 5.050425 22174330148
-8.443527 -0.166713 4.942552 22174355145
-8.521980 -0.196133 4.687580 22174380132
-8.521980 -0.245166 4.452219 22174405158
-8.590627 -0.176520 4.148213 22174430150
-8.786759 -0.088260 3.804981 22174455143
-9.071153 -0.166713 3.432328 22174480094
-9.051538 -0.176520 3.157742 22174505152
-9.208446 -0.254973 2.794895 22174530147
-9.424192 -0.245166 2.628183 22174555103
-9.541871 -0.264780 2.628183 22174580141
-9.502645 -0.372653 2.481083 22174605356
-9.473226 -0.353039 2.147657 22174630154
-9.787038 -0.068647 1.402351 22174655136
-9.816459 -0.078453 1.157185 22174680141
-9.826264 -0.166713 0.921825 22174705152
-9.796844 -0.284393 0.872792 22174730146
-9.885104 -0.313813 0.333426 22174755155
-10.042011 -0.284393 0.068647 22174780165
-9.992978 -0.264780 -0.068647 22174805152
-9.983171 -0.284393 -0.402073 22174830146
-10.100850 -0.313813 -1.000278 22174855150
-10.130271 -0.333426 -1.166991 22174880145
-10.110658 -0.431493 -1.019892 22174905325
-10.012591 -0.460913 -1.127765 22174930148
-9.973364 -0.382459 -1.216025 22174955148
-9.914525 -0.343233 -1.363124 22174980163
-9.943945 -0.313813 -1.490611 22175005355
-9.865492 -0.323619 -1.735777 22175030142
-9.806651 -0.294200 -1.716164 22175055145
-9.806651 -0.274586 -1.784810 22175080143
-9.865492 -0.304006 -1.931910 22175105148
-9.806651 -0.313813 -2.108430 22175130141
-9.806651 -0.284393 -2.255530 22175155147
-9.845878 -0.323619 -2.383016 22175180137
-9.934137 -0.274586 -2.520309 22175205153
-9.953751 -0.304006 -2.559536 22175230146
-9.963558 -0.382459 -2.637989 22175255144
-10.002784 -0.392266 -2.696829 22175280136
-9.943945 -0.343233 -2.569343 22175305147
-9.963558 -0.343233 -2.500696 22175330133
-9.914525 -0.343233 -2.441856 22175355141
-9.855684 -0.382459 -2.353596 22175380148
-9.747811 -0.343233 -2.314370 22175405320
-9.865492 -0.205940 -2.402630 22175430115
-9.983171 -0.176520 -2.441856 22175455094
-9.973364 -0.225553 -2.284950 22175480097
-9.934137 -0.362846 -1.961330 22175505006
-9.865492 -0.382459 -2.177077 22175530082
-9.747811 -0.411879 -2.696829 22175555157
-9.826264 -0.362846 -2.383016 22175580149
-9.836071 -0.382459 -2.275143 22175605332
-9.865492 -0.421686 -2.167270 22175630142
-9.796844 -0.411879 -2.206496 22175655149
-9.767425 -0.411879 -2.549729 22175680146
-9.708585 -0.392266 -2.657602 22175705093
-9.708585 -0.333426 -2.530116 22175730149
-9.738005 -0.284393 -2.441856 22175755150
-9.718391 -0.353039 -2.471276 22175780144
-9.777231 -0.284393 -2.432050 22175805148
-9.767425 -0.274586 -2.402630 22175830147
-9.777231 -0.353039 -2.422243 22175855137
-9.777231 -0.421686 -2.324176 22175880144
-9.865492 -0.431493 -2.157463 22175905333
-9.924331 -0.323619 -1.804424 22175930140
-10.061625 -0.362846 -2.029977 22175955138
-10.091044 -0.215746 -1.765197 22175980144
-10.179304 -0.078453 -1.343511 22176005358
-10.179304 -0.166713 -1.088538 22176030148
-9.973364 -0.578592 -0.862985 22176055136
-9.943945 -0.500139 -0.480526 22176080139
-9.826264 -0.196133 0.098067 22176105336
-9.894911 -0.264780 0.451106 22176130137
-9.904717 -0.333426 0.362846 22176155131
-9.787038 -0.323619 0.676659 22176180125
-9.747811 -0.264780 0.990472 22176205329
-9.669358 -0.353039 1.873070 22176230140
-9.669358 -0.382459 2.245723 22176255121
-9.620325 -0.294200 2.647796 22176280152
-9.453611 -0.284393 2.902769 22176305318
-9.169219 -0.186326 3.461748 22176330136
-8.973086 -0.186326 3.873627 22176355123
-8.718113 -0.205940 4.354153 22176380134
-8.453333 -0.186326 4.520866 22176405344
-7.963001 -0.205940 4.991585 22176430133
-7.776674 -0.235360 5.226945 22176455144
-7.678608 -0.176520 5.570178 22176480136
-7.600155 -0.166713 5.736891 22176505328
-7.423635 -0.147100 6.109544 22176530128
-7.345181 -0.176520 6.354710 22176555133
-7.413828 -0.284393 6.541036 22176580136
-7.100015 -0.480526 6.786202 22176605326
-6.933302 -0.402073 6.796009 22176630138
-6.737169 -0.362846 6.776396 22176655136
-6.599876 -0.294200 7.001948 22176680135
-6.227223 -0.205940 7.374601 22176705336
-6.070317 -0.205940 7.354988 22176730131
-5.874184 -0.196133 7.325568 22176755138
-5.629018 -0.117680 7.502088 22176780133
-5.246559 -0.019613 8.002228 22176805333
-5.207332 -0.039227 7.963001 22176830133
-5.207332 0.029420 7.923775 22176855140
-5.060232 0.088260 8.061068 22176880132
-4.981779 0.029420 8.110101 22176905332
-4.893519 -0.039227 8.217974 22176930135
-4.432606 -0.245166 8.708306 22176955126
-4.403186 -0.088260 8.639660 22176980137
-4.314927 0.019613 8.580820 22177005346
-4.167827 0.039227 8.698500 22177030144
-4.148213 0.117680 8.463140 22177055130
-3.187161 -0.264780 9.394772 22177080149
-2.579149 -0.353039 9.267285 22177105352
-2.147657 -0.304006 9.041733 22177130134
-1.971137 -0.333426 9.208446 22177155117
-1.765197 -0.313813 9.100572 22177180009
-1.510224 -0.372653 8.973086 22177205343
-1.480804 -0.411879 9.159412 22177230144
-1.490611 -0.402073 9.718391 22177255129
-1.039505 -0.441299 9.561485 22177280138
-0.637432 -0.480526 9.581099 22177305335
-0.284393 -0.402073 9.394772 22177330158
0.186326 -0.568786 10.542150 22177355129
0.500139 -0.588399 9.787038 22177380152
0.882599 -0.441299 8.835793 22177405326
1.441578 -0.441299 8.423914 22177430137
2.128043 -0.539366 9.228059 22177455129
2.353596 -0.676659 9.649745 22177480136
2.628183 -0.657046 9.502645 22177505330
3.216582 -0.519753 9.296705 22177530152
3.520588 -0.490333 9.414385 22177555127
3.765754 -0.509946 9.012313 22177580150
3.991307 -0.509946 8.669080 22177605336
4.736613 -0.519753 8.080681 22177630143
5.070039 -0.529559 7.943388 22177655132
5.334818 -0.529559 7.708028 22177680149
5.511338 -0.549172 7.453054 22177705337
5.834958 -0.470719 7.139242 22177730143
5.874184 -0.441299 7.492281 22177755130
6.207610 -0.333426 7.286342 22177780142
6.354710 -0.362846 7.011755 22177805131
6.864655 -0.225553 6.943109 22177830151
6.835236 -0.225553 6.864655 22177855158
7.060789 -0.245166 6.913689 22177880151
7.590348 -0.421686 6.197803 22177905326
7.776674 -0.362846 6.187996 22177930141
7.786481 -0.509946 5.687858 22177955126
8.090487 -0.539366 5.158298 22177980151
8.610240 -0.411879 4.295313 22178005357
8.825986 -0.362846 3.804981 22178030145
9.041733 -0.411879 3.206775 22178055134
9.551678 -0.323619 3.275421 22178080141
9.610518 -0.107873 2.883155 22178105330
9.659552 -0.039227 2.883155 22178130147
9.600712 -0.029420 2.794895 22178155123
9.630132 -0.127486 2.079010 22178180151
9.610518 -0.147100 1.725971 22178205331
9.698778 -0.127486 1.392545 22178230152
9.845878 -0.186326 1.088538 22178255112
9.865492 -0.196133 1.000278 22178280149
9.963558 -0.098067 1.088538 22178305326
10.140078 -0.156906 1.010085 22178330142
10.218531 -0.156906 0.833565 22178355163
10.140078 -0.147100 0.333426 22178380150
10.189111 -0.127486 0.147100 22178405404
10.120463 -0.078453 -0.225553 22178430149
10.032204 -0.225553 -0.725692 22178455138
10.012591 -0.274586 -0.392266 22178480093
10.081238 -0.284393 -0.284393 22178505317
10.169497 -0.205940 -0.372653 22178530095
10.081238 -0.333426 -0.764919 22178555136
10.002784 -0.313813 -1.196411 22178580152
10.002784 -0.264780 -1.559257 22178605329
10.022397 -0.254973 -1.598484 22178630094
9.992978 -0.313813 -2.049590 22178655153
10.042011 -0.313813 -1.990750 22178680155
10.051817 -0.343233 -1.902490 22178705318
9.992978 -0.372653 -2.020170 22178730095
9.983171 -0.382459 -2.059397 22178755833
9.992978 -0.421686 -2.098624 22178780156
9.992978 -0.372653 -2.059397 22178805333
9.953751 -0.402073 -2.226110 22178830105
9.983171 -0.362846 -2.226110 22178855129
10.042011 -0.343233 -2.137850 22178880095
10.002784 -0.343233 -2.147657 22178905327
9.943945 -0.362846 -2.108430 22178930100
9.934137 -0.382459 -2.128043 22178955131
9.973364 -0.382459 -2.137850 22178980149
10.002784 -0.402073 -2.088817 22179005353
10.002784 -0.421686 -2.128043 22179030094
9.992978 -0.441299 -2.059397 22179055166
9.983171 -0.470719 -2.088817 22179080151
10.012591 -0.441299 -2.118237 22179105109
9.953751 -0.402073 -2.079010 22179130097
9.943945 -0.470719 -2.059397 22179155354
9.973364 -0.549172 -2.000557 22179180143
10.081238 -0.480526 -1.696550 22179205399
10.042011 -0.421686 -1.470998 22179230157
9.953751 -0.372653 -1.402351 22179255091
9.943945 -0.392266 -1.520031 22179280095
9.914525 -0.382459 -1.235638 22179305485
9.816459 -0.362846 -1.245445 22179330165
9.728198 -0.431493 -1.480804 22179355098
9.875298 -0.549172 -1.598484 22179380158
10.650023 -1.274865 -1.902490 22179405351
10.738283 -0.872792 -1.588677 22179430156
10.032204 -0.715886 -1.294478 22179455099
9.738005 -0.666852 -0.794339 22179480149
9.855684 -0.794339 -0.039227 22179505334
10.042011 -0.882599 0.254973 22179530148
10.061625 -0.872792 0.333426 22179555156
10.071430 -0.912019 0.402073 22179580150
9.963558 -0.833565 0.784532 22179605340
9.894911 -0.725692 1.225831 22179630150
9.620325 -0.657046 1.588677 22179655147
9.198639 -0.666852 2.618376 22179680148
9.129992 -0.696272 3.373488 22179705145
9.051538 -0.608012 3.873627 22179730355
8.914246 -0.588399 4.118793 22179755096
8.580820 -0.637432 4.197247 22179780149
8.443527 -0.588399 4.422800 22179805150
8.355267 -0.500139 4.658159 22179830148
8.110101 -0.441299 5.501531 22179855094
7.943388 -0.402073 5.530951 22179880092
7.806095 -0.402073 5.521145 22179905330
7.658995 -0.451106 5.736891 22179930166
7.345181 -0.451106 6.089930 22179955155
7.168662 -0.480526 6.335097 22179980098
6.580263 -0.725692 6.227223 22180005152
6.433163 -0.431493 6.639102 22180030096
6.295870 -0.333426 7.551122 22180055163
6.138963 -0.294200 7.629575 22180080384
5.982057 -0.313813 7.688415 22180105331
5.844764 -0.264780 7.963001 22180130154
5.354432 -0.176520 7.963001 22180155131
5.187718 -0.156906 8.070874 22180180096
5.079845 -0.186326 8.198360 22180205089
4.658159 -0.186326 8.463140 22180230085
4.501253 -0.215746 8.414106 22180255156
4.236474 -0.196133 8.531787 22180280175
4.010921 -0.127486 8.639660 22180305151
3.775561 -0.088260 8.845599 22180330156
3.569621 -0.078453 8.982893 22180355156
3.363681 -0.029420 9.061346 22180380362
3.187161 -0.029420 9.149606 22180405333
2.873349 0.039227 9.149606 22180430153
2.794895 0.049033 9.139799 22180455096
2.696829 0.009807 9.198639 22180480152
2.608569 0.029420 9.335932 22180505150
2.559536 0.039227 9.345738 22180530150
2.471276 0.039227 9.326125 22180555145
2.333983 0.019613 9.286899 22180580141
1.882877 -0.078453 9.463418 22180605313
1.775004 -0.029420 9.326125 22180630151
1.755391 -0.078453 9.208446 22180655174
1.804424 -0.088260 9.433999 22180680150
1.784810 -0.088260 9.649745 22180705309
1.618097 -0.098067 9.600712 22180730155
1.667131 -0.058840 9.335932 22180755156
1.529838 -0.137293 9.355545 22180780149
1.314091 -0.176520 9.453611 22180805148
1.382738 -0.186326 9.277092 22180830324
1.353318 -0.186326 9.384965 22180855153
1.265058 -0.098067 9.473226 22180880169
1.314091 -0.117680 9.492838 22180905159
1.235638 -0.117680 9.502645 22180930155
1.255251 -0.117680 9.532065 22180955157
1.372931 -0.186326 9.384965 22180980380
1.353318 -0.205940 9.522259 22181005360
1.343511 -0.264780 9.581099 22181030155
1.402351 -0.372653 9.610518 22181055158
1.068925 -0.166713 9.375159 22181080156
1.216025 -0.107873 9.424192 22181105322
1.353318 -0.137293 9.355545 22181130147
1.284671 -0.019613 9.139799 22181155104
1.284671 0.019613 9.198639 22181186201
1.235638 0.039227 9.424192 22181205150
1.117958 0.019613 9.483032 22181230154
1.059118 -0.009807 9.277092 22181255101
1.078732 -0.009807 9.218252 22181280155
0.961052 -0.009807 9.463418 22181305339
0.970859 -0.068647 9.600712 22181330147
1.010085 -0.127486 9.767425 22181355156
0.980665 -0.137293 9.875298 22181380146
0.931632 -0.117680 9.914525 22181405151
0.970859 0.029420 9.816459 22181430150
1.078732 0.088260 9.394772 22181455150
1.127765 0.009807 9.394772 22181480093
1.166991 -0.068647 9.433999 22181505324
1.108152 -0.215746 9.326125 22181530104
1.078732 -0.186326 9.375159 22181555163
1.108152 -0.147100 9.463418 22181580164
1.157185 -0.127486 9.541871 22181605336
