0.304006 -0.254973 9.335932 827783365
0.304006 -0.274586 9.335932 827795365
0.304006 -0.284393 9.414385 827807338
0.284393 -0.313813 9.473226 827819351
0.245166 -0.304006 9.532065 827831342
0.225553 -0.215746 9.414385 827843352
0.284393 -0.186326 9.394772 827855355
0.313813 -0.166713 9.316319 827867352
0.294200 -0.127486 9.355545 827879351
0.274586 -0.156906 9.414385 827891342
0.196133 -0.127486 9.522259 827903351
0.176520 -0.156906 9.551678 827915375
0.196133 -0.166713 9.512452 827927344
0.186326 -0.176520 9.620325 827939343
0.196133 -0.205940 9.708585 827951342
0.196133 -0.245166 9.679165 827963341
0.215746 -0.225553 9.679165 827975368
0.215746 -0.254973 9.718391 827987342
0.225553 -0.333426 9.728198 827999342
0.294200 -0.294200 9.541871 828011304
0.274586 -0.284393 9.483032 828023302
0.294200 -0.284393 9.463418 828035297
0.343233 -0.225553 9.433999 828047290
0.382459 -0.254973 9.384965 828059290
0.372653 -0.264780 9.384965 828071299
0.343233 -0.196133 9.424192 828083300
0.343233 -0.147100 9.404578 828095315
0.323619 -0.166713 9.394772 828107291
0.264780 -0.166713 9.433999 828119294
0.274586 -0.137293 9.375159 828131307
0.294200 -0.068647 9.296705 828143307
0.245166 -0.049033 9.286899 828155323
0.225553 -0.049033 9.316319 828167306
0.245166 -0.068647 9.286899 828179305
0.235360 -0.107873 9.355545 828191295
0.225553 -0.166713 9.394772 828203304
0.225553 -0.186326 9.463418 828215332
0.254973 -0.137293 9.443805 828227319
0.225553 -0.254973 9.483032 828239319
0.235360 -0.196133 9.483032 828251308
0.205940 -0.176520 9.443805 828263318
0.186326 -0.176520 9.463418 828275327
0.176520 -0.107873 9.453611 828287318
0.156906 -0.117680 9.414385 828299317
0.196133 -0.127486 9.463418 828311324
0.215746 -0.127486 9.453611 828323344
0.196133 -0.107873 9.443805 828335340
0.205940 -0.127486 9.502645 828347341
0.205940 -0.117680 9.630132 828359338
0.156906 -0.117680 9.679165 828371324
0.117680 -0.137293 9.718391 828383340
0.166713 -0.176520 9.767425 828395392
0.215746 -0.215746 9.581099 828407346
0.304006 -0.245166 9.610518 828419342
0.362846 -0.225553 9.561485 828431341
0.372653 -0.245166 9.541871 828443340
0.402073 -0.245166 9.532065 828455351
0.421686 -0.186326 9.571292 828467358
0.441299 -0.186326 9.551678 828479351
0.500139 -0.147100 9.561485 828491343
0.539366 -0.117680 9.522259 828503357
0.588399 -0.176520 9.551678 828515373
0.657046 -0.235360 9.541871 828527371
0.725692 -0.205940 9.541871 828539354
0.774725 -0.274586 9.522259 828551342
0.784532 -0.382459 9.483032 828563352
0.823759 -0.392266 9.532065 828575438
0.823759 -0.392266 9.630132 828587359
0.872792 -0.362846 9.630132 828599354
0.882599 -0.372653 9.630132 828611343
0.912019 -0.284393 9.483032 828623357
0.882599 -0.362846 9.433999 828635350
1.019892 -0.323619 9.424192 828647354
1.068925 -0.313813 9.345738 828659353
1.059118 -0.323619 9.306512 828671297
0.990472 -0.382459 9.355545 828683304
0.892405 -0.402073 9.375159 828695320
0.833565 -0.392266 9.345738 828707309
0.794339 -0.313813 9.424192 828719324
0.617819 -0.147100 9.473226 828731313
0.578592 -0.107873 9.463418 828743324
0.568786 -0.078453 9.463418 828755344
0.558979 -0.058840 9.453611 828767325
0.549172 -0.107873 9.532065 828779321
0.509946 -0.098067 9.571292 828791314
0.509946 -0.088260 9.561485 828803323
0.539366 -0.049033 9.512452 828815360
0.519753 -0.058840 9.483032 828827332
0.500139 -0.058840 9.502645 828839356
0.529559 -0.058840 9.551678 828851340
0.529559 -0.107873 9.541871 828863354
0.549172 -0.107873 9.630132 828875448
0.578592 -0.127486 9.551678 828887351
0.608012 -0.176520 9.483032 828899366
0.608012 -0.196133 9.483032 828911343
0.568786 -0.186326 9.473226 828923348
0.568786 -0.127486 9.492838 828935378
0.549172 -0.068647 9.473226 828947346
0.549172 -0.068647 9.571292 828959343
0.480526 -0.068647 9.541871 828971352
0.421686 -0.049033 9.590905 828983372
0.411879 -0.068647 9.649745 828995364
0.460913 -0.137293 9.747811 829007415
0.451106 -0.254973 9.728198 829019367
0.451106 -0.294200 9.620325 829031366
0.372653 -0.343233 9.708585 829043401
0.382459 -0.362846 9.532065 829055390
0.480526 -0.196133 9.463418 829067398
0.470719 -0.088260 9.473226 829079379
0.529559 -0.029420 9.453611 829091389
0.539366 0.009807 9.394772 829103397
0.578592 -0.107873 9.237865 829115462
0.627626 -0.225553 9.237865 829127364
0.647239 -0.313813 9.257479 829139363
0.676659 -0.254973 9.375159 829151361
0.657046 -0.274586 9.433999 829163362
0.500139 -0.245166 9.551678 829175407
0.431493 -0.225553 9.630132 829187366
0.411879 -0.176520 9.639938 829199365
0.392266 -0.186326 9.649745 829211398
0.411879 -0.107873 9.659552 829223398
0.411879 -0.049033 9.561485 829235403
0.441299 -0.137293 9.551678 829247398
0.470719 -0.117680 9.522259 829259396
0.519753 -0.127486 9.512452 829271394
0.529559 -0.205940 9.590905 829283397
0.509946 -0.196133 9.581099 829295404
0.480526 -0.186326 9.581099 829307293
0.460913 -0.205940 9.610518 829319292
0.411879 -0.186326 9.600712 829331290
0.362846 -0.088260 9.561485 829343292
0.333426 -0.078453 9.630132 829355294
0.284393 -0.068647 9.659552 829367292
0.274586 -0.049033 9.630132 829379302
0.274586 -0.068647 9.600712 829391294
0.235360 -0.068647 9.541871 829403305
0.196133 0.009807 9.453611 829415320
0.078453 -0.009807 9.414385 829427295
0.019613 -0.049033 9.453611 829439305
0.058840 -0.029420 9.522259 829451297
0.127486 -0.019613 9.453611 829463306
0.186326 -0.039227 9.375159 829475329
0.127486 -0.088260 9.355545 829487308
0.068647 -0.088260 9.316319 829499304
0.049033 -0.107873 9.384965 829511317
0.068647 -0.176520 9.404578 829523331
0.117680 -0.284393 9.345738 829535349
0.137293 -0.343233 9.257479 829547330
0.098067 -0.402073 9.237865 829559331
0.127486 -0.372653 9.247672 829571315
0.176520 -0.313813 9.188832 829583338
0.156906 -0.215746 9.198639 829595351
0.098067 -0.147100 9.129992 829607359
-0.068647 -0.019613 9.139799 829619333
-0.098067 0.117680 9.218252 829631329
-0.137293 0.264780 9.257479 829643328
-0.156906 0.313813 9.286899 829655354
-0.196133 0.176520 9.375159 829667349
-0.205940 0.156906 9.443805 829679351
-0.196133 0.156906 9.453611 829691346
-0.176520 0.196133 9.492838 829703352
-0.156906 0.215746 9.551678 829715376
-0.166713 0.166713 9.541871 829727362
-0.137293 0.137293 9.532065 829739354
-0.078453 0.088260 9.551678 829751345
-0.078453 0.098067 9.551678 829763350
0.029420 0.009807 9.453611 829775386
0.068647 -0.088260 9.404578 829787352
0.107873 -0.127486 9.443805 829799354
0.156906 -0.117680 9.483032 829811342
0.147100 -0.088260 9.512452 829823351
0.127486 -0.078453 9.541871 829835370
0.137293 -0.078453 9.590905 829847351
0.186326 -0.117680 9.522259 829859353
0.186326 -0.147100 9.522259 829871334
0.264780 -0.107873 9.483032 829883351
0.235360 -0.117680 9.541871 829895365
0.186326 -0.156906 9.610518 829907351
0.215746 -0.196133 9.639938 829919351
0.254973 -0.147100 9.688972 829931347
0.235360 -0.147100 9.738005 829943357
0.235360 -0.205940 9.747811 829955369
0.215746 -0.254973 9.688972 829967354
0.186326 -0.264780 9.688972 829979350
0.205940 -0.264780 9.679165 829991341
0.205940 -0.147100 9.679165 830003350
0.235360 -0.098067 9.600712 830015327
0.235360 -0.107873 9.571292 830027305
0.254973 -0.078453 9.512452 830039305
0.313813 0.049033 9.433999 830051294
0.323619 0.107873 9.453611 830063304
0.254973 0.058840 9.502645 830075329
0.166713 -0.009807 9.532065 830087310
0.127486 -0.049033 9.679165 830099304
0.176520 -0.127486 9.718391 830111315
0.205940 -0.117680 9.590905 830123313
0.235360 -0.078453 9.483032 830135732
0.225553 -0.049033 9.433999 830147313
0.166713 -0.039227 9.394772 830159311
0.137293 -0.058840 9.512452 830171309
