4.952500 -4.357500 -0.140000 827810599
4.900000 -4.427500 -0.857500 827822576
4.287500 -5.320000 -1.417500 827834576
4.480000 -6.405000 -1.820000 827846577
3.815000 -7.105000 -1.767500 827858578
2.467500 -6.212500 -1.645000 827870576
2.205000 -4.987500 -1.277500 827882576
2.607500 -4.130000 -1.417500 827894577
2.870000 -4.445000 -1.400000 827906592
2.817500 -5.215000 -1.085000 827918630
3.640000 -4.742500 -0.297500 827930628
3.920000 -4.130000 0.245000 827942628
4.532500 -4.952500 0.367500 827954630
4.952500 -5.950000 -0.542500 827966628
4.235000 -6.720000 -0.945000 827978629
3.395000 -6.737500 -0.945000 827990615
2.975000 -7.122500 -1.295000 828002591
3.377500 -7.315000 -1.662500 828014564
4.655000 -7.507500 -1.907500 828026557
5.792500 -6.877500 -1.330000 828038557
6.720000 -6.457500 -1.732500 828050543
5.705000 -6.160000 -1.732500 828062555
5.075000 -5.757500 -1.820000 828074556
5.040000 -5.547500 -2.030000 828086558
5.565000 -5.635000 -2.572500 828098555
5.915000 -6.142500 -2.765000 828110543
6.020000 -6.125000 -3.342500 828122569
5.425000 -6.912500 -3.482500 828134529
4.235000 -7.315000 -3.412500 828146529
3.832500 -6.947500 -2.975000 828158527
3.185000 -6.492500 -2.012500 828170527
2.380000 -6.650000 -1.242500 828182527
2.065000 -6.195000 -0.630000 828194527
1.732500 -5.670000 -0.052500 828206549
1.907500 -6.265000 -0.770000 828218576
2.205000 -6.107500 -0.822500 828230540
3.377500 -5.897500 -0.297500 828242540
4.025000 -6.072500 -0.735000 828254541
4.007500 -6.370000 -0.892500 828266540
3.832500 -6.142500 -0.577500 828278542
2.992500 -5.390000 -0.787500 828290539
1.540000 -5.722500 -0.472500 828302564
1.347500 -5.232500 -0.087500 828314600
1.872500 -4.200000 -0.035000 828326566
3.377500 -3.150000 0.070000 828338566
4.900000 -1.855000 -0.122500 828350564
6.282500 -1.102500 -0.035000 828362623
6.300000 -1.872500 0.560000 828374593
5.302500 -5.145000 0.962500 828386563
1.610000 -5.845000 0.350000 828398633
1.137500 -6.475000 -0.175000 828410628
0.997500 -6.300000 -0.612500 828422623
1.680000 -5.442500 -0.875000 828434568
2.030000 -5.687500 -1.032500 828446617
2.082500 -5.477500 -1.242500 828458576
2.765000 -5.250000 -1.820000 828470625
4.007500 -4.637500 -1.942500 828482642
5.372500 -4.672500 -1.785000 828494640
4.812500 -4.795000 -1.680000 828506641
3.885000 -5.040000 -1.225000 828518639
2.432500 -4.637500 -1.260000 828530605
1.540000 -3.885000 -1.540000 828542640
1.662500 -3.675000 -1.907500 828554638
2.905000 -2.485000 -3.605000 828566640
5.512500 -2.082500 -4.847500 828578624
6.247500 -1.960000 -6.195000 828590577
6.790000 -2.975000 -7.805000 828602640
6.405000 -3.920000 -9.187500 828614660
6.685000 -5.425000 -9.940000 828626643
5.932500 -6.475000 -10.797500 828638639
5.092500 -7.000000 -13.597500 828650643
3.990000 -5.985000 -14.157500 828662533
3.500000 -4.042500 -14.455000 828674527
4.480000 -2.747500 -15.225000 828686527
5.705000 -2.782500 -16.555000 828698526
6.685000 -2.170000 -18.252501 828710565
7.472500 -1.732500 -19.757500 828722545
7.962500 -3.867500 -20.912500 828734548
5.635000 -5.022500 -20.895000 828746545
4.480000 -5.512500 -20.930000 828758599
3.885000 -5.950000 -20.510000 828770545
3.710000 -6.002500 -20.282499 828782546
3.832500 -6.125000 -20.475000 828794546
4.742500 -6.615000 -21.455000 828806575
5.740000 -8.102500 -21.594999 828818611
5.827500 -9.170000 -21.262501 828830596
5.617500 -9.327500 -21.139999 828842639
5.302500 -10.552500 -20.615000 828854637
5.267500 -11.182500 -19.985001 828866640
4.462500 -11.077500 -19.757500 828878638
4.462500 -12.512500 -19.424999 828890641
5.652500 -13.282500 -19.337500 828902639
5.897500 -12.775000 -19.862499 828914576
6.230000 -12.582500 -20.387501 828926634
5.565000 -13.177500 -21.105000 828938634
4.392500 -13.807500 -21.875000 828950618
2.922500 -13.860000 -21.682501 828962632
1.662500 -14.017500 -21.105000 828974629
0.770000 -14.525000 -20.125000 828986666
1.067500 -14.945000 -19.792500 828998642
2.397500 -15.662500 -20.370001 829010624
3.762500 -17.272501 -20.667500 829022663
5.950000 -18.742500 -21.594999 829034671
8.155000 -19.565001 -22.802500 829046702
9.170000 -18.917500 -23.905001 829058698
9.660000 -17.500000 -25.445000 829070671
8.032500 -18.410000 -25.620001 829082718
3.237500 -18.725000 -24.482500 829094620
2.397500 -19.809999 -23.782499 829106702
1.907500 -20.264999 -23.537500 829118672
0.735000 -18.532499 -23.520000 829130653
-1.120000 -16.362499 -24.202499 829142652
-2.240000 -14.262500 -25.882500 829154653
-2.135000 -12.425000 -27.055000 829166616
-1.050000 -11.410000 -28.577499 829178620
-0.245000 -11.550000 -28.367500 829190643
-1.330000 -11.637500 -28.000000 829202704
-2.712500 -11.567500 -28.035000 829214703
-3.377500 -11.375000 -27.387501 829226702
-3.377500 -11.830000 -26.057501 829238701
-3.115000 -11.795000 -24.377501 829250687
-2.695000 -8.837500 -21.892500 829262712
-0.595000 -7.140000 -21.210001 829274701
0.770000 -6.492500 -20.650000 829286702
2.520000 -5.617500 -20.545000 829298700
3.727500 -4.532500 -20.492500 829310544
4.690000 -4.497500 -19.967501 829322555
4.357500 -3.832500 -19.792500 829334556
3.307500 -3.325000 -18.900000 829346555
1.452500 -3.062500 -17.885000 829358554
0.910000 -3.237500 -16.537500 829370542
1.785000 -3.360000 -14.227500 829382526
3.482500 -3.255000 -12.040000 829394526
5.180000 -2.467500 -10.710000 829406527
7.280000 -1.610000 -9.082500 829418527
8.977500 0.630000 -4.830000 829430535
9.782500 1.312500 -3.815000 829442527
7.805000 -0.070000 -4.200000 829454527
4.987500 -3.377500 -3.727500 829466527
5.582500 -4.410000 -2.642500 829478526
6.912500 -3.360000 -1.540000 829490527
7.857500 -2.432500 -0.822500 829502553
9.310000 -1.645000 -1.067500 829514585
10.377500 -4.165000 -0.700000 829526554
11.305000 -5.022500 -2.345000 829538554
11.427500 -5.110000 -4.725000 829550553
11.042500 -5.285000 -7.805000 829562553
10.150000 -6.055000 -11.637500 829574556
8.260000 -6.160000 -14.770000 829586614
5.775000 -6.580000 -16.992500 829598556
4.567500 -5.985000 -18.969999 829610644
1.995000 -4.445000 -19.477501 829622608
0.227500 -3.150000 -19.372499 829634607
-0.805000 -3.202500 -17.639999 829646604
-2.170000 -3.360000 -14.945000 829658603
-1.592500 -2.677500 -12.302500 829670575
-0.420000 -1.557500 -10.202500 829682640
1.557500 -0.787500 -8.067500 829694576
3.010000 -1.330000 -7.525000 829706638
2.625000 -1.750000 -6.020000 829718640
2.012500 -2.397500 -4.357500 829730644
1.715000 -2.625000 -3.412500 829742577
2.047500 -2.642500 -2.450000 829754636
2.537500 -3.360000 -1.837500 829766641
2.485000 -4.550000 -0.140000 829778577
0.122500 -3.990000 0.490000 829790637
0.665000 -2.572500 -0.227500 829802579
2.100000 -1.907500 -0.857500 829814638
3.570000 -1.907500 -0.927500 829826638
3.902500 -2.222500 -0.507500 829838636
3.937500 -2.852500 -0.122500 829850640
3.220000 -3.902500 0.332500 829862652
1.592500 -3.377500 0.577500 829874576
0.700000 -2.747500 0.717500 829886638
0.787500 -2.450000 1.050000 829898635
0.315000 -2.012500 1.627500 829910636
0.717500 -1.890000 1.767500 829922638
0.297500 -1.977500 1.557500 829934581
1.155000 -2.292500 1.610000 829946652
2.730000 -2.712500 1.785000 829958638
3.307500 -2.957500 1.347500 829970625
3.307500 -2.782500 0.962500 829982640
3.465000 -2.765000 0.350000 829994638
5.092500 -2.852500 -0.507500 830006528
6.842500 -3.307500 -1.032500 830018530
7.700000 -4.270000 -1.050000 830030528
7.210000 -5.180000 -1.365000 830042526
7.980000 -4.077500 -1.942500 830054526
7.105000 -3.587500 -1.767500 830066526
6.212500 -3.797500 -0.735000 830078527
4.620000 -3.570000 0.350000 830090530
3.990000 -4.497500 0.385000 830102554
4.322500 -5.880000 -0.455000 830114603
5.180000 -8.855000 -1.540000 830126589
5.442500 -8.820000 -1.960000 830138566
4.672500 -7.682500 -1.540000 830150554
3.517500 -6.930000 -0.787500 830162555
2.642500 -6.492500 -0.245000 830174581
2.537500 -7.087500 -0.035000 830186557
2.992500 -7.315000 0.367500 830198553
