-1.320000 8.639999 1.800000 827814159
-1.260000 8.940000 1.620000 827825984
-0.960000 8.880000 1.920000 827837955
-0.960000 8.639999 1.560000 827849946
-1.020000 9.179999 1.740000 827861944
-1.200000 8.639999 1.920000 827873960
-0.960000 8.760000 1.800000 827885986
-1.200000 8.520000 1.800000 827897939
-1.440000 8.520000 1.680000 827910780
-1.320000 8.760000 1.440000 827922734
-1.320000 8.880000 1.800000 827934864
-1.020000 9.059999 1.620000 827946859
-0.960000 9.000000 1.560000 827958802
-1.200000 8.639999 1.680000 827970777
-1.200000 8.760000 1.440000 827982771
-1.320000 8.880000 1.920000 827994707
-1.080000 8.760000 1.920000 828011575
-0.960000 8.880000 1.680000 828022921
-1.080000 8.880000 1.560000 828034319
-1.080000 9.120000 1.920000 828045739
-0.960000 8.760000 1.920000 828057137
-1.080000 8.760000 1.560000 828068523
-1.080000 8.880000 1.560000 828080169
-1.080000 9.000000 1.800000 828091596
-1.080000 8.880000 1.680000 828103057
-1.200000 8.760000 1.920000 828114470
-0.900000 8.820000 1.740000 828125913
-1.320000 9.120000 2.040000 828137661
-1.200000 8.880000 1.800000 828149637
-1.080000 9.000000 1.920000 828161627
-1.020000 8.820000 1.740000 828173639
-1.260000 8.820000 1.740000 828185648
-1.020000 9.059999 1.860000 828197627
-1.080000 9.120000 1.920000 828210259
-1.200000 8.639999 1.680000 828221733
-1.080000 8.760000 2.160000 828233700
-1.440000 8.639999 1.800000 828245728
-1.380000 8.940000 1.500000 828257704
-1.500000 8.700000 1.980000 828269700
-1.200000 8.760000 1.680000 828281701
-0.960000 8.520000 1.800000 828293708
-1.140000 8.580000 1.500000 828306446
-1.440000 8.520000 2.040000 828318030
-0.840000 8.880000 1.560000 828329835
-0.960000 9.120000 1.680000 828341836
-0.900000 8.700000 1.500000 828353822
-1.200000 8.520000 1.800000 828365660
-1.020000 8.820000 1.620000 828377637
-1.260000 8.700000 1.740000 828389821
-1.140000 8.820000 1.740000 828402803
-1.020000 8.820000 1.740000 828414176
-0.840000 8.880000 1.440000 828425673
-0.840000 9.120000 2.040000 828438278
-0.900000 8.700000 1.620000 828449959
-1.020000 8.580000 1.860000 828461919
-1.140000 8.820000 1.740000 828473707
-1.080000 8.760000 1.800000 828485721
-1.140000 8.820000 1.740000 828497694
-1.080000 8.520000 1.440000 828509690
-1.260000 8.700000 1.620000 828521694
-1.140000 8.700000 1.620000 828533976
-1.200000 8.760000 1.320000 828545717
-1.380000 8.820000 1.740000 828557686
-1.500000 8.820000 1.620000 828569683
-1.020000 8.820000 1.620000 828581699
-0.960000 8.520000 1.680000 828593898
-1.020000 8.700000 1.740000 828605723
-1.140000 8.580000 1.380000 828617707
-1.200000 8.880000 1.920000 828629700
-1.020000 8.700000 1.740000 828641694
-1.140000 8.580000 1.860000 828653692
-1.200000 8.760000 1.800000 828665803
-1.380000 8.940000 1.500000 828677674
-1.260000 8.700000 1.860000 828689629
-1.200000 9.000000 1.800000 828702350
-1.140000 8.700000 1.860000 828713852
-1.200000 8.639999 1.680000 828725753
-1.140000 8.700000 1.740000 828737732
-0.900000 8.820000 1.620000 828749736
-1.260000 8.580000 1.500000 828761543
-1.260000 8.580000 1.620000 828773752
-1.260000 8.340000 1.380000 828785784
-1.200000 8.520000 1.800000 828797758
-1.380000 8.460000 1.860000 828810595
-1.320000 8.400000 1.440000 828822292
-1.260000 8.340000 1.740000 828833979
-1.320000 8.040000 1.440000 828845664
-1.200000 8.400000 1.680000 828857636
-1.200000 8.520000 1.920000 828869634
-0.960000 8.280000 1.560000 828881638
-1.380000 8.580000 1.380000 828893638
-1.320000 8.160000 1.680000 828905661
-1.440000 8.400000 1.800000 828918727
-1.260000 8.099999 1.380000 828930697
-1.500000 8.099999 1.500000 828942511
-1.860000 7.980000 1.620000 828954301
-1.560000 8.160000 1.560000 828966095
-1.440000 8.400000 1.680000 828977770
-1.260000 7.980000 1.500000 828989742
-1.380000 7.860000 1.860000 829001772
-1.320000 7.800000 1.800000 829014215
-1.380000 8.099999 1.740000 829026205
-0.960000 8.160000 1.680000 829038135
-1.500000 7.980000 1.740000 829049820
-1.380000 7.980000 1.740000 829061799
-1.680000 7.920000 1.800000 829073796
-1.500000 8.099999 1.860000 829085892
-1.440000 8.160000 1.800000 829098172
-1.380000 7.740000 1.260000 829109827
-1.500000 8.099999 1.980000 829121812
-1.500000 7.740000 1.860000 829133796
-1.440000 7.680000 1.680000 829145828
-1.440000 7.800000 1.800000 829157795
-1.620000 7.860000 1.980000 829170196
-1.320000 7.920000 1.920000 829182411
-1.560000 8.280000 1.800000 829194335
-1.500000 7.860000 1.740000 829207907
-1.680000 7.800000 1.800000 829220121
-1.800000 7.800000 2.040000 829232241
-1.500000 7.620000 1.980000 829244370
-1.500000 7.740000 1.740000 829256549
-1.680000 7.680000 2.040000 829268661
-1.500000 7.860000 1.980000 829280918
-1.560000 7.440000 1.920000 829293058
-1.800000 7.680000 1.440000 829305491
-1.860000 7.500000 1.860000 829316902
-1.800000 7.680000 2.160000 829328296
-1.860000 7.500000 1.980000 829339697
-1.860000 7.740000 1.860000 829351103
-1.380000 7.860000 1.860000 829362503
-2.160000 7.920000 1.920000 829373902
-1.740000 7.740000 1.860000 829385648
-1.440000 7.440000 1.920000 829397624
-1.800000 7.920000 1.920000 829409663
-1.680000 7.560000 2.040000 829421627
-1.860000 7.740000 1.740000 829433752
-1.500000 7.260000 1.980000 829445650
-1.560000 7.560000 2.040000 829457640
-1.740000 7.620000 1.740000 829469632
-1.620000 7.860000 1.860000 829481628
-1.680000 7.680000 1.560000 829493636
-1.560000 7.920000 1.800000 829506519
-1.500000 7.740000 1.860000 829518060
-1.740000 7.620000 1.740000 829529782
-1.680000 7.320000 2.040000 829541784
-1.680000 7.920000 1.920000 829553767
-1.740000 7.620000 1.980000 829565788
-1.620000 7.380000 1.860000 829577829
-1.560000 7.320000 1.800000 829589608
-1.320000 7.320000 2.040000 829602179
-1.920000 7.080000 1.800000 829613708
-2.040000 7.680000 1.680000 829625735
-1.320000 7.560000 1.800000 829637691
-1.800000 7.320000 1.560000 829649688
-1.560000 7.560000 1.560000 829661684
-1.620000 7.260000 1.620000 829673879
-1.620000 7.140000 1.740000 829685722
-1.680000 7.440000 1.680000 829697906
-1.380000 7.500000 1.740000 829709686
-1.740000 7.500000 1.860000 829721710
-1.440000 7.200000 1.680000 829733712
-2.040000 7.320000 1.800000 829745982
-1.320000 7.320000 1.680000 829757691
-1.620000 7.140000 1.740000 829769688
-1.440000 7.200000 1.800000 829781898
-1.620000 7.620000 1.740000 829793685
-1.200000 7.200000 1.920000 829806007
-1.680000 7.320000 1.680000 829817688
-1.380000 7.260000 1.620000 829829681
-1.920000 7.440000 1.560000 829841690
-1.560000 7.320000 1.800000 829853689
-1.560000 7.440000 1.680000 829865711
-1.500000 7.380000 1.620000 829877925
-1.800000 7.320000 1.680000 829889688
-1.320000 7.080000 2.040000 829901688
-1.740000 7.260000 1.380000 829913681
-1.620000 7.380000 1.740000 829925705
-1.500000 7.020000 1.740000 829937956
-1.740000 7.500000 1.500000 829949693
-1.200000 7.320000 1.800000 829961684
-1.740000 7.500000 1.740000 829973722
-1.560000 7.200000 1.560000 829985720
-1.440000 7.440000 1.680000 829997685
-1.500000 7.020000 1.620000 830009757
-1.680000 7.560000 1.800000 830021641
-1.440000 7.440000 1.680000 830033637
-1.680000 7.560000 1.800000 830045646
-1.680000 7.440000 1.800000 830057621
-1.740000 7.500000 1.620000 830069635
-1.560000 7.440000 1.800000 830081784
-1.560000 7.440000 1.920000 830093645
-1.380000 7.020000 1.860000 830106703
-1.620000 7.380000 1.860000 830118272
-1.500000 7.380000 1.860000 830129801
-1.560000 7.560000 1.680000 830141816
-1.620000 7.260000 1.980000 830153786
-1.500000 7.260000 1.620000 830165788
-1.560000 7.560000 1.800000 830177601
-1.560000 7.560000 1.920000 830189766
-1.740000 7.500000 1.620000 830202192
