0.549172 5.933024 7.609962 29440113683
0.402073 6.099737 7.786481 29440134687
0.313813 6.187996 7.933581 29440159660
0.431493 6.295870 7.933581 29440184760
0.509946 6.403743 7.923775 29440209725
0.421686 6.511616 8.168941 29440234737
0.549172 6.550843 8.433721 29440259747
1.068925 6.452776 7.982615 29440284733
1.421964 6.403743 7.717835 29440309740
1.539644 6.521423 7.786481 29440334714
1.451384 6.697943 7.953194 29440359728
1.245445 6.178190 8.286621 29440384743
1.588677 6.315483 8.061068 29440409761
1.951524 6.511616 7.786481 29440434727
1.882877 6.393937 7.580542 29440459746
1.755391 6.854849 7.286342 29440484730
1.794617 6.648909 7.286342 29440509732
1.627904 6.227223 7.570735 29440534741
1.578871 6.197803 7.658995 29440559744
1.039505 6.648909 8.737726 29440585159
0.813952 6.854849 8.227780 29440609737
0.647239 7.345181 8.100294 29440634741
0.274586 7.649189 8.061068 29440659740
1.029698 7.227501 6.119350 29440684734
1.225831 7.296148 5.952637 29440709740
1.127765 7.305955 6.089930 29440734943
1.510224 6.894075 6.040897 29440759731
1.735777 7.149048 5.413271 29440784727
1.784810 7.266728 4.736613 29440809748
1.402351 7.178468 5.119072 29440834915
0.539366 7.266728 6.668523 29440859751
-0.862985 7.747255 7.031369 29440884733
-0.666852 7.806095 5.629018 29440909728
-0.186326 7.413828 5.560371 29440934710
-0.235360 7.502088 6.070317 29440959743
-0.725692 7.815901 5.442691 29440984732
-0.804145 8.345461 5.158298 29441009734
-1.049312 8.512174 5.305398 29441034729
-1.598484 8.963279 5.315205 29441059732
-2.157463 8.845599 4.913132 29441084736
-2.981222 8.600433 4.089374 29441109659
-3.157742 8.188554 3.628461 29441134660
-3.942274 8.531787 4.550286 29441159739
-3.432328 8.502367 4.785646 29441184734
-3.765754 8.286621 5.266171 29441209744
-4.275700 8.051261 5.256365 29441234721
-4.383573 7.747255 4.010921 29441259747
-4.628739 7.737448 4.540480 29441284740
-4.207053 8.512174 5.756504 29441309730
-5.207332 7.727641 4.128600 29441334750
-5.530951 8.021841 4.775839 29441359723
-5.413271 8.149327 4.942552 29441384741
-5.462305 7.963001 3.961887 29441409724
-5.383852 6.943109 3.618654 29441434734
-7.374601 3.942274 5.913410 29441460475
-6.619490 4.766033 5.903604 29441484741
-5.452498 5.403465 5.119072 29441509721
-5.854571 4.442413 3.785367 29441534755
-7.021562 3.834401 4.069760 29441559738
-6.766589 4.412993 4.589513 29441584734
-7.462861 4.520866 4.579706 29441609725
-7.815901 2.726249 3.020448 29441634744
-7.825707 2.383016 2.873349 29441659729
-7.835515 2.873349 3.393101 29441684745
-8.119907 2.971415 3.363681 29441709744
-8.433721 2.432050 3.206775 29441734749
-8.463140 2.206496 2.853735 29441759952
-8.855406 1.833844 2.324176 29441784728
-9.237865 1.941717 2.687022 29441809648
-9.277092 1.627904 2.598763 29441834727
-9.267285 1.794617 2.451663 29441859730
-9.541871 1.598484 2.441856 29441884749
-9.590905 1.314091 2.128043 29441909732
-9.659552 0.833565 1.520031 29441934730
-9.630132 0.676659 1.725971 29441959729
-10.179304 0.039227 1.814230 29441984735
-10.081238 0.009807 1.500418 29442009754
-9.875298 0.353039 1.529838 29442034737
-9.953751 -0.039227 1.039505 29442059743
-9.885104 -0.333426 0.921825 29442084749
-10.316597 -0.470719 1.147378 29442109749
-10.522536 -0.068647 1.068925 29442134747
-10.463697 -0.304006 1.323898 29442159738
-10.179304 -0.156906 1.745584 29442184750
-10.032204 -0.127486 1.470998 29442209747
-9.610518 0.029420 1.402351 29442234746
-9.610518 0.186326 1.539644 29442259732
-9.581099 0.304006 1.735777 29442284738
-9.502645 0.362846 2.039783 29442309739
-9.433999 0.529559 1.990750 29442335325
-9.394772 0.696272 2.226110 29442359773
-9.375159 0.539366 2.079010 29442384739
-9.708585 0.186326 1.431771 29442409748
-10.149883 0.127486 1.029698 29442434732
-10.551956 0.176520 1.304285 29442459739
-10.640217 0.362846 1.608291 29442484718
-10.169497 0.362846 1.980944 29442509718
-9.904717 0.333426 1.843650 29442534731
-9.787038 0.215746 1.529838 29442559754
-9.767425 0.186326 1.520031 29442584728
-9.914525 0.284393 1.637711 29442609752
-9.953751 0.215746 1.765197 29442634731
-9.983171 0.284393 1.824037 29442659744
-9.992978 0.294200 1.833844 29442684719
-10.100850 0.323619 1.539644 29442709732
-10.051817 0.333426 1.480804 29442734900
-9.855684 0.254973 1.559257 29442759770
-9.757618 0.098067 1.539644 29442784734
-9.963558 0.284393 1.343511 29442809737
-9.904717 0.343233 1.382738 29442834730
-9.777231 0.274586 1.431771 29442859707
-9.669358 0.284393 1.470998 29442884751
-9.698778 0.186326 1.294478 29442909706
-9.747811 0.196133 1.196411 29442934711
-9.757618 0.215746 1.245445 29442959730
-9.738005 0.441299 1.618097 29442984718
-9.688972 0.460913 1.676937 29443009724
-9.679165 0.460913 1.716164 29443034724
-9.826264 0.500139 1.657324 29443059742
-10.169497 0.598206 1.637711 29443084724
-10.198916 0.500139 1.451384 29443109715
-10.169497 0.539366 1.421964 29443134728
-10.042011 0.598206 1.539644 29443159751
-9.845878 0.627626 1.490611 29443184719
-9.943945 0.706079 1.412158 29443210564
-9.963558 0.823759 1.510224 29443234737
-9.963558 0.833565 1.578871 29443259742
-9.757618 0.853179 1.578871 29443284733
-9.698778 0.872792 1.529838 29443309718
-9.796844 0.912019 1.618097 29443334714
-9.914525 0.872792 1.657324 29443359752
-9.845878 0.490333 1.578871 29443384729
-9.875298 0.392266 1.510224 29443409716
-9.953751 0.451106 1.520031 29443434733
-10.022397 0.411879 1.382738 29443459748
-9.983171 0.392266 1.274865 29443484725
-9.943945 0.343233 1.265058 29443509712
-9.973364 0.362846 1.333705 29443534705
-9.992978 0.372653 1.402351 29443559744
-9.963558 0.421686 1.490611 29443584725
-9.836071 0.470719 1.578871 29443609715
-9.836071 0.500139 1.598484 29443634717
-9.806651 0.647239 1.725971 29443659855
