-1.740000 -3.060000 -2.580000 29440127839
-1.500000 -3.060000 -2.700000 29440152857
-1.680000 -3.120000 -2.760000 29440177855
-1.200000 -3.480000 -2.760000 29440202822
-1.380000 -3.300000 -2.820000 29440227736
-1.860000 -3.060000 -2.820000 29440252724
-1.560000 -3.000000 -2.760000 29440277840
-1.560000 -3.240000 -2.640000 29440302736
-1.560000 -3.360000 -2.640000 29440327835
-1.620000 -3.420000 -2.700000 29440352827
-1.440000 -3.480000 -2.880000 29440377728
-1.500000 -3.300000 -2.820000 29440402837
-1.560000 -3.480000 -2.760000 29440427721
-2.040000 -3.240000 -3.000000 29440452730
-2.220000 -3.540000 -2.940000 29440477824
-1.620000 -3.060000 -2.700000 29440502716
-1.920000 -3.480000 -2.760000 29440527824
-2.160000 -3.600000 -3.000000 29440552828
-1.920000 -3.720000 -2.880000 29440577725
-1.800000 -3.960000 -3.240000 29440602832
-1.920000 -4.080000 -3.000000 29440627721
-1.620000 -4.020000 -3.180000 29440652756
-2.220000 -4.260000 -3.060000 29440677833
-2.100000 -4.260000 -3.180000 29440702725
-2.100000 -4.380000 -3.180000 29440727837
-2.280000 -4.200000 -2.880000 29440752822
-2.100000 -4.740000 -2.820000 29440777721
-2.400000 -4.200000 -2.880000 29440802823
-2.160000 -4.200000 -2.880000 29440827822
-2.160000 -4.560000 -2.880000 29440852721
-2.460000 -4.500000 -3.300000 29440877720
-2.460000 -4.500000 -3.180000 29440902718
-2.340000 -4.380000 -3.060000 29440927711
-2.280000 -4.800000 -3.120000 29440952833
-2.280000 -4.920000 -3.240000 29440977727
-2.580000 -4.860000 -2.940000 29441002828
-2.700000 -5.700000 -3.300000 29441027825
-2.460000 -5.460000 -3.300000 29441052818
-2.640000 -5.760000 -3.240000 29441077843
-3.060000 -6.060000 -2.940000 29441102721
-2.700000 -6.060000 -3.300000 29441127702
-2.580000 -6.300000 -2.700000 29441152779
-2.880000 -6.360000 -2.880000 29441177730
-2.760000 -6.720000 -3.000000 29441202831
-2.760000 -6.360000 -2.880000 29441227835
-2.640000 -6.720000 -3.120000 29441252726
-2.460000 -6.660000 -3.060000 29441277818
-2.100000 -6.900000 -2.940000 29441302827
-2.400000 -6.840000 -3.120000 29441327717
-2.340000 -7.020000 -2.820000 29441352839
-2.280000 -7.200000 -2.880000 29441377719
-2.580000 -7.380000 -2.700000 29441402833
-2.400000 -7.560000 -3.120000 29441427713
-2.580000 -7.500000 -2.340000 29441452717
-2.400000 -7.560000 -2.760000 29441477837
-2.400000 -7.200000 -2.880000 29441502714
-2.400000 -7.440000 -3.000000 29441527730
-1.980000 -7.620000 -3.180000 29441552733
-1.860000 -7.620000 -2.940000 29441577829
-1.980000 -7.500000 -3.180000 29441602830
-1.740000 -7.620000 -3.180000 29441627822
-1.560000 -7.320000 -3.000000 29441652732
-0.780000 -7.380000 -2.820000 29441677826
-0.840000 -7.560000 -3.240000 29441702723
-0.840000 -7.320000 -2.880000 29441727719
-0.540000 -7.260000 -2.940000 29441752844
-0.240000 -7.680000 -2.760000 29441777818
-0.420000 -7.620000 -2.940000 29441802714
0.180000 -7.740000 -2.940000 29441827717
0.180000 -7.920000 -2.760000 29441852813
0.540000 -7.620000 -2.940000 29441877829
0.300000 -7.380000 -2.700000 29441902830
0.420000 -7.620000 -2.820000 29441927728
0.660000 -7.380000 -2.700000 29441952837
0.720000 -7.800000 -2.640000 29441977853
0.900000 -7.380000 -2.940000 29442002830
0.900000 -7.380000 -3.060000 29442027828
0.600000 -7.320000 -2.880000 29442052723
0.960000 -6.840000 -3.000000 29442077834
0.660000 -7.380000 -2.940000 29442102734
0.780000 -7.260000 -2.700000 29442127824
0.360000 -7.080000 -3.000000 29442152835
0.540000 -7.260000 -2.820000 29442177752
0.660000 -7.260000 -2.940000 29442202785
0.600000 -7.440000 -3.000000 29442227816
0.360000 -7.200000 -2.520000 29442252730
0.660000 -7.500000 -3.180000 29442277827
0.480000 -7.320000 -3.120000 29442302823
0.780000 -7.380000 -3.060000 29442327719
0.300000 -7.260000 -2.940000 29442352836
0.540000 -7.260000 -2.700000 29442377725
0.300000 -7.380000 -2.940000 29442402845
0.360000 -7.440000 -2.760000 29442427724
0.660000 -7.380000 -2.940000 29442452761
0.780000 -7.380000 -2.820000 29442477829
0.720000 -7.440000 -2.760000 29442502818
0.540000 -7.740000 -2.820000 29442527719
0.480000 -7.200000 -3.000000 29442552839
0.480000 -7.320000 -2.640000 29442577834
0.300000 -7.380000 -3.180000 29442602728
0.360000 -7.200000 -2.640000 29442627827
0.480000 -7.320000 -3.000000 29442652718
0.540000 -7.140000 -2.940000 29442677836
0.480000 -7.320000 -2.880000 29442702829
0.420000 -7.380000 -2.940000 29442727849
0.360000 -7.560000 -2.880000 29442752843
0.780000 -7.140000 -2.700000 29442777842
0.540000 -7.380000 -2.940000 29442802713
0.600000 -7.560000 -2.760000 29442827947
0.540000 -7.380000 -2.700000 29442852709
0.540000 -7.140000 -3.060000 29442877845
0.300000 -7.260000 -2.820000 29442902752
0.600000 -7.680000 -2.640000 29442927823
0.240000 -7.320000 -2.760000 29442952817
0.540000 -7.260000 -2.940000 29442977928
0.480000 -7.320000 -2.760000 29443002817
0.540000 -7.260000 -2.700000 29443027939
0.600000 -7.320000 -3.000000 29443052705
0.480000 -7.320000 -2.760000 29443077828
0.240000 -7.200000 -2.640000 29443102824
0.540000 -7.260000 -2.820000 29443127822
0.600000 -7.320000 -2.640000 29443152820
0.300000 -7.380000 -2.940000 29443177834
0.180000 -7.380000 -3.060000 29443202742
0.480000 -7.320000 -2.880000 29443228190
0.660000 -7.500000 -3.060000 29443252712
0.480000 -7.440000 -2.640000 29443277839
0.540000 -7.140000 -2.940000 29443302710
0.480000 -7.200000 -2.880000 29443327826
0.180000 -7.380000 -2.940000 29443352820
0.240000 -7.440000 -2.760000 29443377933
0.180000 -7.380000 -2.940000 29443402708
0.180000 -7.380000 -3.180000 29443427936
0.420000 -7.260000 -2.940000 29443452708
0.420000 -7.260000 -2.580000 29443477826
0.360000 -7.440000 -2.400000 29443502827
0.480000 -7.320000 -2.640000 29443527824
0.480000 -7.200000 -2.880000 29443552803
0.360000 -7.080000 -3.000000 29443577912
0.780000 -7.140000 -2.820000 29443602717
0.420000 -7.140000 -3.180000 29443627928
0.360000 -7.440000 -2.760000 29443652814
0.180000 -7.260000 -2.700000 29443677821
