8.580000 3.420000 2.100000 18989261125
8.400000 3.720000 1.920000 18989285601
8.520000 3.840000 2.040000 18989311055
8.160000 3.840000 1.800000 18989335599
8.340000 3.540000 1.620000 18989361078
8.460000 3.420000 1.860000 18989386566
8.520000 3.360000 2.040000 18989411238
8.400000 3.600000 1.800000 18989435634
8.280000 3.600000 1.920000 18989461076
8.340000 3.420000 1.980000 18989485614
8.460000 3.540000 1.980000 18989512016
8.580000 4.020000 1.980000 18989535621
8.160000 3.600000 1.920000 18989561702
8.460000 3.660000 1.860000 18989586688
8.340000 3.540000 2.100000 18989611925
8.280000 3.360000 2.160000 18989635619
8.700000 4.020000 1.980000 18989661679
8.220000 3.420000 2.220000 18989686699
8.220000 3.420000 1.740000 18989711930
8.340000 3.780000 1.860000 18989735636
8.639999 3.720000 1.920000 18989761039
8.340000 3.660000 1.980000 18989786835
8.760000 3.720000 1.920000 18989811943
8.520000 4.080000 2.040000 18989836819
8.520000 4.080000 1.680000 18989861688
8.700000 4.140000 2.100000 18989886758
8.700000 4.020000 1.980000 18989911914
8.820000 4.380000 1.860000 18989936700
8.820000 4.380000 1.860000 18989961694
8.880000 4.680000 2.040000 18989985895
8.760000 4.200000 2.400000 18990012025
8.700000 4.500000 2.100000 18990036710
8.880000 4.560000 1.800000 18990061688
8.820000 4.500000 1.620000 18990086681
9.000000 4.920000 1.920000 18990111924
9.120000 4.680000 1.800000 18990135706
8.940000 4.740000 1.620000 18990161062
8.639999 4.440000 1.800000 18990186679
8.940000 4.980000 1.620000 18990211936
8.940000 4.860000 1.860000 18990235748
8.700000 5.100000 1.860000 18990261754
8.700000 4.740000 2.100000 18990286700
8.639999 4.680000 1.560000 18990311940
8.760000 5.520000 1.560000 18990336682
8.520000 5.160000 1.680000 18990361705
9.059999 5.460000 1.980000 18990385754
8.700000 5.340000 1.380000 18990411977
8.760000 5.280000 1.920000 18990436704
8.820000 5.460000 1.740000 18990461703
8.760000 5.520000 1.440000 18990485734
8.820000 5.340000 1.740000 18990512014
8.700000 5.460000 1.500000 18990536723
8.820000 5.580000 1.620000 18990561682
8.580000 5.700000 1.620000 18990586684
8.700000 5.580000 1.620000 18990611937
8.280000 5.760000 1.440000 18990636689
8.520000 5.640000 1.320000 18990661690
8.280000 5.760000 1.440000 18990686672
8.940000 5.460000 1.500000 18990711913
8.400000 5.520000 1.560000 18990735791
8.460000 5.580000 1.380000 18990760897
8.340000 5.700000 1.380000 18990786676
8.400000 5.520000 1.320000 18990811938
8.340000 5.580000 1.260000 18990836676
8.340000 5.340000 1.380000 18990861690
8.400000 5.640000 1.200000 18990886679
8.340000 5.580000 1.620000 18990911906
8.220000 5.820000 1.020000 18990936684
8.400000 5.640000 1.320000 18990961666
8.220000 5.820000 1.140000 18990985887
8.220000 5.700000 1.020000 18991012053
8.280000 6.000000 1.440000 18991036682
7.980000 5.460000 1.380000 18991061703
8.220000 5.940000 1.380000 18991086653
8.160000 5.760000 1.560000 18991111933
8.220000 5.700000 1.260000 18991136675
8.280000 5.520000 1.320000 18991161679
8.400000 5.640000 1.320000 18991186681
8.220000 5.700000 1.260000 18991211941
8.099999 5.580000 1.140000 18991235808
8.220000 5.700000 1.140000 18991260956
8.099999 5.820000 1.260000 18991286687
8.220000 5.820000 1.380000 18991311927
7.920000 5.520000 1.200000 18991335732
7.980000 5.340000 1.260000 18991361687
7.980000 5.700000 1.380000 18991386671
7.980000 5.700000 1.260000 18991412442
8.400000 5.640000 1.200000 18991435788
8.040000 5.640000 1.200000 18991460593
8.280000 5.280000 1.080000 18991485707
8.280000 5.520000 1.080000 18991512007
7.860000 5.220000 1.140000 18991536690
8.580000 5.580000 1.020000 18991561674
8.220000 5.700000 1.260000 18991586691
8.160000 5.640000 1.200000 18991611926
8.400000 5.520000 0.960000 18991635751
8.160000 5.760000 1.080000 18991661694
7.800000 5.640000 1.200000 18991686692
8.340000 5.460000 1.260000 18991711926
8.160000 5.640000 0.960000 18991735714
7.980000 5.340000 1.140000 18991760590
7.980000 5.220000 1.020000 18991785708
8.400000 5.280000 1.320000 18991811936
7.740000 5.220000 1.140000 18991836701
7.980000 5.460000 0.780000 18991861701
7.920000 5.160000 1.320000 18991886687
7.980000 5.220000 1.140000 18991911933
8.099999 5.340000 1.020000 18991936686
8.160000 5.040000 1.440000 18991961709
7.740000 4.860000 1.140000 18991985904
8.160000 4.680000 1.440000 18992012019
7.920000 4.800000 1.320000 18992036689
7.620000 4.740000 1.380000 18992061706
7.800000 5.040000 1.200000 18992086926
7.800000 4.560000 1.080000 18992111969
7.980000 4.500000 1.260000 18992136691
7.860000 4.740000 1.140000 18992161693
7.980000 4.740000 1.020000 18992186717
7.920000 4.440000 1.440000 18992211933
7.680000 4.200000 1.560000 18992235738
7.860000 4.620000 1.140000 18992261770
7.500000 4.260000 1.260000 18992286686
7.620000 4.380000 1.500000 18992311962
7.680000 4.200000 1.320000 18992336694
7.800000 3.960000 1.320000 18992361671
7.380000 4.260000 1.260000 18992386681
7.800000 3.960000 1.320000 18992411920
7.620000 4.140000 1.380000 18992436681
7.560000 4.200000 0.840000 18992461683
7.500000 4.020000 1.260000 18992485732
7.620000 4.020000 1.260000 18992511991
7.500000 4.020000 1.260000 18992536704
7.500000 4.020000 1.380000 18992561688
7.740000 3.900000 1.380000 18992586714
7.200000 3.840000 1.320000 18992611940
7.500000 3.780000 1.380000 18992636689
7.800000 3.720000 1.080000 18992661681
7.620000 3.660000 1.020000 18992686682
7.560000 3.480000 1.080000 18992711926
7.560000 3.600000 1.320000 18992735775
7.260000 4.020000 1.380000 18992761755
7.260000 3.660000 1.260000 18992786682
7.560000 3.480000 1.200000 18992811936
7.140000 3.540000 1.260000 18992836710
7.440000 3.480000 1.320000 18992861687
7.380000 3.420000 1.140000 18992886682
7.440000 3.480000 1.440000 18992911927
7.380000 3.420000 1.380000 18992936679
7.380000 3.420000 1.260000 18992961700
7.020000 3.300000 1.500000 18992985859
7.200000 3.360000 1.320000 18993012046
7.020000 3.180000 1.260000 18993036694
6.840000 3.360000 1.560000 18993061693
7.020000 3.180000 1.140000 18993086698
6.960000 3.360000 1.560000 18993111947
6.780000 2.940000 1.140000 18993136684
6.960000 2.880000 1.200000 18993161701
6.900000 3.060000 1.500000 18993186666
6.900000 3.060000 1.260000 18993211903
7.140000 3.060000 1.140000 18993235738
7.080000 3.000000 1.440000 18993261740
7.140000 2.940000 1.380000 18993286646
6.900000 3.060000 1.260000 18993311931
6.900000 2.940000 1.380000 18993336664
6.900000 2.940000 1.500000 18993361721
6.660000 3.180000 1.260000 18993385724
7.140000 2.820000 0.900000 18993411961
7.200000 3.120000 1.440000 18993435706
6.780000 3.300000 1.260000 18993460589
6.840000 3.120000 1.560000 18993485707
7.080000 3.240000 1.320000 18993512016
7.080000 3.120000 1.440000 18993541819
6.780000 3.060000 1.260000 18993560640
6.960000 3.000000 1.320000 18993585586
7.380000 3.060000 1.020000 18993611972
6.540000 3.060000 1.500000 18993635608
7.080000 3.120000 1.320000 18993661707
6.900000 3.300000 1.260000 18993686673
7.200000 3.360000 1.320000 18993711934
6.960000 3.240000 1.440000 18993735594
6.960000 3.120000 1.200000 18993760600
7.200000 3.480000 1.320000 18993785801
7.140000 3.300000 1.500000 18993810752
7.380000 3.540000 1.260000 18993835583
7.260000 3.540000 1.260000 18993861692
7.140000 3.780000 1.260000 18993886698
7.080000 3.360000 1.560000 18993910627
7.200000 3.360000 1.200000 18993935574
7.500000 3.660000 1.260000 18993960573
7.200000 3.600000 1.440000 18993985726
7.680000 3.480000 1.200000 18994016882
7.560000 3.960000 1.320000 18994035695
7.440000 3.960000 1.560000 18994060590
7.440000 3.600000 1.200000 18994085785
7.860000 3.900000 1.380000 18994111965
7.860000 3.900000 1.140000 18994135733
7.380000 3.660000 1.140000 18994161709
7.740000 3.900000 1.380000 18994185640
7.500000 4.020000 1.260000 18994211929
7.380000 3.780000 1.500000 18994235622
7.800000 4.200000 1.320000 18994261761
7.620000 3.900000 1.500000 18994285595
7.800000 4.320000 1.440000 18994311925
7.800000 4.320000 1.320000 18994335638
8.040000 4.080000 1.200000 18994360586
7.920000 4.080000 1.560000 18994387074
7.980000 3.900000 1.740000 18994411921
7.800000 4.200000 1.440000 18994435605
8.340000 3.900000 1.740000 18994461687
8.220000 4.380000 1.740000 18994485706
8.040000 4.320000 1.440000 18994512021
8.220000 4.620000 1.860000 18994535775
8.460000 4.380000 1.620000 18994561682
8.400000 4.680000 1.560000 18994587056
8.160000 4.680000 1.920000 18994611929
8.460000 4.620000 1.620000 18994637005
8.340000 4.380000 1.980000 18994661711
8.460000 4.620000 1.740000 18994686900
8.400000 4.200000 1.560000 18994711938
8.639999 4.680000 1.680000 18994735912
8.760000 4.800000 1.560000 18994761763
8.820000 4.980000 1.740000 18994786930
8.099999 4.860000 1.980000 18994811926
8.760000 5.040000 1.800000 18994836909
8.580000 5.100000 1.860000 18994861665
8.520000 5.040000 1.560000 18994886908
8.760000 5.280000 1.560000 18994911915
8.639999 5.040000 2.040000 18994936922
8.760000 4.920000 1.920000 18994961675
8.820000 5.220000 1.980000 18994985917
9.059999 5.100000 1.740000 18995012032
8.760000 5.160000 1.680000 18995036924
8.940000 5.220000 1.860000 18995061675
8.820000 5.220000 2.100000 18995085643
8.760000 5.280000 1.800000 18995111956
9.179999 5.100000 1.860000 18995136922
8.880000 5.280000 1.920000 18995160575
8.940000 5.220000 1.980000 18995186909
8.880000 5.520000 1.680000 18995211905
8.820000 5.460000 1.860000 18995235615
8.820000 5.340000 1.740000 18995261751
9.300000 5.460000 1.740000 18995286895
8.700000 5.460000 1.860000 18995311906
9.000000 5.760000 1.920000 18995336904
8.760000 5.640000 1.800000 18995361669
8.940000 5.340000 2.220000 18995386894
9.240000 5.280000 2.040000 18995411916
9.059999 5.580000 1.860000 18995436895
8.880000 5.280000 1.680000 18995461651
9.120000 5.760000 2.040000 18995485615
9.059999 5.580000 1.620000 18995511967
8.639999 5.640000 2.160000 18995536896
8.880000 5.520000 1.920000 18995561659
9.000000 5.880000 1.800000 18995586896
8.820000 5.700000 1.860000 18995611907
9.000000 5.520000 1.680000 18995636933
9.059999 5.460000 1.980000 18995661661
9.000000 5.640000 1.800000 18995686906
9.179999 5.460000 1.860000 18995711916
8.940000 5.340000 1.740000 18995735617
