7.041175 -1.657324 -7.855128 10203205122
6.903882 -1.608291 -7.619768 10203230107
6.845042 -1.588677 -7.658995 10203255252
6.854849 -1.676937 -7.717835 10203280111
6.845042 -1.618097 -7.825707 10203305101
6.835236 -1.618097 -7.855128 10203330109
6.913689 -1.618097 -7.806095 10203355246
6.727362 -1.686744 -7.884548 10203380111
6.570456 -1.716164 -8.061068 10203405120
5.099458 -3.118515 -8.257200 10203430116
6.011477 -2.333983 -7.963001 10203455247
6.393937 -2.137850 -8.325847 10203480113
6.266450 -2.667409 -8.423914 10203505129
5.874184 -3.177355 -8.649467 10203530112
5.560371 -3.530394 -9.012313 10203555246
5.432885 -3.520588 -9.031926 10203580111
5.472112 -3.726527 -8.757339 10203605119
5.501531 -4.020727 -8.698500 10203630118
5.481918 -3.991307 -8.786759 10203655252
5.658438 -4.216860 -8.551400 10203680121
5.570178 -4.824872 -7.688415 10203705123
5.481918 -4.550286 -7.668801 10203730098
5.334818 -5.099458 -6.766589 10203755248
5.217138 -5.060232 -6.864655 10203780167
5.491724 -5.982057 -7.217695 10203805115
5.060232 -6.187996 -6.727362 10203830116
4.726806 -6.943109 -7.001948 10203855266
4.530673 -7.708028 -6.148770 10203880100
4.599319 -7.963001 -7.031369 10203905121
4.922939 -8.394494 -6.089930 10203930117
4.903326 -9.198639 -4.158020 10203955249
4.834679 -8.286621 -5.991864 10203980120
5.727084 -8.404300 -5.354432 10204005123
5.844764 -9.149606 -4.903326 10204030125
6.021284 -8.688693 -5.011199 10204055249
7.404021 -9.031926 -3.981500 10204080124
8.198360 -9.296705 -3.040062 10204105119
8.914246 -9.247672 -2.647796 10204130121
9.012313 -9.129992 -1.853457 10204155249
9.610518 -8.521980 -0.353039 10204180121
9.728198 -8.521980 0.578592 10204205111
9.179026 -8.992700 1.343511 10204230115
9.228059 -8.365073 2.137850 10204255247
8.776953 -7.717835 3.138128 10204280120
8.835793 -7.188275 2.902769 10204305119
8.718113 -6.511616 2.608569 10204330119
8.786759 -4.834679 2.824315 10204355248
8.747533 -3.187161 1.784810 10204380113
7.972808 -1.863264 1.539644 10204405112
7.031369 -0.313813 1.549451 10204430112
6.227223 1.569064 1.078732 10204455246
4.442413 3.599041 -0.715886 10204480108
2.696829 4.334540 -0.715886 10204505115
1.000278 5.138685 -0.421686 10204530116
-0.117680 5.648631 -0.862985 10204555247
-2.147657 5.972251 -1.961330 10204580108
-3.324455 6.403743 -2.069203 10204605116
-4.403186 6.864655 -2.186883 10204630115
-6.531229 7.001948 -1.843650 10204655265
-7.011755 6.874462 -2.098624 10204680113
-7.600155 6.629296 -2.432050 10204705114
-8.198360 6.423357 -2.520309 10204730118
-8.384687 6.187996 -2.412436 10204759551
-8.365073 6.021284 -2.412436 10204780120
-8.365073 5.982057 -2.324176 10204805118
-8.227780 5.982057 -2.137850 10204830121
-7.992421 5.736891 -2.167270 10204855252
-7.904161 5.697665 -2.284950 10204880115
-7.806095 5.550564 -2.510503 10204905120
-7.766868 5.413271 -2.736056 10204930119
