-0.822500 2.607500 1.365000 10203232124
-2.257500 -0.315000 2.117500 10203257114
-2.992500 -5.057500 3.570000 10203282112
-4.060000 -6.790000 3.587500 10203307114
-5.075000 -8.207500 3.780000 10203332121
-4.602500 -11.130000 5.565000 10203357115
-5.005000 -14.945000 8.382500 10203382112
-5.600000 -18.742500 14.542500 10203407111
-4.340000 -21.437500 20.562500 10203432108
-1.295000 -35.157501 40.250000 10203457114
2.957500 -32.935001 104.107498 10203482113
4.060000 -24.062500 142.240005 10203507118
4.340000 -15.960000 122.395004 10203532119
9.590000 -4.252500 89.302498 10203557112
16.485001 20.807501 69.632500 10203582111
23.782499 22.889999 56.332500 10203607113
37.834999 30.205000 58.782501 10203632129
47.075001 38.937500 47.232502 10203657112
57.855000 41.755001 40.285000 10203682112
73.535004 32.742500 74.007500 10203707109
87.639999 36.732502 70.419998 10203732121
93.309998 30.870001 71.452499 10203757114
100.012497 9.975000 66.062500 10203782109
95.934998 -2.747500 56.000000 10203807114
103.669998 11.585000 57.522499 10203832116
104.300003 23.135000 38.920002 10203857118
116.602501 10.990000 38.325001 10203882111
132.509995 -5.740000 34.982502 10203907118
150.062500 27.702499 57.067501 10203932132
146.440002 -13.387500 63.910000 10203957118
145.460007 -29.102501 42.122501 10203982114
113.889999 76.247498 35.542500 10204007110
105.297501 100.065002 16.537500 10204032120
67.235001 125.247498 -23.625000 10204057131
22.645000 150.955002 -56.402500 10204082112
-20.282499 175.910004 -121.292503 10204107113
-52.272499 192.902496 -188.089996 10204131914
-32.532501 205.292496 -199.009995 10204157112
-19.897501 209.789993 -210.875000 10204181932
-25.200001 178.482498 -232.522507 10204207110
-37.939999 147.699997 -273.787506 10204232128
-43.889999 73.832497 -307.160004 10204257114
-44.869999 17.815001 -325.272491 10204282222
-48.720001 -34.369999 -385.209991 10204307107
-60.130001 -66.184998 -415.204987 10204332134
-41.632500 -77.910004 -403.077515 10204357112
-39.147499 -99.610001 -436.887512 10204382188
-18.182501 -76.072502 -444.972504 10204407121
8.260000 -67.602501 -408.712494 10204432080
19.547501 -98.629997 -393.015015 10204457111
42.384998 -104.037498 -390.652496 10204482067
43.505001 -79.782501 -363.440002 10204507109
20.982500 -120.224998 -346.692505 10204532068
38.517502 -153.947495 -335.877502 10204557116
41.982502 -151.987503 -325.902496 10204582066
22.977501 -142.555008 -308.752502 10204607109
21.157499 -105.070000 -268.152496 10204632068
10.885000 -63.297501 -207.637497 10204657117
-6.125000 -53.637501 -177.449997 10204682067
2.222500 -30.135000 -137.287506 10204707109
9.922500 -15.680000 -116.322502 10204732067
-2.887500 -0.035000 -98.279999 10204757598
-3.552500 13.562500 -69.754997 10204782078
5.232500 22.907499 -57.924999 10204807111
4.147500 24.850000 -43.014999 10204832069
8.960000 30.712500 -38.587502 10204857109
16.030001 29.014999 -34.369999 10204882070
11.812500 12.565000 -29.977501 10204907116
-0.017500 22.207500 -30.012501 10204932077
-9.485000 23.852501 -26.442499 10204957131
