-0.840000 -2.040000 8.280000 10203220490
-0.900000 -2.100000 7.860000 10203245288
-0.780000 -1.860000 8.340000 10203270289
-0.840000 -1.920000 8.040000 10203295289
-0.720000 -2.160000 7.800000 10203320514
-0.240000 -2.040000 7.920000 10203345286
-0.600000 -2.280000 7.800000 10203370292
-0.480000 -1.800000 7.920000 10203395290
0.060000 -1.980000 7.980000 10203420489
-0.780000 -2.100000 8.220000 10203445293
0.060000 -1.860000 7.740000 10203470289
-0.180000 -2.340000 7.740000 10203495284
0.060000 -2.340000 7.260000 10203520488
0.120000 -2.160000 7.200000 10203545283
0.600000 -2.280000 7.080000 10203570290
0.240000 -2.160000 6.960000 10203595307
0.780000 -2.340000 7.020000 10203620495
0.660000 -1.980000 6.780000 10203645290
0.960000 -2.040000 6.600000 10203670291
0.780000 -2.100000 6.660000 10203695288
0.720000 -1.800000 6.480000 10203720491
0.780000 -1.860000 6.180000 10203745287
0.780000 -1.620000 5.940000 10203770291
0.900000 -1.740000 5.700000 10203795294
0.780000 -1.500000 5.820000 10203820505
1.200000 -1.440000 5.760000 10203845295
1.140000 -1.260000 5.460000 10203870290
1.200000 -1.080000 5.400000 10203895287
1.440000 -1.200000 4.920000 10203920505
1.500000 -1.020000 4.620000 10203945297
1.800000 -0.720000 4.680000 10203970297
1.680000 -0.600000 4.200000 10203995292
1.920000 -0.720000 3.960000 10204020522
1.620000 -0.660000 4.020000 10204045293
1.440000 -0.600000 4.200000 10204070384
1.140000 -0.420000 4.020000 10204095290
0.540000 -0.900000 4.620000 10204120528
-0.180000 -0.540000 4.740000 10204146023
-1.020000 -0.300000 4.980000 10204170289
-1.380000 -0.420000 4.980000 10204196032
-2.400000 -0.600000 5.040000 10204220501
-3.000000 -0.960000 5.400000 10204245546
-3.720000 -1.320000 5.280000 10204270311
-4.260000 -1.980000 5.340000 10204295512
-5.040000 -2.640000 5.520000 10204320486
-5.100000 -3.300000 5.460000 10204345499
-5.220000 -4.020000 5.700000 10204370292
-5.220000 -4.740000 6.060000 10204395310
-4.800000 -5.520000 5.880000 10204420499
-4.680000 -6.120000 6.120000 10204445287
-4.380000 -6.780000 6.300000 10204470293
-3.960000 -7.200000 6.360000 10204495280
-3.540000 -7.380000 6.300000 10204520501
-2.820000 -7.620000 6.540000 10204545294
-2.100000 -7.500000 7.140000 10204570293
-1.440000 -8.160000 6.720000 10204595278
-0.900000 -8.099999 6.900000 10204620486
-0.180000 -7.860000 6.660000 10204645277
0.120000 -8.040000 6.600000 10204670300
0.420000 -8.099999 7.020000 10204695278
0.420000 -7.560000 7.080000 10204720495
0.660000 -7.740000 6.780000 10204745279
0.720000 -7.440000 7.080000 10204770887
0.600000 -7.560000 7.080000 10204795286
0.660000 -7.380000 6.780000 10204820526
0.480000 -7.680000 6.960000 10204845275
0.840000 -7.080000 7.080000 10204870296
0.600000 -7.560000 6.720000 10204895291
0.960000 -7.320000 6.960000 10204920515
0.360000 -7.440000 6.720000 10204945278
