0.421686 5.805537 7.570735 21585245640
0.333426 5.815344 7.590348 21585270637
0.421686 5.727084 7.384408 21585295630
0.519753 5.550564 7.413828 21585320636
0.480526 5.305398 7.394215 21585345633
0.098067 5.158298 7.462861 21585370631
-0.617819 4.952359 7.217695 21585395636
-0.696272 4.971972 7.296148 21585420637
-0.764919 4.981779 7.413828 21585445637
-0.451106 5.197526 7.158855 21585470638
-0.617819 4.756226 6.756783 21585495635
-0.313813 4.609126 7.296148 21585520636
0.362846 4.354153 7.217695 21585545626
0.176520 4.118793 7.884548 21585570644
-0.176520 3.804981 8.276814 21585595631
-0.539366 3.422521 8.453333 21585620638
-0.608012 2.991029 8.796566 21585645625
-0.823759 2.186883 8.806373 21585670641
-1.019892 2.108430 9.335932 21585695619
-1.235638 1.912297 9.561485 21585720634
-0.794339 1.255251 9.620325 21585745638
-0.735499 0.980665 9.630132 21585770634
-0.608012 0.912019 9.551678 21585795629
-0.411879 0.774725 9.581099 21585820633
-0.166713 0.176520 9.483032 21585845631
-0.029420 0.392266 9.728198 21585870636
0.225553 -0.009807 9.581099 21585895635
0.402073 0.088260 9.708585 21585920636
0.245166 -0.353039 9.728198 21585945621
0.529559 -0.598206 9.963558 21585970637
0.941439 -0.755112 10.189111 21585995641
1.108152 -0.804145 10.551956 21586020631
1.225831 -0.666852 10.404857 21586045642
1.480804 -0.715886 11.777787 21586070635
2.304563 -0.509946 11.248228 21586095641
2.549729 -0.558979 9.237865 21586120634
2.069203 -0.470719 8.747533 21586145635
2.392823 0.019613 8.924053 21586170639
2.765476 0.098067 8.688693 21586195651
3.579428 0.617819 9.443805 21586220637
3.510781 0.509946 9.806651 21586245627
3.069482 0.088260 9.747811 21586270638
2.696829 0.186326 8.737726 21586295642
3.383295 0.147100 8.492560 21586320623
3.432328 0.127486 8.237587 21586345624
3.412714 0.421686 8.884827 21586370640
3.334261 0.264780 9.208446 21586395629
3.324455 0.019613 8.982893 21586420640
3.265615 -0.068647 9.061346 21586445636
3.226388 0.039227 8.963279 21586470624
2.706636 0.039227 7.708028 21586495640
2.834122 -0.284393 7.992421 21586520632
2.853735 0.254973 9.100572 21586545655
2.687022 0.274586 11.022676 21586570636
2.314370 -0.215746 9.404578 21586595636
1.931910 -0.058840 9.149606 21586620628
1.814230 0.127486 8.767146 21586645640
1.284671 -0.264780 6.717556 21586670640
-0.912019 0.931632 1.098345 21586695650
-2.226110 -0.529559 -1.569064 21586720627
-1.117958 -0.205940 3.304842 21586745644
-0.156906 0.009807 7.796288 21586770637
-0.049033 0.029420 8.767146 21586795647
0.009807 0.353039 9.738005 21586820639
0.147100 0.411879 8.825986 21586845632
0.117680 0.245166 9.659552 21586870634
0.117680 0.235360 9.384965 21586895644
0.098067 0.166713 9.335932 21586920553
0.127486 0.088260 9.659552 21586945647
0.205940 0.058840 9.473226 21586970639
0.264780 -0.029420 9.541871 21586995635
0.284393 -0.029420 9.561485 21587020774
0.264780 -0.009807 9.718391 21587045643
0.245166 -0.078453 9.571292 21587070638
0.254973 -0.078453 9.590905 21587095639
0.264780 -0.068647 9.630132 21587120633
0.196133 -0.068647 9.581099 21587145636
0.137293 0.019613 9.502645 21587170631
0.156906 0.049033 9.463418 21587195645
0.147100 0.088260 9.483032 21587220675
