4.740000 7.740000 -0.900000 21585261357
4.860000 7.620000 -0.780000 21585286244
4.920000 7.800000 -0.840000 21585311263
4.860000 7.620000 -0.900000 21585336248
5.160000 7.560000 -1.080000 21585361355
5.640000 7.800000 -0.480000 21585386256
5.400000 7.680000 -0.600000 21585411258
5.580000 7.500000 -0.660000 21585436266
5.700000 7.740000 -0.900000 21585461361
5.400000 7.560000 -0.480000 21585486322
5.640000 8.160000 -0.600000 21585511263
5.880000 8.160000 -0.720000 21585536244
5.580000 8.340000 -0.180000 21585561348
6.060000 8.580000 -0.060000 21585586287
6.180000 8.700000 0.060000 21585611237
5.880000 9.000000 0.360000 21585636258
6.600000 8.880000 0.240000 21585661356
6.960000 9.240000 0.960000 21585686230
6.780000 9.300000 0.540000 21585711313
7.080000 9.480000 1.200000 21585736306
6.900000 9.660000 1.140000 21585761344
7.020000 9.900000 1.380000 21585786242
6.900000 10.139999 1.260000 21585811245
6.780000 10.020000 1.020000 21585836281
6.540000 10.500000 1.260000 21585861377
6.180000 10.380000 1.140000 21585886256
6.000000 10.200000 0.720000 21585911528
5.760000 10.440000 1.080000 21585935132
5.700000 10.860000 1.140000 21585960232
5.400000 10.559999 1.080000 21585985134
5.220000 10.860000 0.900000 21586010107
5.040000 10.679999 1.080000 21586034134
4.680000 10.800000 1.080000 21586059086
4.380000 10.980000 0.900000 21586083989
4.080000 11.040000 0.960000 21586109050
3.720000 10.679999 0.960000 21586133948
3.900000 10.740000 1.020000 21586159063
3.180000 10.740000 1.140000 21586184507
3.240000 10.920000 0.720000 21586209107
3.060000 10.980000 0.900000 21586233936
3.120000 10.920000 0.600000 21586259543
3.420000 10.980000 0.660000 21586283943
3.540000 10.740000 1.020000 21586309068
3.480000 10.920000 0.840000 21586333947
3.360000 10.800000 0.840000 21586359073
3.840000 10.679999 0.720000 21586384525
3.540000 10.620000 0.660000 21586409119
3.360000 10.800000 0.720000 21586433941
3.540000 10.740000 0.780000 21586459627
3.900000 10.740000 0.540000 21586483988
3.480000 10.559999 0.720000 21586508933
4.020000 11.099999 0.420000 21586533950
4.020000 10.860000 0.660000 21586558936
4.080000 10.920000 0.720000 21586584494
4.560000 10.920000 0.600000 21586608949
4.560000 10.559999 0.840000 21586633922
4.620000 10.740000 0.660000 21586659424
4.980000 10.860000 0.660000 21586683948
5.640000 10.679999 0.840000 21586708935
5.340000 10.620000 0.780000 21586733957
5.820000 10.740000 1.020000 21586758983
5.520000 10.440000 0.840000 21586783937
5.340000 10.740000 1.260000 21586808951
5.340000 10.740000 1.260000 21586833932
5.160000 10.559999 0.960000 21586859464
5.160000 10.559999 0.720000 21586883988
5.640000 10.440000 1.080000 21586908969
5.700000 10.620000 1.260000 21586933946
5.760000 10.440000 0.480000 21586958970
5.460000 10.620000 0.780000 21586983985
5.640000 10.440000 0.960000 21587009100
6.060000 10.380000 0.900000 21587033947
6.060000 10.260000 1.020000 21587059409
6.180000 10.500000 1.140000 21587083939
5.640000 10.200000 1.200000 21587108968
6.060000 10.260000 1.020000 21587133995
5.640000 10.320000 0.960000 21587158943
5.760000 10.080000 1.080000 21587183944
6.000000 10.320000 0.960000 21587208953
5.880000 10.559999 0.840000 21587233934

