1.890000 0.472500 -0.472500 728335488.000000
-1.855000 1.417500 -34.177502 728435456.000000
-4.830000 0.087500 2.222500 728535488.000000
-4.795000 0.087500 2.222500 728635520.000000
-4.795000 0.087500 2.257500 728735488.000000
-4.847500 0.122500 2.275000 728835456.000000
-4.847500 0.122500 2.275000 728935488.000000
-4.847500 0.122500 2.275000 729035456.000000
-4.812500 0.122500 2.292500 729135488.000000
-4.865000 0.122500 2.240000 729235456.000000
-4.882500 0.122500 2.240000 729335488.000000
-4.847500 0.122500 2.240000 729435456.000000
-4.847500 0.122500 2.257500 729535488.000000
-4.865000 0.122500 2.275000 729635520.000000
-4.847500 0.087500 2.257500 729735488.000000
-4.865000 0.087500 2.257500 729835584.000000
-4.865000 0.087500 2.257500 729935552.000000
-4.830000 0.122500 2.257500 730035520.000000
-4.847500 -0.262500 2.257500 730135488.000000
-4.865000 0.122500 2.275000 730235456.000000
-4.830000 0.367500 2.275000 730335488.000000
-4.830000 0.192500 2.275000 730435456.000000
-4.742500 -1.662500 2.310000 730535488.000000
-4.602500 -0.227500 2.240000 730635456.000000
-4.795000 0.647500 2.205000 730735488.000000
-4.917500 2.642500 1.330000 730835456.000000
-5.425000 2.537500 -0.805000 730935488.000000
-6.195000 1.872500 -0.892500 731035456.000000
-12.145000 -0.857500 1.382500 731135488.000000
-34.107502 -6.352500 -4.462500 731235456.000000
-2.642500 2.327500 -0.210000 731335680.000000
-7.665000 -6.282500 3.290000 731435456.000000
-3.920000 -1.767500 0.332500 731535552.000000
11.427500 4.532500 1.382500 731635520.000000
28.174999 -9.117500 11.987500 731735552.000000
19.985001 -17.412500 11.707500 731835520.000000
38.255001 -28.682501 -2.047500 731935552.000000
11.112500 -6.142500 -6.317500 732035520.000000
1.417500 -8.627500 -6.650000 732135488.000000
-6.405000 2.537500 2.975000 732235456.000000
-2.712500 10.762500 6.720000 732335488.000000
-29.575001 12.512500 16.047501 732435456.000000
-23.537500 19.652500 24.710001 732535488.000000
-5.687500 11.427500 18.934999 732635456.000000
-12.057500 22.102501 3.447500 732735552.000000
-28.070000 15.837500 -12.372500 732835584.000000
-32.584999 7.717500 -10.307500 732935552.000000
-27.177500 2.607500 -8.907500 733035456.000000
-20.195000 -5.442500 -9.730000 733135488.000000
27.072500 -29.102501 -18.707500 733235456.000000
-1.610000 3.412500 -3.937500 733335488.000000
-3.745000 3.482500 3.412500 733435520.000000
-3.675000 0.787500 5.022500 733535488.000000
-4.270000 -3.027500 2.397500 733635456.000000
-4.567500 2.012500 2.082500 733735488.000000
-4.707500 -0.122500 2.240000 733835456.000000
-4.760000 -0.052500 2.240000 733935488.000000
-4.777500 -0.017500 2.275000 734035456.000000
-4.795000 -0.052500 2.257500 734135488.000000
-4.812500 -0.017500 2.275000 734235456.000000
-4.847500 0.017500 2.275000 734335680.000000
-4.830000 0.052500 2.257500 734435456.000000
-4.882500 0.367500 2.257500 734535488.000000
-4.795000 1.522500 2.170000 734635456.000000
-4.812500 0.927500 2.257500 734735488.000000
-4.830000 0.437500 2.292500 734835456.000000
-4.847500 -0.332500 2.275000 734935488.000000
-4.830000 0.332500 2.292500 735035456.000000
-4.812500 1.767500 2.275000 735135488.000000
-5.162500 2.257500 2.222500 735235456.000000
-8.277500 2.467500 6.475000 735335488.000000
-43.365002 2.817500 20.160000 735435456.000000
-44.362499 2.537500 3.710000 735535488.000000
-6.230000 -5.932500 4.812500 735635520.000000
-12.740000 -28.717501 4.445000 735735488.000000
71.294998 -37.852501 10.062500 735835584.000000
33.670002 -28.332500 -1.452500 735935488.000000
6.615000 2.922500 -6.072500 736035456.000000
-12.897500 3.797500 -9.590000 736135488.000000
14.157500 1.382500 8.890000 736235456.000000
-23.467501 8.382500 15.382500 736335488.000000
28.035000 17.342501 21.472500 736435456.000000
-20.510000 34.562500 10.745000 736535552.000000
-32.707500 14.297500 2.257500 736635520.000000
-44.747501 33.407501 2.257500 736735488.000000
-7.910000 5.442500 -14.962500 736835456.000000
-44.467499 -6.387500 -10.640000 736935488.000000
61.635002 -23.642500 -4.007500 737035456.000000
-5.145000 -4.917500 -2.275000 737135552.000000
-2.117500 6.877500 -9.502500 737235520.000000
-4.392500 1.382500 2.257500 737335680.000000
-4.637500 0.052500 2.275000 737435456.000000
-4.672500 0.227500 2.275000 737535488.000000
-4.777500 0.122500 2.292500 737635456.000000
-4.777500 0.087500 2.275000 737735488.000000
-4.847500 0.087500 2.292500 737835456.000000
-4.847500 0.052500 2.292500 737935488.000000
-4.812500 0.087500 2.292500 738035456.000000
-4.830000 0.087500 2.327500 738135488.000000
-4.847500 0.087500 2.310000 738235520.000000
-4.830000 0.052500 2.327500 738335488.000000
-4.847500 0.122500 2.292500 738435456.000000
-4.830000 0.122500 2.292500 738535488.000000
-4.847500 0.122500 2.275000 738635456.000000
-4.847500 0.087500 2.275000 738735488.000000
-4.865000 0.087500 2.275000 738835584.000000
-4.795000 0.997500 2.240000 738935488.000000
-4.760000 -0.717500 1.715000 739035456.000000
-4.620000 0.017500 0.612500 739135552.000000
-5.530000 0.262500 4.480000 739235456.000000
-16.607500 5.757500 6.947500 739335488.000000
-52.920002 46.707500 9.047500 739435456.000000
-39.235001 -31.657499 26.075001 739535488.000000
-1.680000 -62.072502 21.805000 739635456.000000
17.692499 -41.807499 4.077500 739735488.000000
52.884998 -52.447498 -19.145000 739835456.000000
31.325001 -15.347500 -28.525000 739935488.000000
47.915001 33.617500 -2.467500 740035520.000000
-18.760000 3.342500 -5.127500 740135552.000000
-4.690000 5.862500 5.845000 740235520.000000
-25.200001 4.497500 0.577500 740335744.000000
0.962500 9.887500 16.152500 740435456.000000
25.585001 23.537500 38.867500 740535552.000000
-21.629999 18.637501 23.415001 740635456.000000
-44.152500 19.862499 15.715000 740735552.000000
-26.565001 32.462502 8.190000 740835456.000000
-16.695000 14.892500 -13.912500 740935488.000000
-37.205002 3.517500 -21.822500 741035520.000000
-13.947500 -1.802500 -18.514999 741135488.000000
18.305000 3.867500 -3.675000 741235456.000000
15.330000 -23.432501 -1.347500 741335488.000000
0.437500 4.602500 -5.215000 741435456.000000
-3.867500 5.057500 -3.395000 741535488.000000
-4.585000 0.297500 2.257500 741635456.000000
-4.690000 0.052500 2.292500 741735488.000000
-4.742500 0.052500 2.257500 741835584.000000
-4.760000 0.052500 2.275000 741935488.000000
-4.812500 0.052500 2.292500 742035456.000000
-4.760000 0.087500 2.310000 742135488.000000
-4.830000 0.052500 2.240000 742235456.000000
-4.847500 0.052500 2.275000 742335488.000000
-4.865000 0.052500 2.292500 742435520.000000
-4.830000 0.087500 2.292500 742535488.000000
-4.830000 0.087500 2.292500 742635456.000000
-4.830000 0.087500 2.275000 742735488.000000
-4.900000 0.087500 2.292500 742835456.000000
-4.952500 0.087500 2.275000 742935552.000000
-4.900000 0.087500 2.292500 743035520.000000
-4.865000 0.122500 2.275000 743135488.000000
-4.865000 0.052500 2.275000 743235456.000000
-4.847500 0.087500 2.310000 743335616.000000
-4.847500 0.087500 2.292500 743435456.000000
-4.865000 0.087500 2.257500 743535488.000000
-4.882500 0.157500 2.292500 743635456.000000
-4.865000 0.122500 2.275000 743735488.000000
-4.847500 0.122500 2.310000 743835456.000000
-4.865000 0.122500 2.257500 743935488.000000
-4.882500 0.122500 2.292500 744035520.000000
-4.900000 0.122500 2.275000 744135552.000000
-4.865000 0.122500 2.257500 744235520.000000
-4.865000 0.087500 2.275000 744335488.000000
-4.882500 0.087500 2.275000 744435520.000000
-4.882500 0.122500 2.257500 744535488.000000
-4.900000 0.122500 2.310000 744635520.000000
-4.900000 0.087500 2.257500 744735488.000000
-4.865000 0.122500 2.275000 744835584.000000
-4.847500 0.122500 2.292500 744935488.000000
-4.865000 0.122500 2.275000 745035520.000000
-4.847500 0.087500 2.275000 745135488.000000
-4.882500 0.087500 2.292500 745235456.000000
-4.847500 0.087500 2.292500 745335488.000000
-4.865000 0.122500 2.257500 745435456.000000
-4.847500 0.122500 2.275000 745535552.000000
-4.882500 0.087500 2.257500 745635456.000000
-4.865000 0.087500 2.292500 745735488.000000
-4.882500 0.122500 2.275000 745835456.000000
-4.865000 0.122500 2.257500 745935488.000000
-4.830000 0.122500 2.327500 746035456.000000
-4.882500 0.122500 2.292500 746135488.000000
-4.830000 0.122500 2.292500 746235456.000000
-4.865000 0.122500 2.275000 746335616.000000
-4.882500 0.122500 2.257500 746435456.000000
-4.882500 0.087500 2.345000 746535488.000000
