23.562500 -36.687500 -14.812500 728340864.000000
23.750000 -36.562500 -15.312500 728440896.000000
24.000000 -37.687500 -15.562500 728540864.000000
24.000000 -36.812500 -15.250000 728640896.000000
24.562500 -36.812500 -15.375000 728740864.000000
24.312500 -36.750000 -15.437500 728840896.000000
24.437500 -36.187500 -15.562500 728940864.000000
24.250000 -36.687500 -15.437500 729040896.000000
24.437500 -36.812500 -15.312500 729140864.000000
24.687500 -36.875000 -15.375000 729240896.000000
24.687500 -36.687500 -15.250000 729340864.000000
24.875000 -36.875000 -15.125000 729440896.000000
24.937500 -36.937500 -15.187500 729540864.000000
25.125000 -37.000000 -15.062500 729640896.000000
25.125000 -37.000000 -14.937500 729740864.000000
25.125000 -37.000000 -14.937500 729840896.000000
25.000000 -36.812500 -15.375000 729940864.000000
25.000000 -36.875000 -15.062500 730040896.000000
25.250000 -36.687500 -15.312500 730140864.000000
25.062500 -36.625000 -15.500000 730240896.000000
24.875000 -36.562500 -15.562500 730340864.000000
24.812500 -36.500000 -15.500000 730440896.000000
24.875000 -36.437500 -15.625000 730540864.000000
24.812500 -36.562500 -15.750000 730640896.000000
24.875000 -36.500000 -15.437500 730740864.000000
24.750000 -36.312500 -15.250000 730840896.000000
24.687500 -36.500000 -15.125000 730940864.000000
24.750000 -36.500000 -15.187500 731040896.000000
24.687500 -36.625000 -15.187500 731140864.000000
24.875000 -36.687500 -15.375000 731240896.000000
24.875000 -36.625000 -15.625000 731340864.000000
24.875000 -36.500000 -15.750000 731440896.000000
25.000000 -36.687500 -15.875000 731540864.000000
25.000000 -37.187500 -15.937500 731640896.000000
24.812500 -37.812500 -15.312500 731740864.000000
24.750000 -38.500000 -13.937500 731840896.000000
25.000000 -38.500000 -12.125000 731940864.000000
25.375000 -38.687500 -10.500000 732040896.000000
25.812500 -38.812500 -8.750000 732140864.000000
26.375000 -38.937500 -7.062500 732240896.000000
26.437500 -39.000000 -5.312500 732340864.000000
26.250000 -39.250000 -4.187500 732440896.000000
25.812500 -39.375000 -3.750000 732540864.000000
25.187500 -39.625000 -4.312500 732640896.000000
24.750000 -40.000000 -5.250000 732740864.000000
24.250000 -40.062500 -6.375000 732840896.000000
23.812500 -40.125000 -7.812500 732940864.000000
23.250000 -39.937500 -9.375000 733040896.000000
23.250000 -39.750000 -11.125000 733140864.000000
23.625000 -39.062500 -12.375000 733240896.000000
24.375000 -37.937500 -13.250000 733340864.000000
25.250000 -37.187500 -14.062500 733440896.000000
25.625000 -36.687500 -14.812500 733540864.000000
25.875000 -36.437500 -15.125000 733640896.000000
26.250000 -36.437500 -15.250000 733740864.000000
26.437500 -36.562500 -15.312500 733840896.000000
26.437500 -36.562500 -15.312500 733940864.000000
26.250000 -36.562500 -15.437500 734040896.000000
26.250000 -36.937500 -15.750000 734140864.000000
26.250000 -36.812500 -15.750000 734240896.000000
26.250000 -36.750000 -15.750000 734340864.000000
26.187500 -36.750000 -15.750000 734440896.000000
26.000000 -36.625000 -15.812500 734540864.000000
26.062500 -36.687500 -15.687500 734640896.000000
26.062500 -36.625000 -15.750000 734740864.000000
26.125000 -36.687500 -15.812500 734840896.000000
26.187500 -36.500000 -15.750000 734940864.000000
26.250000 -36.500000 -15.687500 735040896.000000
26.250000 -36.437500 -15.625000 735140864.000000
26.312500 -36.437500 -15.562500 735240896.000000
26.312500 -36.312500 -15.687500 735340864.000000
26.250000 -36.187500 -16.125000 735440896.000000
26.125000 -36.312500 -16.375000 735540864.000000
25.625000 -36.937500 -16.937500 735640896.000000
25.250000 -37.625000 -16.187500 735740864.000000
25.062500 -38.187500 -15.125000 735840896.000000
25.375000 -38.437500 -14.062500 735940864.000000
25.687500 -38.375000 -13.187500 736040896.000000
25.937500 -38.562500 -11.875000 736140864.000000
25.937500 -38.812500 -10.187500 736240896.000000
25.625000 -39.062500 -8.500000 736340864.000000
25.500000 -39.312500 -6.812500 736440896.000000
24.937500 -39.312500 -7.000000 736540864.000000
24.250000 -39.062500 -8.187500 736640896.000000
23.625000 -38.937500 -9.250000 736740864.000000
23.000000 -38.812500 -10.625000 736840896.000000
22.437500 -38.937500 -11.687500 736940864.000000
22.187500 -38.875000 -12.687500 737040896.000000
22.500000 -38.312500 -14.125000 737140864.000000
23.062500 -37.437500 -15.000000 737240896.000000
23.875000 -36.750000 -15.375000 737340864.000000
24.625000 -36.500000 -15.375000 737440896.000000
24.875000 -36.375000 -15.500000 737540864.000000
24.750000 -36.500000 -14.937500 737640896.000000
24.812500 -36.562500 -15.062500 737740864.000000
24.937500 -36.437500 -15.250000 737840896.000000
24.937500 -36.437500 -15.125000 737940864.000000
25.062500 -36.437500 -15.312500 738040896.000000
24.937500 -36.500000 -15.500000 738140864.000000
24.875000 -36.437500 -15.375000 738240896.000000
24.875000 -36.562500 -15.375000 738340864.000000
25.125000 -36.500000 -15.500000 738440896.000000
25.250000 -36.187500 -15.500000 738540864.000000
25.375000 -36.375000 -15.562500 738640896.000000
25.437500 -36.437500 -15.562500 738740864.000000
25.375000 -36.562500 -15.562500 738840896.000000
25.437500 -36.562500 -15.500000 738940864.000000
25.250000 -36.437500 -15.562500 739040896.000000
25.250000 -36.375000 -15.562500 739140864.000000
25.125000 -36.375000 -15.375000 739240896.000000
25.125000 -36.562500 -15.312500 739340864.000000
25.187500 -36.375000 -15.125000 739440896.000000
24.625000 -36.375000 -15.750000 739540864.000000
23.500000 -36.562500 -16.062500 739640896.000000
22.625000 -37.500000 -16.000000 739740864.000000
22.687500 -37.812500 -15.375000 739840896.000000
23.000000 -37.937500 -14.437500 739940864.000000
23.375000 -38.125000 -13.562500 740040896.000000
23.750000 -38.125000 -12.562500 740140864.000000
24.125000 -38.250000 -11.687500 740240896.000000
24.875000 -38.312500 -10.062500 740340864.000000
26.125000 -38.187500 -8.375000 740440896.000000
26.812500 -37.687500 -7.125000 740540864.000000
25.937500 -38.312500 -6.312500 740640896.000000
24.437500 -38.937500 -6.562500 740740864.000000
23.250000 -39.250000 -7.312500 740840896.000000
22.437500 -39.312500 -8.250000 740940864.000000
21.500000 -39.375000 -9.250000 741040896.000000
20.937500 -39.250000 -10.625000 741140864.000000
20.562500 -39.062500 -12.062500 741240896.000000
20.625000 -38.562500 -13.687500 741340864.000000
21.312500 -37.812500 -15.000000 741440896.000000
22.312500 -37.062500 -15.750000 741540864.000000
23.000000 -36.562500 -16.062500 741640896.000000
23.312500 -36.312500 -16.187500 741740864.000000
23.687500 -36.312500 -16.187500 741840896.000000
23.875000 -36.375000 -15.750000 741940864.000000
23.875000 -36.312500 -15.375000 742040896.000000
23.812500 -36.437500 -15.250000 742140864.000000
23.937500 -36.437500 -15.062500 742240896.000000
24.062500 -36.625000 -14.812500 742340864.000000
23.875000 -36.687500 -14.750000 742440896.000000
23.812500 -36.875000 -14.625000 742540864.000000
23.500000 -36.750000 -14.687500 742640896.000000
23.375000 -36.875000 -15.062500 742740864.000000
23.500000 -36.937500 -15.312500 742840896.000000
23.437500 -36.875000 -15.187500 742940864.000000
23.500000 -36.937500 -15.187500 743040896.000000
23.500000 -36.937500 -15.437500 743140864.000000
23.750000 -36.937500 -15.437500 743240896.000000
23.812500 -37.062500 -15.562500 743340864.000000
24.125000 -37.000000 -15.375000 743440896.000000
24.250000 -36.937500 -15.062500 743540864.000000
24.250000 -37.125000 -14.937500 743640896.000000
24.500000 -37.187500 -15.250000 743740864.000000
24.375000 -37.125000 -15.187500 743840896.000000
24.125000 -37.125000 -14.937500 743940864.000000
23.937500 -37.062500 -14.937500 744040896.000000
23.937500 -36.875000 -15.062500 744140864.000000
23.750000 -36.937500 -15.062500 744240896.000000
23.687500 -36.812500 -15.062500 744340864.000000
23.500000 -36.937500 -15.187500 744440896.000000
23.812500 -36.812500 -15.062500 744540864.000000
23.875000 -36.937500 -14.937500 744640896.000000
23.937500 -36.875000 -15.062500 744740864.000000
23.937500 -36.750000 -15.125000 744840896.000000
23.875000 -36.937500 -14.937500 744940864.000000
24.250000 -36.875000 -14.937500 745040896.000000
24.187500 -36.875000 -15.187500 745140864.000000
24.125000 -36.812500 -15.250000 745240896.000000
23.937500 -36.812500 -15.187500 745340864.000000
23.750000 -36.687500 -15.500000 745440896.000000
23.875000 -36.625000 -15.375000 745540864.000000
24.062500 -36.750000 -15.375000 745640896.000000
23.937500 -36.500000 -15.375000 745740864.000000
23.687500 -36.562500 -15.312500 745840896.000000
23.687500 -36.500000 -15.250000 745940864.000000
23.687500 -36.562500 -15.000000 746040896.000000
23.687500 -36.375000 -15.062500 746140864.000000
23.812500 -36.125000 -15.125000 746240896.000000
23.937500 -36.187500 -15.312500 746340864.000000
23.812500 -36.125000 -15.250000 746440896.000000
23.937500 -36.250000 -15.250000 746540864.000000
