0.343233 9.845878 1.990750 21676867382
0.353039 9.826264 2.029977 21676892382
0.323619 9.855684 2.029977 21676917365
0.274586 9.865492 2.049590 21676942390
0.205940 9.865492 2.000557 21676967374
0.245166 9.836071 1.961330 21676992379
0.264780 9.845878 1.912297 21677017373
0.274586 9.836071 1.922104 21677042389
0.235360 9.934137 1.951524 21677067380
0.264780 10.002784 1.941717 21677092365
0.402073 10.071430 1.912297 21677117367
0.608012 10.179304 1.882877 21677142378
0.598206 10.238144 1.804424 21677167384
0.627626 10.287177 1.775004 21677192376
0.627626 10.365630 1.765197 21677217368
0.235360 10.591184 2.039783 21677242385
0.098067 10.708863 1.980944 21677267371
-0.019613 10.591184 2.049590 21677292377
0.049033 10.493117 2.049590 21677317371
0.049033 10.130271 1.873070 21677342380
0.117680 10.042011 1.941717 21677367363
0.362846 10.012591 1.686744 21677392371
0.696272 9.787038 1.657324 21677417384
1.186605 9.453611 1.431771 21677442384
1.412158 9.335932 1.225831 21677467366
1.765197 9.267285 1.029698 21677492369
2.314370 8.737726 1.421964 21677517359
2.569343 8.629853 1.225831 21677542381
2.824315 8.482754 1.186605 21677567383
3.059675 8.257200 1.147378 21677592378
3.579428 8.012034 1.569064 21677617352
4.001114 7.874741 1.696550 21677642395
4.216860 7.717835 1.686744 21677667394
4.442413 7.482475 1.735777 21677692374
5.197526 7.413828 2.196690 21677717367
5.501531 7.237308 2.383016 21677742384
5.785924 6.933302 2.373209 21677767375
6.423357 6.354710 2.579149 21677792371
6.648909 5.903604 2.755669 21677817382
7.021562 5.678051 3.000835 21677842389
7.413828 5.629018 3.059675 21677867390
7.992421 4.579706 3.236195 21677892375
8.178747 4.295313 3.295035 21677917377
8.453333 4.275700 3.226388 21677942380
8.698500 3.844207 3.491168 21677967385
9.139799 3.108708 3.393101 21677992380
9.218252 2.892962 3.402908 21678017350
9.208446 2.471276 3.550008 21678042383
9.257479 2.245723 3.599041 21678067380
9.522259 2.039783 3.648074 21678092366
9.630132 2.000557 3.275421 21678117382
9.473226 1.745584 3.510781 21678142382
10.140078 0.990472 3.177355 21678167373
10.110658 1.147378 3.755947 21678199317
9.816459 1.284671 3.922661 21678217382
9.335932 1.647517 3.412714 21678242366
8.924053 0.980665 3.422521 21678267387
8.825986 0.833565 4.354153 21678292360
8.521980 0.755112 4.618933 21678317385
8.286621 0.451106 5.109265 21678342380
8.002228 0.362846 5.217138 21678367384
7.953194 0.470719 4.913132 21678392368
8.041454 0.294200 4.677773 21678417378
8.178747 0.186326 4.883712 21678442389
8.629853 -0.009807 4.844486 21678467390
8.825986 0.176520 4.599319 21678492374
8.835793 0.039227 4.579706 21678517375
8.875020 0.068647 4.638546 21678542376
8.953472 0.333426 4.658159 21678567383
9.169219 0.480526 4.609126 21678592390
9.384965 0.284393 4.815066 21678617375
9.267285 0.029420 4.932746 21678642368
9.326125 -0.029420 4.697386 21678667393
9.316319 0.323619 4.383573 21678692362
9.306512 0.205940 3.363681 21678717378
8.884827 -0.235360 2.520309 21678742387
9.277092 -0.117680 2.265337 21678767386
9.433999 0.098067 2.549729 21678792375
9.355545 -0.304006 2.471276 21678817374
9.355545 -0.402073 2.284950 21678842376
9.492838 -0.441299 2.206496 21678867391
9.639938 -0.254973 2.226110 21678892370
9.463418 -0.509946 2.226110 21678917375
9.159412 -0.657046 2.451663 21678942346
8.982893 -0.794339 2.785089 21678967336
8.884827 -0.872792 2.892962 21678992389
8.953472 -0.686466 2.883155 21679017355
9.002505 -0.725692 2.677216 21679042388
8.963279 -0.764919 2.471276 21679067381
8.973086 -0.588399 2.226110 21679092380
9.159412 -0.402073 2.049590 21679117376
9.247672 -0.215746 2.049590 21679142379
9.375159 -0.049033 2.363403 21679167379
9.973364 0.215746 2.824315 21679192387
10.149883 0.460913 2.569343 21679217368
10.277370 0.509946 2.706636 21679242381
11.493396 1.343511 3.314648 21679267380
9.953751 0.353039 3.334261 21679292385
9.022120 -0.294200 3.344068 21679317376
8.443527 -0.578592 3.334261 21679342390
8.472947 -0.480526 3.314648 21679367368
9.002505 -0.215746 3.353875 21679392387
9.228059 -0.176520 3.236195 21679417366
9.443805 -0.078453 3.079288 21679442376
9.404578 -0.078453 3.128322 21679467379
9.345738 0.029420 3.412714 21679492387
9.267285 0.029420 3.451941 21679517353
9.237865 -0.039227 3.393101 21679542378
9.110379 -0.058840 3.265615 21679567364
9.208446 -0.029420 3.255808 21679592389
9.188832 -0.117680 3.167548 21679617360
9.267285 -0.107873 3.010642 21679642380
9.394772 -0.156906 3.265615 21679667362
9.394772 -0.186326 3.108708 21679692402
9.345738 -0.186326 2.804702 21679717369
9.708585 -0.715886 3.451941 21679742390
9.630132 -0.657046 2.726249 21679767384
9.228059 -0.509946 2.834122 21679792390
9.345738 -0.294200 3.128322 21679817385
9.237865 -0.058840 3.844207 21679842396
9.188832 0.176520 4.158020 21679867376
9.061346 0.480526 4.324733 21679892386
8.953472 0.676659 4.491446 21679917377
9.080959 0.470719 4.040340 21679942390
9.247672 0.196133 3.726527 21679967383
9.306512 0.068647 3.657881 21679992387
9.179026 0.254973 3.540201 21680017378
9.159412 0.284393 3.481361 21680042385
9.198639 0.245166 3.412714 21680067381
9.149606 0.274586 3.471555 21680092382
8.943666 0.578592 3.510781 21680117378
9.012313 0.460913 3.393101 21680142388
9.208446 0.196133 3.216582 21680167384
9.326125 0.068647 3.187161 21680192381
9.277092 0.107873 3.196968 21680217369
9.296705 0.127486 3.167548 21680242383
9.365352 0.058840 3.167548 21680267386
9.483032 -0.098067 3.128322 21680292376
9.561485 -0.186326 2.951802 21680317380
9.551678 -0.098067 3.030255 21680342384
9.453611 -0.058840 3.010642 21680367380
9.355545 0.009807 2.863542 21680392377
9.218252 0.156906 2.775282 21680417400
9.169219 0.205940 2.873349 21680442371
9.316319 0.137293 2.951802 21680467391
9.394772 0.098067 2.863542 21680492381
9.345738 0.137293 2.834122 21680517380
9.335932 0.117680 2.932189 21680542385
9.355545 0.058840 3.040062 21680567374
9.335932 0.058840 2.981222 21680592367

