4.980000 2.940000 -0.180000 21676857595
5.280000 3.120000 -0.240000 21676882595
5.100000 3.180000 -0.060000 21676907808
4.680000 3.000000 -0.060000 21676932603
5.340000 2.940000 -0.180000 21676957593
4.800000 2.640000 -0.360000 21676982599
4.980000 3.060000 -0.180000 21677007824
4.980000 2.820000 -0.060000 21677032588
4.980000 3.060000 -0.060000 21677057589
4.860000 2.820000 -0.060000 21677082590
5.100000 2.820000 -0.180000 21677107803
5.040000 2.880000 -0.120000 21677132590
5.040000 3.120000 -0.120000 21677157576
4.980000 2.700000 -0.060000 21677182584
4.980000 2.940000 -0.300000 21677207812
4.920000 2.880000 -0.240000 21677232583
4.980000 2.820000 -0.180000 21677257583
4.800000 2.640000 -0.120000 21677282593
4.800000 3.000000 -0.120000 21677307799
4.620000 3.060000 -0.060000 21677332593
4.620000 2.940000 -0.540000 21677357594
4.500000 2.700000 -0.420000 21677382586
4.560000 2.760000 -0.240000 21677407795
4.320000 2.520000 -0.240000 21677432579
4.320000 2.400000 0.120000 21677457589
3.900000 2.460000 -0.180000 21677482608
4.020000 2.580000 -0.060000 21677507798
3.780000 2.580000 0.300000 21677532604
3.720000 2.520000 0.300000 21677557587
3.600000 2.280000 -0.120000 21677582596
3.360000 2.280000 0.240000 21677607803
3.240000 2.400000 0.240000 21677632603
3.000000 2.280000 0.480000 21677657591
3.120000 2.280000 0.480000 21677682579
3.420000 2.460000 -0.060000 21677707821
3.180000 2.580000 -0.180000 21677732614
2.640000 2.880000 -0.180000 21677757573
2.700000 2.580000 -0.180000 21677782598
2.640000 2.760000 -0.120000 21677807796
2.520000 2.760000 -0.240000 21677832580
2.520000 3.000000 -0.240000 21677857593
2.340000 2.940000 -0.300000 21677882591
1.860000 3.180000 -0.300000 21677907786
2.040000 3.000000 -0.240000 21677932586
1.740000 3.180000 -0.300000 21677957590
1.740000 3.540000 -0.420000 21677982603
1.860000 3.540000 -0.300000 21678007843
1.800000 3.600000 -0.360000 21678032595
1.380000 3.300000 -0.060000 21678057598
1.380000 3.540000 -0.540000 21678082587
1.740000 3.780000 -0.420000 21678107809
1.260000 3.300000 -0.180000 21678132611
1.560000 3.840000 -0.480000 21678157602
1.380000 3.660000 -0.420000 21678186210
1.440000 3.960000 -0.420000 21678207602
1.560000 3.600000 -0.480000 21678232599
1.740000 3.900000 -0.420000 21678257592
1.560000 3.960000 -0.480000 21678282606
1.500000 4.020000 -0.300000 21678307824
1.920000 3.480000 -0.240000 21678332584
1.560000 4.080000 -0.720000 21678357584
1.620000 3.900000 -0.540000 21678382600
1.680000 3.960000 -0.360000 21678407820
1.800000 3.720000 -0.240000 21678432598
1.800000 3.840000 -0.480000 21678457601
1.560000 3.840000 -0.240000 21678482593
1.500000 3.900000 -0.180000 21678507793
1.620000 4.140000 -0.420000 21678532593
1.680000 3.840000 -0.360000 21678557590
1.500000 3.780000 -0.180000 21678582582
1.740000 4.020000 -0.540000 21678607804
1.080000 3.720000 -0.240000 21678632593
1.200000 3.720000 -0.240000 21678657603
0.840000 3.720000 -0.240000 21678682593
0.420000 3.540000 0.180000 21678707802
0.180000 3.540000 0.300000 21678732595
0.360000 3.360000 0.120000 21678757579
0.360000 3.600000 0.240000 21678782580
-0.060000 3.420000 0.420000 21678807797
0.180000 3.420000 0.300000 21678832581
0.180000 3.480000 0.600000 21678857591
-0.240000 3.240000 0.240000 21678882590
-0.060000 3.540000 0.420000 21678907803
-0.060000 3.300000 0.420000 21678932611
0.060000 3.420000 0.540000 21678957591
-0.360000 3.120000 0.480000 21678982582
-0.300000 3.540000 0.540000 21679007840
0.060000 3.300000 0.540000 21679032650
0.300000 3.300000 0.420000 21679057604
0.120000 3.360000 0.480000 21679082586
0.420000 3.420000 0.300000 21679107836
0.120000 3.240000 0.480000 21679132611
-0.060000 3.180000 0.540000 21679157603
-0.180000 3.420000 0.060000 21679182601
0.360000 3.120000 0.120000 21679207825
0.360000 3.120000 0.480000 21679232597
0.420000 3.420000 0.060000 21679257598
0.180000 2.940000 0.060000 21679282594
0.540000 3.060000 0.180000 21679307805
0.660000 3.420000 -0.180000 21679332602
0.420000 3.660000 -0.060000 21679357605
0.540000 3.540000 -0.060000 21679382593
0.480000 3.600000 0.120000 21679407807
0.720000 3.960000 0.120000 21679432581
0.540000 3.900000 -0.060000 21679457611
0.660000 3.660000 -0.060000 21679482590
0.660000 3.420000 -0.300000 21679507806
0.420000 3.540000 0.060000 21679532599
0.660000 3.900000 0.060000 21679557601
0.780000 3.660000 -0.300000 21679582598
0.540000 3.780000 -0.060000 21679607811
0.600000 3.840000 -0.240000 21679632596
0.780000 3.660000 0.060000 21679657596
0.840000 3.720000 -0.240000 21679682576
0.540000 3.780000 -0.060000 21679707864
0.840000 3.840000 -0.120000 21679732601
0.780000 3.660000 -0.180000 21679757587
0.720000 3.840000 -0.180000 21679782570
1.140000 3.780000 -0.300000 21679807823
0.600000 3.840000 -0.480000 21679835743
0.720000 4.080000 -0.360000 21679857597
0.840000 3.840000 -0.360000 21679882602
0.720000 4.080000 -0.360000 21679907567
0.780000 4.140000 -0.300000 21679932606
0.780000 3.780000 -0.420000 21679957580
0.720000 3.960000 -0.360000 21679982569
0.720000 4.200000 -0.360000 21680007858
0.420000 3.900000 -0.180000 21680032584
0.960000 3.720000 -0.480000 21680057585
0.780000 4.380000 -0.420000 21680082584
1.020000 4.020000 -0.180000 21680107813
0.660000 4.140000 -0.300000 21680132601
0.780000 4.260000 -0.300000 21680157585
0.840000 4.320000 -0.240000 21680182592
0.540000 4.020000 -0.300000 21680207794
0.720000 4.080000 -0.480000 21680232576
0.540000 4.020000 -0.420000 21680257576
0.600000 4.200000 -0.120000 21680282693
0.900000 4.380000 -0.420000 21680307793
0.420000 4.140000 -0.180000 21680332699
0.660000 4.260000 -0.300000 21680357584
0.360000 4.080000 -0.240000 21680382708
0.660000 4.380000 -0.420000 21680407791
0.720000 4.200000 -0.240000 21680432734
0.600000 4.200000 -0.360000 21680457596
0.660000 4.140000 -0.180000 21680482587
0.480000 4.080000 -0.240000 21680507818
0.600000 4.560000 -0.240000 21680532588
0.360000 4.200000 -0.240000 21680557582
0.540000 4.140000 -0.540000 21680582583
