0.000000 21676867382
0.000000 21676892382
0.000000 21676917365
0.000000 21676942390
0.000000 21676967374
0.000000 21676992379
0.000000 21677017373
0.000000 21677042389
0.000000 21677067380
0.000000 21677092365
0.000000 21677117367
0.000000 21677142378
0.000000 21677167384
0.000000 21677192376
0.000000 21677217368
0.000000 21677242385
0.000000 21677267371
0.000000 21677292377
0.000000 21677317371
0.000000 21677342380
0.000000 21677367363
0.000000 21677392371
0.000000 21677417384
0.000000 21677442384
0.000000 21677467366
0.000000 21677492369
0.000000 21677517359
0.000000 21677542381
0.000000 21677567383
0.000000 21677592378
0.000000 21677617352
0.000000 21677642395
0.000000 21677667394
0.000000 21677692374
0.000000 21677717367
0.000000 21677742384
0.000000 21677767375
0.000000 21677792371
0.000000 21677817382
0.000000 21677842389
0.000000 21677867390
0.000000 21677892375
0.000000 21677917377
0.000000 21677942380
0.000000 21677967385
0.000000 21677992380
0.000000 21678017350
0.000000 21678042383
0.000000 21678067380
0.000000 21678092366
0.000000 21678117382
0.000000 21678142382
0.000000 21678167373
5.000000 21678199317
5.000000 21678217382
5.000000 21678242366
5.000000 21678267387
5.000000 21678292360
5.000000 21678317385
5.000000 21678342380
5.000000 21678367384
5.000000 21678392368
5.000000 21678417378
5.000000 21678442389
5.000000 21678467390
5.000000 21678492374
5.000000 21678517375
5.000000 21678542376
5.000000 21678567383
5.000000 21678592390
5.000000 21678617375
5.000000 21678642368
5.000000 21678667393
5.000000 21678692362
5.000000 21678717378
5.000000 21678742387
5.000000 21678767386
5.000000 21678792375
5.000000 21678817374
5.000000 21678842376
5.000000 21678867391
5.000000 21678892370
5.000000 21678917375
5.000000 21678942346
5.000000 21678967336
5.000000 21678992389
5.000000 21679017355
5.000000 21679042388
5.000000 21679067381
5.000000 21679092380
5.000000 21679117376
5.000000 21679142379
5.000000 21679167379
5.000000 21679192387
5.000000 21679217368
5.000000 21679242381
5.000000 21679267380
5.000000 21679292385
5.000000 21679317376
5.000000 21679342390
5.000000 21679367368
5.000000 21679392387
5.000000 21679417366
5.000000 21679442376
5.000000 21679467379
5.000000 21679492387
5.000000 21679517353
5.000000 21679542378
5.000000 21679567364
5.000000 21679592389
5.000000 21679617360
5.000000 21679642380
5.000000 21679667362
5.000000 21679692402
5.000000 21679717369
5.000000 21679742390
5.000000 21679767384
5.000000 21679792390
5.000000 21679817385
0.000000 21679842396
0.000000 21679867376
0.000000 21679892386
0.000000 21679917377
0.000000 21679942390
0.000000 21679967383
0.000000 21679992387
0.000000 21680017378
0.000000 21680042385
0.000000 21680067381
0.000000 21680092382
0.000000 21680117378
0.000000 21680142388
0.000000 21680167384
0.000000 21680192381
0.000000 21680217369
0.000000 21680242383
0.000000 21680267386
0.000000 21680292376
0.000000 21680317380
0.000000 21680342384
0.000000 21680367380
0.000000 21680392377
0.000000 21680417400
0.000000 21680442371
0.000000 21680467391
0.000000 21680492381
0.000000 21680517380
0.000000 21680542385
0.000000 21680567374
0.000000 21680592367
