12.512500 -4.130000 -1.960000 28488982968
12.512500 -2.310000 -2.817500 28489007987
8.050000 -3.220000 -2.992500 28489033023
-0.892500 9.397500 -0.805000 28489058004
-7.507500 24.395000 -4.322500 28489083004
-11.182500 22.785000 -2.870000 28489108001
-8.592500 37.992500 -0.560000 28489133167
-7.437500 38.482502 -4.952500 28489158165
-15.347500 44.117500 2.905000 28489183162
-19.809999 74.584999 1.207500 28489208162
-24.762501 82.687500 -8.750000 28489233163
-27.387501 98.437500 -0.787500 28489258448
-20.072500 109.147499 -1.715000 28489283353
-29.820000 125.544998 1.505000 28489308442
-33.005001 111.684998 -3.307500 28489333429
-4.655000 96.949997 -6.037500 28489358443
4.690000 59.272499 -1.820000 28489383438
7.175000 54.145000 -1.487500 28489408444
15.645000 65.957497 -0.105000 28489433434
21.472500 54.564999 2.660000 28489458440
-5.775000 63.052502 -6.475000 28489483439
-5.197500 82.862503 -9.135000 28489508438
-0.105000 98.070000 -12.197500 28489533425
-5.950000 124.739998 -19.670000 28489558436
-9.555000 113.084999 -20.387501 28489583441
-28.437500 106.504997 -22.172501 28489608441
-35.612499 128.887497 -19.372499 28489633430
-28.700001 108.919998 -21.455000 28489658440
-22.452499 95.760002 -28.035000 28489683466
-14.595000 124.092499 -34.807499 28489708443
-27.212500 126.157501 -29.417500 28489733427
-45.849998 99.032501 -25.917500 28489758442
-40.285000 109.760002 -25.865000 28489783433
-15.190001 101.955002 -26.424999 28489808433
-17.780001 91.419998 -20.037500 28489833430
-19.004999 131.005005 -21.174999 28489858431
-9.467500 133.822495 -20.264999 28489883427
-14.017500 88.654999 -15.522500 28489908432
-5.722500 102.059998 -9.712500 28489933432
-1.557500 98.175003 -2.135000 28489958450
-8.855000 78.942497 6.615000 28489983471
-1.382500 100.712502 9.922500 28490008434
3.867500 74.602501 25.532499 28490033433
-3.587500 54.057499 26.757500 28490058435
2.572500 58.187500 31.395000 28490083429
-1.277500 15.295000 33.162498 28490108422
-13.230000 7.227500 35.349998 28490133427
-19.477501 23.170000 34.545002 28490158426
-16.222500 43.680000 17.465000 28490183430
-1.925000 51.275002 11.235000 28490208428
-4.497500 60.270000 6.912500 28490233330
-17.412500 55.877499 1.645000 28490258335
-18.357500 67.987503 -6.002500 28490283319
-14.472500 44.834999 -4.497500 28490308438
-13.317500 4.935000 4.095000 28490333436
-11.235000 3.500000 6.912500 28490358485
-20.002501 54.057499 -9.992500 28490383434
-12.880000 57.084999 -19.110001 28490408427
0.472500 67.724998 -25.025000 28490433438
-5.880000 37.064999 -19.775000 28490458430
-14.385000 1.312500 -1.400000 28490483425
-18.217501 23.590000 -1.295000 28490508427
-12.722500 23.747499 -11.025000 28490533432
-1.522500 -14.630000 0.770000 28490558432
5.495000 -8.242500 3.885000 28490583443
4.882500 1.120000 1.312500 28490608435
2.607500 -16.065001 5.285000 28490633423
-6.142500 -32.042500 4.025000 28490658444
-11.042500 -30.607500 -0.140000 28490683436
-15.347500 -30.344999 -4.217500 28490708438
-7.787500 -47.880001 5.092500 28490733429
1.802500 -89.022499 8.802500 28490758438
3.920000 -110.110001 4.410000 28490783433
-5.950000 -71.715004 7.437500 28490808425
-13.632500 -77.980003 3.132500 28490833426
-4.060000 -132.037506 5.810000 28490858444
-7.262500 -82.967499 -12.670000 28490883438
-5.250000 -66.885002 -7.420000 28490908451
1.207500 -91.437500 8.155000 28490933428
0.385000 -110.547501 5.862500 28490958442
-3.290000 -102.287498 8.627500 28490983432
-3.710000 -69.754997 7.682500 28491008430
-4.900000 -66.360001 -4.480000 28491033456
-6.300000 -110.915001 1.575000 28491058432
-1.487500 -96.022499 1.102500 28491083437
-1.715000 -92.172501 6.632500 28491108433
0.297500 -109.357498 3.832500 28491133457
5.145000 -119.892502 -8.610000 28491158431
-11.217500 -116.882500 9.275000 28491183437
-5.635000 -91.315002 12.232500 28491208432
21.315001 -85.207497 -0.717500 28491233468
7.402500 -102.322502 3.797500 28491258430
-0.875000 -90.737503 9.187500 28491283423
14.647500 -79.257500 5.670000 28491308433
22.907499 -97.807503 8.120000 28491333459
20.177500 -93.642502 4.165000 28491358429
30.572500 -76.107498 1.522500 28491383424
22.802500 -68.915001 5.862500 28491408429
18.900000 -57.417500 2.817500 28491433482
22.557501 -57.417500 3.167500 28491458433
11.847500 -79.590004 18.129999 28491483428
5.880000 -91.787498 15.942500 28491508439
11.795000 -63.402500 -0.507500 28491533453
3.027500 -44.660000 4.112500 28491558433
-6.562500 -54.512501 8.190000 28491583434
-7.245000 -74.970001 1.697500 28491608428
-10.727500 -71.190002 4.130000 28491633453
-9.555000 -64.592499 8.557500 28491658437
-1.750000 -67.654999 7.017500 28491683441
-8.330000 -68.705002 4.725000 28491708425
-16.625000 -69.842499 2.922500 28491733453
-2.450000 -54.529999 0.070000 28491758437
-8.697500 -50.259998 1.890000 28491783432
-18.200001 -67.427498 6.422500 28491808437
-6.755000 -67.252502 2.397500 28491833452
2.887500 -60.480000 -1.347500 28491858431
10.780000 -63.105000 6.737500 28491883432
23.344999 -62.160000 6.965000 28491908442
26.232500 -40.285000 -4.865000 28491933460
5.390000 -38.447498 -7.105000 28491958436
-7.350000 -53.375000 -3.220000 28491983433
-2.555000 -68.669998 2.257500 28492008431
14.875000 -67.882500 3.500000 28492033452
19.792500 -49.314999 5.775000 28492058442
11.147500 -51.082500 7.367500 28492083430
4.322500 -46.357502 10.115000 28492108428
-1.172500 -35.542500 9.800000 28492133460
-1.172500 -38.867500 8.312500 28492158429
1.907500 -34.369999 6.107500 28492183436
0.315000 -33.424999 1.242500 28492208435
1.925000 -38.115002 0.875000 28492233454
3.832500 -47.512501 7.542500 28492258438
8.592500 -55.212502 7.945000 28492283429
7.175000 -60.584999 8.137500 28492308442
2.012500 -41.177502 3.237500 28492333511
-4.620000 -40.792500 -4.550000 28492358439
-12.092500 -47.022499 -2.240000 28492383440
-1.295000 -54.967499 3.307500 28492408425
7.892500 -56.000000 5.687500 28492433465
5.880000 -48.212502 0.315000 28492458439
-4.392500 -50.872501 0.350000 28492483433
-10.517500 -53.637501 3.342500 28492508434
-11.147500 -60.724998 3.272500 28492533452
-8.785000 -63.279999 6.247500 28492558447
-4.375000 -67.637497 3.990000 28492583437
-6.142500 -62.264999 0.455000 28492608439
-3.535000 -70.385002 -0.227500 28492633454
-3.325000 -90.614998 6.125000 28492658453
9.222500 -75.144997 10.307500 28492683461
18.200001 -68.250000 5.985000 28492708435
8.890000 -81.830002 6.685000 28492733456
6.177500 -99.032501 10.990000 28492758449
10.640000 -63.857502 3.727500 28492783437
8.470000 -49.682499 5.512500 28492808433
9.205000 -64.224998 14.980000 28492833457
1.890000 -62.545002 14.735000 28492858435
3.727500 -42.139999 10.342500 28492883436
5.862500 -49.577499 15.382500 28492908427
-3.937500 -56.070000 14.437500 28492933465
-4.130000 -50.137501 13.457500 28492958432
-6.632500 -50.959999 13.965000 28492983432
-2.677500 -64.697502 18.287500 28493017728
2.887500 -49.787498 17.045000 28493033473
14.385000 -42.630001 10.622500 28493058436
4.830000 -48.545002 0.910000 28493083437
-3.955000 -49.070000 -11.672500 28493108449
4.532500 -43.189999 -12.110000 28493133462
11.812500 -51.904999 -10.097500 28493158444
5.985000 -51.590000 -7.297500 28493183441
5.197500 -46.795002 -6.597500 28493208502
4.112500 -51.625000 2.537500 28493233465
0.350000 -54.845001 5.565000 28493258386
0.332500 -45.027500 2.642500 28493283429
-9.345000 -49.139999 3.447500 28493308382
-14.035000 -42.857502 7.122500 28493333509
-5.285000 -32.970001 6.247500 28493358390
-7.070000 -32.392502 0.332500 28493383262
-4.760000 -32.182499 -1.540000 28493408388
-2.765000 -48.299999 1.680000 28493433467
3.027500 -38.709999 -1.977500 28493458400
4.882500 -38.535000 -0.437500 28493483436
1.925000 -48.177502 4.637500 28493508396
-1.260000 -47.267502 2.765000 28493533460
-3.482500 -51.642502 -7.490000 28493558390
-13.650000 -53.480000 -10.237500 28493583436
-15.522500 -56.455002 -6.842500 28493608387
-13.842500 -50.889999 -6.527500 28493633458
-14.560000 -43.994999 -8.592500 28493658398
-17.325001 -57.032501 -6.055000 28493683291
-12.512500 -36.645000 2.607500 28493708298
-6.737500 -30.030001 8.837500 28493733468
-6.370000 -28.070000 8.435000 28493758435
2.047500 -7.122500 9.117500 28493783427
-0.542500 -38.342499 1.400000 28493808430
13.020000 -51.992500 -3.867500 28493833463
12.092500 -31.237499 -4.742500 28493858435
-3.447500 -7.910000 -1.767500 28493883432
-23.257500 16.835001 -6.335000 28493909016
-29.942501 7.332500 -8.837500 28493933480
-24.745001 -17.027500 -4.095000 28493958430
1.995000 3.657500 3.867500 28493983423
1.487500 9.117500 -0.700000 28494008436
-9.712500 9.450000 -6.965000 28494033380
-7.507500 -26.267500 -7.017500 28494058402
5.670000 3.272500 -0.542500 28494083432
3.272500 23.030001 2.642500 28494108421
-11.375000 -19.302500 -4.480000 28494133398
1.207500 -1.435000 -3.937500 28494158388
-1.820000 -1.120000 -0.962500 28494183437
-3.325000 -9.817500 -0.210000 28494208432
1.155000 2.660000 2.450000 28494233459
-5.845000 -7.700000 2.957500 28494258445
-5.127500 -8.102500 4.165000 28494283430
-3.062500 1.452500 6.527500 28494308426
-4.025000 -21.542500 3.412500 28494333453
-0.087500 -16.764999 1.767500 28494358429
1.522500 9.992500 6.317500 28494383429
-3.675000 -6.912500 3.920000 28494408427
-7.350000 -5.057500 0.472500 28494433462
-2.835000 4.655000 2.537500 28494458800
-4.935000 5.057500 -0.140000 28494483443
-3.185000 3.447500 -3.990000 28494508436
-1.207500 8.330000 -1.137500 28494533470
-12.250000 4.602500 -0.105000 28494558438
-9.642500 -1.225000 -0.542500 28494583436
0.280000 6.667500 2.135000 28494608445
0.997500 5.285000 0.577500 28494633459
-7.192500 2.397500 2.555000 28494658403
-7.997500 1.750000 1.960000 28494683458
-3.675000 8.855000 1.225000 28494708434
-1.925000 3.097500 2.187500 28494733471
0.087500 -4.375000 3.482500 28494758433
4.235000 -0.945000 3.710000 28494783436
-0.997500 7.105000 4.567500 28494808451
-6.317500 5.355000 3.780000 28494833466
-4.322500 -2.275000 3.815000 28494858437
5.600000 4.707500 6.457500 28494883430
0.997500 7.875000 4.287500 28494908441
-4.130000 3.482500 -1.277500 28494933456
-3.570000 0.105000 1.190000 28494958441
-1.837500 4.252500 5.600000 28494983470
-4.515000 9.030000 3.710000 28495008444
-6.037500 4.480000 0.035000 28495033404
-3.325000 -5.460000 0.630000 28495058415
-0.315000 -0.157500 3.325000 28495083465
-2.765000 2.170000 4.322500 28495108426
-4.620000 1.785000 2.835000 28495133385
-0.420000 -1.715000 0.892500 28495158419
5.512500 -2.327500 0.280000 28495183441
8.155000 4.217500 1.890000 28495208445
2.905000 1.067500 -0.315000 28495233457
-4.830000 0.210000 -2.695000 28495258429
-1.802500 1.837500 -1.347500 28495283434
2.257500 0.490000 -0.577500 28495308431
2.485000 3.675000 -0.612500 28495333476
