0.000000 28488958093
0.000000 28488981313
0.000000 28489006325
0.000000 28489031323
0.000000 28489056323
0.000000 28489081313
0.000000 28489106325
0.000000 28489131438
0.000000 28489156428
0.000000 28489181430
0.000000 28489206433
0.000000 28489231436
0.000000 28489256606
0.000000 28489281609
0.000000 28489306613
0.000000 28489331613
0.000000 28489356616
0.000000 28489381614
0.000000 28489406615
0.000000 28489431614
0.000000 28489456618
0.000000 28489481607
0.000000 28489506615
0.000000 28489531612
0.000000 28489556609
0.000000 28489581603
0.000000 28489606602
0.000000 28489631611
0.000000 28489656602
0.000000 28489681605
0.000000 28489706611
0.000000 28489731619
0.000000 28489756594
0.000000 28489781603
0.000000 28489806598
0.000000 28489831609
0.000000 28489856616
0.000000 28489881609
0.000000 28489906600
0.000000 28489931615
0.000000 28489956587
0.000000 28489981580
0.000000 28490006601
0.000000 28490031614
0.000000 28490056596
0.000000 28490081608
0.000000 28490106589
0.000000 28490131611
0.000000 28490156595
0.000000 28490181613
0.000000 28490206615
0.000000 28490231575
0.000000 28490256567
0.000000 28490281565
0.000000 28490306610
0.000000 28490331621
0.000000 28490356602
0.000000 28490381609
0.000000 28490406613
0.000000 28490431607
0.000000 28490456613
0.000000 28490481609
0.000000 28490506608
0.000000 28490531605
0.000000 28490556610
0.000000 28490581600
0.000000 28490606591
0.000000 28490631608
0.000000 28490656596
0.000000 28490681598
0.000000 28490706612
0.000000 28490731613
0.000000 28490756592
0.000000 28490781600
0.000000 28490806599
0.000000 28490831612
0.000000 28490856606
0.000000 28490881597
0.000000 28490906600
0.000000 28490931608
0.000000 28490956594
0.000000 28490981599
0.000000 28491006608
0.000000 28491031596
0.000000 28491056614
0.000000 28491081601
0.000000 28491106604
0.000000 28491131605
0.000000 28491156607
0.000000 28491181612
0.000000 28491206610
0.000000 28491231601
0.000000 28491256605
0.000000 28491281611
0.000000 28491306609
0.000000 28491331607
0.000000 28491356607
0.000000 28491381614
0.000000 28491406610
0.000000 28491431606
0.000000 28491456609
0.000000 28491481611
0.000000 28491506604
0.000000 28491531609
0.000000 28491556610
0.000000 28491581584
0.000000 28491606609
0.000000 28491631604
0.000000 28491656615
0.000000 28491681610
0.000000 28491706611
0.000000 28491731603
0.000000 28491756610
0.000000 28491781623
0.000000 28491806608
0.000000 28491831590
0.000000 28491856608
0.000000 28491881613
0.000000 28491906608
0.000000 28491931595
0.000000 28491956613
0.000000 28491981611
0.000000 28492006596
0.000000 28492031604
0.000000 28492056609
0.000000 28492081611
0.000000 28492106598
0.000000 28492131599
0.000000 28492156594
0.000000 28492181609
0.000000 28492206601
0.000000 28492231607
0.000000 28492256617
0.000000 28492281613
0.000000 28492306597
0.000000 28492331643
0.000000 28492356607
0.000000 28492381622
0.000000 28492406608
0.000000 28492431590
0.000000 28492456614
0.000000 28492481607
0.000000 28492506599
0.000000 28492531605
0.000000 28492556591
0.000000 28492581608
0.000000 28492606649
0.000000 28492631599
0.000000 28492656638
0.000000 28492681603
0.000000 28492706693
0.000000 28492731593
0.000000 28492756602
0.000000 28492781598
0.000000 28492806609
0.000000 28492831592
0.000000 28492856605
0.000000 28492881602
0.000000 28492906608
0.000000 28492931596
0.000000 28492956618
0.000000 28492981606
0.000000 28493006599
0.000000 28493031613
0.000000 28493056611
0.000000 28493081599
0.000000 28493106608
0.000000 28493131606
0.000000 28493156610
0.000000 28493181584
0.000000 28493206614
0.000000 28493231614
0.000000 28493256609
0.000000 28493281616
0.000000 28493306607
0.000000 28493331597
0.000000 28493356611
0.000000 28493381614
0.000000 28493406603
0.000000 28493431608
0.000000 28493456618
0.000000 28493481617
0.000000 28493506607
0.000000 28493531619
0.000000 28493556601
0.000000 28493581607
0.000000 28493606611
0.000000 28493631613
0.000000 28493656612
0.000000 28493681615
0.000000 28493706541
0.000000 28493731629
0.000000 28493756605
0.000000 28493781615
0.000000 28493806604
0.000000 28493831610
0.000000 28493856610
0.000000 28493881614
0.000000 28493906608
0.000000 28493931620
0.000000 28493956615
0.000000 28493981616
0.000000 28494006611
0.000000 28494031633
0.000000 28494056602
0.000000 28494081625
0.000000 28494106624
0.000000 28494131620
0.000000 28494156617
0.000000 28494181619
0.000000 28494206611
0.000000 28494231614
0.000000 28494256603
0.000000 28494281615
0.000000 28494306611
0.000000 28494331609
0.000000 28494356604
0.000000 28494381615
0.000000 28494406602
0.000000 28494431610
0.000000 28494456612
0.000000 28494481623
0.000000 28494506623
0.000000 28494531619
0.000000 28494556614
0.000000 28494581596
0.000000 28494606621
0.000000 28494631609
0.000000 28494656615
0.000000 28494681619
0.000000 28494706624
0.000000 28494731606
0.000000 28494756589
0.000000 28494781610
0.000000 28494806621
0.000000 28494831605
0.000000 28494856610
0.000000 28494881624
0.000000 28494906613
0.000000 28494931612
0.000000 28494956626
0.000000 28494981622
0.000000 28495006618
0.000000 28495031615
0.000000 28495056610
0.000000 28495081612
0.000000 28495106623
0.000000 28495131619
0.000000 28495156610
0.000000 28495181624
0.000000 28495206625
0.000000 28495231603
0.000000 28495256609
0.000000 28495281615
0.000000 28495306616
0.000000 28495331609
