6.187500 -41.437500 -13.312500 451589600.000000
7.562500 -42.125000 -13.500000 451689600.000000
7.562500 -43.000000 -14.000000 451789600.000000
7.000000 -42.562500 -13.687500 451889600.000000
7.187500 -42.750000 -13.875000 451989600.000000
6.500000 -42.312500 -13.625000 452089600.000000
6.625000 -42.000000 -13.062500 452189600.000000
6.437500 -42.062500 -13.125000 452289600.000000
6.250000 -41.875000 -12.750000 452389600.000000
5.562500 -41.500000 -12.375000 452489600.000000
5.687500 -41.500000 -12.187500 452589600.000000
5.687500 -41.500000 -12.250000 452689600.000000
5.750000 -41.500000 -12.062500 452789600.000000
5.937500 -41.625000 -12.250000 452889600.000000
6.062500 -41.687500 -12.750000 452989600.000000
6.562500 -41.812500 -13.125000 453089600.000000
6.875000 -42.125000 -13.750000 453189600.000000
7.375000 -42.562500 -14.187500 453289600.000000
7.437500 -42.187500 -14.250000 453389600.000000
6.937500 -41.750000 -13.812500 453489600.000000
6.812500 -41.625000 -13.875000 453589600.000000
6.500000 -41.500000 -13.875000 453689600.000000
6.125000 -41.250000 -13.250000 453789600.000000
6.125000 -41.250000 -13.062500 453889600.000000
6.187500 -41.187500 -12.750000 453989600.000000
6.062500 -41.000000 -12.687500 454089600.000000
6.062500 -41.187500 -12.812500 454189600.000000
6.687500 -41.500000 -13.187500 454289600.000000
6.812500 -41.750000 -13.250000 454389600.000000
6.937500 -41.750000 -13.187500 454489600.000000
7.250000 -41.875000 -13.437500 454589600.000000
7.312500 -41.687500 -13.750000 454689600.000000
7.187500 -41.812500 -13.875000 454789600.000000
7.000000 -41.875000 -13.750000 454889600.000000
6.937500 -41.812500 -13.562500 454989600.000000
6.937500 -41.875000 -13.687500 455089600.000000
6.750000 -41.625000 -13.562500 455189600.000000
6.875000 -41.562500 -13.625000 455289600.000000
7.062500 -41.625000 -13.625000 455389600.000000
7.125000 -41.687500 -13.437500 455489600.000000
7.375000 -41.562500 -13.250000 455589600.000000
7.500000 -41.562500 -13.125000 455689600.000000
7.000000 -41.500000 -12.812500 455789600.000000
6.187500 -41.250000 -12.437500 455889600.000000
5.875000 -41.250000 -12.062500 455989600.000000
5.500000 -41.187500 -11.562500 456089600.000000
5.312500 -41.250000 -11.750000 456189600.000000
5.250000 -41.437500 -11.750000 456289600.000000
4.437500 -41.187500 -11.437500 456389600.000000
4.125000 -40.875000 -11.437500 456489600.000000
4.062500 -40.812500 -11.250000 456589600.000000
4.375000 -40.875000 -11.125000 456689600.000000
4.875000 -41.187500 -11.687500 456789600.000000
5.250000 -41.375000 -12.000000 456889600.000000
5.312500 -41.500000 -12.000000 456989600.000000
5.250000 -41.187500 -12.125000 457089600.000000
5.875000 -41.437500 -12.562500 457189600.000000
6.000000 -41.687500 -12.625000 457289600.000000
6.312500 -41.937500 -13.062500 457389600.000000
6.500000 -42.125000 -13.375000 457489600.000000
6.250000 -41.937500 -13.250000 457589600.000000
5.937500 -41.812500 -13.000000 457689600.000000
5.062500 -41.625000 -12.375000 457789600.000000
4.375000 -41.375000 -11.437500 457889600.000000
3.562500 -41.312500 -10.687500 457989600.000000
3.062500 -40.937500 -10.187500 458089600.000000
2.875000 -40.812500 -9.812500 458189600.000000
2.562500 -40.562500 -9.500000 458289600.000000
2.312500 -40.500000 -9.062500 458389600.000000
2.375000 -40.312500 -9.125000 458489600.000000
3.125000 -40.500000 -9.437500 458589600.000000
3.875000 -40.812500 -10.187500 458689600.000000
4.750000 -41.062500 -10.812500 458789600.000000
5.375000 -41.500000 -11.687500 458889600.000000
5.875000 -41.437500 -12.375000 458989600.000000
6.375000 -41.625000 -12.875000 459089600.000000
6.812500 -41.812500 -13.250000 459189600.000000
7.187500 -41.750000 -13.187500 459289600.000000
7.687500 -41.562500 -13.000000 459389600.000000
7.437500 -41.437500 -12.062500 459489600.000000
7.375000 -40.937500 -10.750000 459589600.000000
7.500000 -40.500000 -8.562500 459689600.000000
7.750000 -40.500000 -6.625000 459789600.000000
8.375000 -40.687500 -4.875000 459889600.000000
8.875000 -40.437500 -2.625000 459989600.000000
8.375000 -40.125000 0.062500 460089600.000000
7.250000 -40.000000 3.125000 460189600.000000
6.562500 -40.312500 5.500000 460289600.000000
5.250000 -40.625000 7.625000 460389600.000000
3.125000 -40.750000 9.625000 460489600.000000
0.625000 -40.312500 11.875000 460589600.000000
-2.500000 -39.812500 14.250000 460689600.000000
-5.437500 -39.687500 16.062500 460789600.000000
-7.000000 -39.875000 16.750000 460889600.000000
-8.562500 -39.562500 17.062500 460989600.000000
-10.250000 -38.875000 17.562500 461089600.000000
-11.250000 -38.437500 17.375000 461189600.000000
-11.312500 -38.437500 16.937500 461289600.000000
-10.875000 -38.750000 16.375000 461389600.000000
-10.000000 -39.062500 15.562500 461489600.000000
-9.562500 -39.125000 14.375000 461589600.000000
-9.812500 -39.437500 13.125000 461689600.000000
-10.125000 -39.750000 11.312500 461789600.000000
-10.062500 -40.062500 8.562500 461889600.000000
-10.687500 -40.562500 5.937500 461989600.000000
-10.937500 -40.500000 3.125000 462089600.000000
-11.875000 -40.375000 0.687500 462189600.000000
-12.750000 -40.187500 -1.812500 462289600.000000
-12.437500 -40.312500 -4.937500 462389600.000000
-11.250000 -39.937500 -7.250000 462489600.000000
-8.812500 -40.062500 -8.562500 462589600.000000
-6.562500 -40.125000 -9.562500 462689600.000000
-4.187500 -39.875000 -10.312500 462789600.000000
-2.312500 -39.937500 -11.062500 462889600.000000
-0.562500 -40.187500 -12.000000 462989600.000000
1.500000 -40.312500 -12.687500 463089600.000000
2.750000 -40.187500 -12.625000 463189600.000000
3.250000 -40.500000 -12.562500 463289600.000000
2.812500 -40.437500 -12.625000 463389600.000000
2.937500 -40.562500 -12.500000 463489600.000000
3.562500 -40.625000 -12.312500 463589600.000000
3.750000 -40.750000 -12.437500 463689600.000000
4.312500 -40.625000 -12.312500 463789600.000000
4.562500 -40.812500 -12.375000 463889600.000000
4.812500 -40.937500 -12.375000 463989600.000000
5.062500 -41.000000 -12.625000 464089600.000000
5.312500 -41.125000 -13.000000 464189600.000000
5.062500 -40.937500 -12.875000 464289600.000000
4.250000 -41.062500 -12.812500 464389600.000000
4.187500 -41.187500 -12.687500 464489600.000000
3.687500 -41.125000 -12.187500 464589600.000000
3.812500 -41.062500 -12.250000 464689600.000000
3.687500 -41.000000 -12.187500 464789600.000000
3.812500 -40.937500 -12.312500 464889600.000000
4.000000 -40.937500 -12.312500 464989600.000000
4.000000 -41.000000 -12.562500 465089600.000000
4.375000 -41.187500 -12.875000 465189600.000000
4.687500 -41.187500 -12.937500 465289600.000000
5.062500 -41.250000 -13.562500 465389600.000000
4.875000 -41.312500 -13.500000 465489600.000000
4.750000 -41.437500 -13.375000 465589600.000000
4.375000 -41.437500 -13.187500 465689600.000000
3.500000 -41.437500 -12.375000 465789600.000000
2.875000 -41.125000 -11.812500 465889600.000000
2.250000 -40.750000 -11.187500 465989600.000000
1.312500 -40.375000 -10.375000 466089600.000000
0.750000 -40.312500 -9.687500 466189600.000000
0.125000 -39.937500 -9.312500 466289600.000000
-0.250000 -39.437500 -8.812500 466389600.000000
0.000000 -39.375000 -8.812500 466489600.000000
0.812500 -39.312500 -9.312500 466589600.000000
1.437500 -39.687500 -9.687500 466689600.000000
2.062500 -39.875000 -10.187500 466789600.000000
2.875000 -40.125000 -11.000000 466889600.000000
3.625000 -40.312500 -11.625000 466989600.000000
4.562500 -40.750000 -12.000000 467089600.000000
5.187500 -41.250000 -12.562500 467189600.000000
5.562500 -41.500000 -12.625000 467289600.000000
4.812500 -41.562500 -12.500000 467389600.000000
4.375000 -41.250000 -11.875000 467489600.000000
4.500000 -41.250000 -11.812500 467589600.000000
5.187500 -41.250000 -11.375000 467689600.000000
5.562500 -40.875000 -9.937500 467789600.000000
5.750000 -40.625000 -8.000000 467889600.000000
5.562500 -40.375000 -5.812500 467989600.000000
5.625000 -40.062500 -3.437500 468089600.000000
6.562500 -40.000000 -1.187500 468189600.000000
6.625000 -40.062500 1.125000 468289600.000000
6.000000 -39.937500 4.375000 468389600.000000
4.562500 -39.812500 7.062500 468489600.000000
3.125000 -40.000000 9.062500 468589600.000000
1.062500 -39.937500 10.375000 468689600.000000
-0.375000 -39.812500 11.687500 468789600.000000
-2.687500 -39.750000 13.000000 468889600.000000
-4.687500 -39.625000 13.937500 468989600.000000
-5.687500 -39.500000 13.937500 469089600.000000
-6.812500 -39.375000 14.062500 469189600.000000
-8.375000 -39.250000 14.500000 469289600.000000
-9.750000 -39.125000 14.312500 469389600.000000
-10.250000 -39.125000 13.250000 469489600.000000
-11.000000 -39.500000 11.375000 469589600.000000
-11.187500 -39.625000 8.937500 469689600.000000
-11.562500 -39.812500 5.937500 469789600.000000
-11.875000 -39.937500 3.500000 469889600.000000
-11.437500 -40.125000 0.000000 469989600.000000
-10.375000 -40.000000 -3.062500 470089600.000000
-8.625000 -39.937500 -6.125000 470189600.000000
-7.125000 -39.687500 -7.875000 470289600.000000
-5.250000 -39.625000 -9.625000 470389600.000000
-3.562500 -39.750000 -11.000000 470489600.000000
-1.625000 -39.937500 -11.500000 470589600.000000
0.000000 -40.062500 -12.000000 470689600.000000
1.062500 -40.125000 -12.187500 470789600.000000
2.375000 -40.562500 -12.562500 470889600.000000
2.562500 -40.625000 -12.312500 470989600.000000
2.562500 -40.937500 -12.187500 471089600.000000
2.312500 -40.687500 -11.625000 471189600.000000
2.250000 -40.500000 -11.312500 471289600.000000
2.375000 -40.375000 -11.500000 471389600.000000
2.437500 -40.250000 -11.687500 471489600.000000
2.187500 -40.250000 -11.312500 471589600.000000
1.875000 -40.187500 -11.312500 471689600.000000
1.937500 -40.312500 -11.500000 471789600.000000
2.250000 -40.500000 -12.250000 471889600.000000
2.625000 -40.750000 -12.500000 471989600.000000
2.875000 -40.625000 -12.437500 472089600.000000
2.562500 -40.562500 -12.062500 472189600.000000
2.250000 -40.687500 -11.875000 472289600.000000
1.562500 -40.500000 -11.187500 472389600.000000
1.125000 -40.250000 -10.750000 472489600.000000
1.062500 -40.125000 -10.437500 472589600.000000
0.625000 -39.937500 -9.625000 472689600.000000
0.250000 -39.625000 -9.250000 472789600.000000
0.250000 -39.500000 -9.375000 472889600.000000
0.000000 -39.250000 -9.437500 472989600.000000
0.187500 -39.187500 -9.562500 473089600.000000
1.125000 -39.375000 -10.500000 473189600.000000
1.750000 -39.687500 -11.250000 473289600.000000
2.250000 -40.062500 -11.750000 473389600.000000
3.062500 -40.312500 -12.125000 473489600.000000
3.750000 -40.562500 -12.375000 473589600.000000
4.125000 -40.625000 -11.437500 473689600.000000
5.062500 -40.875000 -10.250000 473789600.000000
6.000000 -40.875000 -8.000000 473889600.000000
6.062500 -40.812500 -4.937500 473989600.000000
6.000000 -40.375000 -1.437500 474089600.000000
4.750000 -39.750000 2.687500 474189600.000000
3.250000 -39.187500 6.187500 474289600.000000
1.875000 -39.062500 9.312500 474389600.000000
-0.062500 -39.125000 11.875000 474489600.000000
-2.312500 -38.937500 13.937500 474589600.000000
-4.750000 -38.687500 15.125000 474689600.000000
-6.500000 -38.750000 15.187500 474789600.000000
-7.875000 -38.750000 15.062500 474889600.000000
-7.875000 -39.187500 13.937500 474989600.000000
-8.375000 -39.375000 13.875000 475089600.000000
-8.937500 -39.312500 14.125000 475189600.000000
-9.000000 -39.312500 14.000000 475289600.000000
-8.750000 -39.250000 14.062500 475389600.000000
-8.437500 -39.312500 14.187500 475489600.000000
-9.187500 -39.125000 14.250000 475589600.000000
-10.000000 -39.312500 12.875000 475689600.000000
-11.000000 -39.375000 11.000000 475789600.000000
-11.062500 -39.687500 8.187500 475889600.000000
-11.250000 -40.000000 5.562500 475989600.000000
-11.125000 -40.312500 2.937500 476089600.000000
-10.187500 -40.500000 -0.687500 476189600.000000
-9.187500 -40.625000 -4.250000 476289600.000000
-7.062500 -41.000000 -7.562500 476389600.000000
-4.687500 -41.250000 -9.437500 476489600.000000
-2.562500 -41.437500 -10.625000 476589600.000000
-0.812500 -41.500000 -11.625000 476689600.000000
1.062500 -41.375000 -12.687500 476789600.000000
2.937500 -41.437500 -13.875000 476889600.000000
3.375000 -41.750000 -13.875000 476989600.000000
3.812500 -41.875000 -13.937500 477089600.000000
4.125000 -41.687500 -13.812500 477189600.000000
4.000000 -41.750000 -13.750000 477289600.000000
3.875000 -41.312500 -13.562500 477389600.000000
3.437500 -40.937500 -13.000000 477489600.000000
3.500000 -41.187500 -12.625000 477589600.000000
3.187500 -41.125000 -12.375000 477689600.000000
3.187500 -41.125000 -12.250000 477789600.000000
3.062500 -41.250000 -12.187500 477889600.000000
3.000000 -41.375000 -12.250000 477989600.000000
3.000000 -41.375000 -12.375000 478089600.000000
3.062500 -41.625000 -12.375000 478189600.000000
3.000000 -41.812500 -12.437500 478289600.000000
2.812500 -41.562500 -12.625000 478389600.000000
2.937500 -41.687500 -12.562500 478489600.000000
2.625000 -41.375000 -12.500000 478589600.000000
2.375000 -41.187500 -12.562500 478689600.000000
2.125000 -41.125000 -12.375000 478789600.000000
1.750000 -41.000000 -12.062500 478889600.000000
1.687500 -40.875000 -12.250000 478989600.000000
1.875000 -40.750000 -12.187500 479089600.000000
2.187500 -40.937500 -12.312500 479189600.000000
2.062500 -40.875000 -12.312500 479289600.000000
2.562500 -41.062500 -12.437500 479389600.000000
2.937500 -41.375000 -12.437500 479489600.000000
3.312500 -41.500000 -12.625000 479589600.000000
3.750000 -41.500000 -13.062500 479689600.000000
4.062500 -41.750000 -13.187500 479789600.000000
4.500000 -41.937500 -13.562500 479889600.000000
4.375000 -41.750000 -13.562500 479989600.000000
4.437500 -41.750000 -13.750000 480089600.000000
4.625000 -41.750000 -13.937500 480189600.000000
4.500000 -41.687500 -14.000000 480289600.000000
4.250000 -41.562500 -13.875000 480389600.000000
4.312500 -41.750000 -13.812500 480489600.000000
3.937500 -41.812500 -13.687500 480589600.000000
4.000000 -41.750000 -13.750000 480689600.000000
4.000000 -41.937500 -13.750000 480789600.000000
4.000000 -41.750000 -13.875000 480889600.000000
3.125000 -41.687500 -13.875000 480989600.000000
2.562500 -41.750000 -14.000000 481089600.000000
1.937500 -41.750000 -14.312500 481189600.000000
1.000000 -41.437500 -14.312500 481289600.000000
-0.312500 -41.187500 -14.125000 481389600.000000
-2.000000 -41.187500 -13.562500 481489600.000000
-3.625000 -41.062500 -12.687500 481589600.000000
-5.375000 -40.937500 -11.187500 481689600.000000
-6.937500 -40.875000 -9.187500 481789600.000000
-8.125000 -40.437500 -6.625000 481889600.000000
-9.562500 -40.312500 -4.000000 481989600.000000
-10.625000 -40.437500 -1.312500 482089600.000000
-10.937500 -40.250000 1.125000 482189600.000000
-10.500000 -40.125000 3.875000 482289600.000000
-10.125000 -40.000000 6.187500 482389600.000000
-9.687500 -40.062500 8.187500 482489600.000000
-8.562500 -40.187500 9.312500 482589600.000000
-7.687500 -40.437500 10.125000 482689600.000000
-6.812500 -40.312500 10.562500 482789600.000000
-5.812500 -40.437500 10.812500 482889600.000000
-5.187500 -40.625000 11.312500 482989600.000000
-5.125000 -40.562500 11.062500 483089600.000000
-5.000000 -40.812500 11.062500 483189600.000000
-4.875000 -40.937500 11.125000 483289600.000000
-4.562500 -41.000000 11.125000 483389600.000000
-4.687500 -40.750000 11.062500 483489600.000000
-5.562500 -40.750000 11.062500 483589600.000000
-6.562500 -40.250000 11.437500 483689600.000000
-7.187500 -40.187500 11.125000 483789600.000000
-7.500000 -40.375000 11.375000 483889600.000000
-7.187500 -40.375000 10.937500 483989600.000000
-7.125000 -40.312500 10.750000 484089600.000000
-7.187500 -40.125000 10.812500 484189600.000000
-6.937500 -40.312500 11.125000 484289600.000000
-5.312500 -40.312500 11.312500 484389600.000000
-3.687500 -40.625000 11.312500 484489600.000000
-1.750000 -40.500000 11.375000 484589600.000000
0.250000 -40.250000 10.687500 484689600.000000
2.062500 -40.250000 9.812500 484789600.000000
4.000000 -40.062500 8.437500 484889600.000000
5.125000 -39.937500 6.500000 484989600.000000
7.125000 -39.937500 3.625000 485089600.000000
7.562500 -39.937500 0.000000 485189600.000000
8.375000 -40.062500 -3.312500 485289600.000000
8.750000 -40.187500 -6.250000 485389600.000000
8.562500 -40.500000 -8.937500 485489600.000000
8.312500 -40.625000 -10.875000 485589600.000000
7.750000 -40.812500 -12.625000 485689600.000000
7.937500 -41.250000 -14.062500 485789600.000000
7.312500 -41.562500 -14.562500 485889600.000000
7.375000 -41.625000 -14.062500 485989600.000000
7.125000 -41.562500 -13.812500 486089600.000000
6.375000 -41.625000 -13.687500 486189600.000000
5.625000 -41.125000 -13.250000 486289600.000000
5.000000 -41.062500 -12.875000 486389600.000000
4.937500 -41.000000 -12.812500 486489600.000000
4.375000 -40.562500 -12.312500 486589600.000000
3.687500 -40.187500 -12.000000 486689600.000000
3.375000 -40.187500 -11.687500 486789600.000000
2.937500 -40.000000 -11.375000 486889600.000000
3.375000 -40.062500 -11.687500 486989600.000000
4.187500 -40.500000 -12.125000 487089600.000000
4.187500 -40.625000 -12.625000 487189600.000000
4.125000 -40.875000 -12.562500 487289600.000000
4.312500 -41.125000 -13.000000 487389600.000000
4.812500 -41.375000 -13.500000 487489600.000000
5.125000 -41.250000 -13.750000 487589600.000000
5.062500 -41.625000 -14.312500 487689600.000000
4.250000 -41.750000 -14.187500 487789600.000000
2.875000 -41.687500 -14.187500 487889600.000000
1.937500 -41.625000 -14.000000 487989600.000000
0.750000 -41.625000 -13.750000 488089600.000000
-0.812500 -41.625000 -13.187500 488189600.000000
-2.812500 -41.562500 -12.000000 488289600.000000
-4.750000 -41.500000 -10.062500 488389600.000000
-6.000000 -41.375000 -7.437500 488489600.000000
-6.437500 -41.187500 -4.437500 488589600.000000
-6.937500 -41.000000 -1.312500 488689600.000000
-6.812500 -40.750000 1.625000 488789600.000000
-6.375000 -40.250000 4.625000 488889600.000000
-5.687500 -40.312500 7.250000 488989600.000000
-4.500000 -40.250000 9.375000 489089600.000000
-3.375000 -40.437500 10.250000 489189600.000000
-2.250000 -40.437500 10.750000 489289600.000000
-1.937500 -40.437500 10.875000 489389600.000000
-1.312500 -40.500000 10.812500 489489600.000000
-0.937500 -40.687500 10.812500 489589600.000000
-0.937500 -40.875000 10.437500 489689600.000000
-0.562500 -40.812500 10.500000 489789600.000000
0.000000 -40.750000 10.437500 489889600.000000
1.062500 -40.687500 10.562500 489989600.000000
1.625000 -40.562500 10.562500 490089600.000000
2.625000 -40.500000 10.500000 490189600.000000
4.000000 -40.562500 10.062500 490289600.000000
5.375000 -40.625000 9.375000 490389600.000000
7.000000 -40.750000 8.500000 490489600.000000
8.375000 -40.875000 6.312500 490589600.000000
9.312500 -41.125000 3.750000 490689600.000000
9.812500 -41.437500 1.062500 490789600.000000
10.375000 -41.687500 -1.875000 490889600.000000
10.125000 -41.812500 -5.062500 490989600.000000
9.625000 -42.000000 -7.687500 491089600.000000
9.000000 -42.312500 -10.187500 491189600.000000
8.250000 -42.375000 -12.375000 491289600.000000
7.500000 -42.375000 -13.500000 491389600.000000
6.812500 -42.375000 -14.125000 491489600.000000
6.000000 -42.375000 -14.562500 491589600.000000
5.687500 -42.187500 -14.687500 491689600.000000
5.750000 -42.187500 -14.625000 491789600.000000
5.875000 -42.125000 -14.750000 491889600.000000
5.500000 -41.875000 -14.562500 491989600.000000
4.812500 -41.687500 -14.000000 492089600.000000
4.500000 -41.687500 -13.625000 492189600.000000
4.000000 -41.687500 -13.375000 492289600.000000
3.937500 -41.562500 -13.125000 492389600.000000
3.562500 -41.687500 -13.250000 492489600.000000
3.250000 -41.687500 -12.937500 492589600.000000
2.687500 -41.437500 -12.437500 492689600.000000
2.562500 -41.375000 -12.187500 492789600.000000
2.750000 -41.375000 -12.500000 492889600.000000
2.687500 -41.250000 -12.375000 492989600.000000
2.625000 -40.875000 -12.250000 493089600.000000
2.312500 -40.625000 -12.000000 493189600.000000
2.375000 -40.562500 -11.562500 493289600.000000
2.375000 -40.562500 -11.625000 493389600.000000
2.437500 -40.625000 -11.750000 493489600.000000
2.187500 -40.687500 -11.812500 493589600.000000
2.375000 -40.812500 -11.625000 493689600.000000
2.812500 -41.062500 -12.062500 493789600.000000
3.250000 -41.375000 -12.375000 493889600.000000
3.875000 -41.875000 -12.937500 493989600.000000
3.812500 -42.062500 -13.312500 494089600.000000
4.062500 -42.125000 -13.437500 494189600.000000
4.500000 -42.375000 -13.812500 494289600.000000
4.687500 -42.500000 -14.187500 494389600.000000
4.000000 -42.500000 -14.562500 494489600.000000
2.750000 -42.375000 -14.187500 494589600.000000
1.562500 -42.500000 -13.937500 494689600.000000
0.312500 -42.187500 -13.812500 494789600.000000
-0.937500 -42.062500 -13.375000 494889600.000000
-2.312500 -42.000000 -13.062500 494989600.000000
-4.062500 -41.937500 -11.875000 495089600.000000
-5.625000 -41.625000 -10.437500 495189600.000000
-6.500000 -41.375000 -8.062500 495289600.000000
-7.062500 -41.250000 -5.750000 495389600.000000
-7.062500 -41.000000 -3.250000 495489600.000000
-7.437500 -40.875000 -0.750000 495589600.000000
-7.250000 -40.750000 2.000000 495689600.000000
-6.812500 -40.375000 4.750000 495789600.000000
-6.125000 -40.187500 6.875000 495889600.000000
-5.125000 -40.375000 8.750000 495989600.000000
-4.312500 -40.500000 9.500000 496089600.000000
-3.500000 -40.250000 9.937500 496189600.000000
-3.375000 -40.250000 10.125000 496289600.000000
-2.937500 -40.125000 10.750000 496389600.000000
-2.500000 -40.125000 10.875000 496489600.000000
-2.187500 -40.375000 10.750000 496589600.000000
-1.437500 -40.437500 10.875000 496689600.000000
-0.312500 -40.375000 10.625000 496789600.000000
0.750000 -40.312500 10.500000 496889600.000000
2.187500 -40.500000 10.312500 496989600.000000
3.812500 -40.500000 10.062500 497089600.000000
6.125000 -40.687500 9.000000 497189600.000000
8.250000 -40.812500 7.312500 497289600.000000
10.250000 -40.937500 5.375000 497389600.000000
12.000000 -40.875000 2.750000 497489600.000000
12.312500 -40.875000 -0.437500 497589600.000000
13.312500 -40.875000 -3.375000 497689600.000000
13.375000 -41.062500 -6.125000 497789600.000000
13.187500 -41.312500 -8.875000 497889600.000000
12.187500 -41.437500 -11.062500 497989600.000000
10.812500 -41.750000 -12.375000 498089600.000000
9.312500 -41.812500 -13.562500 498189600.000000
7.750000 -41.812500 -14.312500 498289600.000000
7.125000 -42.125000 -14.125000 498389600.000000
5.812500 -42.375000 -14.000000 498489600.000000
4.687500 -42.250000 -13.750000 498589600.000000
3.625000 -41.875000 -13.312500 498689600.000000
2.625000 -41.500000 -12.937500 498789600.000000
2.312500 -41.250000 -12.750000 498889600.000000
1.812500 -41.437500 -12.437500 498989600.000000
1.437500 -41.625000 -11.937500 499089600.000000
0.812500 -41.312500 -11.562500 499189600.000000
0.375000 -41.062500 -11.437500 499289600.000000
0.250000 -41.187500 -11.562500 499389600.000000
0.562500 -41.500000 -11.625000 499489600.000000
0.687500 -41.937500 -11.437500 499589600.000000
0.875000 -41.750000 -11.250000 499689600.000000
0.875000 -41.750000 -11.062500 499789600.000000
0.687500 -41.500000 -11.062500 499889600.000000
0.812500 -41.500000 -11.000000 499989600.000000
0.625000 -41.750000 -10.875000 500089600.000000
0.687500 -41.500000 -10.937500 500189600.000000
0.812500 -41.375000 -10.937500 500289600.000000
0.875000 -41.375000 -11.187500 500389600.000000
0.500000 -41.375000 -11.250000 500489600.000000
0.437500 -41.187500 -11.312500 500589600.000000
0.375000 -41.312500 -11.312500 500689600.000000
0.625000 -41.437500 -11.812500 500789600.000000
1.437500 -41.375000 -12.250000 500889600.000000
2.062500 -41.687500 -12.500000 500989600.000000
2.312500 -41.750000 -12.875000 501089600.000000
2.687500 -42.000000 -13.125000 501189600.000000
3.250000 -42.187500 -13.500000 501289600.000000
4.062500 -42.500000 -13.687500 501389600.000000
4.687500 -42.750000 -14.312500 501489600.000000
4.812500 -43.000000 -14.125000 501589600.000000
5.125000 -43.125000 -14.250000 501689600.000000
4.812500 -43.125000 -14.187500 501789600.000000
4.750000 -43.125000 -14.250000 501889600.000000
4.937500 -43.000000 -14.500000 501989600.000000
4.625000 -43.062500 -14.937500 502089600.000000
4.625000 -42.812500 -15.062500 502189600.000000
4.687500 -42.750000 -14.937500 502289600.000000
4.687500 -42.562500 -14.812500 502389600.000000
4.437500 -42.437500 -14.875000 502489600.000000
4.500000 -42.437500 -14.937500 502589600.000000
4.500000 -42.437500 -15.000000 502689600.000000
4.375000 -42.375000 -14.750000 502789600.000000
4.625000 -42.437500 -14.312500 502889600.000000
4.312500 -42.500000 -14.437500 502989600.000000
4.250000 -42.500000 -14.437500 503089600.000000
4.500000 -42.687500 -14.687500 503189600.000000
4.437500 -42.625000 -14.437500 503289600.000000
4.375000 -42.562500 -14.187500 503389600.000000
4.500000 -42.562500 -13.875000 503489600.000000
4.375000 -42.750000 -13.875000 503589600.000000
4.125000 -42.437500 -13.812500 503689600.000000
4.312500 -42.250000 -13.812500 503789600.000000
4.375000 -42.375000 -13.812500 503889600.000000
4.125000 -42.375000 -13.875000 503989600.000000
4.437500 -42.375000 -13.875000 504089600.000000
4.437500 -42.562500 -14.125000 504189600.000000
4.625000 -42.625000 -14.375000 504289600.000000
4.750000 -42.562500 -14.562500 504389600.000000
5.187500 -42.687500 -14.750000 504489600.000000
5.187500 -42.687500 -14.812500 504589600.000000
4.875000 -42.687500 -14.625000 504689600.000000
5.062500 -42.687500 -14.437500 504789600.000000
4.812500 -42.812500 -14.437500 504889600.000000
5.000000 -42.625000 -14.312500 504989600.000000
4.875000 -42.750000 -14.312500 505089600.000000
4.750000 -42.750000 -14.312500 505189600.000000
4.625000 -43.000000 -14.250000 505289600.000000
4.500000 -43.062500 -14.125000 505389600.000000
4.625000 -42.812500 -14.312500 505489600.000000
4.375000 -42.875000 -14.375000 505589600.000000
4.437500 -43.000000 -14.437500 505689600.000000
4.312500 -43.375000 -14.437500 505789600.000000
4.312500 -43.312500 -14.375000 505889600.000000
4.375000 -43.250000 -14.312500 505989600.000000
4.250000 -43.000000 -14.562500 506089600.000000
4.312500 -43.125000 -14.375000 506189600.000000
4.375000 -43.312500 -14.500000 506289600.000000
4.437500 -43.125000 -14.437500 506389600.000000
4.562500 -42.937500 -14.437500 506489600.000000
4.562500 -42.937500 -14.562500 506589600.000000
4.687500 -42.937500 -14.500000 506689600.000000
4.812500 -43.062500 -14.625000 506789600.000000
4.937500 -43.250000 -14.562500 506889600.000000
4.750000 -43.125000 -14.625000 506989600.000000
4.312500 -43.062500 -14.062500 507089600.000000
3.750000 -42.937500 -13.625000 507189600.000000
2.937500 -42.812500 -13.187500 507289600.000000
2.250000 -42.312500 -12.500000 507389600.000000
2.312500 -42.250000 -12.687500 507489600.000000
1.687500 -42.125000 -12.187500 507589600.000000
1.125000 -41.937500 -11.562500 507689600.000000
0.625000 -41.687500 -11.312500 507789600.000000
0.500000 -41.562500 -11.375000 507889600.000000
0.687500 -41.500000 -11.375000 507989600.000000
0.687500 -41.562500 -10.937500 508089600.000000
0.500000 -41.750000 -10.875000 508189600.000000
-0.750000 -41.500000 -9.687500 508289600.000000
-1.000000 -41.312500 -9.625000 508389600.000000
-1.312500 -41.312500 -9.375000 508489600.000000
-1.500000 -41.125000 -9.062500 508589600.000000
-1.750000 -41.125000 -8.625000 508689600.000000
-1.875000 -41.250000 -8.687500 508789600.000000
-1.437500 -41.250000 -9.125000 508889600.000000
-1.000000 -41.125000 -9.687500 508989600.000000
-0.062500 -41.375000 -10.500000 509089600.000000
0.625000 -41.562500 -10.750000 509189600.000000
1.375000 -41.562500 -11.312500 509289600.000000
2.125000 -42.000000 -11.875000 509389600.000000
2.937500 -42.250000 -12.562500 509489600.000000
3.500000 -42.500000 -13.000000 509589600.000000
3.562500 -42.562500 -13.375000 509689600.000000
3.937500 -42.812500 -13.500000 509789600.000000
4.062500 -43.062500 -13.500000 509889600.000000
4.250000 -42.937500 -13.812500 509989600.000000
4.375000 -43.062500 -14.000000 510089600.000000
4.375000 -42.937500 -14.187500 510189600.000000
4.375000 -43.125000 -14.375000 510289600.000000
4.375000 -43.125000 -14.250000 510389600.000000
4.500000 -43.125000 -14.125000 510489600.000000
4.687500 -43.125000 -14.125000 510589600.000000
4.937500 -43.000000 -14.250000 510689600.000000
4.812500 -43.125000 -14.187500 510789600.000000
4.937500 -43.125000 -14.125000 510889600.000000
4.875000 -43.250000 -14.125000 510989600.000000
5.187500 -43.125000 -14.125000 511089600.000000
5.062500 -43.062500 -14.125000 511189600.000000
4.500000 -42.750000 -13.875000 511289600.000000
3.687500 -42.625000 -13.437500 511389600.000000
2.937500 -42.500000 -13.125000 511489600.000000
2.687500 -42.437500 -12.937500 511589600.000000
1.875000 -42.000000 -12.437500 511689600.000000
1.375000 -41.687500 -12.062500 511789600.000000
0.500000 -41.437500 -11.687500 511889600.000000
0.250000 -41.125000 -11.312500 511989600.000000
0.250000 -41.437500 -11.375000 512089600.000000
0.625000 -41.375000 -11.812500 512189600.000000
0.750000 -41.625000 -11.625000 512289600.000000
0.375000 -41.562500 -11.437500 512389600.000000
0.375000 -41.875000 -11.625000 512489600.000000
0.375000 -41.750000 -11.437500 512589600.000000
0.812500 -41.812500 -11.437500 512689600.000000
0.687500 -41.812500 -11.312500 512789600.000000
0.812500 -41.875000 -11.250000 512889600.000000
0.687500 -41.937500 -10.812500 512989600.000000
0.500000 -41.562500 -10.687500 513089600.000000
0.562500 -41.250000 -10.687500 513189600.000000
0.875000 -41.000000 -10.812500 513289600.000000
1.000000 -41.187500 -10.812500 513389600.000000
0.625000 -41.125000 -10.875000 513489600.000000
0.562500 -41.000000 -11.000000 513589600.000000
0.437500 -40.687500 -10.937500 513689600.000000
0.437500 -40.625000 -10.937500 513789600.000000
0.562500 -40.750000 -11.000000 513889600.000000
0.562500 -40.937500 -10.937500 513989600.000000
0.500000 -41.125000 -10.625000 514089600.000000
0.312500 -41.062500 -11.125000 514189600.000000
0.812500 -41.187500 -11.437500 514289600.000000
1.375000 -41.437500 -11.812500 514389600.000000
1.812500 -41.625000 -12.062500 514489600.000000
2.125000 -41.812500 -12.562500 514589600.000000
2.437500 -42.000000 -13.062500 514689600.000000
3.062500 -42.125000 -13.562500 514789600.000000
3.437500 -42.250000 -13.937500 514889600.000000
4.000000 -42.437500 -14.125000 514989600.000000
4.187500 -42.750000 -14.062500 515089600.000000
4.062500 -43.000000 -13.937500 515189600.000000
4.250000 -43.125000 -14.062500 515289600.000000
4.375000 -42.812500 -14.062500 515389600.000000
4.437500 -42.625000 -14.062500 515489600.000000
4.500000 -42.687500 -14.062500 515589600.000000
4.500000 -42.437500 -14.187500 515689600.000000
4.500000 -42.500000 -13.937500 515789600.000000
4.562500 -42.375000 -14.062500 515889600.000000
4.625000 -42.312500 -14.250000 515989600.000000
4.625000 -42.312500 -14.312500 516089600.000000
4.437500 -42.562500 -14.437500 516189600.000000
4.500000 -42.875000 -14.375000 516289600.000000
4.437500 -42.750000 -14.437500 516389600.000000
4.500000 -42.937500 -14.375000 516489600.000000
4.500000 -43.000000 -14.562500 516589600.000000
4.375000 -42.750000 -14.562500 516689600.000000
4.250000 -42.625000 -14.625000 516789600.000000
4.187500 -42.437500 -14.625000 516889600.000000
4.312500 -42.375000 -14.625000 516989600.000000
4.250000 -42.250000 -14.625000 517089600.000000
4.312500 -42.437500 -14.500000 517189600.000000
4.250000 -42.625000 -14.500000 517289600.000000
4.187500 -42.812500 -14.375000 517389600.000000
4.250000 -42.937500 -14.375000 517489600.000000
4.437500 -43.187500 -14.312500 517589600.000000
4.562500 -43.437500 -14.375000 517689600.000000
4.625000 -43.250000 -14.312500 517789600.000000
4.750000 -43.562500 -14.187500 517889600.000000
4.812500 -43.562500 -14.062500 517989600.000000
4.750000 -43.625000 -14.125000 518089600.000000
4.875000 -43.437500 -14.062500 518189600.000000
4.750000 -43.562500 -14.062500 518289600.000000
4.750000 -43.562500 -14.312500 518389600.000000
4.500000 -43.500000 -14.250000 518489600.000000
4.437500 -43.625000 -14.312500 518589600.000000
4.375000 -43.375000 -14.562500 518689600.000000
4.312500 -43.500000 -14.812500 518789600.000000
