28.125000 -34.937500 -9.000000 79406976.000000
29.875000 -35.312500 -9.000000 79506976.000000
29.625000 -35.937500 -9.937500 79606976.000000
29.000000 -36.250000 -10.000000 79706976.000000
29.437500 -36.500000 -10.375000 79806976.000000
29.125000 -36.750000 -10.875000 79906976.000000
29.562500 -36.625000 -10.375000 80006976.000000
29.312500 -36.250000 -10.000000 80106976.000000
29.625000 -36.500000 -10.062500 80206976.000000
29.250000 -36.562500 -10.187500 80306976.000000
29.437500 -36.562500 -9.875000 80406976.000000
29.562500 -36.500000 -9.687500 80506976.000000
29.437500 -36.500000 -9.687500 80606976.000000
29.437500 -36.375000 -9.562500 80706976.000000
29.375000 -36.562500 -9.687500 80806976.000000
29.437500 -36.625000 -9.750000 80906976.000000
29.312500 -36.625000 -9.875000 81006976.000000
29.312500 -36.750000 -9.875000 81106976.000000
29.375000 -37.062500 -9.812500 81206976.000000
29.125000 -37.187500 -9.875000 81306976.000000
29.187500 -37.375000 -9.875000 81406976.000000
28.937500 -37.562500 -9.750000 81506976.000000
28.750000 -37.687500 -9.625000 81606976.000000
28.062500 -37.812500 -9.812500 81706976.000000
27.000000 -38.125000 -10.125000 81806976.000000
25.687500 -38.500000 -10.562500 81906976.000000
23.875000 -38.125000 -11.375000 82006976.000000
22.625000 -37.625000 -11.937500 82106976.000000
20.937500 -36.937500 -12.437500 82206976.000000
19.562500 -36.062500 -13.375000 82306976.000000
18.187500 -35.312500 -14.125000 82406976.000000
17.312500 -34.750000 -14.500000 82506976.000000
16.812500 -33.875000 -14.812500 82606976.000000
16.750000 -33.562500 -15.250000 82706976.000000
17.000000 -34.250000 -15.250000 82806976.000000
17.875000 -34.937500 -14.937500 82906976.000000
19.625000 -35.687500 -14.437500 83006976.000000
21.437500 -36.312500 -13.687500 83106976.000000
23.312500 -36.750000 -13.125000 83206976.000000
25.250000 -36.937500 -12.625000 83306976.000000
27.000000 -37.437500 -12.000000 83406976.000000
28.937500 -37.125000 -11.187500 83506976.000000
30.937500 -36.500000 -10.687500 83606976.000000
31.875000 -36.187500 -10.500000 83706976.000000
32.187500 -35.812500 -10.250000 83806976.000000
32.312500 -35.875000 -10.375000 83906976.000000
32.250000 -36.125000 -10.437500 84006976.000000
32.375000 -35.875000 -10.625000 84106976.000000
32.437500 -35.875000 -10.687500 84206976.000000
32.500000 -36.062500 -10.625000 84306976.000000
32.312500 -36.062500 -10.687500 84406976.000000
32.437500 -36.000000 -10.750000 84506976.000000
32.312500 -36.062500 -10.937500 84606976.000000
32.125000 -36.250000 -10.812500 84706976.000000
32.250000 -35.812500 -10.875000 84806976.000000
31.937500 -36.125000 -10.812500 84906976.000000
31.937500 -36.312500 -10.687500 85006976.000000
31.125000 -36.125000 -10.187500 85106976.000000
30.750000 -36.062500 -9.875000 85206976.000000
30.625000 -36.000000 -9.750000 85306976.000000
30.562500 -36.000000 -9.687500 85406976.000000
30.437500 -35.937500 -9.562500 85506976.000000
30.250000 -36.187500 -9.375000 85606976.000000
30.187500 -36.187500 -9.312500 85706976.000000
30.000000 -36.125000 -9.125000 85806976.000000
30.312500 -36.250000 -9.687500 85906976.000000
30.500000 -36.312500 -9.750000 86006976.000000
30.312500 -36.250000 -9.750000 86106976.000000
30.125000 -36.375000 -9.562500 86206976.000000
30.187500 -36.375000 -9.625000 86306976.000000
30.062500 -36.437500 -9.562500 86406976.000000
30.062500 -36.562500 -9.562500 86506976.000000
30.750000 -36.250000 -10.000000 86606976.000000
31.812500 -35.437500 -10.187500 86706976.000000
32.937500 -34.500000 -10.375000 86806976.000000
34.187500 -33.687500 -10.250000 86906976.000000
35.687500 -32.750000 -10.312500 87006976.000000
36.937500 -31.750000 -10.125000 87106976.000000
38.437500 -30.750000 -9.875000 87206976.000000
39.625000 -29.875000 -9.812500 87306976.000000
40.187500 -29.250000 -9.437500 87406976.000000
40.312500 -29.375000 -9.062500 87506976.000000
40.062500 -29.875000 -9.125000 87606976.000000
39.687500 -30.437500 -9.562500 87706976.000000
38.625000 -31.187500 -9.687500 87806976.000000
37.500000 -32.000000 -9.687500 87906976.000000
35.937500 -32.812500 -9.812500 88006976.000000
34.625000 -33.687500 -9.562500 88106976.000000
33.312500 -34.562500 -9.437500 88206976.000000
32.437500 -35.125000 -9.375000 88306976.000000
31.750000 -35.437500 -8.937500 88406976.000000
30.875000 -35.750000 -8.562500 88506976.000000
30.437500 -36.062500 -8.500000 88606976.000000
30.125000 -36.250000 -8.625000 88706976.000000
30.312500 -36.250000 -8.562500 88806976.000000
30.375000 -36.312500 -8.687500 88906976.000000
30.437500 -36.437500 -8.687500 89006976.000000
30.187500 -36.562500 -8.750000 89106976.000000
30.187500 -36.625000 -8.625000 89206976.000000
30.250000 -36.625000 -8.562500 89306976.000000
30.187500 -36.562500 -8.500000 89406976.000000
30.187500 -36.625000 -8.562500 89506976.000000
30.187500 -36.750000 -8.625000 89606976.000000
29.937500 -36.812500 -8.625000 89706976.000000
29.875000 -36.875000 -8.687500 89806976.000000
29.750000 -36.875000 -8.625000 89906976.000000
29.562500 -36.875000 -9.000000 90006976.000000
29.312500 -36.875000 -9.000000 90106976.000000
29.062500 -36.937500 -9.375000 90206976.000000
29.000000 -36.812500 -9.312500 90306976.000000
28.812500 -36.875000 -9.375000 90406976.000000
29.062500 -36.875000 -9.437500 90506976.000000
29.000000 -36.562500 -9.500000 90606976.000000
29.000000 -36.750000 -9.687500 90706976.000000
28.875000 -36.937500 -9.500000 90806976.000000
28.750000 -37.125000 -9.687500 90906976.000000
29.000000 -37.062500 -9.562500 91006976.000000
29.250000 -36.812500 -9.875000 91106976.000000
29.625000 -36.500000 -9.750000 91206976.000000
29.937500 -36.062500 -9.875000 91306976.000000
30.250000 -36.000000 -10.125000 91406976.000000
30.937500 -35.625000 -10.312500 91506976.000000
31.500000 -35.187500 -10.625000 91606976.000000
32.312500 -34.937500 -10.750000 91706976.000000
32.625000 -34.562500 -10.625000 91806976.000000
32.875000 -34.500000 -10.437500 91906976.000000
32.937500 -34.625000 -10.437500 92006976.000000
32.687500 -34.750000 -10.375000 92106976.000000
32.437500 -34.812500 -10.000000 92206976.000000
32.000000 -34.937500 -9.562500 92306976.000000
31.625000 -35.187500 -9.312500 92406976.000000
30.937500 -35.312500 -9.437500 92506976.000000
30.500000 -35.750000 -9.812500 92606976.000000
30.125000 -36.125000 -10.187500 92706976.000000
29.687500 -36.187500 -10.625000 92806976.000000
29.437500 -36.312500 -10.812500 92906976.000000
29.375000 -36.312500 -11.312500 93006976.000000
29.062500 -36.437500 -11.750000 93106976.000000
29.125000 -36.562500 -12.000000 93206976.000000
29.125000 -36.562500 -11.875000 93306976.000000
29.000000 -36.500000 -11.562500 93406976.000000
29.187500 -36.500000 -11.250000 93506976.000000
29.187500 -36.750000 -10.750000 93606976.000000
29.125000 -36.750000 -10.500000 93706976.000000
28.937500 -36.875000 -10.250000 93806976.000000
28.937500 -36.937500 -10.000000 93906976.000000
28.812500 -36.875000 -9.875000 94006976.000000
28.562500 -37.062500 -9.812500 94106976.000000
28.500000 -37.125000 -9.562500 94206976.000000
28.125000 -37.312500 -9.625000 94306976.000000
28.000000 -37.062500 -9.687500 94406976.000000
28.062500 -37.250000 -9.625000 94506976.000000
28.000000 -37.437500 -9.375000 94606976.000000
28.000000 -37.500000 -9.312500 94706976.000000
28.000000 -37.625000 -9.000000 94806976.000000
28.125000 -37.750000 -8.812500 94906976.000000
28.187500 -37.750000 -9.000000 95006976.000000
28.250000 -37.562500 -8.937500 95106976.000000
28.312500 -37.625000 -8.875000 95206976.000000
28.062500 -37.500000 -9.000000 95306976.000000
28.312500 -37.500000 -9.187500 95406976.000000
28.250000 -37.500000 -9.312500 95506976.000000
28.125000 -37.687500 -9.625000 95606976.000000
28.312500 -37.437500 -9.687500 95706976.000000
28.250000 -37.375000 -9.875000 95806976.000000
28.312500 -37.500000 -9.875000 95906976.000000
28.312500 -37.625000 -9.937500 96006976.000000
28.500000 -37.687500 -10.062500 96106976.000000
28.500000 -37.625000 -10.250000 96206976.000000
28.625000 -37.500000 -10.250000 96306976.000000
28.812500 -37.250000 -10.312500 96506976.000000
