10.081238 -0.147100 1.725971 12870624859
10.100850 -0.088260 1.814230 12870649904
10.130271 -0.019613 1.804424 12870674894
10.110658 0.098067 1.863264 12870699895
10.208724 0.156906 1.951524 12870724858
10.287177 0.284393 1.980944 12870749887
10.326404 0.402073 2.059397 12870774871
10.218531 0.862985 1.980944 12870799903
10.130271 1.186605 1.804424 12870824858
10.091044 1.461191 1.588677 12870849895
10.022397 1.647517 1.412158 12870874893
9.355545 2.284950 1.510224 12870899901
9.051538 2.785089 1.520031 12870924858
8.914246 3.196968 1.421964 12870949883
8.610240 3.550008 1.412158 12870974898
8.080681 4.569900 1.441578 12870999891
7.943388 5.197526 1.608291 12871024824
7.757061 5.785924 1.637711 12871049895
7.404021 6.295870 1.716164 12871074893
6.756783 7.100015 1.990750 12871099890
6.315483 7.364795 1.971137 12871124855
5.648631 7.708028 1.941717 12871149902
5.030812 8.070874 1.971137 12871174894
4.059954 8.482754 1.539644 12871199882
3.559814 8.757339 1.353318 12871224854
3.285228 9.012313 0.961052 12871249894
2.510503 9.541871 1.421964 12871274891
2.333983 9.581099 0.882599 12871299901
2.275143 9.718391 0.362846 12871324854
2.049590 9.894911 0.804145 12871349899
1.696550 9.973364 1.784810 12871374906
1.137571 10.042011 1.274865 12871399900
0.725692 10.032204 1.078732 12871424849
0.676659 10.120463 1.500418 12871449898
0.196133 10.120463 1.137571 12871474881
-0.156906 10.042011 1.216025 12871499900
-0.637432 10.120463 1.274865 12871524865
-0.843372 10.071430 1.323898 12871549900
-0.970859 9.963558 1.294478 12871574896
-0.774725 9.904717 1.490611 12871599893
-0.647239 9.904717 1.421964 12871624868
-0.823759 9.943945 1.372931 12871649893
-0.823759 9.875298 1.873070 12871674906
-0.853179 9.914525 1.804424 12871699898
-0.696272 9.885104 1.725971 12871724869
