-5.220000 -0.900000 3.060000 12870640166
-4.920000 -0.480000 2.880000 12870665165
-5.160000 -0.600000 3.240000 12870690175
-5.580000 -0.780000 3.060000 12870715170
-5.340000 -1.020000 2.940000 12870740173
-5.160000 -0.840000 3.120000 12870765181
-5.460000 -1.020000 2.940000 12870790181
-5.700000 -1.140000 2.820000 12870815176
-5.820000 -1.380000 2.820000 12870840179
-6.240000 -1.800000 2.760000 12870865179
-6.000000 -1.920000 2.640000 12870890169
-6.360000 -2.280000 3.000000 12870915161
-6.660000 -2.700000 2.940000 12870940172
-6.780000 -2.940000 2.700000 12870965701
-7.080000 -3.480000 2.760000 12870990154
-7.020000 -3.900000 2.700000 12871015164
-6.840000 -4.080000 2.520000 12871040181
-7.080000 -4.560000 2.760000 12871065170
-7.260000 -4.860000 3.180000 12871090163
-7.140000 -5.580000 2.940000 12871115170
-7.140000 -6.300000 2.940000 12871140171
-6.840000 -6.360000 2.880000 12871165161
-6.840000 -6.960000 3.240000 12871190164
-6.960000 -7.320000 2.640000 12871215165
-6.360000 -7.560000 3.000000 12871240164
-6.660000 -7.980000 2.700000 12871265164
-6.420000 -7.980000 2.580000 12871290166
-6.360000 -8.040000 2.880000 12871315176
-6.240000 -8.400000 3.000000 12871340174
-5.700000 -8.940000 2.820000 12871365158
-5.640000 -9.120000 3.360000 12871390167
-5.880000 -8.880000 3.120000 12871415171
-5.340000 -9.300000 2.940000 12871440163
-5.220000 -9.059999 3.060000 12871465169
-5.220000 -9.660000 3.300000 12871490177
-5.520000 -9.360000 3.480000 12871515168
-5.100000 -9.300000 3.180000 12871540169
-4.920000 -9.480000 3.360000 12871565188
-4.680000 -9.480000 3.360000 12871590182
-4.980000 -9.900000 3.180000 12871615174
-5.040000 -9.480000 3.600000 12871640176
-5.280000 -9.240000 3.480000 12871665173
-5.040000 -9.599999 3.120000 12871690176
-5.040000 -9.480000 3.120000 12871715173
-5.160000 -9.360000 3.480000 12871740171
