5.635000 -3.605000 -2.327500 21346301499
4.550000 -3.920000 -2.012500 21346326480
5.372500 -4.042500 -2.257500 21346351715
7.035000 -3.640000 -1.715000 21346376631
6.527500 -4.462500 -2.012500 21346402018
5.617500 -4.585000 -2.555000 21346426556
4.812500 -5.687500 -2.170000 21346451494
4.987500 -1.680000 -1.295000 21346476596
4.515000 -1.627500 -0.997500 21346501399
5.092500 -2.275000 -0.752500 21346526484
4.497500 -3.465000 -2.957500 21346551528
4.007500 -4.970000 -2.747500 21346576484
3.920000 -6.230000 -1.242500 21346601486
4.235000 -6.842500 -0.227500 21346626485
3.220000 -12.617500 1.102500 21346651524
5.075000 -11.637500 3.080000 21346676455
2.765000 -4.865000 4.077500 21346701684
1.295000 -1.295000 3.815000 21346726494
1.890000 -2.695000 2.275000 21346751548
5.442500 -2.992500 2.520000 21346776480
6.667500 -1.365000 3.482500 21346801381
7.612500 -1.540000 4.830000 21346826507
9.765000 -2.275000 4.077500 21346851529
10.377500 -2.432500 3.307500 21346876484
12.005000 -3.447500 2.642500 21346901528
13.317500 -5.197500 2.660000 21346926479
15.907500 -6.615000 4.287500 21346951530
20.650000 -8.015000 6.510000 21346976485
21.665001 -8.400000 8.907500 21347001536
22.680000 -14.315001 15.312500 21347026489
30.012501 -13.580000 16.782499 21347051521
46.252499 -14.612500 19.110001 21347076482
65.817497 -26.635000 20.737499 21347101528
67.392502 -37.992500 25.777500 21347126484
64.032501 -36.224998 39.532501 21347151527
56.857502 -26.530001 42.087502 21347176484
51.362499 -22.190001 41.037498 21347201531
51.467499 -26.844999 45.360001 21347226489
55.685001 -27.965000 47.145000 21347251532
62.965000 -59.430000 44.852501 21347276486
70.052498 -115.745003 25.287500 21347301535
81.882500 -117.425003 17.360001 21347326477
92.120003 -84.717499 26.932501 21347351522
113.154999 -55.737499 39.742500 21347376489
110.635002 -46.917500 48.667500 21347401532
99.697502 -53.287498 58.310001 21347426486
98.769997 -56.525002 66.237503 21347451520
100.730003 -61.459999 74.462502 21347476481
95.445000 -67.917503 95.987503 21347501535
86.887497 -45.535000 113.540001 21347526482
83.702499 -10.797500 130.882507 21347551527
25.497499 2.992500 115.377502 21347576478
0.367500 -14.262500 91.612503 21347601528
-19.792500 -15.085000 61.740002 21347626480
-6.895000 -19.460001 75.442497 21347651528
-11.252500 -63.472500 85.172501 21347676504
-2.117500 -105.402504 80.657501 21347701537
43.924999 -90.212502 73.570000 21347726530
67.322502 -44.205002 63.647499 21347751533
68.635002 -29.400000 55.334999 21347776533
67.724998 -25.497499 51.834999 21347801535
64.697502 -13.895000 50.855000 21347826524
50.855000 -7.700000 52.237499 21347851531
39.410000 -0.017500 56.787498 21347876526
27.387501 -3.552500 67.305000 21347901537
13.247500 -17.902500 72.397499 21347926527
16.309999 -39.987499 77.840004 21347951528
25.655001 -63.752499 77.192497 21347976530
44.310001 -75.320000 70.875000 21348001558
45.920002 -87.815002 66.500000 21348026531
39.060001 -77.472504 66.675003 21348051530
21.385000 -66.324997 60.567501 21348076531
6.965000 -85.925003 42.665001 21348101535
9.747500 -87.972504 40.232502 21348126532
7.630000 -82.022499 45.237499 21348151524
1.050000 -75.180000 55.230000 21348176529
1.225000 -87.114998 66.114998 21348201549
1.487500 -100.275002 70.087502 21348226530
9.257500 -97.440002 59.622501 21348251520
18.532499 -85.820000 44.590000 21348276512
21.437500 -72.625000 29.960001 21348301528
19.092501 -74.654999 22.960001 21348326510
3.202500 -68.389999 17.080000 21348351518
-29.469999 -128.817505 -40.494999 21348376624
-13.195000 -82.739998 -18.007500 21348401541
-27.422501 -6.650000 20.930000 21348426513
-36.365002 -16.450001 7.647500 21348451520
-29.365000 -33.722500 12.670000 21348476516
-24.062500 -33.512501 33.040001 21348501518
-25.514999 -0.192500 42.507500 21348526512
-31.482500 46.130001 50.295002 21348551516
-56.805000 59.797501 46.497501 21348576516
-71.050003 39.882500 66.010002 21348601508
-56.910000 18.200001 77.682503 21348626548
-46.147499 47.529999 64.750000 21348651520
-44.170002 86.292503 51.134998 21348676530
-51.064999 78.889999 48.264999 21348701524
-47.652500 42.279999 49.052502 21348726543
-33.040001 4.340000 46.427502 21348751463
-11.515000 -27.230000 49.717499 21348776543
-4.427500 -36.924999 48.247501 21348801527
-2.170000 -32.357502 31.500000 21348826527
7.560000 -22.102501 10.570000 21348851521
17.430000 -10.360000 5.740000 21348876577
7.945000 -29.750000 0.542500 21348901518
-2.695000 -30.940001 2.327500 21348926505
-7.647500 -13.895000 2.450000 21348951520
-7.717500 2.135000 4.655000 21348976539
1.050000 4.655000 12.897500 21349001612
4.567500 12.775000 13.807500 21349026448
2.555000 19.424999 9.222500 21349051542
0.332500 30.747499 7.647500 21349076612
21.245001 14.805000 2.135000 21349101577
11.042500 18.059999 10.202500 21349126619
8.067500 2.100000 17.447500 21349151582
17.710001 -17.657499 17.639999 21349176581
42.070000 -26.407499 12.267500 21349201431
48.580002 -29.487499 10.307500 21349230918
31.832500 -11.847500 4.830000 21349251601
18.900000 -5.232500 1.575000 21349280281
10.202500 -9.730000 2.380000 21349301553
4.340000 -26.022501 -0.875000 21349326086
-2.625000 -22.347500 1.592500 21349351076
-9.030000 -21.035000 0.595000 21349386325
-23.537500 -18.322500 1.732500 21349401073
-18.410000 -14.000000 1.050000 21349426068
-6.685000 -7.192500 6.860000 21349451147
-5.950000 -14.927500 8.697500 21349476071
-9.117500 -13.982500 6.142500 21349501075
-9.940000 1.855000 0.787500 21349526087
-11.042500 4.445000 -10.132500 21349551066
-7.840000 -4.042500 -20.737499 21349576072
-4.077500 -4.532500 -30.975000 21349601070
-2.030000 -6.982500 -22.049999 21349626073
-18.514999 3.097500 -15.575000 21349651075
-17.132500 7.262500 -19.547501 21349676073
-20.807501 12.547500 -20.335001 21349701021
-30.870001 4.742500 -11.585000 21349726087
-43.259998 10.237500 1.207500 21349751075
-46.112499 10.675000 13.212500 21349776057
-43.259998 -12.512500 28.962500 21349801088
-33.285000 -22.417500 41.877499 21349826162
-31.622499 -25.917500 33.442501 21349851081
-30.817501 -64.540001 15.400000 21349876018
-27.580000 -79.379997 1.155000 21349901029
-11.077500 -39.584999 10.850000 21349926072
-13.317500 -13.300000 25.165001 21349951072
-17.219999 -45.220001 27.440001 21349976070
-15.260000 -1.155000 34.369999 21350001022
-47.967499 16.012501 27.422501 21350026083
-42.052502 203.892502 71.330002 21350051062
-11.287500 117.617500 53.217499 21350080290
-48.667500 35.665001 14.210000 21350101057
-48.772499 -22.837500 -11.235000 21350126071
-22.400000 11.165000 -4.235000 21350151057
-11.445000 -10.377500 1.207500 21350176055
2.467500 -46.900002 35.647499 21350201055
-2.852500 17.377501 79.764999 21350226212
-12.897500 12.652500 89.967499 21350251188
-35.437500 131.740005 90.387497 21350276188
-20.790001 121.712502 82.635002 21350301189
-48.597500 2.852500 10.097500 21350326569
-50.627499 -9.345000 -18.445000 21350364689
-57.487499 14.980000 -6.090000 21350378335
-51.152500 -34.825001 -15.872500 21350414745
-27.684999 -31.570000 -12.670000 21350426592
-27.982500 -19.355000 9.380000 21350451549
-7.402500 -24.167500 -6.265000 21350483274
11.515000 -24.745001 -1.120000 21350501616
21.542500 -30.782499 -11.952500 21350526085
10.150000 -23.152500 -11.165000 21350551072
-0.227500 -11.112500 -4.900000 21350576059
-1.295000 -3.780000 0.490000 21350601072
4.567500 -2.922500 0.525000 21350626073
4.585000 -3.902500 -0.157500 21350651025
1.925000 -3.097500 0.017500 21350676071
1.680000 4.760000 -2.222500 21350701078
3.482500 50.067501 10.797500 21350726065
-24.622499 41.212502 20.264999 21350751078
-33.599998 15.417500 19.407499 21350776071
-40.897499 -40.407501 14.227500 21350801073
-40.932499 -37.292500 23.432501 21350826070
-64.277504 -40.110001 25.410000 21350851072
-95.567497 -15.295000 56.455002 21350876072
-68.687500 -17.500000 36.277500 21350901075
-46.917500 39.602501 45.955002 21350926072
-31.272501 49.630001 68.215004 21350951076
-13.772500 30.450001 66.972504 21350976072
-22.155001 8.505000 69.002502 21351001076
-10.710000 -13.860000 2.467500 21351035175
-4.287500 -17.395000 -7.490000 21351051077
-0.070000 -12.285000 -2.905000 21351076054
5.617500 -8.382500 1.802500 21351101054
6.037500 -5.582500 5.635000 21351126108
4.410000 -9.852500 3.255000 21351151065
0.507500 -17.780001 -2.362500 21351176110
5.197500 -24.605000 -3.640000 21351201124
0.175000 -23.905001 -7.892500 21351226151
-2.082500 -24.500000 -9.765000 21351251150
-2.432500 -25.532499 -10.220000 21351276148
