3.720000 8.639999 -0.720000 21346287775
3.660000 8.460000 -0.780000 21346312821
3.600000 8.520000 -0.720000 21346337823
3.720000 8.280000 -0.840000 21346362825
3.300000 8.580000 -0.660000 21346387776
3.540000 8.580000 -0.660000 21346412786
3.720000 8.520000 -0.600000 21346437785
3.660000 8.940000 -0.780000 21346462822
3.720000 8.639999 -0.840000 21346487773
3.660000 8.700000 -0.900000 21346513473
3.540000 8.580000 -0.420000 21346537836
3.480000 8.639999 -0.480000 21346562777
3.420000 8.700000 -0.420000 21346587815
3.420000 8.220000 -0.660000 21346612774
3.420000 8.460000 -0.780000 21346637774
3.420000 8.700000 -0.540000 21346662816
3.360000 8.760000 -0.720000 21346687775
3.600000 8.639999 -0.840000 21346712772
3.600000 8.400000 -0.480000 21346737779
3.540000 8.340000 -0.780000 21346762808
3.480000 8.760000 -0.720000 21346787779
3.540000 8.340000 -0.420000 21346812783
3.360000 8.520000 -0.720000 21346837787
3.780000 8.220000 -0.420000 21346862780
3.480000 8.760000 -0.720000 21346887782
3.600000 8.760000 -0.960000 21346912778
3.420000 8.460000 -0.780000 21346937782
3.300000 8.340000 -0.660000 21346962825
3.480000 8.280000 -0.480000 21346987885
3.720000 8.400000 -0.720000 21347012830
3.720000 8.400000 -0.480000 21347037804
3.540000 7.980000 -1.140000 21347062779
3.660000 8.099999 -0.900000 21347087782
3.660000 7.860000 -0.780000 21347112782
3.420000 7.380000 -1.020000 21347137778
3.480000 7.200000 -0.840000 21347162821
3.240000 7.080000 -1.200000 21347187776
3.180000 7.140000 -0.900000 21347212832
3.300000 6.900000 -1.260000 21347237790
3.120000 6.840000 -1.200000 21347262777
3.000000 6.840000 -1.080000 21347287782
2.820000 6.060000 -1.020000 21347312796
2.400000 5.880000 -0.960000 21347337777
1.800000 5.880000 -1.080000 21347362775
2.100000 5.580000 -0.780000 21347387780
1.620000 5.340000 -0.900000 21347412830
1.380000 5.100000 -0.660000 21347437778
1.440000 4.680000 -0.840000 21347462779
1.080000 4.920000 -0.360000 21347487773
1.080000 4.560000 -0.240000 21347512780
0.600000 4.440000 -0.120000 21347537782
0.720000 4.200000 -0.600000 21347562783
0.480000 4.800000 -0.360000 21347587785
0.480000 4.920000 -0.480000 21347612823
0.240000 4.800000 -0.360000 21347637791
0.420000 5.340000 -0.300000 21347662782
0.420000 5.040000 -0.240000 21347687777
-0.120000 5.280000 -0.120000 21347712759
-0.180000 4.980000 0.060000 21347737787
-0.300000 5.100000 -0.060000 21347762795
-0.360000 4.680000 0.120000 21347787790
-0.900000 4.860000 0.060000 21347812788
-0.480000 4.680000 0.360000 21347837770
-0.780000 4.740000 0.300000 21347862788
-1.020000 4.860000 0.180000 21347887786
-0.660000 4.980000 -0.060000 21347912803
-0.720000 5.520000 0.360000 21347937787
-1.320000 5.400000 0.240000 21347962791
-1.140000 5.220000 0.540000 21347987892
-1.560000 5.040000 0.600000 21348012789
-1.620000 5.460000 0.900000 21348037826
-1.680000 5.520000 0.960000 21348062779
-2.220000 5.820000 1.020000 21348087782
-2.160000 5.640000 1.320000 21348112786
-2.160000 5.760000 1.440000 21348137779
-2.160000 5.880000 1.560000 21348162785
-2.460000 6.060000 1.740000 21348187806
-2.940000 6.540000 2.220000 21348212792
-2.880000 6.360000 2.280000 21348237819
-2.880000 6.600000 2.520000 21348262782
-3.180000 6.420000 2.820000 21348287783
-3.060000 6.780000 3.060000 21348312791
-3.000000 6.840000 3.120000 21348337784
-3.300000 6.900000 3.180000 21348362790
-3.420000 6.780000 3.540000 21348388184
-3.360000 6.600000 3.480000 21348412821
-3.240000 7.080000 3.480000 21348437793
-3.540000 6.900000 3.900000 21348462813
-3.360000 6.600000 4.080000 21348487783
-3.420000 6.900000 4.260000 21348512788
-3.240000 7.200000 4.200000 21348537780
-3.060000 7.500000 3.540000 21348562822
-3.120000 7.560000 3.960000 21348587787
-3.420000 7.260000 3.660000 21348612785
-3.000000 8.040000 3.480000 21348637822
-2.820000 7.860000 3.420000 21348662958
-2.640000 8.280000 3.240000 21348687947
-2.820000 8.460000 3.060000 21348712934
-2.460000 8.820000 3.180000 21348737972
-2.640000 8.880000 3.000000 21348762998
-2.280000 9.120000 3.120000 21348787951
-2.220000 8.820000 3.060000 21348812952
-2.160000 9.120000 3.240000 21348837952
-2.220000 9.179999 3.300000 21348862959
-2.640000 9.000000 3.480000 21348891267
-2.580000 9.300000 3.420000 21348930446
-2.640000 9.360000 3.360000 21348942949
-2.160000 9.000000 3.360000 21348962791
-2.400000 9.360000 3.360000 21348995851
-2.400000 9.240000 3.480000 21349016819
-2.580000 9.179999 3.300000 21349038689
-2.460000 9.420000 3.060000 21349068475
-2.340000 9.059999 3.060000 21349091093
-2.100000 8.940000 3.180000 21349121632
-2.220000 9.179999 3.180000 21349141781
-2.100000 9.179999 2.700000 21349165099
-2.160000 9.360000 3.000000 21349190429
-2.220000 9.300000 2.820000 21349213657
-2.040000 9.240000 2.880000 21349242017
-2.100000 9.300000 2.940000 21349269830
-2.340000 9.300000 2.940000 21349289550
-2.400000 9.240000 2.880000 21349313292
-2.400000 9.480000 3.000000 21349341001
-2.160000 9.960000 3.000000 21349362082
-2.040000 9.599999 3.120000 21349397052
-2.160000 9.480000 3.240000 21349412988
-2.220000 9.660000 3.180000 21349436700
-2.220000 9.780000 3.420000 21349467671
-2.340000 9.660000 3.180000 21349494211
-2.160000 9.719999 3.120000 21349515937
-2.220000 9.780000 3.060000 21349538176
-2.400000 9.719999 3.120000 21349564454
-2.040000 9.719999 3.120000 21349591257
-2.280000 9.360000 3.480000 21349617507
-2.340000 9.540000 3.420000 21349636666
-1.980000 9.780000 3.420000 21349665880
-2.400000 9.360000 3.360000 21349688188
-2.400000 9.360000 3.240000 21349711945
-2.460000 9.420000 3.420000 21349740951
-2.400000 9.599999 3.480000 21349763144
-2.400000 9.360000 3.480000 21349786640
-2.460000 9.780000 3.420000 21349817055
-2.160000 10.320000 3.600000 21349839538
-2.160000 10.200000 3.600000 21349865782
-2.160000 10.200000 3.960000 21349887087
-2.400000 10.440000 4.080000 21349912188
-2.280000 9.719999 4.200000 21349936671
-2.340000 10.260000 4.260000 21349965874
-2.040000 10.440000 4.560000 21349988189
-2.280000 10.320000 4.680000 21350011976
-1.800000 10.440000 4.320000 21350040929
-1.800000 10.440000 3.840000 21350061597
-1.500000 10.620000 3.540000 21350087514
-1.620000 10.740000 4.140000 21350111651
-1.680000 10.679999 4.200000 21350136669
-1.560000 10.559999 4.080000 21350161578
-1.620000 10.620000 3.900000 21350186616
-1.620000 10.740000 4.020000 21350213802
-1.440000 10.920000 4.080000 21350237071
-1.380000 11.099999 4.020000 21350261946
-1.140000 10.980000 3.420000 21350286997
-0.720000 11.400000 3.600000 21350314748
-0.780000 11.219999 3.660000 21350337830
-0.660000 11.340000 3.660000 21350363249
-0.660000 11.099999 4.140000 21350389332
-0.600000 11.280000 3.960000 21350413165
-0.960000 11.160000 4.440000 21350440933
-0.780000 11.099999 4.140000 21350462809
-0.900000 11.340000 4.020000 21350490563
-0.900000 11.340000 4.140000 21350516264
-0.900000 11.340000 4.140000 21350541550
-1.140000 11.820000 4.260000 21350567435
-1.080000 11.520000 4.440000 21350586594
-1.140000 11.580000 4.380000 21350615942
-0.480000 11.160000 4.320000 21350638184
-0.900000 11.460000 4.140000 21350661937
-0.960000 11.520000 4.440000 21350690925
-0.960000 11.400000 4.200000 21350713200
-1.080000 11.520000 4.200000 21350736605
-0.960000 11.520000 3.960000 21350766908
-0.600000 11.639999 4.440000 21350789373
-0.840000 11.520000 4.320000 21350814527
-1.080000 11.639999 4.560000 21350841939
-0.840000 11.400000 5.160000 21350864304
-0.600000 11.759999 4.920000 21350889471
-0.180000 11.700000 5.340000 21350916970
-0.120000 11.759999 5.280000 21350939327
0.120000 12.000000 4.920000 21350964436
-0.120000 11.880000 5.160000 21350991943
0.300000 11.940000 4.980000 21351013091
0.060000 11.940000 5.460000 21351045891
0.480000 11.880000 5.160000 21351062312
0.180000 11.940000 5.340000 21351086580
0.060000 12.300000 5.340000 21351112667
0.180000 11.940000 4.740000 21351136729
0.300000 11.820000 5.100000 21351162101
0.420000 11.940000 5.100000 21351186744
0.240000 12.000000 5.040000 21351217008
0.240000 12.000000 5.280000 21351236843
0.360000 11.759999 5.280000 21351261850
