0.000000 21346274569
0.000000 21346299574
0.000000 21346324562
0.000000 21346349572
0.000000 21346374567
0.000000 21346399565
0.000000 21346424553
0.000000 21346449579
0.000000 21346474545
0.000000 21346499575
0.000000 21346524548
0.000000 21346549570
0.000000 21346574554
0.000000 21346599573
0.000000 21346624549
0.000000 21346649572
0.000000 21346674557
0.000000 21346699576
0.000000 21346724555
0.000000 21346749568
0.000000 21346774559
0.000000 21346799574
0.000000 21346824556
0.000000 21346849571
0.000000 21346874553
0.000000 21346899568
0.000000 21346924554
0.000000 21346949566
0.000000 21346974555
0.000000 21346999572
0.000000 21347024532
0.000000 21347049568
0.000000 21347074555
0.000000 21347099553
0.000000 21347124595
0.000000 21347149561
0.000000 21347174559
0.000000 21347199559
0.000000 21347224533
0.000000 21347249564
0.000000 21347274558
0.000000 21347299567
0.000000 21347324558
0.000000 21347349568
0.000000 21347374552
0.000000 21347399565
0.000000 21347424551
0.000000 21347449551
0.000000 21347474568
0.000000 21347499570
0.000000 21347524566
0.000000 21347549564
0.000000 21347574547
0.000000 21347599573
0.000000 21347624564
0.000000 21347649573
0.000000 21347674606
0.000000 21347699569
0.000000 21347724563
0.000000 21347749563
0.000000 21347774567
0.000000 21347799564
0.000000 21347824560
0.000000 21347849566
0.000000 21347874562
0.000000 21347899556
0.000000 21347924570
0.000000 21347949554
0.000000 21347974562
0.000000 21347999556
0.000000 21348024536
0.000000 21348049551
0.000000 21348074535
0.000000 21348099553
0.000000 21348124561
0.000000 21348149570
0.000000 21348174551
0.000000 21348199566
5.000000 21348224575
5.000000 21348249574
5.000000 21348274564
5.000000 21348299555
5.000000 21348324559
5.000000 21348349559
5.000000 21348374550
5.000000 21348399593
5.000000 21348424566
5.000000 21348449580
5.000000 21348474544
5.000000 21348499559
5.000000 21348524556
5.000000 21348549562
5.000000 21348574538
5.000000 21348599557
5.000000 21348624537
5.000000 21348649577
5.000000 21348674559
5.000000 21348699564
5.000000 21348724561
5.000000 21348749576
5.000000 21348774545
5.000000 21348799566
5.000000 21348824564
5.000000 21348849571
5.000000 21348874547
5.000000 21348899553
5.000000 21348924518
5.000000 21348949562
5.000000 21348974545
5.000000 21348999535
5.000000 21349024527
5.000000 21349049545
5.000000 21349074559
5.000000 21349099573
5.000000 21349124925
5.000000 21349149558
5.000000 21349174566
5.000000 21349199548
5.000000 21349229981
5.000000 21349249550
5.000000 21349274538
5.000000 21349299521
5.000000 21349324210
5.000000 21349349208
5.000000 21349374224
5.000000 21349399210
5.000000 21349424223
5.000000 21349449215
5.000000 21349474197
5.000000 21349499205
5.000000 21349524208
5.000000 21349549208
5.000000 21349574205
5.000000 21349599212
5.000000 21349624222
5.000000 21349649211
5.000000 21349674206
5.000000 21349699200
5.000000 21349724208
5.000000 21349749207
5.000000 21349774222
5.000000 21349799206
5.000000 21349825358
5.000000 21349849218
5.000000 21349874206
5.000000 21349899210
5.000000 21349924224
5.000000 21349949209
5.000000 21349974207
5.000000 21349999197
5.000000 21350024208
5.000000 21350049214
5.000000 21350074208
5.000000 21350099228
5.000000 21350124228
5.000000 21350149227
5.000000 21350174220
5.000000 21350199225
5.000000 21350224318
5.000000 21350249322
5.000000 21350274317
5.000000 21350299321
5.000000 21350324560
5.000000 21350349569
5.000000 21350374563
5.000000 21350399563
5.000000 21350424565
5.000000 21350449567
5.000000 21350474569
5.000000 21350499559
5.000000 21350524205
5.000000 21350549207
5.000000 21350574220
5.000000 21350599206
5.000000 21350624209
5.000000 21350649200
5.000000 21350674208
5.000000 21350699213
5.000000 21350724227
5.000000 21350749215
5.000000 21350774206
5.000000 21350799209
5.000000 21350824205
5.000000 21350849208
5.000000 21350874205
5.000000 21350899207
5.000000 21350924210
5.000000 21350949210
5.000000 21350974207
5.000000 21350999207
5.000000 21351024224
5.000000 21351049204
5.000000 21351074224
5.000000 21351099224
5.000000 21351124266
5.000000 21351149244
5.000000 21351174265
5.000000 21351199246
5.000000 21351224288
5.000000 21351249288
