0.147100 0.039227 -10.767703 27303553691
0.058840 0.068647 -10.757896 27303578705
0.029420 0.068647 -10.669637 27303603683
0.029420 0.147100 -10.640217 27303628690
0.225553 0.107873 -10.640217 27303653690
0.235360 0.166713 -10.385243 27303678687
0.088260 0.313813 -10.414664 27303703689
-0.127486 0.294200 -10.473503 27303728684
-0.166713 0.274586 -10.669637 27303753688
-0.039227 0.156906 -10.777510 27303778685
0.058840 0.127486 -11.032482 27303803682
0.205940 0.166713 -10.855963 27303828689
0.176520 0.264780 -10.610797 27303853687
-0.029420 0.235360 -10.346016 27303878683
-0.068647 0.539366 -10.463697 27303903679
-0.068647 0.480526 -10.571569 27303928689
-0.019613 0.431493 -10.483310 27303953688
0.049033 0.392266 -10.600989 27303978687
0.009807 0.460913 -10.689250 27304003678
-0.058840 0.392266 -10.708863 27304028680
0.078453 0.402073 -10.787316 27304053689
0.137293 0.451106 -11.012870 27304078688
0.117680 0.490333 -10.914803 27304103676
-0.009807 0.490333 -10.659830 27304128682
0.098067 0.647239 -10.355824 27304153684
0.274586 1.000278 -10.738283 27304178688
0.156906 1.137571 -10.914803 27304203676
0.098067 1.186605 -10.748089 27304228683
-0.176520 1.166991 -10.630409 27304253759
-0.117680 1.265058 -10.414664 27304278645
-0.068647 1.372931 -10.444084 27304303643
-0.156906 1.598484 -10.620603 27304328689
-0.205940 1.882877 -10.659830 27304353689
-0.235360 2.098624 -10.414664 27304378689
-0.294200 2.167270 -10.326404 27304403676
-0.333426 2.245723 -10.385243 27304428689
-0.372653 2.373209 -10.571569 27304453688
-0.431493 2.667409 -10.247950 27304478696
-0.343233 2.667409 -10.159691 27304503679
-0.451106 2.687022 -10.002784 27304528688
-0.608012 2.785089 -9.904717 27304553690
-0.627626 2.961608 -9.885104 27304578694
-0.627626 3.098902 -10.120463 27304603678
-0.657046 3.304842 -10.296983 27304628687
-0.686466 3.275421 -10.159691 27304653689
-0.725692 3.412714 -10.042011 27304678696
-0.735499 3.648074 -9.983171 27304703678
-0.764919 3.804981 -9.983171 27304728687
-0.853179 3.991307 -9.679165 27304753689
-0.862985 4.079567 -9.738005 27304778689
-0.853179 4.099180 -9.581099 27304803683
-0.980665 4.256087 -9.208446 27304828690
-1.137571 4.354153 -9.424192 27304853690
-1.157185 4.354153 -9.384965 27304878687
-1.196411 4.569900 -9.502645 27304903679
-1.333705 4.697386 -9.502645 27304928688
-1.382738 4.913132 -9.149606 27304953687
-1.461191 4.981779 -9.228059 27304978689
-1.470998 5.138685 -9.120186 27305003682
-1.363124 5.177912 -8.924053 27305028685
-1.402351 5.246559 -8.943666 27305053695
-1.520031 5.432885 -8.973086 27305078691
-1.578871 5.579985 -8.747533 27305103686
-1.608291 5.579985 -8.669080 27305128686
-1.529838 5.785924 -8.531787 27305153688
-1.578871 5.893797 -8.472947 27305178686
-1.647517 5.982057 -8.463140 27305203677
-1.755391 5.982057 -8.384687 27305228686
-1.421964 6.011477 -7.992421 27305253676
-1.451384 6.158577 -7.992421 27305278687
-1.608291 6.325290 -8.021841 27305303682
-1.667131 6.374323 -8.070874 27305328692
-1.686744 6.462583 -8.149327 27305353685
-1.598484 6.531229 -8.021841 27305378687
-1.608291 6.619490 -7.776674 27305403680
-1.755391 6.756783 -7.766868 27305428686
-1.716164 6.786202 -7.688415 27305453684
-1.794617 6.815622 -7.668801 27305478687
-1.696550 7.021562 -7.354988 27305503677
-1.706357 7.168662 -7.031369 27305528689
-1.784810 7.188275 -7.109822 27305553693
-1.706357 7.315762 -7.001948 27305578691
-1.765197 7.335375 -7.011755 27305603660
-1.873070 7.413828 -6.796009 27305628689
-1.833844 7.453054 -6.658716 27305653691
-1.843650 7.492281 -6.619490 27305678687
-1.902490 7.609962 -6.727362 27305703655
-1.941717 7.874741 -6.413549 27305728684
-1.882877 7.835515 -6.364516 27305753686
-1.833844 7.815901 -6.237030 27305778687
-1.912297 7.874741 -6.129157 27305803682
-1.941717 8.031648 -6.217417 27305828689
-1.882877 8.051261 -6.021284 27305853689
-1.902490 8.129714 -6.070317 27305878688
-1.843650 8.168941 -5.903604 27305903678
-1.902490 8.296427 -5.521145 27305928688
-1.922104 8.433721 -5.413271 27305953685
-1.902490 8.482754 -5.383852 27305978690
-1.892684 8.433721 -5.374044 27306003680
-1.794617 8.541594 -5.177912 27306028687
-1.735777 8.541594 -4.942552 27306053691
-1.765197 8.580820 -4.952359 27306078694
-1.794617 8.855406 -4.726806 27306103678
-1.892684 8.865212 -4.766033 27306128690
-1.824037 8.943666 -4.795453 27306153687
-1.647517 8.816179 -4.550286 27306178684
-1.775004 9.031926 -4.334540 27306203677
-1.784810 9.129992 -4.373766 27306228688
-1.696550 9.071153 -4.275700 27306253689
-1.637711 9.022120 -4.040340 27306278693
-1.588677 9.169219 -3.834401 27306303683
-1.647517 9.237865 -3.746140 27306328690
-1.706357 9.414385 -3.559814 27306353687
-1.637711 9.384965 -3.481361 27306378692
-1.480804 9.306512 -2.843929 27306403678
-1.421964 9.404578 -2.843929 27306428681
-1.529838 9.512452 -2.637989 27306453688
-1.657324 9.698778 -2.726249 27306478684
-1.569064 9.688972 -2.186883 27306503675
-1.510224 9.669358 -2.069203 27306528682
-1.480804 9.698778 -2.039783 27306553690
-1.461191 9.767425 -1.941717 27306578685
-1.461191 9.845878 -1.667131 27306603679
-1.470998 9.561485 -1.304285 27306628689
-1.363124 9.541871 -1.127765 27306653685
-1.304285 9.777231 -0.892405 27306678682
-1.216025 9.924331 -0.617819 27306703677
-1.304285 9.816459 -0.529559 27306728689
-1.255251 9.787038 -0.294200 27306753686
-1.216025 9.845878 -0.098067 27306778681
-1.176798 9.983171 0.176520 27306803679
-1.098345 9.963558 0.451106 27306828685
-1.127765 9.924331 0.470719 27306853691
-1.000278 9.620325 0.862985 27306878684
-0.941439 9.747811 0.931632 27306903679
-1.029698 9.747811 1.216025 27306928680
-1.000278 9.610518 1.392545 27306953688
-0.980665 9.698778 1.775004 27306978678
-0.961052 9.669358 1.980944 27307003678
-0.902212 9.551678 2.098624 27307028686
-0.804145 9.551678 2.373209 27307053694
-0.804145 9.267285 2.785089 27307078691
-0.813952 9.149606 3.049868 27307103679
-0.931632 9.149606 3.187161 27307128687
-0.990472 9.257479 3.324455 27307153689
-0.902212 8.884827 3.589234 27307178684
-0.882599 9.071153 3.834401 27307203679
-1.019892 8.894632 4.020727 27307228688
-0.892405 8.786759 4.207053 27307253689
-0.794339 8.727920 4.658159 27307278644
-0.706079 8.482754 4.893519 27307303757
-0.627626 8.325847 5.148491 27307328764
-0.451106 8.355267 5.285785 27307353829
-0.490333 8.061068 5.599597 27307378811
-0.460913 7.796288 5.697665 27307403818
-0.254973 7.855128 6.168384 27307428823
-0.284393 7.668801 6.207610 27307453828
-0.078453 7.649189 6.482196 27307478821
-0.019613 7.217695 6.629296 27307504681
0.039227 7.080402 6.727362 27307528827
0.225553 6.825429 7.158855 27307553838
0.294200 6.756783 7.168662 27307578809
0.274586 6.619490 7.227501 27307603827
0.254973 6.423357 7.443248 27307628825
0.274586 6.060511 7.923775 27307653820
0.323619 5.962444 7.796288 27307678814
0.470719 5.844764 7.796288 27307703810
0.608012 5.795731 8.100294 27307728821
0.647239 5.364238 8.090487 27307753810
0.657046 5.226945 8.149327 27307778813
0.706079 5.305398 8.286621 27307803808
0.706079 5.148491 8.414106 27307828829
0.735499 4.815066 8.443527 27307853818
0.558979 4.579706 8.718113 27307878811
0.549172 4.579706 8.924053 27307903807
0.676659 4.432606 8.776953 27307928828
0.882599 3.952080 9.110379 27307953815
0.853179 4.059954 9.365352 27307978805
0.892405 3.736334 9.296705 27308003801
0.882599 3.451941 9.394772 27308028825
1.019892 3.275421 9.375159 27308053825
1.039505 3.098902 9.424192 27308078814
1.098345 3.040062 9.561485 27308103807
1.068925 2.863542 9.502645 27308128829
1.402351 2.598763 9.649745 27308153813
1.421964 2.284950 9.512452 27308178806
1.353318 2.343790 9.630132 27308203800
1.216025 2.000557 9.492838 27308228817
1.598484 2.069203 9.669358 27308253805
1.745584 1.882877 9.649745 27308278815
1.588677 1.647517 9.590905 27308303802
1.549451 1.372931 9.757618 27308328867
1.392545 1.372931 9.894911 27308353834
1.225831 1.333705 9.924331 27308378805
1.824037 1.598484 10.100850 27308403809
1.392545 0.813952 9.228059 27308428814
1.284671 0.588399 9.404578 27308453810
1.196411 0.353039 9.404578 27308478804
1.068925 0.117680 9.218252 27308503800
0.912019 -0.196133 9.257479 27308528818
0.696272 -0.107873 9.806651 27308553817
0.441299 -0.117680 9.983171 27308578797
0.304006 0.009807 10.365630 27308603811
0.500139 -0.264780 10.159691 27308628817
0.568786 -0.362846 9.963558 27308653812
0.745305 -0.411879 9.924331 27308678797
0.813952 -0.745305 9.483032 27308703802
1.176798 -0.853179 9.738005 27308728810
1.235638 -0.813952 9.875298 27308753816
1.323898 -0.912019 9.875298 27308778805
2.363403 -1.225831 10.954029 27308803803
1.294478 -1.166991 9.816459 27308828802
0.951245 -0.951245 9.738005 27308853814
0.843372 -0.882599 9.639938 27308878805
0.745305 -0.843372 9.728198 27308903805
0.882599 -0.647239 10.208724 27308928799
0.862985 -0.843372 9.943945 27308953810
1.049312 -0.921825 9.845878 27308978815
1.059118 -0.647239 9.875298 27309003812
1.059118 -0.509946 10.100850 27309028814
1.019892 -0.372653 10.306790 27309053802
0.892405 -0.588399 10.169497 27309078814
1.137571 -0.715886 10.140078 27309103800
1.137571 -0.755112 10.100850 27309128820
1.068925 -0.892405 9.757618 27309153810
0.980665 -0.902212 9.777231 27309178803
0.961052 -1.000278 9.747811 27309203803
1.127765 -1.019892 9.639938 27309228816
1.137571 -0.715886 9.787038 27309253807
