0.000000 27303553691
0.000000 27303578705
0.000000 27303603683
0.000000 27303628690
0.000000 27303653690
0.000000 27303678687
0.000000 27303703689
0.000000 27303728684
0.000000 27303753688
0.000000 27303778685
0.000000 27303803682
0.000000 27303828689
0.000000 27303853687
0.000000 27303878683
0.000000 27303903679
0.000000 27303928689
0.000000 27303953688
0.000000 27303978687
0.000000 27304003678
0.000000 27304028680
0.000000 27304053689
0.000000 27304078688
0.000000 27304103676
0.000000 27304128682
0.000000 27304153684
0.000000 27304178688
0.000000 27304203676
0.000000 27304228683
0.000000 27304253759
0.000000 27304278645
0.000000 27304303643
0.000000 27304328689
0.000000 27304353689
0.000000 27304378689
0.000000 27304403676
0.000000 27304428689
0.000000 27304453688
0.000000 27304478696
0.000000 27304503679
0.000000 27304528688
0.000000 27304553690
0.000000 27304578694
0.000000 27304603678
0.000000 27304628687
0.000000 27304653689
0.000000 27304678696
0.000000 27304703678
0.000000 27304728687
0.000000 27304753689
0.000000 27304778689
0.000000 27304803683
0.000000 27304828690
0.000000 27304853690
0.000000 27304878687
0.000000 27304903679
0.000000 27304928688
0.000000 27304953687
0.000000 27304978689
0.000000 27305003682
0.000000 27305028685
0.000000 27305053695
0.000000 27305078691
0.000000 27305103686
0.000000 27305128686
0.000000 27305153688
0.000000 27305178686
0.000000 27305203677
0.000000 27305228686
0.000000 27305253676
0.000000 27305278687
0.000000 27305303682
0.000000 27305328692
0.000000 27305353685
0.000000 27305378687
0.000000 27305403680
0.000000 27305428686
0.000000 27305453684
0.000000 27305478687
0.000000 27305503677
0.000000 27305528689
0.000000 27305553693
0.000000 27305578691
0.000000 27305603660
0.000000 27305628689
0.000000 27305653691
0.000000 27305678687
0.000000 27305703655
0.000000 27305728684
0.000000 27305753686
0.000000 27305778687
0.000000 27305803682
0.000000 27305828689
0.000000 27305853689
0.000000 27305878688
0.000000 27305903678
0.000000 27305928688
0.000000 27305953685
0.000000 27305978690
0.000000 27306003680
0.000000 27306028687
0.000000 27306053691
0.000000 27306078694
0.000000 27306103678
0.000000 27306128690
0.000000 27306153687
0.000000 27306178684
0.000000 27306203677
0.000000 27306228688
0.000000 27306253689
0.000000 27306278693
0.000000 27306303683
0.000000 27306328690
0.000000 27306353687
0.000000 27306378692
0.000000 27306403678
0.000000 27306428681
0.000000 27306453688
0.000000 27306478684
0.000000 27306503675
0.000000 27306528682
0.000000 27306553690
0.000000 27306578685
0.000000 27306603679
0.000000 27306628689
0.000000 27306653685
0.000000 27306678682
0.000000 27306703677
0.000000 27306728689
0.000000 27306753686
0.000000 27306778681
0.000000 27306803679
0.000000 27306828685
0.000000 27306853691
0.000000 27306878684
0.000000 27306903679
0.000000 27306928680
0.000000 27306953688
0.000000 27306978678
0.000000 27307003678
0.000000 27307028686
0.000000 27307053694
0.000000 27307078691
0.000000 27307103679
0.000000 27307128687
0.000000 27307153689
0.000000 27307178684
0.000000 27307203679
0.000000 27307228688
0.000000 27307253689
0.000000 27307278644
0.000000 27307303757
0.000000 27307328764
0.000000 27307353829
0.000000 27307378811
0.000000 27307403818
0.000000 27307428823
0.000000 27307453828
0.000000 27307478821
0.000000 27307504681
0.000000 27307528827
0.000000 27307553838
0.000000 27307578809
0.000000 27307603827
0.000000 27307628825
0.000000 27307653820
0.000000 27307678814
0.000000 27307703810
0.000000 27307728821
0.000000 27307753810
0.000000 27307778813
0.000000 27307803808
0.000000 27307828829
0.000000 27307853818
0.000000 27307878811
0.000000 27307903807
0.000000 27307928828
0.000000 27307953815
0.000000 27307978805
0.000000 27308003801
0.000000 27308028825
0.000000 27308053825
0.000000 27308078814
0.000000 27308103807
0.000000 27308128829
0.000000 27308153813
0.000000 27308178806
0.000000 27308203800
0.000000 27308228817
0.000000 27308253805
0.000000 27308278815
0.000000 27308303802
0.000000 27308328867
0.000000 27308353834
0.000000 27308378805
0.000000 27308403809
0.000000 27308428814
0.000000 27308453810
0.000000 27308478804
0.000000 27308503800
0.000000 27308528818
0.000000 27308553817
0.000000 27308578797
0.000000 27308603811
0.000000 27308628817
0.000000 27308653812
0.000000 27308678797
0.000000 27308703802
0.000000 27308728810
0.000000 27308753816
0.000000 27308778805
0.000000 27308803803
0.000000 27308828802
0.000000 27308853814
0.000000 27308878805
0.000000 27308903805
0.000000 27308928799
0.000000 27308953810
0.000000 27308978815
0.000000 27309003812
0.000000 27309028814
0.000000 27309053802
0.000000 27309078814
0.000000 27309103800
0.000000 27309128820
0.000000 27309153810
0.000000 27309178803
0.000000 27309203803
0.000000 27309228816
0.000000 27309253807
