-0.577500 -1.277500 -1.382500 21122064004
7.542500 -1.732500 -0.840000 21122088950
5.337500 -9.065000 -0.542500 21122114012
1.977500 -13.475000 -0.420000 21122139000
0.472500 -17.832500 -1.190000 21122163950
-2.887500 -12.670000 -0.980000 21122188946
-0.490000 -18.182501 -0.980000 21122214073
-0.332500 -21.490000 0.297500 21122239001
-3.552500 -16.677500 -1.767500 21122263931
-1.662500 -21.087500 -10.010000 21122288929
-4.655000 -18.410000 -18.112499 21122313934
-13.282500 10.920000 -20.090000 21122338937
-1.365000 -4.725000 -15.452500 21122363935
-0.980000 -8.365000 -7.332500 21122388938
-3.167500 19.705000 4.147500 21122413936
11.007500 14.857500 0.490000 21122438938
6.877500 15.662500 -3.412500 21122463937
9.362500 19.652500 -0.490000 21122489010
10.080000 13.422500 1.137500 21122513943
6.877500 10.727500 1.067500 21122538935
5.040000 4.777500 2.520000 21122563929
4.217500 -0.630000 0.962500 21122588937
1.417500 -2.170000 -3.797500 21122613945
4.077500 -3.972500 -5.967500 21122638929
7.087500 -14.945000 -6.650000 21122663932
6.825000 -3.867500 -5.180000 21122688939
5.775000 -5.495000 1.120000 21122714272
3.832500 -10.185000 4.217500 21122738942
2.817500 -5.355000 6.405000 21122763944
5.967500 -6.160000 8.452500 21122789055
4.515000 0.910000 8.540000 21122814076
6.580000 11.655000 5.127500 21122839027
9.957500 17.500000 3.080000 21122864021
10.937500 21.105000 9.432500 21122889017
5.355000 23.379999 11.410000 21122914023
3.342500 27.772501 17.254999 21122939012
3.552500 23.555000 22.032499 21122964015
4.200000 14.087500 22.452499 21122988923
6.387500 -4.655000 18.690001 21123014055
-0.542500 -5.652500 19.932501 21123039021
-2.012500 -10.710000 22.085001 21123064025
8.277500 -0.962500 25.147501 21123089007
23.922501 -9.537500 23.397501 21123114020
32.795002 -16.870001 28.017500 21123138997
35.105000 -21.157499 21.665001 21123164021
30.975000 -25.217501 17.202499 21123189013
31.447500 -42.455002 12.495000 21123213848
27.177500 -41.457500 5.880000 21123239001
26.547501 -23.782499 7.665000 21123263955
29.277500 7.595000 24.097500 21123288934
35.525002 -4.322500 32.567501 21123314002
43.662498 -7.560000 38.535000 21123338937
47.582500 -20.947500 30.415001 21123363935
47.564999 -26.862499 14.402500 21123388929
40.564999 -17.062500 7.000000 21123413946
26.495001 -3.727500 6.615000 21123438940
19.740000 3.482500 3.167500 21123463939
22.085001 -12.932500 15.802500 21123488936
38.814999 7.700000 25.357500 21123513931
44.502499 -2.870000 33.162498 21123538937
52.622501 -7.472500 33.197498 21123563947
57.032501 -25.059999 33.250000 21123588931
61.127499 -9.782500 32.724998 21123613933
61.529999 -2.765000 31.780001 21123638935
63.735001 -13.545000 36.277500 21123663938
63.980000 -11.760000 37.607502 21123688929
67.567497 -12.127500 38.884998 21123714007
68.285004 -15.820000 34.212502 21123738930
66.237503 15.890000 36.994999 21123763933
47.529999 14.350000 25.795000 21123788931
38.465000 -14.420000 17.465000 21123813929
40.005001 -21.805000 15.015000 21123838932
43.680000 -17.517500 14.227500 21123863933
52.395000 -10.622500 11.847500 21123888928
73.639999 -14.157500 14.192500 21123913932
83.562500 -10.045000 9.747500 21123938931
106.084999 -5.005000 -14.385000 21123963930
109.182503 10.412500 -13.527500 21123988934
90.544998 5.652500 -5.600000 21124013956
64.434998 17.535000 -3.710000 21124038936
58.135002 44.869999 -7.245000 21124063947
49.122501 44.485001 -23.397501 21124088931
81.147499 -4.637500 -40.477501 21124113944
116.147499 1.277500 -42.770000 21124138931
95.182503 38.814999 -21.770000 21124163937
25.497499 28.542500 -12.530000 21124188943
25.497499 23.362499 -9.485000 21124213935
30.677500 17.605000 -24.500000 21124238935
42.630001 27.457500 -30.362499 21124263936
36.994999 21.980000 -34.125000 21124288940
34.055000 10.850000 -42.262501 21124313937
36.889999 11.392500 -50.994999 21124338927
26.600000 32.322498 -62.317501 21124363935
40.022499 37.782501 -62.527500 21124388929
48.072498 54.722500 -58.117500 21124413931
46.935001 52.570000 -64.522499 21124438946
62.037498 47.845001 -69.334999 21124465420
59.202499 53.445000 -70.315002 21124488939
50.680000 47.127499 -74.199997 21124513933
53.689999 40.582500 -78.084999 21124538932
59.430000 41.720001 -88.445000 21124563938
73.605003 43.032501 -93.379997 21124589005
78.137497 40.897499 -92.522499 21124613918
78.750000 35.682499 -84.752502 21124638936
79.415001 27.860001 -80.010002 21124664510
80.324997 18.760000 -77.367500 21124689092
77.682503 20.177500 -85.680000 21124713914
75.809998 25.497499 -88.305000 21124739016
73.482498 29.924999 -90.334999 21124763942
79.467499 29.960001 -87.797501 21124789099
78.312500 29.889999 -86.764999 21124814002
75.705002 27.807501 -84.892502 21124838919
67.812500 34.439999 -79.834999 21124863934
60.007500 23.187500 -79.169998 21124888939
58.817501 15.855000 -85.347504 21124913990
52.587502 18.165001 -94.114998 21124938925
49.507500 26.320000 -89.687500 21124964004
50.312500 28.892500 -81.007500 21124988956
47.057499 22.575001 -85.925003 21125014002
44.957500 27.632500 -97.440002 21125038912
29.680000 33.792500 -93.590004 21125064009
21.350000 29.102501 -85.452499 21125088888
14.367500 12.985000 -101.027504 21125113934
14.577500 23.047501 -104.282501 21125138892
11.427500 33.862499 -97.264999 21125163931
19.424999 28.962500 -108.167503 21125188891
28.227501 20.125000 -127.540001 21125213935
35.437500 19.022501 -131.372498 21125238903
29.557501 25.147501 -119.840004 21125263937
22.627501 18.094999 -114.432503 21125288896
23.082500 -7.892500 -124.897499 21125313949
28.280001 -29.225000 -143.115005 21125338890
26.547501 8.680000 -150.149994 21125363940
-26.250000 20.247499 -147.070007 21125389062
-31.097500 -0.875000 -134.085007 21125413949
-17.990000 -10.307500 -108.482498 21125438969
-10.867500 -19.215000 -94.587502 21125463940
-3.710000 -22.155001 -85.837502 21125488935
6.265000 -35.647499 -78.190002 21125514030
12.530000 -22.347500 -87.517502 21125538939
15.942500 -9.695000 -102.672501 21125563934
28.770000 -22.172501 -98.175003 21125588937
36.032501 -7.630000 -99.470001 21125613945
36.994999 -2.047500 -84.962502 21125638934
42.472500 -15.505000 -68.757500 21125663935
43.505001 -21.367500 -55.842499 21125688945
31.272501 -11.130000 -30.012501 21125713993
-11.882500 -13.790000 -20.737499 21125738943
-28.472500 -10.272500 -17.045000 21125763990
-44.572498 3.272500 -21.665001 21125788932
-54.740002 9.187500 -22.014999 21125814021
-49.314999 1.417500 -17.307501 21125839004
-34.422501 3.167500 -13.510000 21125864014
-32.759998 -3.150000 -6.440000 21125889002
-32.305000 -9.502500 -1.575000 21125914018
-35.192501 -2.257500 -3.097500 21125939000
-28.280001 7.525000 -6.422500 21125963906
-16.852501 12.722500 -13.580000 21125988967
-2.905000 9.817500 -17.010000 21126013954
0.700000 -3.097500 -19.530001 21126039023
6.807500 -8.382500 -12.582500 21126064005
9.817500 -12.670000 -9.135000 21126089005
16.730000 -22.960001 -7.087500 21126114014
31.167500 -22.172501 -7.525000 21126139008
36.154999 -10.692500 -6.737500 21126164007
33.302502 -14.752501 -1.977500 21126188919
25.672501 -14.875000 6.527500 21126213743
16.117500 -9.502500 13.037500 21126238954
-4.742500 -15.995000 12.285000 21126263962
-12.127500 -13.265000 13.842500 21126288953
-9.485000 -9.205000 6.825000 21126313947
4.585000 -4.252500 1.977500 21126338950
7.525000 -6.825000 -2.240000 21126363900
8.557500 -6.230000 -0.962500 21126389023
2.642500 -0.472500 -2.135000 21126413964
-3.517500 3.535000 -3.605000 21126439018
-5.460000 2.082500 -5.355000 21126463971
-2.677500 -33.162498 -6.650000 21126489013
11.795000 -9.345000 40.407501 21126513973
-13.002500 -6.422500 40.880001 21126539012
-28.945000 -13.230000 19.372499 21126564011
-21.717501 -7.070000 -3.500000 21126589037
-11.567500 -7.577500 -8.330000 21126614016
-4.182500 -7.805000 -11.287500 21126638935
0.122500 -7.052500 -3.150000 21126663995
-3.710000 -11.620000 -4.147500 21126688945
-7.402500 -5.372500 -2.765000 21126714009
-9.257500 -7.577500 -2.835000 21126738936
-5.827500 -4.042500 -0.560000 21126763948
-5.250000 -4.322500 4.742500 21126788949
-3.955000 -7.700000 6.580000 21126814021
-3.202500 -4.375000 8.242500 21126838940
-1.715000 -3.640000 8.190000 21126863948
-0.350000 -4.007500 8.872500 21126888939
-0.140000 -3.972500 8.627500 21126913946
1.662500 -2.205000 6.737500 21126938943
2.100000 -3.640000 5.232500 21126963937
4.725000 -3.622500 2.922500 21126988935
5.582500 -3.867500 1.837500 21127013937
5.442500 -3.307500 0.700000 21127038957
