-0.600000 11.040000 6.480000 21122046280
-0.420000 11.099999 6.180000 21122070516
-0.660000 10.980000 6.300000 21122095860
-0.600000 11.280000 6.240000 21122120694
-0.660000 11.099999 6.420000 21122145806
-0.300000 11.099999 6.300000 21122170672
-0.840000 11.040000 6.000000 21122196543
-0.420000 11.099999 6.180000 21122222133
-0.480000 11.520000 6.360000 21122245651
-0.780000 11.460000 6.420000 21122270731
-0.660000 11.099999 6.420000 21122295782
-0.600000 11.400000 6.600000 21122320638
-0.600000 10.920000 6.120000 21122345809
-0.660000 11.099999 6.420000 21122370648
-0.660000 11.099999 6.780000 21122395808
-0.360000 11.040000 6.360000 21122420654
-0.720000 10.920000 6.600000 21122445800
-0.600000 11.040000 6.360000 21122470808
-0.600000 11.040000 6.240000 21122495823
-0.540000 10.980000 6.300000 21122520680
-0.660000 11.099999 6.060000 21122545850
-0.840000 11.280000 6.240000 21122570639
-0.900000 11.340000 6.060000 21122595803
-0.720000 11.040000 5.880000 21122620663
-0.900000 11.219999 5.940000 21122645632
-0.900000 11.099999 5.940000 21122670641
-0.960000 11.160000 6.240000 21122695678
-0.840000 11.040000 6.360000 21122720692
-1.020000 11.219999 6.060000 21122745679
-0.840000 11.280000 6.120000 21122770663
-0.840000 11.160000 6.120000 21122795819
-0.960000 10.920000 6.000000 21122820702
-0.840000 11.160000 5.760000 21122845722
-0.660000 11.460000 5.940000 21122870688
-0.720000 11.400000 5.400000 21122895671
-0.780000 11.580000 5.580000 21122920686
-0.600000 11.400000 5.400000 21122945685
-0.720000 11.400000 5.160000 21122970681
-0.540000 11.460000 5.340000 21122995802
-0.720000 11.400000 5.520000 21123020636
-1.020000 11.460000 5.580000 21123045516
-0.660000 11.460000 5.220000 21123070651
-0.300000 11.460000 5.220000 21123095503
-0.720000 11.520000 5.160000 21123120643
-0.060000 11.460000 5.460000 21123145515
-0.300000 11.700000 5.100000 21123170631
-0.300000 11.700000 5.100000 21123195511
-0.180000 11.940000 5.460000 21123220637
-0.180000 11.820000 5.340000 21123245508
-0.180000 11.639999 4.920000 21123270848
-0.120000 12.000000 5.040000 21123295646
0.180000 11.820000 5.220000 21123320795
0.180000 12.179999 5.100000 21123345635
0.360000 12.360000 4.800000 21123370767
0.360000 12.120000 4.800000 21123395627
0.480000 12.240000 4.680000 21123420813
0.480000 12.360000 4.560000 21123445676
0.480000 12.120000 5.040000 21123470938
0.060000 12.300000 4.380000 21123495659
0.540000 12.179999 4.380000 21123520769
0.840000 12.360000 4.200000 21123545717
0.600000 12.120000 4.080000 21123570805
0.780000 12.420000 3.780000 21123595714
0.960000 12.120000 3.840000 21123620880
1.200000 12.360000 3.600000 21123645653
1.380000 12.300000 3.660000 21123670780
1.140000 12.059999 3.420000 21123695709
0.960000 12.480000 3.120000 21123720820
1.560000 12.360000 2.880000 21123745712
1.500000 12.059999 2.940000 21123770762
1.320000 12.480000 2.880000 21123795670
1.620000 12.300000 2.700000 21123820702
1.560000 12.120000 2.640000 21123845631
1.680000 12.360000 2.520000 21123870628
1.680000 11.880000 2.400000 21123895707
1.380000 11.820000 2.220000 21123920660
1.860000 11.580000 1.980000 21123945631
1.620000 11.700000 1.860000 21123970632
1.620000 11.460000 1.740000 21123996897
1.560000 11.400000 1.560000 21124020718
1.860000 11.340000 1.260000 21124045667
1.920000 11.400000 1.320000 21124070743
1.740000 11.099999 0.900000 21124095713
1.860000 10.980000 0.780000 21124120684
1.860000 10.620000 0.780000 21124145642
1.620000 10.620000 0.540000 21124170657
1.620000 10.620000 0.660000 21124195654
1.740000 10.380000 0.300000 21124221054
1.860000 10.380000 0.420000 21124245518
1.920000 9.960000 0.240000 21124270550
1.800000 9.840000 0.240000 21124295522
1.860000 10.260000 0.420000 21124320583
1.860000 10.020000 0.060000 21124345513
1.740000 9.900000 0.060000 21124370532
1.860000 9.780000 0.180000 21124395511
1.860000 9.660000 0.180000 21124420524
1.920000 9.480000 -0.240000 21124445542
1.860000 9.179999 -0.180000 21124477248
2.280000 9.000000 -0.180000 21124495520
2.040000 8.760000 -0.120000 21124520516
2.100000 8.820000 -0.540000 21124545512
2.100000 8.580000 -0.420000 21124570518
2.100000 8.340000 -0.900000 21124595505
2.220000 7.860000 -0.900000 21124620786
2.220000 7.860000 -0.660000 21124645533
2.220000 7.980000 -0.780000 21124671009
2.220000 7.500000 -0.780000 21124695550
2.640000 7.080000 -1.080000 21124720852
2.280000 6.960000 -0.960000 21124745512
2.340000 7.020000 -1.020000 21124770533
2.400000 6.360000 -1.200000 21124795540
2.760000 6.240000 -0.720000 21124820518
2.880000 6.360000 -0.720000 21124845699
2.880000 6.000000 -0.960000 21124870516
3.000000 6.000000 -0.840000 21124895565
3.180000 5.580000 -0.900000 21124920504
3.060000 5.460000 -0.660000 21124945515
3.540000 5.460000 -0.780000 21124970501
3.240000 5.160000 -0.600000 21124995876
3.420000 5.340000 -0.780000 21125020512
3.300000 5.340000 -0.660000 21125045544
4.020000 5.340000 -0.660000 21125070506
4.320000 5.040000 -0.840000 21125095500
4.140000 5.220000 -0.660000 21125120526
4.380000 5.220000 -0.900000 21125145531
4.260000 5.100000 -0.660000 21125170510
4.620000 5.220000 -0.300000 21125195827
5.040000 5.280000 -0.840000 21125220524
4.980000 5.340000 -0.660000 21125245536
5.040000 5.160000 -0.840000 21125270530
4.980000 5.220000 -0.660000 21125295523
4.980000 5.580000 -0.660000 21125320557
5.040000 5.280000 -0.720000 21125345826
5.220000 5.700000 -0.660000 21125370587
5.400000 6.000000 -0.720000 21125395652
5.580000 5.940000 -0.540000 21125420604
5.100000 6.300000 -0.540000 21125445600
5.280000 6.000000 -0.840000 21125470663
5.460000 6.420000 -1.140000 21125495518
5.340000 6.540000 -0.420000 21125520537
5.520000 6.360000 -0.840000 21125545520
5.160000 6.480000 -0.600000 21125570588
5.040000 6.480000 -0.600000 21125595531
4.980000 6.300000 -0.660000 21125620545
5.100000 6.540000 -1.020000 21125645521
4.800000 6.360000 -0.720000 21125670582
5.280000 6.240000 -0.840000 21125695550
5.100000 6.420000 -0.780000 21125720504
5.160000 6.600000 -0.720000 21125745561
4.920000 6.600000 -0.720000 21125770499
4.920000 6.960000 -0.960000 21125795513
5.340000 7.140000 -0.900000 21125820496
5.160000 7.200000 -0.720000 21125845510
4.860000 7.380000 -0.660000 21125870503
4.980000 7.260000 -0.660000 21125895511
4.860000 7.260000 -0.780000 21125920488
4.980000 7.740000 -1.020000 21125945507
5.100000 7.500000 -0.780000 21125970559
5.280000 7.680000 -0.840000 21125995935
5.160000 7.680000 -0.840000 21126020604
5.040000 7.680000 -0.840000 21126045512
5.400000 7.680000 -0.840000 21126070502
5.040000 7.560000 -0.840000 21126095507
5.460000 7.500000 -0.780000 21126120519
4.920000 7.080000 -0.960000 21126145505
5.160000 7.320000 -0.960000 21126170490
4.740000 7.020000 -0.900000 21126196038
4.800000 7.440000 -0.840000 21126221317
5.340000 7.380000 -0.780000 21126245536
5.160000 7.440000 -0.720000 21126270595
5.160000 7.200000 -1.320000 21126295603
5.220000 7.140000 -1.020000 21126320664
4.800000 7.440000 -0.720000 21126346123
4.740000 7.500000 -0.900000 21126370705
4.920000 7.200000 -0.720000 21126395507
4.980000 7.020000 -1.140000 21126420639
5.340000 7.140000 -0.900000 21126445520
5.100000 7.020000 -0.900000 21126470697
5.160000 7.320000 -0.840000 21126495512
4.980000 7.260000 -1.020000 21126520576
4.860000 7.260000 -1.020000 21126545512
4.920000 7.440000 -0.720000 21126570517
5.160000 7.320000 -0.960000 21126595617
4.920000 7.320000 -0.720000 21126620503
5.100000 7.500000 -0.780000 21126645513
5.160000 7.680000 -0.840000 21126670502
4.920000 7.560000 -0.720000 21126695542
5.100000 7.500000 -0.780000 21126720506
5.100000 7.620000 -0.900000 21126745532
4.620000 7.380000 -0.660000 21126770584
4.800000 7.440000 -0.840000 21126795549
4.800000 7.800000 -0.840000 21126820520
4.800000 7.440000 -0.600000 21126845572
4.560000 7.920000 -0.600000 21126870631
4.800000 7.680000 -0.840000 21126895572
4.920000 7.680000 -0.840000 21126920540
5.220000 7.620000 -0.900000 21126945601
4.920000 7.560000 -0.600000 21126970530
5.100000 7.620000 -0.780000 21126995641
4.860000 7.500000 -1.260000 21127020511
