5.000000 21122027356
5.000000 21122052401
5.000000 21122077375
5.000000 21122102403
5.000000 21122127333
5.000000 21122152399
5.000000 21122177346
5.000000 21122202388
5.000000 21122227340
5.000000 21122252380
5.000000 21122277345
5.000000 21122302377
5.000000 21122327333
5.000000 21122352378
5.000000 21122377378
5.000000 21122402365
5.000000 21122427348
5.000000 21122452379
5.000000 21122477376
5.000000 21122502371
5.000000 21122527345
5.000000 21122552372
5.000000 21122577368
5.000000 21122602356
5.000000 21122627313
5.000000 21122652379
5.000000 21122677366
5.000000 21122702373
5.000000 21122727356
5.000000 21122752400
5.000000 21122777429
5.000000 21122802402
5.000000 21122827377
5.000000 21122852396
5.000000 21122877397
5.000000 21122902809
5.000000 21122927367
5.000000 21122952390
5.000000 21122977390
5.000000 21123002396
5.000000 21123027372
5.000000 21123052399
5.000000 21123077394
5.000000 21123102397
5.000000 21123127916
5.000000 21123152397
5.000000 21123177373
5.000000 21123202389
5.000000 21123227358
5.000000 21123252394
5.000000 21123277380
5.000000 21123302375
5.000000 21123327348
5.000000 21123352357
5.000000 21123377382
5.000000 21123402377
5.000000 21123427354
5.000000 21123452380
5.000000 21123477377
5.000000 21123502378
5.000000 21123527352
5.000000 21123552381
5.000000 21123577365
5.000000 21123602383
5.000000 21123627354
5.000000 21123652382
5.000000 21123677381
5.000000 21123702376
5.000000 21123727350
5.000000 21123752377
5.000000 21123777371
5.000000 21123802373
5.000000 21123827347
5.000000 21123852379
5.000000 21123877380
5.000000 21123902368
5.000000 21123927350
5.000000 21123952375
5.000000 21123977383
5.000000 21124002398
5.000000 21124027354
5.000000 21124052385
5.000000 21124077376
5.000000 21124102371
5.000000 21124127339
5.000000 21124152351
5.000000 21124177381
5.000000 21124202374
5.000000 21124227349
5.000000 21124252368
5.000000 21124277394
5.000000 21124302371
5.000000 21124327344
5.000000 21124352354
5.000000 21124377381
5.000000 21124402370
5.000000 21124427348
5.000000 21124452382
0.000000 21124477330
0.000000 21124502363
0.000000 21124527340
0.000000 21124552378
0.000000 21124577409
0.000000 21124602375
0.000000 21124627341
0.000000 21124652377
0.000000 21124677392
0.000000 21124702393
0.000000 21124727350
0.000000 21124752379
0.000000 21124777384
0.000000 21124802370
0.000000 21124827343
0.000000 21124852363
0.000000 21124877388
0.000000 21124902380
0.000000 21124927343
0.000000 21124952400
0.000000 21124977383
0.000000 21125002364
0.000000 21125027353
0.000000 21125052381
0.000000 21125077366
0.000000 21125102383
0.000000 21125127349
0.000000 21125152376
0.000000 21125177359
0.000000 21125202364
0.000000 21125227343
0.000000 21125252387
0.000000 21125277365
0.000000 21125303215
0.000000 21125327357
0.000000 21125352377
0.000000 21125377362
0.000000 21125402408
0.000000 21125427216
0.000000 21125452401
0.000000 21125477371
0.000000 21125502384
0.000000 21125527348
0.000000 21125552387
0.000000 21125577379
0.000000 21125602371
0.000000 21125627342
0.000000 21125652370
0.000000 21125677387
0.000000 21125702375
0.000000 21125727344
0.000000 21125752378
0.000000 21125777378
0.000000 21125802398
0.000000 21125827330
0.000000 21125852409
0.000000 21125877330
0.000000 21125902405
0.000000 21125927352
0.000000 21125952401
0.000000 21125977405
0.000000 21126002392
0.000000 21126027372
0.000000 21126052391
0.000000 21126077404
0.000000 21126102312
0.000000 21126127369
0.000000 21126152358
0.000000 21126177371
0.000000 21126202391
0.000000 21126227351
0.000000 21126252396
0.000000 21126277388
0.000000 21126302397
0.000000 21126327314
0.000000 21126352379
0.000000 21126377387
0.000000 21126402409
0.000000 21126427363
0.000000 21126452379
0.000000 21126477383
0.000000 21126502453
0.000000 21126527362
0.000000 21126552366
0.000000 21126577383
0.000000 21126602399
0.000000 21126627345
0.000000 21126652385
0.000000 21126677378
0.000000 21126702391
0.000000 21126727339
0.000000 21126752381
0.000000 21126777369
0.000000 21126802378
0.000000 21126827350
0.000000 21126852382
0.000000 21126877371
0.000000 21126902371
0.000000 21126927345
0.000000 21126952367
0.000000 21126977379
0.000000 21127002365
