0.068647 0.205940 9.688972 31093518775
0.049033 0.205940 9.816459 31093539983
0.039227 0.186326 9.865492 31093565210
0.039227 0.196133 9.865492 31093590125
0.019613 0.166713 9.787038 31093615354
0.049033 0.176520 9.855684 31093640107
0.058840 0.186326 9.826264 31093665118
0.058840 0.186326 9.875298 31093690130
0.078453 0.215746 9.845878 31093715097
0.049033 0.196133 9.806651 31093740092
0.058840 0.156906 9.806651 31093765125
0.049033 0.156906 9.845878 31093790087
0.049033 0.147100 9.806651 31093815107
0.058840 0.166713 9.826264 31093840105
0.049033 0.176520 9.836071 31093865119
0.049033 0.176520 9.865492 31093890095
0.039227 0.176520 9.865492 31093915087
0.058840 0.176520 9.855684 31093940009
0.039227 0.186326 9.845878 31093965129
0.058840 0.196133 9.816459 31093990083
0.068647 0.166713 9.796844 31094015258
0.049033 0.196133 9.865492 31094040109
0.049033 0.176520 9.836071 31094065121
0.078453 0.225553 9.885104 31094090099
0.107873 0.215746 9.865492 31094115327
0.078453 0.186326 9.875298 31094140092
0.029420 0.176520 9.875298 31094165118
0.068647 0.166713 9.904717 31094190084
0.058840 0.176520 9.855684 31094215009
0.058840 0.215746 9.885104 31094240097
0.058840 0.205940 9.747811 31094265085
0.058840 0.186326 9.894911 31094290103
0.058840 0.166713 9.885104 31094315008
-0.009807 1.206218 0.323619 31094340083
0.274586 0.402073 5.815344 31094365119
0.176520 0.304006 7.698222 31094390091
0.107873 0.235360 8.590627 31094415008
0.117680 0.215746 8.953472 31094440011
0.117680 0.186326 9.669358 31094465110
0.088260 0.176520 9.787038 31094490094
0.088260 0.196133 9.826264 31094515008
0.078453 0.166713 9.845878 31094540008
0.068647 0.156906 9.845878 31094565115
0.078453 0.186326 9.855684 31094590086
0.039227 0.186326 9.826264 31094615091
0.049033 0.176520 9.806651 31094640106
-0.078453 1.441578 9.384965 31094665111
-0.186326 1.039505 10.787316 31094690095
0.372653 0.304006 10.228337 31094715302
0.627626 -0.421686 10.228337 31094740086
0.156906 0.019613 10.120463 31094765112
0.078453 0.088260 10.081238 31094790007
0.058840 0.127486 10.022397 31094815095
0.058840 0.137293 9.953751 31094840095
0.049033 0.196133 9.914525 31094865109
0.029420 0.205940 9.943945 31094890093
0.029420 0.156906 9.885104 31094915295
0.058840 0.186326 9.865492 31094940081
0.088260 0.196133 9.904717 31094965117
0.078453 0.196133 9.885104 31094990080
0.058840 0.186326 9.885104 31095015089
0.058840 0.166713 9.855684 31095040116
0.049033 0.156906 9.836071 31095065117
0.039227 0.166713 9.806651 31095090008
0.049033 0.156906 9.836071 31095115002
0.009807 0.166713 9.845878 31095140094
0.039227 0.186326 9.894911 31095165108
0.049033 0.166713 9.885104 31095190008
0.058840 0.156906 9.885104 31095215005
0.058840 0.186326 9.924331 31095240084
0.068647 0.176520 9.875298 31095265087
0.068647 0.205940 9.875298 31095290011
0.068647 0.176520 9.904717 31095315090
0.088260 0.235360 9.924331 31095340092
0.068647 0.225553 10.042011 31095365127
0.088260 0.215746 9.992978 31095390092
0.078453 0.215746 9.904717 31095415308
0.088260 0.186326 9.855684 31095440006
0.088260 0.166713 9.855684 31095465111
0.058840 0.147100 9.845878 31095490097
0.049033 0.196133 9.875298 31095515084
0.039227 0.186326 9.934137 31095540104
0.029420 0.186326 9.953751 31095565123
0.049033 0.147100 9.943945 31095590095
0.049033 0.186326 9.894911 31095615290
0.049033 0.176520 9.885104 31095640005
0.029420 0.166713 9.855684 31095665110
0.068647 0.137293 9.894911 31095690089
0.068647 0.137293 9.924331 31095715093
