0.000000 31093518775
0.000000 31093539983
0.000000 31093565210
0.000000 31093590125
0.000000 31093615354
0.000000 31093640107
0.000000 31093665118
0.000000 31093690130
0.000000 31093715097
0.000000 31093740092
0.000000 31093765125
0.000000 31093790087
0.000000 31093815107
0.000000 31093840105
0.000000 31093865119
0.000000 31093890095
0.000000 31093915087
0.000000 31093940009
0.000000 31093965129
0.000000 31093990083
0.000000 31094015258
0.000000 31094040109
0.000000 31094065121
0.000000 31094090099
0.000000 31094115327
0.000000 31094140092
0.000000 31094165118
0.000000 31094190084
0.000000 31094215009
0.000000 31094240097
0.000000 31094265085
0.000000 31094290103
0.000000 31094315008
0.000000 31094340083
0.000000 31094365119
0.000000 31094390091
0.000000 31094415008
0.000000 31094440011
0.000000 31094465110
0.000000 31094490094
0.000000 31094515008
0.000000 31094540008
0.000000 31094565115
0.000000 31094590086
0.000000 31094615091
0.000000 31094640106
0.000000 31094665111
0.000000 31094690095
0.000000 31094715302
0.000000 31094740086
0.000000 31094765112
0.000000 31094790007
0.000000 31094815095
0.000000 31094840095
0.000000 31094865109
0.000000 31094890093
0.000000 31094915295
0.000000 31094940081
0.000000 31094965117
0.000000 31094990080
0.000000 31095015089
0.000000 31095040116
0.000000 31095065117
0.000000 31095090008
0.000000 31095115002
0.000000 31095140094
0.000000 31095165108
0.000000 31095190008
0.000000 31095215005
0.000000 31095240084
0.000000 31095265087
0.000000 31095290011
0.000000 31095315090
0.000000 31095340092
0.000000 31095365127
0.000000 31095390092
0.000000 31095415308
0.000000 31095440006
0.000000 31095465111
0.000000 31095490097
0.000000 31095515084
0.000000 31095540104
0.000000 31095565123
0.000000 31095590095
0.000000 31095615290
0.000000 31095640005
0.000000 31095665110
0.000000 31095690089
0.000000 31095715093
