-1.980000 -0.180000 2.820000 27710135576
-1.740000 -0.060000 2.700000 27710160575
-2.040000 -0.060000 2.640000 27710185570
-1.920000 -0.060000 2.520000 27710210773
-1.920000 0.120000 1.800000 27710241596
-1.920000 0.240000 1.800000 27710260594
-1.920000 -0.240000 2.040000 27710285601
-1.980000 0.300000 1.740000 27710310815
-1.920000 -0.120000 1.440000 27710342370
-1.920000 -0.240000 0.960000 27710360605
-2.040000 -0.120000 0.840000 27710385588
-1.800000 -0.120000 0.600000 27710410817
-1.920000 -0.120000 0.600000 27710435563
-1.860000 -0.180000 0.060000 27710460570
-1.860000 -0.540000 0.180000 27710485572
-2.220000 -0.420000 0.060000 27710510807
-2.040000 -0.240000 -0.360000 27710543414
-1.800000 -0.600000 -0.120000 27710560587
-1.800000 -0.480000 -0.360000 27710585580
-1.680000 -0.600000 -0.360000 27710610806
-1.500000 -0.420000 -0.300000 27710635573
-1.440000 -0.480000 -0.120000 27710660572
-1.560000 -0.120000 -0.120000 27710685570
-1.440000 -0.120000 0.360000 27710710788
-1.620000 0.300000 0.300000 27710735582
-1.380000 0.060000 0.660000 27710760587
-1.260000 0.060000 0.420000 27710785593
-1.260000 -0.300000 0.540000 27710810793
-1.320000 -0.240000 0.120000 27710835565
-0.720000 -0.360000 -0.120000 27710860577
-1.080000 -0.360000 -0.240000 27710885570
-0.960000 -0.600000 -0.480000 27710910778
-0.720000 -0.600000 -0.480000 27710935577
-0.660000 -0.780000 -0.900000 27710960577
-0.720000 -0.720000 -0.960000 27710985573
-0.240000 -1.080000 -1.200000 27711010804
-0.840000 -0.960000 -1.320000 27711035575
-0.720000 -1.080000 -1.440000 27711060597
-0.840000 -1.320000 -1.800000 27711085579
-0.600000 -1.440000 -1.560000 27711110781
-0.900000 -1.740000 -1.860000 27711135576
-0.960000 -1.560000 -2.160000 27711160590
-0.960000 -1.800000 -1.800000 27711185576
-1.200000 -2.040000 -2.280000 27711210813
-0.960000 -2.040000 -2.040000 27711235578
-1.140000 -2.220000 -2.580000 27711260576
-1.620000 -2.460000 -2.580000 27711285576
-1.200000 -2.520000 -2.400000 27711310771
-1.500000 -2.460000 -2.460000 27711335575
-1.800000 -2.880000 -2.640000 27711360578
-1.920000 -3.000000 -2.400000 27711385575
-1.500000 -3.180000 -2.580000 27711410783
-1.620000 -3.060000 -2.940000 27711435564
-1.740000 -3.180000 -3.060000 27711460580
-1.920000 -3.480000 -2.760000 27711485579
-1.920000 -3.600000 -2.760000 27711510780
-1.680000 -3.480000 -3.120000 27711535566
-1.920000 -3.600000 -3.120000 27711560574
-2.220000 -3.540000 -3.180000 27711585603
-2.160000 -3.840000 -3.000000 27711610801
