0.000000 27710115749
0.000000 27710140774
0.000000 27710165775
0.000000 27710190768
0.000000 27710215748
5.000000 27710240636
5.000000 27710265783
5.000000 27710290774
5.000000 27710315746
0.000000 27710340769
5.000000 27710365778
5.000000 27710390777
5.000000 27710415753
5.000000 27710440780
5.000000 27710465757
5.000000 27710490776
5.000000 27710515745
0.000000 27710540640
0.000000 27710565777
0.000000 27710590776
0.000000 27710615748
0.000000 27710640769
0.000000 27710665773
0.000000 27710690767
0.000000 27710715746
0.000000 27710740780
0.000000 27710765771
0.000000 27710790779
0.000000 27710815746
0.000000 27710840779
0.000000 27710865783
0.000000 27710890764
0.000000 27710915747
0.000000 27710940783
0.000000 27710965777
0.000000 27710990763
0.000000 27711015749
0.000000 27711040772
0.000000 27711065778
0.000000 27711090782
0.000000 27711115747
0.000000 27711140788
0.000000 27711165776
0.000000 27711190776
0.000000 27711215753
0.000000 27711240786
0.000000 27711265775
0.000000 27711290781
0.000000 27711315748
0.000000 27711340777
0.000000 27711365780
0.000000 27711390785
0.000000 27711415750
0.000000 27711440785
0.000000 27711465784
0.000000 27711490786
0.000000 27711515753
0.000000 27711540789
0.000000 27711565784
0.000000 27712490784
