1.529838 7.531508 6.433163 12834132025
1.510224 7.531508 6.393937 12834157042
1.500418 7.541315 6.354710 12834182048
1.529838 7.521701 6.403743 12834207034
1.549451 7.551122 6.286063 12834232047
1.549451 7.521701 6.246837 12834257047
1.578871 7.541315 6.050704 12834282046
1.725971 7.560929 5.766311 12834307029
1.824037 7.570735 5.334818 12834332044
2.010364 7.609962 5.011199 12834357042
1.520031 7.531508 5.011199 12834382045
1.117958 7.551122 5.697665 12834407030
1.059118 7.100015 5.648631 12834432040
1.372931 6.246837 5.952637 12834457040
1.490611 4.256087 7.335375 12834482042
1.353318 3.314648 8.227780 12834507029
1.333705 2.383016 8.914246 12834532024
1.814230 0.304006 10.424470 12834557042
1.598484 -0.362846 10.983449 12834582045
1.686744 -0.980665 10.767703 12834607035
2.118237 -1.706357 10.777510 12834632044
2.824315 -2.549729 10.130271 12834657034
3.961887 -2.128043 10.748089 12834682081
3.471555 -1.892684 13.395885 12834707047
3.334261 -2.186883 10.169497 12834732062
2.206496 -2.892962 8.875020 12834757045
2.383016 -2.677216 7.943388 12834782052
2.549729 -2.373209 6.972529 12834807036
1.755391 -2.294756 7.168662 12834832043
2.294756 -1.431771 9.816459 12834857051
4.501253 -0.156906 11.336489 12834882041
3.657881 -0.558979 10.179304 12834907512
2.961608 -0.657046 9.600712 12834932002
-0.029420 0.019613 7.031369 12834957031
-1.843650 3.040062 0.372653 12834982024
-1.225831 1.235638 2.029977 12835010999
-6.403743 -0.186326 11.022676 12835032038
-1.735777 0.578592 9.022120 12835057018
-0.804145 0.147100 7.786481 12835082027
-0.313813 0.225553 8.414106 12835107017
0.117680 0.284393 8.002228 12835132018
0.147100 0.343233 10.012591 12835157018
0.117680 0.294200 9.943945 12835182027
0.098067 0.274586 10.012591 12835207017
0.117680 0.284393 9.894911 12835232028
