0.525000 2.222500 -0.035000 12834159942
-0.472500 4.042500 -0.980000 12834184934
-1.435000 1.050000 0.350000 12834209959
0.525000 0.700000 -0.070000 12834234929
0.962500 2.905000 -0.017500 12834259933
-0.367500 5.092500 -0.822500 12834284935
-3.080000 9.012500 -1.732500 12834309962
-9.362500 28.455000 -3.990000 12834334935
-28.455000 96.792503 -3.867500 12834359940
-83.702499 153.807495 6.457500 12834384941
-128.152496 83.334999 17.219999 12834409963
-160.492508 -7.192500 18.094999 12834434939
-196.664993 -29.277500 19.180000 12834459936
-228.899994 -26.757500 8.330000 12834484934
-280.279999 -39.830002 -1.277500 12834509957
-294.367493 -61.372501 -12.652500 12834534932
-292.739990 -64.557503 -22.312500 12834559933
-271.127502 -76.580002 -32.952499 12834584937
-213.184998 -109.077499 -24.447500 12834609961
-128.992508 -116.777504 -14.122500 12834634932
-122.972504 -119.892502 -7.157500 12834659932
-151.777496 5.880000 -16.327499 12834684954
29.014999 -5.932500 27.055000 12834709963
10.885000 -38.307499 51.712502 12834734939
43.907501 -54.792500 58.712502 12834759932
70.192497 -41.667500 65.292503 12834784938
77.665001 64.504997 77.945000 12834809967
63.314999 87.447502 50.680000 12834834936
78.084999 76.212502 -9.975000 12834859945
169.942505 0.087500 30.012501 12834884934
141.627502 89.477501 82.495003 12834909841
28.770000 49.560001 56.822502 12834934837
71.434998 73.797501 26.915001 12834959934
119.017502 381.867493 1.470000 12834984957
-21.332500 2.642500 -20.825001 12835015139
8.820000 -174.089996 -29.207500 12835034929
-4.322500 106.592499 -21.805000 12835059937
9.730000 -47.985001 -6.230000 12835084924
-3.675000 26.967501 -7.717500 12835109958
3.482500 4.007500 -1.575000 12835134920
0.017500 -1.085000 -0.052500 12835159927
-0.595000 0.420000 0.052500 12835184918
-0.560000 0.892500 0.052500 12835209940
-0.647500 0.875000 0.175000 12835234924
-0.437500 0.980000 0.122500 12835259919
