0.000000 12834132025
0.000000 12834157042
0.000000 12834182048
0.000000 12834207034
0.000000 12834232047
0.000000 12834257047
0.000000 12834282046
0.000000 12834307029
0.000000 12834332044
0.000000 12834357042
0.000000 12834382045
0.000000 12834407030
0.000000 12834432040
0.000000 12834457040
0.000000 12834482042
0.000000 12834507029
0.000000 12834532024
0.000000 12834557042
0.000000 12834582045
0.000000 12834607035
0.000000 12834632044
0.000000 12834657034
0.000000 12834682081
0.000000 12834707047
0.000000 12834732062
0.000000 12834757045
0.000000 12834782052
0.000000 12834807036
0.000000 12834832043
0.000000 12834857051
0.000000 12834882041
0.000000 12834907512
0.000000 12834932002
0.000000 12834957031
0.000000 12834982024
0.000000 12835010999
0.000000 12835032038
0.000000 12835057018
0.000000 12835082027
0.000000 12835107017
0.000000 12835132018
0.000000 12835157018
0.000000 12835182027
0.000000 12835207017
0.000000 12835232028
