12.460000 -4.112500 -2.257500 31041881521
12.460000 -2.695000 -2.537500 31041906519
9.275000 -2.870000 -3.167500 31041931513
-2.292500 -0.787500 0.035000 31041956540
-8.032500 -4.060000 6.580000 31041981618
-4.585000 -10.342500 14.402500 31042006624
-2.065000 -17.657499 25.865000 31042031626
-7.175000 -19.530001 26.670000 31042056529
-1.015000 -16.677500 12.827500 31042081623
5.635000 5.250000 4.077500 31042106617
1.347500 6.037500 2.555000 31042131661
2.957500 -16.309999 11.445000 31042156531
23.327499 -7.140000 6.317500 31042181644
34.842499 7.070000 6.755000 31042206608
28.210001 9.467500 9.660000 31042231615
24.202499 14.910000 4.935000 31042256525
15.732500 15.557500 0.945000 31042281609
6.562500 7.997500 2.922500 31042306635
3.097500 0.140000 5.827500 31042331535
-4.305000 2.065000 1.242500 31042356536
-14.665000 5.512500 -0.507500 31042381618
-15.137500 3.115000 4.287500 31042406614
-11.672500 0.490000 7.105000 31042431619
-5.127500 -6.282500 9.817500 31042456527
0.542500 -23.852501 3.430000 31042481617
43.137501 -9.152500 -8.680000 31042506616
62.037498 9.117500 -18.917500 31042531622
62.772499 11.427500 -11.165000 31042556632
31.710001 0.840000 2.012500 31042581646
1.977500 -7.875000 14.997500 31042606640
-39.060001 -11.322500 11.970000 31042631624
-42.577499 -12.897500 10.430000 31042656530
-26.827499 0.157500 -7.367500 31042681614
-11.952500 -9.082500 2.082500 31042706608
-14.980000 -16.747499 14.455000 31042731650
-17.587500 1.890000 9.345000 31042756565
-13.195000 6.912500 6.632500 31042781616
-4.340000 16.940001 4.182500 31042806605
2.117500 5.810000 6.947500 31042831611
-1.172500 -3.202500 14.070000 31042856522
4.060000 -0.035000 13.912500 31042881608
7.455000 -2.607500 7.822500 31042906605
13.055000 -9.835000 5.477500 31042931606
14.070000 -6.667500 6.737500 31042956523
10.360000 -3.255000 10.745000 31042981607
8.767500 -4.497500 13.510000 31043006602
12.267500 -4.497500 7.437500 31043031616
16.660000 -6.597500 4.147500 31043056521
15.557500 -4.130000 2.835000 31043081611
-2.537500 -1.487500 2.712500 31043106609
-5.407500 7.595000 -4.235000 31043131607
3.325000 10.447500 -6.492500 31043156528
1.242500 8.942500 -6.090000 31043181602
-6.090000 9.310000 -7.927500 31043206604
-5.652500 11.217500 -13.475000 31043231606
0.472500 11.637500 -22.452499 31043256521
-6.020000 1.347500 -25.252501 31043281612
-16.485001 -3.097500 -27.020000 31043306608
-15.680000 6.790000 -38.657501 31043331606
-8.855000 -0.315000 -48.825001 31043356530
-10.640000 -23.379999 -53.549999 31043381642
-16.379999 -68.372498 -49.192501 31043406604
-25.882500 -61.215000 -74.864998 31043431615
-9.065000 -31.360001 -79.537498 31043456521
6.370000 -37.082500 -83.982498 31043481615
-7.455000 -37.869999 -90.562500 31043506600
-15.487500 4.882500 -92.925003 31043531611
9.135000 -7.070000 -87.955002 31043556520
10.325000 -40.285000 -79.117500 31043581611
-4.497500 -49.980000 -88.007500 31043606602
-0.735000 -68.110001 -100.327499 31043631606
-14.332500 -50.802502 -113.277504 31043656515
-70.665001 -14.315001 -89.845001 31043681614
-64.732498 36.014999 -73.675003 31043706601
-42.087502 69.230003 -59.412498 31043731611
-57.592499 88.812500 -53.235001 31043756519
-64.120003 100.082497 -56.910000 31043781607
-59.185001 105.699997 -59.622501 31043806597
-56.525002 122.832504 -79.169998 31043831619
-76.650002 246.750000 -146.195007 31043856517
-173.722504 167.544998 -132.037506 31043881605
-178.324997 45.202499 -67.760002 31043906600
-55.282501 -16.537500 -57.084999 31043931605
0.157500 -36.610001 -69.614998 31043956557
3.850000 110.617500 -125.544998 31043981606
-42.840000 109.970001 -125.474998 31044006648
-9.712500 85.907501 -96.459999 31044031606
-9.677500 75.162498 -96.372498 31044056520
-83.877502 19.547501 -108.307503 31044081606
-112.105003 -37.222500 -115.797501 31044106609
-94.989998 -52.202499 -134.960007 31044131618
-83.544998 -40.932499 -158.059998 31044156519
-82.285004 -35.507500 -193.812500 31044181600
-115.587502 -61.162498 -215.092499 31044206615
-107.572502 -76.370003 -181.089996 31044231604
-96.407501 -63.314999 -135.397507 31044256519
-81.357498 -12.372500 -101.867500 31044281606
-86.537498 55.772499 -59.832500 31044306604
-80.657501 38.920002 -40.372501 31044331607
-63.402500 24.045000 -15.732500 31044356519
-44.555000 48.212502 5.897500 31044381598
-55.002499 35.647499 -3.710000 31044406604
-42.017502 15.820000 0.035000 31044431608
-31.570000 -3.080000 0.717500 31044456518
-46.812500 -5.180000 -4.602500 31044481603
-51.064999 18.410000 -2.432500 31044506607
-75.425003 23.590000 13.160000 31044531599
-45.605000 21.962500 33.180000 31044556517
-31.815001 15.382500 35.262501 31044581651
-24.237499 -6.475000 32.759998 31044606607
-10.482500 -14.910000 29.522501 31044631634
-9.292500 5.617500 33.880001 31044656521
-8.330000 6.597500 28.612499 31044681601
-6.335000 5.670000 19.722500 31044706598
6.685000 9.992500 14.420000 31044731607
15.890000 19.809999 14.472500 31044756512
-11.077500 9.747500 13.807500 31044781599
-17.745001 16.502501 9.432500 31044806600
6.177500 7.122500 -2.625000 31044831599
32.182499 11.847500 4.270000 31044856530
29.995001 18.952499 13.282500 31044881600
24.219999 20.860001 8.960000 31044907786
22.680000 14.385000 1.382500 31044931490
18.707500 -15.942500 -3.692500 31044956514
11.760000 -25.830000 -3.447500 31044981611
-3.045000 -25.830000 -2.030000 31045006627
-13.947500 -11.690000 -0.402500 31045031608
-16.397501 -4.672500 -0.175000 31045056513
-12.285000 -18.427500 -7.000000 31045081610
-8.067500 -16.344999 -7.227500 31045106612
-5.477500 -7.052500 -5.635000 31045131608
-2.992500 -0.927500 0.087500 31045156516
3.797500 -4.970000 -2.345000 31045181606
8.470000 -5.110000 -2.590000 31045206643
5.022500 4.462500 -1.715000 31045231603
-1.890000 2.152500 -3.570000 31045256522
-2.625000 -11.690000 -7.735000 31045281605
5.460000 -12.985000 -7.612500 31045306613
7.192500 -2.905000 -5.092500 31045331601
9.327500 3.097500 -3.360000 31045356520
11.497500 -4.410000 -5.302500 31045381593
8.120000 -5.775000 -8.050000 31045406611
-3.342500 -1.155000 -7.000000 31045431607
-1.120000 0.087500 -6.422500 31045456520
3.255000 -4.742500 -4.515000 31045481601
2.362500 -7.140000 -3.955000 31045506605
1.295000 -10.272500 -3.832500 31045531597
0.927500 -7.332500 -3.150000 31045556506
-1.050000 -3.062500 -3.657500 31045581595
-1.015000 -3.692500 -7.262500 31045606655
-2.030000 -4.077500 -8.417500 31045631603
