0.068647 0.284393 9.845878 9733353912
0.088260 0.137293 9.816459 9733378863
0.107873 0.137293 9.845878 9733403864
0.088260 0.166713 9.826264 9733428852
0.088260 0.147100 9.855684 9733453861
0.068647 0.166713 9.845878 9733478852
0.058840 0.156906 9.836071 9733503860
0.068647 0.147100 9.796844 9733528849
0.058840 0.137293 9.826264 9733553864
0.078453 0.107873 9.757618 9733578853
0.078453 0.156906 9.796844 9733603850
0.058840 0.176520 9.806651 9733628849
0.039227 0.137293 9.845878 9733653864
0.058840 0.117680 9.845878 9733678855
0.313813 -0.156906 9.698778 9733703856
0.245166 -0.107873 9.816459 9733728853
0.058840 0.225553 9.855684 9733753862
0.058840 0.215746 9.865492 9733778848
-0.009807 0.254973 9.885104 9733803863
-0.029420 0.147100 9.914525 9733828854
-0.137293 0.049033 9.924331 9733853859
-0.147100 0.029420 9.885104 9733878853
-0.078453 0.107873 9.934137 9733903862
0.009807 0.156906 9.894911 9733928852
0.215746 0.098067 9.885104 9733953859
0.156906 0.058840 9.934137 9733978855
0.078453 0.039227 9.914525 9734003855
0.088260 0.068647 9.845878 9734028847
0.049033 0.186326 9.796844 9734053842
0.058840 0.166713 9.816459 9734078847
0.137293 0.196133 9.845878 9734103848
0.049033 0.196133 9.855684 9734128848
0.049033 0.215746 9.934137 9734153849
0.039227 0.205940 9.885104 9734178841
0.058840 0.225553 9.875298 9734203856
0.107873 0.254973 9.816459 9734228855
0.225553 0.215746 9.855684 9734253850
0.215746 0.205940 9.845878 9734278860
0.215746 0.176520 9.904717 9734303852
0.117680 0.147100 9.836071 9734328855
0.039227 0.156906 9.885104 9734353856
0.058840 0.107873 9.816459 9734378862
0.049033 0.127486 9.836071 9734403847
0.019613 0.147100 9.904717 9734428849
-0.058840 0.137293 9.875298 9734453848
-0.039227 0.176520 9.865492 9734478857
-0.039227 0.215746 9.885104 9734503847
0.058840 0.166713 9.875298 9734528849
0.176520 0.117680 9.738005 9734553858
0.245166 0.058840 9.875298 9734578863
0.323619 0.088260 9.914525 9734603857
0.245166 0.166713 9.894911 9734628856
0.245166 0.107873 9.590905 9734653849
0.343233 0.137293 9.669358 9734678853
0.392266 0.058840 9.904717 9734703843
0.294200 0.088260 9.855684 9734728859
0.333426 0.166713 9.865492 9734753850
0.304006 0.186326 9.836071 9734778862
0.254973 0.196133 9.953751 9734803841
0.264780 0.166713 9.963558 9734828853
0.166713 0.225553 9.934137 9734853845
0.225553 0.235360 9.855684 9734878867
0.225553 0.117680 9.865492 9734903840
0.245166 0.127486 9.796844 9734928861
0.274586 0.215746 9.796844 9734953849
0.284393 0.264780 9.845878 9734978860
0.411879 0.186326 9.816459 9735003837
0.372653 0.166713 9.865492 9735028853
0.382459 0.147100 9.904717 9735053838
0.451106 0.196133 9.826264 9735078863
0.225553 0.137293 9.973364 9735103849
0.274586 0.127486 9.983171 9735128865
0.313813 0.156906 9.816459 9735153847
0.362846 0.196133 9.806651 9735178861
0.274586 0.176520 9.826264 9735203842
0.274586 0.176520 9.855684 9735228858
0.235360 0.205940 9.924331 9735253835
0.245166 0.215746 9.924331 9735278861
0.392266 0.245166 9.865492 9735303830
0.411879 0.333426 9.767425 9735328862
0.353039 0.313813 9.816459 9735353842
0.392266 0.333426 9.865492 9735378867
0.284393 0.294200 9.826264 9735403840
0.362846 0.245166 9.894911 9735428863
0.431493 0.254973 9.836071 9735453835
0.392266 0.205940 9.894911 9735478859
0.372653 0.166713 9.855684 9735503839
0.333426 0.196133 9.767425 9735528859
0.294200 0.186326 9.816459 9735553842
0.323619 0.254973 9.924331 9735578861
0.245166 0.156906 9.894911 9735603857
0.254973 0.166713 10.022397 9735628869
0.284393 0.235360 9.943945 9735653847
0.323619 0.225553 9.885104 9735678860
0.274586 0.205940 9.894911 9735703838
0.264780 0.225553 9.806651 9735728862
0.353039 0.235360 9.845878 9735753851
0.353039 0.304006 9.806651 9735778864
0.333426 0.304006 9.826264 9735803854
0.215746 0.274586 9.836071 9735828858
0.245166 0.264780 9.796844 9735853860
0.294200 0.343233 9.865492 9735878857
0.343233 0.294200 9.777231 9735903857
0.274586 0.225553 9.885104 9735928848
0.284393 0.225553 9.816459 9735953858
0.284393 0.137293 9.914525 9735978861
0.284393 0.196133 9.904717 9736003845
0.313813 0.284393 9.904717 9736028847
0.274586 0.254973 9.796844 9736053855
0.323619 0.353039 9.816459 9736078862
0.353039 0.343233 9.826264 9736103850
0.402073 0.382459 9.767425 9736128851
0.264780 0.343233 9.836071 9736153856
0.254973 0.274586 9.698778 9736178858
0.245166 0.254973 9.836071 9736203859
0.186326 0.245166 9.953751 9736228848
0.156906 0.284393 10.012591 9736253861
0.205940 0.215746 9.983171 9736278864
0.254973 0.166713 9.806651 9736303858
0.245166 0.186326 9.836071 9736328843
0.107873 0.039227 9.757618 9736353873
-0.137293 -0.176520 9.757618 9736378861
0.098067 -0.009807 9.738005 9736403864
0.382459 0.176520 9.777231 9736428845
0.588399 0.627626 9.894911 9736453861
0.451106 0.411879 9.816459 9736478860
0.304006 0.205940 9.826264 9736503854
0.235360 0.196133 9.875298 9736528850
0.078453 0.098067 9.934137 9736553868
0.088260 0.068647 9.924331 9736578856
0.117680 0.107873 9.787038 9736603863
0.156906 0.205940 9.816459 9736628843
0.294200 0.166713 9.845878 9736653859
0.294200 0.225553 9.777231 9736678861
0.166713 0.323619 9.708585 9736703859
0.049033 0.333426 9.865492 9736728848
0.029420 0.353039 9.904717 9736753864
0.078453 0.284393 9.845878 9736778862
0.068647 0.284393 9.875298 9736803858
0.029420 0.294200 9.885104 9736828844
0.009807 0.235360 9.885104 9736853864
0.019613 0.205940 9.943945 9736878862
-0.029420 0.196133 9.914525 9736903844
0.068647 0.176520 9.894911 9736928844
0.068647 0.245166 9.894911 9736953851
0.088260 0.225553 9.953751 9736978855
0.107873 0.235360 9.885104 9737003860
0.058840 0.353039 9.865492 9737028857
0.019613 0.343233 9.924331 9737053856
0.039227 0.343233 9.904717 9737078860
0.029420 0.431493 9.924331 9737103863
0.039227 0.421686 9.855684 9737128861
0.098067 0.254973 9.855684 9737153862
0.127486 0.245166 9.816459 9737178862
0.127486 0.274586 9.894911 9737203861
-0.009807 0.402073 9.757618 9737228854
-0.127486 0.519753 9.708585 9737253851
-0.166713 0.431493 9.836071 9737278856
-0.166713 0.392266 9.855684 9737303854
0.039227 0.274586 9.806651 9737328848
-0.049033 0.254973 9.738005 9737353863
0.304006 -0.058840 9.747811 9737378860
0.451106 -0.147100 9.747811 9737403857
-0.088260 0.323619 9.924331 9737428852
-0.156906 0.333426 9.894911 9737453867
-0.245166 0.372653 9.816459 9737478830
-0.304006 0.402073 9.845878 9737503875
-0.274586 0.343233 9.796844 9737528866
-0.107873 0.235360 9.777231 9737553876
0.039227 0.147100 9.885104 9737578859
0.058840 0.313813 9.904717 9737603862
0.186326 0.254973 9.894911 9737628868
0.147100 0.166713 9.845878 9737653861
0.068647 0.215746 9.816459 9737678864
0.088260 0.441299 9.787038 9737703871
0.088260 0.431493 9.816459 9737728859
-0.088260 0.441299 9.845878 9737753859
-0.049033 0.362846 9.836071 9737778861
0.117680 0.245166 9.904717 9737803855
-0.019613 0.264780 9.885104 9737828866
-0.049033 0.245166 9.875298 9737853865
-0.029420 0.196133 9.885104 9737878866
0.156906 0.127486 9.806651 9737903861
0.147100 0.107873 9.796844 9737928864
0.078453 0.127486 9.777231 9737953864
0.088260 0.098067 9.816459 9737978864
0.009807 0.274586 9.787038 9738003877
-0.068647 0.421686 9.679165 9738028867
-0.215746 0.421686 9.777231 9738053864
-0.058840 0.451106 9.757618 9738078864
-0.029420 0.343233 9.826264 9738103866
-0.049033 0.500139 9.747811 9738128870
-0.264780 0.480526 9.914525 9738153862
-0.254973 0.578592 9.973364 9738178862
0.431493 0.333426 9.688972 9738203862
0.431493 0.186326 9.747811 9738228863
0.186326 0.166713 9.904717 9738253861
-0.137293 0.411879 10.032204 9738278861
-0.245166 0.470719 9.934137 9738303858
-0.215746 0.460913 9.934137 9738328864
0.068647 0.402073 9.885104 9738353862
0.088260 0.225553 9.845878 9738378864
0.019613 0.372653 9.855684 9738403866
-0.029420 0.441299 9.875298 9738428864
-0.029420 0.451106 9.894911 9738453865
-0.029420 0.235360 9.983171 9738478856
0.098067 0.382459 9.796844 9738503858
0.039227 0.421686 9.767425 9738528868
-0.058840 0.402073 9.865492 9738553860
0.058840 0.362846 9.894911 9738578857
0.137293 0.264780 9.894911 9738603870
0.058840 0.215746 9.894911 9738628862
-0.049033 0.284393 9.894911 9738653870
-0.039227 0.333426 9.914525 9738678858
-0.039227 0.333426 9.875298 9738703857
-0.117680 0.274586 9.845878 9738728860
-0.058840 0.284393 9.845878 9738753861
-0.088260 0.284393 9.924331 9738778859
-0.156906 0.313813 9.943945 9738803861
-0.058840 0.323619 9.845878 9738828856
0.019613 0.274586 9.787038 9738853871
0.058840 0.225553 9.924331 9738878864
-0.039227 0.225553 9.924331 9738903860
-0.029420 0.323619 9.914525 9738928851
-0.137293 0.411879 9.875298 9738953857
-0.225553 0.264780 10.316597 9738978861
0.137293 0.372653 9.443805 9739003859
0.372653 0.784532 10.159691 9739028856
0.235360 0.186326 9.983171 9739053861
0.225553 0.196133 9.914525 9739078862
0.196133 0.215746 9.914525 9739103859
0.353039 0.235360 9.630132 9739128864
0.176520 0.284393 9.924331 9739153862
0.176520 0.304006 9.718391 9739178860
0.323619 0.166713 9.914525 9739203857
0.304006 0.068647 10.149883 9739228863
-0.156906 0.539366 10.149883 9739253865
-0.068647 0.421686 9.855684 9739278868
-0.049033 0.362846 9.894911 9739303861
-0.068647 0.313813 9.875298 9739328859
-0.107873 0.294200 9.914525 9739353867
-0.127486 0.274586 9.885104 9739378870
-0.107873 0.284393 9.885104 9739403855
-0.078453 0.284393 9.845878 9739428861
-0.039227 0.294200 9.826264 9739453860
-0.078453 0.284393 9.826264 9739478862
-0.127486 0.274586 9.875298 9739503857
-0.088260 0.294200 9.826264 9739528861
-0.127486 0.254973 9.904717 9739553851
-0.098067 0.284393 9.845878 9739578862
-0.107873 0.284393 9.796844 9739603860
-0.117680 0.264780 9.875298 9739628867
-0.431493 0.274586 10.600989 9739653859
-0.245166 0.254973 10.100850 9739678862
-0.147100 0.304006 9.953751 9739703867
-0.078453 0.274586 9.855684 9739728863
-0.088260 0.264780 9.875298 9739753863
-0.107873 0.274586 9.885104 9739778858
0.166713 0.127486 9.904717 9739803859
-0.098067 0.313813 9.855684 9739828859
-0.235360 0.313813 9.865492 9739853852
-0.068647 0.205940 9.826264 9739878864
0.009807 0.196133 9.796844 9739903847
-0.166713 0.313813 9.904717 9739928866
-0.343233 0.313813 9.924331 9739953853
-0.509946 0.304006 9.826264 9739978865
-0.500139 0.215746 9.865492 9740003840
-0.166713 0.176520 9.894911 9740028860
-0.186326 0.215746 9.875298 9740053850
-0.254973 0.235360 9.875298 9740078870
-0.333426 0.186326 9.826264 9740103860
-0.009807 0.205940 9.845878 9740128847
0.166713 0.245166 9.885104 9740153854
0.166713 0.127486 10.032204 9740178849
-0.019613 0.235360 10.002784 9740203840
-0.137293 0.196133 9.845878 9740228832
-0.127486 0.215746 9.875298 9740253813
-0.196133 0.294200 9.924331 9740278838
-0.225553 0.284393 9.836071 9740303838
-0.304006 0.205940 9.806651 9740328865
-0.205940 0.284393 9.767425 9740353851
-0.186326 0.186326 9.836071 9740378849
-0.156906 0.196133 9.806651 9740403860
-0.264780 0.166713 9.826264 9740428865
-0.313813 0.049033 9.924331 9740453845
-0.196133 0.107873 9.914525 9740478861
0.068647 0.490333 9.875298 9740503847
0.058840 0.451106 9.836071 9740528853
-0.009807 0.392266 9.836071 9740553843
0.049033 0.470719 9.836071 9740578859
0.049033 0.313813 9.836071 9740603846
-0.009807 0.353039 9.796844 9740628862
-0.078453 0.274586 9.806651 9740653848
-0.127486 0.156906 9.767425 9740678864
-0.098067 0.068647 9.875298 9740703843
-0.039227 0.205940 9.894911 9740728849
-0.039227 0.254973 9.924331 9740753849
-0.117680 0.313813 9.894911 9740778855
-0.107873 0.284393 9.894911 9740803841
-0.205940 0.235360 9.924331 9740828865
-0.156906 0.098067 9.816459 9740853851
-0.127486 0.186326 9.934137 9740878859
-0.009807 0.323619 9.875298 9740903845
0.009807 0.254973 9.855684 9740928859
0.009807 0.225553 9.806651 9740953837
0.029420 0.186326 9.885104 9740978867
-0.039227 0.127486 9.816459 9741003847
-0.049033 0.264780 9.845878 9741028851
-0.127486 0.353039 9.865492 9741054956
-0.009807 0.304006 9.894911 9741078857
-0.088260 0.294200 9.855684 9741103851
-0.068647 0.225553 9.865492 9741128857
-0.107873 0.254973 9.826264 9741153850
-0.147100 0.333426 9.747811 9741178862
-0.186326 0.353039 9.894911 9741203846
-0.127486 0.323619 9.983171 9741228844
-0.107873 0.274586 9.934137 9741253819
-0.166713 0.215746 9.845878 9741278861
-0.088260 0.254973 9.865492 9741303957
-0.039227 0.196133 9.836071 9741328846
-0.009807 0.196133 9.816459 9741353889
0.058840 0.107873 9.826264 9741378875
0.088260 0.186326 9.796844 9741403845
0.019613 0.176520 9.855684 9741428838
-0.039227 0.264780 9.806651 9741453865
-0.068647 0.176520 9.787038 9741478861
-0.107873 0.215746 9.826264 9741503857
-0.137293 0.235360 9.836071 9741528843
-0.127486 0.235360 9.885104 9741553864
-0.117680 0.176520 9.836071 9741578860
-0.088260 0.166713 9.855684 9741603866
-0.088260 0.186326 9.875298 9741628847
-0.049033 0.186326 9.894911 9741653861
-0.049033 0.176520 9.855684 9741678859
-0.039227 0.156906 9.875298 9741703852
-0.117680 0.156906 9.963558 9741728836
-0.088260 0.049033 9.885104 9741753859
-0.245166 0.098067 9.914525 9741778861
-0.196133 0.196133 9.875298 9741803863
-0.186326 0.205940 9.855684 9741828843
-0.235360 0.127486 9.816459 9741853862
-0.215746 0.117680 9.816459 9741878870
-0.186326 0.147100 9.845878 9741903861
-0.127486 0.107873 9.924331 9741928836
-0.058840 0.107873 9.836071 9741953864
-0.078453 0.098067 9.865492 9741978850
-0.039227 0.078453 9.875298 9742003855
-0.039227 0.068647 9.894911 9742028829
0.107873 -0.029420 9.836071 9742053859
0.147100 -0.019613 9.885104 9742078847
0.039227 -0.009807 9.885104 9742103868
-0.186326 0.029420 9.865492 9742128834
-0.294200 -0.009807 9.836071 9742153863
-0.235360 0.019613 9.953751 9742178859
-0.098067 0.117680 10.002784 9742203861
-0.088260 0.137293 9.845878 9742228834
-0.196133 0.284393 9.777231 9742253861
-0.186326 0.313813 9.757618 9742278850
-0.225553 0.343233 9.787038 9742303856
-0.049033 0.392266 9.865492 9742328829
0.019613 0.294200 9.894911 9742353862
-0.019613 0.186326 9.885104 9742378846
-0.029420 0.205940 9.865492 9742403869
-0.049033 0.254973 9.992978 9742428829
0.039227 -0.019613 9.767425 9742453863
0.049033 -0.039227 9.885104 9742478856
0.078453 -0.058840 9.914525 9742503869
-0.166713 -0.098067 10.002784 9742528849
-0.235360 -0.166713 10.267564 9742553863
-0.264780 -0.304006 10.120463 9742578848
-0.088260 -0.323619 9.963558 9742603866
-0.088260 0.019613 10.002784 9742628854
-0.186326 0.156906 10.012591 9742653862
-0.480526 0.451106 9.943945 9742678847
-0.627626 0.862985 9.963558 9742703861
0.156906 0.961052 9.688972 9742728854
0.392266 0.872792 9.845878 9742753862
0.529559 0.627626 9.865492 9742778848
0.392266 0.549172 9.885104 9742803855
0.205940 0.304006 9.865492 9742828854
0.186326 0.196133 9.551678 9742853862
0.117680 0.147100 9.718391 9742878864
0.088260 0.166713 9.924331 9742903853
0.039227 0.127486 9.816459 9742928883
0.068647 0.176520 9.865492 9742953865
0.078453 0.137293 9.904717 9742978985
0.088260 0.137293 9.855684 9743003856
0.068647 0.107873 9.855684 9743028857
0.039227 0.088260 9.894911 9743053861
0.009807 0.098067 9.885104 9743078862
