-0.980000 1.067500 0.070000 9733390727
-0.647500 0.787500 0.192500 9733415705
-0.735000 1.172500 0.035000 9733440722
-0.595000 0.822500 -0.052500 9733465772
-0.490000 1.190000 -0.122500 9733490766
-0.455000 0.997500 0.070000 9733515770
-0.787500 0.945000 -0.035000 9733540721
-0.577500 1.137500 -0.035000 9733565769
-0.612500 1.592500 -0.035000 9733590765
-0.770000 1.592500 -0.175000 9733615814
-0.700000 2.065000 -0.105000 9733640751
-0.700000 0.507500 0.105000 9733665772
-0.682500 1.015000 -0.210000 9733690765
-0.682500 1.785000 -13.615000 9733715772
-0.612500 0.717500 -19.757500 9733740724
-0.840000 0.035000 -17.674999 9733765764
-0.595000 0.857500 -15.470000 9733790773
-0.717500 0.455000 -11.095000 9733815772
-0.612500 -0.280000 -13.737500 9733840713
-0.805000 -0.122500 -20.160000 9733865771
-0.717500 0.857500 -30.135000 9733890770
-0.735000 0.035000 -33.057499 9733915772
-0.910000 -0.262500 -31.080000 9733940708
-0.752500 -0.087500 -30.485001 9733965721
-0.735000 -0.105000 -31.885000 9733990755
-0.770000 0.210000 -37.257500 9734015763
-0.752500 0.980000 -37.467499 9734040722
-0.752500 1.382500 -37.275002 9734065772
-0.595000 1.732500 -35.647499 9734090770
-0.490000 0.560000 -33.232502 9734115777
-0.577500 1.207500 -33.145000 9734140723
-0.560000 1.435000 -32.742500 9734165772
-0.682500 0.577500 -31.552500 9734190763
-0.700000 0.787500 -32.567501 9734215768
-0.787500 0.910000 -33.180000 9734240712
-0.682500 0.560000 -32.287498 9734265713
-0.840000 1.382500 -31.727501 9734290770
-0.595000 0.402500 -32.200001 9734315764
-0.490000 -0.700000 -36.014999 9734340729
-0.962500 -1.032500 -40.285000 9734365766
-1.172500 -0.227500 -44.310001 9734390780
-0.997500 -1.522500 -47.075001 9734415762
-0.857500 0.087500 -50.732502 9734440708
-0.787500 -4.200000 -58.345001 9734465762
-1.172500 -6.807500 -63.000000 9734490707
-1.522500 -8.575000 -64.102501 9734515767
-1.767500 -12.617500 -62.650002 9734540709
-2.572500 -7.805000 -60.112499 9734565774
-2.590000 -1.680000 -57.610001 9734590711
-2.415000 -1.715000 -57.557499 9734615773
-2.257500 -3.482500 -58.327499 9734640707
-2.485000 0.840000 -59.097500 9734665765
-2.152500 0.507500 -56.035000 9734690776
-2.170000 0.087500 -53.235001 9734715769
-1.732500 0.332500 -51.029999 9734740706
-1.872500 0.157500 -49.472500 9734765769
-1.925000 0.262500 -48.230000 9734790735
-1.942500 0.595000 -48.072498 9734815768
-2.012500 0.595000 -47.075001 9734840717
-1.785000 0.437500 -47.705002 9734865773
-1.942500 0.210000 -48.230000 9734890740
-1.662500 0.332500 -51.134998 9734915772
-1.942500 0.105000 -52.674999 9734940705
-2.047500 0.350000 -53.742500 9734965718
-2.100000 0.017500 -51.555000 9734990734
-1.960000 1.050000 -49.840000 9735015770
-1.715000 1.505000 -48.142502 9735040710
-1.557500 0.630000 -44.485001 9735065763
-2.082500 0.332500 -42.735001 9735090733
-1.907500 0.227500 -41.912498 9735115767
-1.925000 0.595000 -42.647499 9735140716
-1.575000 0.717500 -41.439999 9735165769
-1.767500 0.682500 -39.287498 9735190707
-1.645000 0.805000 -38.202499 9735215700
-1.470000 0.560000 -39.970001 9735240718
-1.697500 0.560000 -41.212502 9735265761
-1.837500 0.682500 -40.529999 9735290730
-1.750000 0.822500 -36.592499 9735315770
-1.680000 1.137500 -32.200001 9735340720
-1.470000 1.032500 -29.522501 9735365768
-1.557500 0.542500 -25.094999 9735390733
-1.417500 0.560000 -22.855000 9735415768
-1.365000 0.822500 -21.892500 9735440708
-1.225000 1.067500 -21.525000 9735465774
-1.365000 0.770000 -23.257500 9735490706
-1.347500 0.805000 -25.129999 9735515771
-1.260000 0.630000 -25.480000 9735540705
-1.295000 0.770000 -25.620001 9735565762
-1.452500 0.927500 -25.865000 9735590705
-1.225000 1.260000 -27.177500 9735615770
-1.242500 1.120000 -29.942501 9735640704
-1.680000 0.997500 -29.155001 9735665762
-1.330000 1.995000 -29.365000 9735690733
-1.242500 1.067500 -28.997499 9735715777
-1.277500 1.120000 -29.225000 9735740685
-1.365000 1.452500 -26.740000 9735765771
-1.260000 0.735000 -26.197500 9735790754
-1.365000 2.205000 -25.567499 9735815769
-1.190000 2.257500 -25.532499 9735840732
-0.945000 3.272500 -23.240000 9735865721
-0.472500 2.152500 -18.112499 9735890768
-0.542500 3.990000 -17.097500 9735915718
-0.280000 2.275000 -17.955000 9735940717
-0.700000 0.822500 -18.865000 9735965727
-1.102500 0.472500 -20.264999 9735990772
-1.242500 -0.840000 -22.067499 9736015782
-1.540000 -2.520000 -18.969999 9736040728
-1.540000 -1.400000 -17.500000 9736065778
-1.802500 -0.735000 -12.232500 9736090775
-1.225000 1.295000 -7.945000 9736115783
-0.910000 4.340000 -4.095000 9736140724
-0.910000 6.580000 -1.015000 9736165755
0.875000 5.302500 0.052500 9736190772
-0.035000 6.107500 -0.052500 9736215777
0.210000 1.977500 -2.012500 9736240715
-0.647500 -2.450000 -2.450000 9736265704
-1.120000 -6.790000 -5.670000 9736290772
-1.487500 -2.117500 -8.820000 9736315771
-1.312500 -3.132500 -10.587500 9736340742
-1.592500 -0.245000 -17.552500 9736365770
-1.260000 1.050000 -29.172501 9736390735
-1.225000 5.460000 -32.795002 9736415775
-0.385000 6.545000 -26.092501 9736440712
0.332500 2.782500 -18.077499 9736465762
-0.525000 3.325000 -12.180000 9736490723
-0.455000 5.232500 -14.245000 9736515711
-0.175000 4.707500 -17.850000 9736540686
-0.315000 2.432500 -22.469999 9736565766
-0.805000 -1.487500 -27.440001 9736590775
-1.190000 -0.227500 -31.010000 9736615772
-1.067500 0.997500 -31.762501 9736640713
-0.910000 5.407500 -32.812500 9736665764
-0.437500 10.500000 -33.564999 9736690708
0.647500 13.667500 -30.870001 9736715710
1.365000 7.577500 -30.170000 9736740711
0.805000 1.575000 -32.340000 9736765707
-0.455000 1.470000 -35.349998 9736790770
-0.752500 0.717500 -38.622501 9736815771
-0.472500 0.787500 -40.145000 9736840716
-0.700000 0.840000 -40.652500 9736865766
-0.560000 0.455000 -40.967499 9736890772
-0.385000 0.262500 -41.264999 9736915768
-0.507500 0.525000 -44.292500 9736940712
-0.542500 0.875000 -45.674999 9736965779
-0.612500 0.892500 -46.602501 9736990719
-0.472500 0.175000 -48.860001 9737015764
-0.507500 0.490000 -49.017502 9737040716
-0.507500 0.175000 -44.362499 9737065697
-0.717500 -0.367500 -44.607502 9737090713
-0.805000 0.630000 -40.950001 9737115774
-0.455000 0.892500 -34.177502 9737140714
-0.542500 1.662500 -37.695000 9737165708
-0.612500 0.997500 -47.232502 9737190769
-0.595000 0.157500 -53.847500 9737215765
-0.490000 0.367500 -58.817501 9737240718
-0.402500 6.737500 -43.942501 9737265757
-0.210000 0.542500 -31.815001 9737290719
-0.280000 -0.192500 -24.902500 9737315768
-0.245000 -1.820000 -22.469999 9737340719
-0.315000 -1.137500 -14.332500 9737365762
-0.367500 1.032500 -33.477501 9737390907
-0.665000 2.572500 -46.410000 9737415838
-0.367500 0.402500 -40.389999 9737440747
-0.612500 0.070000 -30.415001 9737465713
-0.472500 0.437500 -24.797501 9737490710
-0.507500 0.210000 -25.427500 9737515702
-0.560000 0.437500 -26.950001 9737540726
-0.787500 1.767500 -32.375000 9737565704
-0.560000 4.462500 -40.897499 9737590711
-0.070000 1.400000 -43.610001 9737615702
-0.210000 -0.892500 -47.320000 9737640726
-0.420000 1.347500 -54.127499 9737665702
-0.332500 1.347500 -52.587502 9737690774
-0.385000 -0.437500 -48.352501 9737715698
-0.210000 -0.997500 -44.852501 9737740720
-0.332500 0.402500 -39.900002 9737765764
-0.332500 1.540000 -38.587502 9737790765
-0.437500 3.150000 -39.112499 9737815764
-0.752500 -0.805000 -34.790001 9737840718
-0.630000 0.262500 -34.020000 9737865698
-0.595000 0.245000 -33.529999 9737890767
-0.437500 1.032500 -35.927502 9737915759
-0.647500 4.060000 -39.689999 9737940716
-0.297500 -0.350000 -42.560001 9737965724
0.175000 -1.837500 -48.580002 9737990696
-0.262500 0.122500 -51.957500 9738015707
-0.490000 -0.770000 -50.540001 9738040733
-0.192500 -2.957500 -49.402500 9738065691
-0.192500 1.050000 -45.150002 9738090771
-0.402500 -1.802500 -45.255001 9738115696
-0.612500 -0.577500 -44.117500 9738140730
-0.455000 -7.262500 -41.807499 9738165769
-1.750000 -7.892500 -40.932499 9738190770
-2.222500 1.347500 -41.807499 9738215697
-0.945000 8.487500 -42.840000 9738240738
1.592500 2.782500 -41.877499 9738265762
0.315000 -1.802500 -42.927502 9738290773
-0.612500 -4.637500 -39.462502 9738315694
-1.435000 -6.282500 -41.702499 9738340691
-1.487500 2.485000 -42.665001 9738365759
-0.472500 7.577500 -42.297501 9738390770
0.385000 0.507500 -48.474998 9738415695
-0.717500 -3.237500 -52.080002 9738440709
-1.120000 0.385000 -49.192501 9738465765
-0.857500 1.680000 -38.500000 9738490778
-0.402500 2.187500 -35.227501 9738515692
-0.227500 5.740000 -32.480000 9738540713
0.402500 2.310000 -30.205000 9738565762
0.402500 1.855000 -29.557501 9738590707
-0.507500 3.237500 -29.872499 9738615696
-0.245000 1.242500 -30.835001 9738640713
-0.490000 -0.472500 -30.870001 9738665768
-0.525000 -0.105000 -33.967499 9738690770
-0.577500 -0.227500 -35.630001 9738715765
-0.525000 0.017500 -31.990000 9738740712
-0.525000 1.627500 -30.887501 9738765760
-0.525000 0.017500 -28.210001 9738790659
-0.682500 -0.175000 -25.812500 9738815762
-0.735000 0.210000 -22.365000 9738840715
-0.612500 0.717500 -22.277500 9738865700
-0.752500 1.417500 -18.602501 9738890704
-0.245000 -0.770000 -14.402500 9738915815
-0.875000 -1.820000 -10.307500 9738940714
-0.910000 -5.442500 -4.795000 9738965824
-1.120000 -26.040001 -8.785000 9738990768
-3.605000 -12.897500 -10.325000 9739015729
-3.325000 1.855000 -7.857500 9739040715
-0.752500 1.347500 -8.242500 9739065748
-0.682500 1.172500 -7.647500 9739090772
-0.962500 1.032500 -8.102500 9739115684
-0.892500 4.690000 -3.902500 9739140717
-0.070000 12.967500 -3.237500 9739165686
1.925000 12.670000 -5.512500 9739190769
1.015000 17.920000 -17.622499 9739215691
1.820000 10.185000 -20.422501 9739240729
1.487500 4.952500 -11.567500 9739265691
-0.245000 9.257500 0.332500 9739290774
-0.070000 8.557500 -0.017500 9739315688
-0.665000 3.132500 -0.385000 9739340732
-0.980000 2.590000 0.052500 9739365689
-0.875000 1.820000 -0.122500 9739390763
-0.577500 1.802500 -0.052500 9739415695
-0.542500 2.327500 -0.350000 9739440717
-0.875000 3.867500 -0.192500 9739465691
-0.857500 13.930000 -0.647500 9739490770
-2.362500 5.285000 0.087500 9739515686
-1.207500 -4.777500 0.035000 9739540714
0.857500 -5.792500 0.035000 9739565681
0.980000 -6.370000 0.192500 9739590771
0.857500 5.372500 -0.262500 9739615695
-1.085000 -3.745000 -0.035000 9739640714
0.175000 -1.680000 -0.035000 9739665677
0.280000 1.470000 -0.192500 9739690706
-0.857500 1.120000 -0.210000 9739715688
-0.647500 0.490000 -0.210000 9739740709
-0.717500 0.927500 0.087500 9739765751
-0.875000 0.752500 -0.105000 9739790717
-0.507500 0.070000 -26.740000 9739815689
-0.227500 0.070000 -29.627501 9739840712
-0.105000 0.105000 -14.332500 9739865690
-0.402500 0.017500 -20.230000 9739890774
-0.227500 0.280000 -29.295000 9739915687
-0.175000 0.455000 -29.872499 9739940728
-0.420000 0.402500 -24.587500 9739965735
-0.507500 0.700000 -15.872500 9739990764
-0.437500 1.295000 -20.632500 9740015687
-0.385000 1.050000 -36.592499 9740040713
-0.297500 0.612500 -42.647499 9740065687
-0.122500 0.542500 -40.547501 9740090773
-0.280000 0.420000 -44.134998 9740115687
-0.210000 0.770000 -50.732502 9740140717
-0.122500 0.192500 -60.777500 9740165688
-0.070000 -0.455000 -63.910000 9740190718
-0.052500 -0.122500 -57.452499 9740216379
-0.157500 0.507500 -56.017502 9740240689
-0.332500 -0.105000 -60.077499 9740265687
-0.262500 -0.472500 -55.387501 9740290750
-0.035000 -0.420000 -48.247501 9740315686
-0.227500 -0.017500 -46.497501 9740340743
-0.035000 0.367500 -46.952499 9740365692
-0.332500 0.280000 -53.742500 9740390761
-0.087500 0.227500 -60.689999 9740415698
-0.210000 -0.017500 -63.349998 9740440712
-0.245000 -0.560000 -71.067497 9740465748
-0.105000 0.157500 -72.519997 9740490774
-0.192500 0.157500 -71.400002 9740515691
-0.052500 0.105000 -67.952499 9740540716
-0.087500 0.297500 -67.900002 9740565773
-0.245000 0.140000 -60.900002 9740590781
-0.087500 0.210000 -60.410000 9740615778
-0.245000 0.070000 -59.500000 9740640716
-0.420000 0.070000 -56.472500 9740665753
-0.385000 0.210000 -59.377499 9740690770
-0.122500 -0.437500 -71.977501 9740715775
-0.087500 -0.070000 -79.205002 9740740691
-0.297500 -0.385000 -76.544998 9740765773
-0.122500 0.192500 -72.625000 9740790782
-0.087500 -0.140000 -68.355003 9740815776
-0.350000 -0.122500 -63.927502 9740840713
-0.297500 0.490000 -65.012497 9740865773
-0.175000 -0.332500 -66.552498 9740890775
-0.157500 0.192500 -65.870003 9740915773
-0.350000 0.507500 -64.977501 9740940716
-0.192500 -0.140000 -64.855003 9740965728
-0.210000 -0.157500 -68.144997 9740990774
0.017500 -0.770000 -72.572502 9741015774
-0.087500 -1.032500 -70.297501 9741040744
-0.122500 -0.402500 -64.137497 9741066102
-0.175000 -0.560000 -54.915001 9741090856
-0.210000 0.472500 -53.112499 9741115777
-0.315000 0.472500 -55.527500 9741140720
-0.332500 -0.472500 -53.217499 9741165707
-0.297500 -0.087500 -46.392502 9741190775
-0.525000 -0.070000 -43.802502 9741215766
-0.385000 0.070000 -34.037498 9741240718
-0.612500 0.385000 -33.670002 9741265709
-0.682500 0.420000 -40.792500 9741290776
-0.420000 0.542500 -36.172501 9741315768
-0.402500 0.192500 -34.580002 9741340713
-0.542500 0.385000 -32.077499 9741365741
-0.385000 0.560000 -34.020000 9741390713
-0.402500 0.437500 -31.955000 9741415777
-0.472500 0.700000 -22.995001 9741440717
-0.525000 0.857500 -15.855000 9741465774
-0.577500 0.962500 -13.807500 9741490768
-0.227500 0.927500 -13.160000 9741515771
-0.595000 0.787500 -8.907500 9741540724
-0.717500 0.770000 -2.205000 9741565720
-0.735000 0.735000 0.227500 9741590776
-0.455000 0.700000 0.315000 9741615775
-0.560000 1.102500 0.052500 9741640727
-0.682500 0.945000 0.052500 9741665770
-0.437500 0.945000 -0.087500 9741690773
-0.647500 1.085000 -0.612500 9741715774
-0.525000 0.542500 -23.030001 9741740713
-0.682500 -0.052500 -45.447498 9741765719
-0.542500 0.367500 -54.617500 9741790708
-0.385000 0.087500 -54.792500 9741815711
-0.262500 0.087500 -52.920002 9741840711
-0.507500 0.280000 -53.392502 9741865712
-0.472500 0.507500 -57.750000 9741890774
-0.297500 0.210000 -61.529999 9741915744
-0.595000 0.122500 -63.630001 9741940711
-0.385000 0.280000 -56.192501 9741965726
-0.455000 0.332500 -53.305000 9741990770
-0.332500 -0.052500 -56.560001 9742015710
-0.577500 -0.630000 -60.095001 9742040714
-0.595000 -0.315000 -66.797501 9742065711
-0.490000 -0.227500 -81.847504 9742090713
-0.280000 -0.245000 -91.962502 9742115710
-0.297500 -0.490000 -107.397499 9742140710
-0.385000 0.227500 -111.947502 9742165712
-0.402500 -0.297500 -114.922501 9742190784
-0.385000 -0.437500 -115.237503 9742215711
-0.507500 -0.402500 -116.077499 9742240714
-0.227500 -0.682500 -110.057503 9742265739
-0.245000 0.157500 -103.057503 9742290773
-0.315000 -0.612500 -102.059998 9742315706
-0.210000 -0.017500 -85.400002 9742340711
-0.385000 0.350000 -72.205002 9742365769
-0.455000 0.700000 -73.482498 9742390775
-0.035000 -0.105000 -73.535004 9742415706
-0.472500 -0.227500 -71.540001 9742440714
-0.612500 -0.280000 -74.620003 9742465713
-0.542500 0.437500 -77.419998 9742490735
-0.402500 0.297500 -85.067497 9742515722
-0.315000 0.385000 -101.184998 9742540748
-0.577500 -0.297500 -113.400002 9742565771
0.070000 -1.312500 -142.485001 9742590777
-0.227500 -1.330000 -153.684998 9742615767
-0.210000 -0.770000 -153.369995 9742640719
-0.437500 -0.927500 -141.259995 9742665713
-0.472500 -0.910000 -123.514999 9742690771
-0.280000 -2.152500 -96.705002 9742715710
-0.542500 0.087500 -52.797501 9742740729
-0.472500 0.507500 -30.485001 9742765746
-0.560000 0.262500 -15.400000 9742790775
-0.665000 0.980000 -8.417500 9742815710
-0.805000 1.662500 -0.647500 9742840694
-0.560000 0.805000 -0.122500 9742865706
-0.717500 0.297500 -0.105000 9742890770
-0.525000 0.577500 0.175000 9742915769
-0.700000 0.805000 0.157500 9742940717
-0.350000 0.525000 -0.140000 9742965726
-0.735000 0.875000 -0.070000 9742990711
-0.630000 0.910000 0.087500 9743015706
-0.577500 0.840000 -8.575000 9743040692
-0.612500 0.822500 -10.220000 9743065768
-0.665000 0.822500 -11.725000 9743090772
-0.787500 1.067500 -12.407500 9743115724
