-0.960000 -1.200000 -1.560000 9733372026
-0.780000 -1.260000 -1.620000 9733397215
-1.140000 -1.260000 -1.620000 9733422370
-0.960000 -1.080000 -1.440000 9733447087
-0.960000 -1.080000 -1.680000 9733471986
-0.720000 -1.200000 -1.200000 9733497105
-1.140000 -1.020000 -1.380000 9733521981
-0.900000 -1.140000 -1.380000 9733547083
-0.900000 -1.020000 -1.260000 9733571985
-1.260000 -1.020000 -1.380000 9733597092
-1.080000 -1.200000 -1.440000 9733622034
-0.900000 -0.900000 -1.620000 9733647129
-0.960000 -1.080000 -1.320000 9733671990
-0.900000 -1.140000 -1.380000 9733697092
-0.900000 -1.020000 -1.380000 9733721988
-1.140000 -1.260000 -1.260000 9733747088
-1.080000 -1.200000 -1.680000 9733771965
-0.780000 -1.020000 -1.380000 9733797144
-0.900000 -0.900000 -1.380000 9733821985
-0.960000 -0.840000 -1.560000 9733847079
-0.900000 -1.140000 -1.380000 9733871984
-1.020000 -1.020000 -1.500000 9733896978
-1.260000 -1.140000 -1.380000 9733921972
-1.080000 -1.200000 -1.560000 9733947049
-1.440000 -1.200000 -1.560000 9733972206
-1.440000 -0.960000 -1.560000 9733996956
-1.680000 -1.440000 -1.440000 9734021965
-1.860000 -1.020000 -1.740000 9734046957
-1.860000 -0.900000 -1.260000 9734071983
-1.920000 -0.840000 -1.560000 9734096980
-1.800000 -0.960000 -1.200000 9734121984
-1.560000 -1.080000 -1.560000 9734146963
-1.860000 -1.140000 -1.140000 9734171981
-1.920000 -0.840000 -1.440000 9734196995
-2.460000 -1.020000 -1.260000 9734221979
-2.040000 -1.200000 -1.200000 9734246955
-2.100000 -1.260000 -1.500000 9734272151
-2.520000 -1.200000 -1.440000 9734296972
-2.520000 -1.200000 -1.320000 9734321970
-2.400000 -1.080000 -1.440000 9734347181
-2.340000 -0.780000 -1.740000 9734372296
-2.460000 -1.020000 -1.740000 9734397307
-2.880000 -1.080000 -1.440000 9734422160
-2.520000 -1.320000 -1.200000 9734447170
-3.060000 -1.260000 -1.380000 9734472173
-2.940000 -1.260000 -1.620000 9734497141
-3.240000 -1.440000 -1.440000 9734522174
-3.300000 -1.380000 -1.260000 9734547169
-3.180000 -1.260000 -1.500000 9734572189
-3.720000 -0.960000 -1.440000 9734597142
-3.600000 -1.560000 -1.080000 9734622312
-3.660000 -1.260000 -1.380000 9734647156
-3.960000 -1.560000 -1.320000 9734672172
-4.140000 -1.500000 -1.260000 9734697191
-4.080000 -1.560000 -1.440000 9734722185
-3.840000 -1.680000 -1.320000 9734747172
-4.320000 -1.320000 -1.200000 9734772183
-3.960000 -1.800000 -1.440000 9734797145
-4.260000 -1.860000 -1.500000 9734822183
-4.380000 -1.980000 -1.260000 9734847178
-4.620000 -1.860000 -1.140000 9734872315
-4.620000 -2.220000 -1.260000 9734897151
-4.380000 -2.220000 -1.500000 9734922179
-4.800000 -2.040000 -1.200000 9734947169
-4.740000 -1.860000 -1.140000 9734972204
-4.740000 -2.220000 -1.380000 9734997143
-4.980000 -2.340000 -1.020000 9735022187
-4.980000 -2.460000 -1.020000 9735047165
-5.040000 -2.520000 -1.200000 9735072167
-4.980000 -2.460000 -1.260000 9735097156
-5.100000 -2.580000 -1.260000 9735122300
-5.460000 -2.940000 -1.260000 9735147176
-5.280000 -2.760000 -1.320000 9735172186
-5.220000 -2.460000 -1.260000 9735197141
-5.160000 -2.760000 -1.440000 9735222352
-5.220000 -3.060000 -1.380000 9735247178
-5.520000 -3.000000 -0.960000 9735272171
-5.280000 -3.120000 -1.320000 9735297146
-5.340000 -3.180000 -1.260000 9735322188
-5.220000 -3.060000 -1.020000 9735347190
-5.340000 -2.940000 -1.260000 9735372304
-5.760000 -3.000000 -1.080000 9735397236
-5.700000 -3.180000 -1.260000 9735422167
-5.760000 -3.480000 -1.440000 9735447157
-5.760000 -3.360000 -1.440000 9735472206
-5.520000 -3.360000 -1.200000 9735497155
-5.880000 -3.480000 -1.320000 9735522173
-5.760000 -3.480000 -1.320000 9735547154
-5.700000 -3.900000 -1.140000 9735572167
-5.520000 -3.840000 -1.320000 9735597138
-5.580000 -3.900000 -1.380000 9735622294
-5.640000 -3.720000 -1.200000 9735647152
-5.880000 -3.960000 -1.200000 9735672169
-5.820000 -3.660000 -1.140000 9735697141
-5.880000 -3.840000 -1.080000 9735722187
-5.700000 -3.900000 -1.020000 9735747357
-6.060000 -4.140000 -1.140000 9735772184
-6.000000 -4.080000 -1.200000 9735797262
-5.400000 -3.720000 -1.080000 9735822186
-5.940000 -4.020000 -1.260000 9735847242
-5.760000 -3.840000 -1.320000 9735872326
-6.240000 -4.200000 -1.080000 9735897037
-5.760000 -4.080000 -1.320000 9735922520
-6.420000 -4.500000 -1.260000 9735947029
-5.520000 -4.200000 -1.320000 9735972376
-6.000000 -4.440000 -0.960000 9735997067
-5.760000 -4.440000 -1.200000 9736022088
-5.940000 -4.380000 -1.020000 9736047042
-6.300000 -4.380000 -1.260000 9736072046
-6.060000 -4.500000 -1.140000 9736097058
-6.180000 -4.140000 -1.140000 9736122184
-6.000000 -4.320000 -1.080000 9736147034
-5.820000 -4.500000 -1.380000 9736172029
-5.880000 -4.560000 -1.560000 9736197048
-6.120000 -4.440000 -1.200000 9736222040
-6.300000 -4.500000 -1.500000 9736247023
-5.820000 -4.260000 -1.140000 9736272322
-5.880000 -4.440000 -1.200000 9736297045
-5.820000 -4.380000 -1.260000 9736322035
-5.880000 -4.680000 -1.080000 9736347063
-5.940000 -4.260000 -1.020000 9736372168
-5.940000 -4.620000 -1.140000 9736397406
-5.820000 -4.860000 -1.380000 9736422079
-6.120000 -4.800000 -1.320000 9736447022
-5.880000 -5.040000 -1.200000 9736472034
-6.060000 -4.620000 -1.380000 9736497087
-5.820000 -4.860000 -1.380000 9736522525
-5.700000 -4.860000 -1.140000 9736547403
-5.940000 -4.860000 -1.260000 9736572033
-5.880000 -5.160000 -1.200000 9736597091
-5.760000 -5.040000 -1.080000 9736622168
-6.240000 -5.040000 -1.560000 9736647021
-5.940000 -5.340000 -1.380000 9736672040
-6.000000 -5.160000 -1.200000 9736697320
-6.060000 -5.220000 -1.260000 9736722499
-5.940000 -5.340000 -1.500000 9736747016
-6.120000 -5.520000 -1.320000 9736772318
-5.760000 -5.160000 -1.320000 9736797067
-5.700000 -5.700000 -1.140000 9736822041
-5.700000 -5.700000 -1.500000 9736847025
-5.880000 -5.520000 -1.200000 9736872164
-5.580000 -6.180000 -1.620000 9736897047
-5.940000 -6.180000 -1.260000 9736922039
-5.820000 -6.180000 -1.020000 9736947021
-5.820000 -6.180000 -1.380000 9736972132
-5.940000 -6.300000 -1.260000 9736997321
-5.880000 -6.240000 -1.320000 9737022038
-5.940000 -6.300000 -1.380000 9737047018
-5.700000 -6.660000 -1.620000 9737072311
-5.400000 -6.720000 -1.560000 9737097316
-5.580000 -6.780000 -1.380000 9737122163
-5.280000 -6.600000 -0.960000 9737147027
-5.520000 -7.080000 -1.320000 9737172306
-5.280000 -6.960000 -1.320000 9737197041
-5.700000 -7.140000 -1.260000 9737222040
-5.400000 -7.320000 -1.320000 9737247021
-5.460000 -7.260000 -1.140000 9737272021
-5.400000 -7.200000 -1.200000 9737297323
-5.460000 -7.500000 -0.900000 9737322044
-5.340000 -7.500000 -1.260000 9737347030
-4.920000 -7.440000 -1.080000 9737372149
-5.520000 -7.680000 -1.080000 9737397353
-5.220000 -7.500000 -1.260000 9737422102
-5.220000 -7.740000 -1.260000 9737447065
-5.040000 -7.920000 -1.200000 9737472318
-5.040000 -7.680000 -1.200000 9737497345
-4.920000 -7.800000 -1.200000 9737522328
-4.980000 -7.620000 -1.020000 9737547048
-4.920000 -7.920000 -1.080000 9737572502
-4.800000 -8.040000 -0.720000 9737597425
-4.740000 -7.860000 -1.260000 9737622621
-4.860000 -8.220000 -1.140000 9737647046
-5.040000 -7.920000 -1.440000 9737672407
-4.680000 -8.400000 -1.080000 9737697051
-4.620000 -8.340000 -1.020000 9737722612
-4.620000 -8.460000 -1.020000 9737747032
-4.320000 -8.520000 -1.080000 9737772027
-4.500000 -8.580000 -1.500000 9737797038
-4.860000 -8.820000 -1.380000 9737822029
-4.380000 -9.059999 -1.140000 9737847048
-4.440000 -8.880000 -1.080000 9737872403
-4.380000 -8.820000 -1.260000 9737897038
-4.560000 -8.880000 -1.320000 9737922027
-4.320000 -9.000000 -1.320000 9737947112
-4.260000 -8.940000 -1.140000 9737972466
-3.960000 -9.000000 -1.200000 9737997438
-3.840000 -9.000000 -1.200000 9738022654
-3.660000 -9.179999 -1.140000 9738047040
-3.660000 -8.940000 -1.500000 9738072394
-3.480000 -9.240000 -1.320000 9738097044
-3.600000 -9.120000 -1.200000 9738122601
-3.720000 -9.599999 -1.440000 9738147041
-3.300000 -9.660000 -1.140000 9738172046
-3.540000 -9.300000 -1.140000 9738197046
-2.940000 -9.420000 -1.140000 9738222593
-3.120000 -9.719999 -0.960000 9738247054
-3.060000 -9.660000 -1.380000 9738272025
-3.240000 -9.480000 -1.320000 9738297043
-2.880000 -9.719999 -1.200000 9738322594
-3.000000 -9.599999 -1.320000 9738347513
-2.760000 -9.719999 -1.080000 9738372143
-2.580000 -9.660000 -1.500000 9738397258
-2.460000 -9.780000 -1.140000 9738422595
-2.400000 -9.840000 -1.080000 9738447023
-2.040000 -9.840000 -1.320000 9738472031
-2.520000 -10.080000 -1.200000 9738497082
-2.640000 -10.080000 -1.320000 9738522585
-2.220000 -9.900000 -1.380000 9738547023
-2.280000 -9.960000 -1.440000 9738572027
-2.160000 -9.960000 -1.440000 9738597389
-1.980000 -10.020000 -1.260000 9738622618
-1.800000 -10.080000 -1.440000 9738647027
-1.980000 -10.380000 -1.380000 9738672044
-1.800000 -10.080000 -0.840000 9738697049
-1.860000 -10.020000 -1.380000 9738722032
-1.860000 -10.139999 -1.020000 9738747024
-1.440000 -9.960000 -0.960000 9738772029
-1.800000 -10.080000 -1.200000 9738797355
-1.440000 -9.960000 -1.320000 9738822025
-1.380000 -10.260000 -1.260000 9738847025
-1.380000 -10.139999 -1.140000 9738872405
-1.260000 -10.020000 -1.380000 9738897545
-1.440000 -10.080000 -1.200000 9738922026
-1.560000 -10.200000 -1.320000 9738947021
-1.500000 -10.139999 -1.380000 9738972136
-1.380000 -10.260000 -1.260000 9738997049
-1.140000 -10.020000 -0.900000 9739022032
-1.500000 -10.260000 -1.260000 9739047028
-1.320000 -10.440000 -1.440000 9739072506
-1.440000 -9.840000 -1.440000 9739097058
-1.140000 -9.900000 -1.140000 9739122684
-1.440000 -10.320000 -1.200000 9739147042
-1.380000 -10.139999 -1.140000 9739172513
-0.960000 -9.960000 -1.440000 9739197043
-1.080000 -9.960000 -1.200000 9739222703
-0.960000 -9.840000 -1.440000 9739247037
-1.140000 -10.139999 -1.380000 9739272504
-1.080000 -10.200000 -1.080000 9739297048
-1.140000 -10.260000 -1.140000 9739322699
-1.020000 -10.139999 -1.260000 9739347036
-1.020000 -10.139999 -1.260000 9739372502
-1.020000 -10.260000 -1.020000 9739397159
-1.380000 -10.260000 -1.140000 9739422701
-1.200000 -10.200000 -1.440000 9739447031
-0.660000 -10.139999 -1.260000 9739472496
-0.840000 -9.960000 -1.200000 9739497042
-1.440000 -10.200000 -1.320000 9739522688
-1.020000 -9.780000 -1.140000 9739547023
-0.660000 -10.139999 -1.020000 9739572489
-1.080000 -10.200000 -1.080000 9739597086
-1.140000 -10.139999 -1.260000 9739622697
-1.020000 -10.260000 -1.380000 9739647029
-0.840000 -9.960000 -1.080000 9739672477
-1.020000 -10.380000 -0.900000 9739697415
-1.140000 -9.900000 -1.260000 9739722704
-0.900000 -9.900000 -1.020000 9739747027
-1.260000 -10.139999 -1.020000 9739772026
-0.780000 -10.260000 -1.140000 9739797403
-0.960000 -10.200000 -1.200000 9739822691
-1.020000 -10.260000 -1.140000 9739847030
-0.540000 -10.139999 -1.020000 9739872502
-0.780000 -10.139999 -1.380000 9739897049
-0.720000 -9.960000 -1.200000 9739922692
-0.780000 -10.260000 -1.020000 9739947054
-0.720000 -10.200000 -1.200000 9739972141
-0.600000 -10.200000 -1.320000 9739997019
-0.840000 -10.080000 -1.560000 9740022507
-0.180000 -9.780000 -1.500000 9740047024
-0.300000 -10.020000 -1.140000 9740072589
-0.360000 -10.440000 -1.080000 9740097056
-0.180000 -10.139999 -1.500000 9740122696
-0.120000 -10.080000 -1.560000 9740147027
-0.060000 -10.139999 -1.380000 9740173207
0.300000 -10.020000 -1.260000 9740197404
0.360000 -10.080000 -1.320000 9740222154
0.420000 -10.260000 -1.020000 9740247061
0.360000 -9.960000 -1.320000 9740272518
0.480000 -10.080000 -1.440000 9740297011
0.480000 -9.599999 -1.320000 9740322726
0.660000 -9.660000 -1.500000 9740347065
0.840000 -9.960000 -0.960000 9740372515
0.720000 -9.599999 -1.440000 9740397511
1.020000 -9.780000 -1.260000 9740422728
1.260000 -9.660000 -1.380000 9740447015
1.200000 -9.719999 -1.200000 9740472048
1.500000 -9.780000 -1.260000 9740497055
1.500000 -9.660000 -1.500000 9740522686
1.620000 -9.540000 -1.140000 9740547025
1.800000 -9.240000 -0.720000 9740572046
1.800000 -9.240000 -1.320000 9740597053
1.560000 -9.000000 -1.200000 9740622178
2.280000 -9.360000 -1.320000 9740647028
2.040000 -8.760000 -1.320000 9740672026
2.160000 -8.880000 -1.200000 9740697057
2.520000 -8.760000 -0.960000 9740722053
2.400000 -8.880000 -1.320000 9740747634
2.400000 -8.760000 -1.320000 9740772049
2.760000 -8.400000 -1.560000 9740797052
2.880000 -8.400000 -1.200000 9740822053
2.760000 -8.160000 -1.440000 9740847032
2.880000 -8.280000 -1.320000 9740872173
3.060000 -8.340000 -1.380000 9740897052
2.880000 -7.920000 -1.320000 9740922049
3.180000 -7.620000 -1.380000 9740947028
3.060000 -7.740000 -1.140000 9740972590
2.880000 -7.800000 -1.440000 9740997074
2.940000 -7.620000 -1.620000 9741022058
3.300000 -7.260000 -1.140000 9741047138
3.300000 -7.140000 -1.260000 9741072094
3.300000 -7.140000 -1.380000 9741097184
3.480000 -6.840000 -1.200000 9741122178
3.240000 -6.960000 -1.080000 9741147056
3.480000 -6.960000 -1.200000 9741172539
3.300000 -6.420000 -1.140000 9741197052
3.600000 -6.720000 -1.080000 9741222038
3.360000 -6.600000 -1.560000 9741247031
3.240000 -6.720000 -1.200000 9741272414
3.420000 -6.540000 -1.620000 9741297051
3.420000 -6.300000 -1.260000 9741322038
3.540000 -6.060000 -1.260000 9741347079
3.180000 -5.820000 -1.620000 9741372477
3.240000 -6.000000 -1.440000 9741397429
3.660000 -6.060000 -1.500000 9741422057
3.480000 -6.000000 -1.200000 9741447031
3.720000 -6.000000 -1.440000 9741472043
3.240000 -5.880000 -1.320000 9741497039
3.540000 -6.060000 -1.140000 9741522104
3.060000 -6.060000 -1.740000 9741547039
3.300000 -6.060000 -1.260000 9741572407
3.180000 -6.060000 -1.620000 9741597092
3.420000 -6.060000 -1.260000 9741622170
3.420000 -6.060000 -1.140000 9741647049
3.300000 -6.060000 -1.260000 9741672094
3.600000 -5.880000 -1.320000 9741697048
3.660000 -5.820000 -1.380000 9741722047
3.180000 -5.940000 -1.380000 9741747022
3.480000 -5.640000 -1.200000 9741772402
3.300000 -5.580000 -1.380000 9741797415
3.600000 -5.520000 -1.440000 9741822603
3.360000 -5.400000 -1.560000 9741847027
3.540000 -5.580000 -1.620000 9741872389
3.060000 -5.100000 -1.260000 9741897048
3.240000 -5.040000 -1.320000 9741922018
3.300000 -4.980000 -1.380000 9741947020
3.240000 -4.920000 -1.200000 9741972458
3.180000 -4.740000 -1.260000 9741997049
3.120000 -4.440000 -1.560000 9742022610
3.120000 -4.680000 -1.440000 9742047042
3.240000 -4.320000 -1.440000 9742072393
2.820000 -4.260000 -1.380000 9742097417
2.820000 -4.020000 -1.380000 9742122595
2.940000 -3.780000 -1.740000 9742147026
2.940000 -3.540000 -1.380000 9742172392
2.940000 -3.420000 -1.140000 9742197092
2.400000 -3.000000 -1.440000 9742222586
2.400000 -3.240000 -1.680000 9742247022
2.220000 -2.940000 -1.500000 9742272014
2.100000 -2.580000 -1.380000 9742297045
2.220000 -2.580000 -1.620000 9742322592
1.620000 -2.460000 -1.380000 9742347028
1.680000 -2.400000 -1.440000 9742372203
1.740000 -1.980000 -1.260000 9742397051
1.680000 -2.280000 -1.320000 9742422647
1.620000 -1.860000 -1.380000 9742447028
1.080000 -1.920000 -1.560000 9742472404
1.080000 -1.800000 -1.320000 9742497589
1.020000 -1.740000 -1.620000 9742522625
1.320000 -1.920000 -1.680000 9742547079
0.720000 -1.800000 -1.440000 9742572067
0.540000 -1.380000 -1.380000 9742597060
0.540000 -1.080000 -1.320000 9742622155
-0.420000 -1.140000 -1.620000 9742647035
-0.240000 -0.960000 -1.560000 9742672399
-0.660000 -1.140000 -1.740000 9742697048
-0.900000 -1.020000 -1.500000 9742722610
-1.200000 -1.320000 -1.560000 9742747035
-1.260000 -1.380000 -1.500000 9742772017
-0.960000 -1.200000 -1.560000 9742797087
-1.260000 -0.900000 -1.620000 9742822591
-1.380000 -1.020000 -1.500000 9742847508
-1.200000 -1.080000 -1.680000 9742872388
-1.080000 -1.320000 -1.440000 9742897032
-1.260000 -1.020000 -1.620000 9742922043
-1.020000 -0.900000 -1.500000 9742947021
-1.080000 -0.840000 -1.440000 9742972462
-1.440000 -1.080000 -1.560000 9742997412
-1.260000 -1.020000 -1.740000 9743022607
-1.500000 -1.140000 -1.380000 9743047382
-1.380000 -1.260000 -1.380000 9743072178
-1.140000 -1.140000 -1.620000 9743097241
