-9.443805 0.254973 0.107873 29457861675
-9.502645 0.304006 0.196133 29457884635
-9.541871 0.294200 0.166713 29457909630
-9.483032 0.225553 0.147100 29457934628
-9.355545 0.186326 0.245166 29457959645
-9.502645 0.166713 0.196133 29457984639
-9.590905 0.117680 0.205940 29458009641
-9.826264 0.176520 0.147100 29458034775
-9.747811 0.176520 0.127486 29458059773
-9.708585 0.058840 0.058840 29458084772
-9.904717 0.029420 0.176520 29458109769
-10.346016 -0.098067 0.264780 29458134959
-10.208724 -0.137293 0.382459 29458159966
-10.071430 -0.333426 0.549172 29458184954
-10.355824 -0.353039 0.431493 29458209950
-10.522536 -0.196133 0.931632 29458234964
-10.159691 -0.284393 1.098345 29458259946
-9.943945 -0.343233 0.951245 29458284941
-10.012591 -0.304006 0.774725 29458309952
-9.914525 -0.362846 0.961052 29458334934
-9.836071 -0.460913 0.853179 29458359964
-9.787038 -0.519753 0.755112 29458384954
-9.541871 -0.509946 0.941439 29458409948
-10.061625 -0.657046 0.451106 29458434954
-10.306790 -0.745305 0.333426 29458459959
-10.238144 -0.862985 0.500139 29458484947
-10.051817 -0.951245 0.627626 29458509952
-9.894911 -1.166991 2.510503 29458534930
-9.943945 -0.676659 2.765476 29458559955
-10.091044 -1.157185 1.284671 29458584942
-9.983171 -1.451384 0.029420 29458609946
-9.894911 -0.990472 -0.078453 29458634958
-10.414664 -1.088538 0.843372 29458659944
-10.218531 -1.019892 1.010085 29458684939
-9.836071 -1.147378 0.862985 29458709965
-9.992978 -1.225831 0.686466 29458734933
-10.208724 -0.990472 0.676659 29458759960
-10.159691 -0.578592 1.235638 29458784941
-10.130271 -0.833565 0.490333 29458809950
-9.845878 -0.460913 0.951245 29458834947
-9.973364 -0.392266 1.059118 29458859943
-10.208724 -0.451106 0.696272 29458884954
-10.022397 -0.176520 0.961052 29458909947
-10.208724 -0.392266 0.451106 29458934943
-10.110658 0.156906 1.000278 29458959962
-10.189111 0.529559 1.216025 29458984950
-9.845878 0.098067 0.735499 29459009943
-9.659552 0.676659 1.176798 29459034961
-10.071430 0.970859 0.666852 29459059951
-10.189111 1.059118 0.941439 29459084929
-9.688972 1.784810 1.559257 29459109981
-9.836071 1.794617 1.686744 29459134926
-9.649745 2.039783 1.980944 29459159950
-9.522259 2.245723 1.824037 29459184930
-9.443805 2.618376 1.931910 29459209941
-9.639938 2.716442 2.383016 29459234946
-9.228059 3.500974 2.530116 29459259944
-8.796566 4.383573 2.755669 29459284940
-8.767146 3.334261 2.245723 29459309957
-8.335654 4.158020 2.608569 29459334926
-8.257200 4.932746 2.755669 29459359940
-8.051261 5.060232 2.618376 29459384934
-7.757061 4.775839 3.059675 29459409936
-7.815901 4.785646 3.138128 29459434945
-7.639381 4.991585 2.755669 29459459942
-7.041175 5.070039 2.922382 29459484941
-6.550843 5.168105 3.667687 29459509957
-5.805537 6.001670 3.961887 29459534917
-5.374044 6.531229 4.609126 29459559968
-5.011199 6.805816 3.667687 29459584940
-5.109265 6.864655 4.138407 29459609949
-5.629018 6.550843 4.040340 29459634948
-5.511338 6.923496 3.599041 29459659941
-3.628461 7.913968 4.187440 29459684934
-3.167548 8.247394 4.824872 29459709955
-3.265615 8.776953 4.432606 29459734931
-3.236195 7.992421 3.991307 29459759922
-2.471276 7.178468 4.667966 29459784935
-2.029977 7.658995 4.815066 29459809976
-1.784810 7.835515 4.942552 29459834957
-1.470998 7.541315 5.099458 29459859942
-0.990472 6.384130 5.364238 29459884941
-0.931632 6.550843 5.982057 29459909959
-1.059118 7.031369 6.354710 29459934935
-1.323898 7.433442 6.158577 29459959953
-0.784532 6.796009 6.148770 29459984937
-0.666852 7.227501 6.325290 29460009953
-0.735499 7.433442 6.550843 29460034945
-0.098067 7.521701 5.825150 29460059951
0.284393 7.639381 5.795731 29460084933
0.156906 7.776674 6.472390 29460109956
-0.980665 7.658995 8.453333 29460134926
-0.186326 7.786481 6.599876 29460159946
0.578592 8.139521 6.109544 29460184941
0.362846 8.168941 6.070317 29460209965
0.441299 8.041454 6.756783 29460234961
0.931632 8.110101 6.678329 29460259941
1.166991 8.335654 6.903882 29460284933
1.480804 8.875020 6.658716 29460309956
1.637711 9.404578 5.972251 29460334934
2.118237 9.345738 6.452776 29460359956
1.725971 8.933860 6.256643 29460384948
1.186605 8.286621 6.560650 29460409957
0.558979 7.619768 6.894075 29460435130
-0.039227 6.923496 7.227501 29460459955
-0.088260 6.952915 7.247115 29460484955
-0.117680 7.109822 7.149048 29460509949
0.029420 7.198082 7.188275 29460535101
0.323619 7.237308 7.168662 29460559944
0.205940 7.198082 7.207889 29460584957
0.196133 7.149048 7.247115 29460609955
0.147100 7.217695 7.119628 29460635248
-0.205940 7.168662 7.188275 29460659951
-0.382459 7.119628 7.070595 29460684931
-0.196133 7.149048 6.854849 29460709973
-0.382459 6.972529 6.923496 29460734940
-0.519753 6.923496 7.031369 29460759952
-0.666852 6.952915 7.080402 29460784954
-0.588399 6.992142 7.080402 29460809947
-0.323619 6.962722 7.198082 29460834928
-0.254973 6.766589 7.443248 29460859956
-0.127486 6.678329 7.443248 29460884957
-0.049033 6.727362 7.443248 29460909950
-0.039227 6.972529 7.276535 29460934946
-0.019613 6.962722 7.080402 29460959944
0.039227 6.972529 6.943109 29460984957
0.088260 6.933302 6.952915 29461009942
-0.156906 6.786202 7.100015 29461034941
-0.137293 6.815622 7.060789 29461059941
-0.147100 6.835236 7.080402 29461084938
-0.098067 6.854849 7.070595 29461109954
0.058840 6.805816 7.364795 29461134959
0.107873 6.756783 7.374601 29461159928
0.088260 6.835236 7.404021 29461184948
0.009807 6.845042 7.266728 29461209947
-0.156906 6.796009 7.247115 29461234935
-0.254973 6.845042 7.335375 29461259940
-0.323619 6.776396 7.374601 29461284941
-0.431493 6.756783 7.404021 29461309959
-0.392266 6.746976 7.492281 29461334933
-0.382459 6.697943 7.502088 29461359930
-0.274586 6.609683 7.590348 29461384943
-0.156906 6.442970 7.639381 29461409930
-0.088260 6.482196 7.600155 29461434917
-0.058840 6.423357 7.551122 29461459932
-0.058840 6.335097 7.364795 29461484924
0.019613 6.178190 7.247115 29461510545
-0.009807 6.227223 7.198082 29461534945
-0.039227 6.344903 7.149048 29461559922
-0.049033 6.492003 7.139242 29461584943
-0.058840 6.482196 7.325568 29461609933
-0.078453 6.482196 7.374601 29461634931
-0.215746 6.521423 7.453054 29461659928
-0.254973 6.570456 7.531508 29461684933
-0.343233 6.619490 7.600155 29461709937
-0.441299 6.658716 7.619768 29461734938
