1.020000 -7.020000 -2.580000 29457874007
1.020000 -6.900000 -2.700000 29457898906
1.200000 -7.080000 -2.760000 29457923921
1.260000 -7.380000 -2.580000 29457949134
0.900000 -7.260000 -2.820000 29457973970
1.260000 -7.140000 -2.820000 29457998910
0.960000 -7.080000 -2.520000 29458025321
1.200000 -7.560000 -2.760000 29458049352
1.320000 -7.200000 -2.640000 29458074423
1.380000 -7.020000 -2.700000 29458099360
0.960000 -7.200000 -2.640000 29458125119
1.200000 -7.200000 -2.640000 29458150750
1.020000 -7.260000 -2.580000 29458175293
0.900000 -7.260000 -2.700000 29458200335
1.140000 -7.020000 -2.820000 29458225119
1.200000 -7.080000 -2.760000 29458250106
0.960000 -7.080000 -2.520000 29458275255
1.200000 -7.080000 -2.880000 29458300608
0.960000 -6.840000 -2.760000 29458325128
1.020000 -7.140000 -2.460000 29458350915
0.840000 -7.080000 -2.760000 29458375263
1.020000 -7.260000 -2.820000 29458400313
1.320000 -6.960000 -2.760000 29458425103
1.380000 -7.020000 -2.580000 29458450359
1.260000 -7.020000 -2.820000 29458475219
0.840000 -7.200000 -2.760000 29458500318
0.960000 -7.080000 -2.640000 29458525111
1.140000 -7.020000 -2.820000 29458550889
1.080000 -6.960000 -2.520000 29458575232
1.200000 -7.320000 -2.760000 29458600542
1.200000 -7.200000 -2.880000 29458625117
1.020000 -7.500000 -2.820000 29458650111
0.960000 -7.440000 -2.520000 29458675512
1.440000 -7.320000 -2.880000 29458700338
1.260000 -7.500000 -2.820000 29458725127
1.080000 -7.440000 -2.880000 29458750114
1.020000 -7.620000 -2.700000 29458775266
1.080000 -7.560000 -2.400000 29458800318
1.320000 -7.560000 -2.640000 29458825134
1.380000 -7.740000 -2.700000 29458850128
0.960000 -7.680000 -2.760000 29458875284
1.080000 -7.920000 -2.520000 29458901597
0.960000 -7.680000 -2.400000 29458925977
0.660000 -8.099999 -2.580000 29458951195
1.020000 -8.220000 -2.340000 29458976356
0.900000 -8.340000 -2.580000 29459001451
0.840000 -8.400000 -2.520000 29459026737
0.300000 -8.220000 -2.700000 29459051198
0.360000 -8.400000 -2.520000 29459076294
0.300000 -8.460000 -2.460000 29459101797
0.300000 -8.280000 -2.760000 29459126343
-0.360000 -8.880000 -2.640000 29459151189
-0.240000 -8.280000 -2.280000 29459176326
-0.480000 -8.400000 -2.520000 29459201396
-0.780000 -8.700000 -2.820000 29459226773
-0.840000 -8.400000 -2.880000 29459251206
-0.900000 -8.099999 -2.700000 29459276290
-0.900000 -8.099999 -2.700000 29459301393
-1.380000 -8.580000 -2.580000 29459326202
-1.380000 -7.860000 -2.700000 29459351184
-1.440000 -8.040000 -2.640000 29459376439
-1.620000 -8.099999 -2.940000 29459401396
-2.100000 -7.980000 -2.700000 29459426698
-1.800000 -7.800000 -2.760000 29459451185
-2.340000 -7.620000 -3.180000 29459476280
-2.280000 -7.560000 -3.000000 29459501390
-2.280000 -7.320000 -2.880000 29459526181
-2.400000 -7.200000 -2.880000 29459551180
-2.580000 -7.380000 -2.940000 29459576310
-2.640000 -6.840000 -3.240000 29459601400
-2.640000 -6.840000 -3.120000 29459626902
-2.820000 -6.780000 -2.940000 29459651222
-2.880000 -6.840000 -2.760000 29459676270
-2.820000 -6.420000 -2.820000 29459701195
-2.880000 -6.240000 -2.520000 29459725971
-2.880000 -6.000000 -2.880000 29459750969
-2.520000 -5.520000 -2.880000 29459775977
-3.060000 -5.340000 -3.180000 29459801970
-2.820000 -5.340000 -3.420000 29459825910
-2.580000 -5.100000 -3.420000 29459850888
-2.760000 -4.680000 -2.880000 29459875977
-2.460000 -4.740000 -3.180000 29459901712
-2.280000 -4.800000 -3.240000 29459925857
-2.220000 -4.620000 -3.180000 29459950843
-1.800000 -4.560000 -3.480000 29459976525
-1.800000 -4.680000 -3.360000 29460001102
-1.740000 -4.740000 -3.300000 29460025839
-1.620000 -4.500000 -2.940000 29460050304
-1.140000 -4.620000 -3.300000 29460075437
-1.140000 -4.740000 -3.060000 29460101005
-0.960000 -4.440000 -3.360000 29460125249
-1.140000 -4.620000 -3.300000 29460150230
-0.900000 -4.500000 -3.180000 29460175351
-0.780000 -4.500000 -3.060000 29460200493
-0.960000 -4.680000 -3.240000 29460225226
-0.540000 -4.620000 -3.060000 29460250253
-0.420000 -4.140000 -3.300000 29460275358
-0.780000 -4.380000 -3.060000 29460301091
-0.780000 -4.620000 -3.060000 29460325249
-0.420000 -4.740000 -3.180000 29460350251
-0.540000 -4.620000 -3.060000 29460375378
-0.240000 -4.320000 -3.240000 29460400459
-0.480000 -4.320000 -3.000000 29460425226
-0.120000 -4.200000 -2.760000 29460450241
-0.060000 -4.380000 -2.940000 29460475349
-0.360000 -4.200000 -3.120000 29460500956
-0.360000 -4.320000 -2.880000 29460525230
-0.300000 -4.020000 -2.940000 29460550248
-0.300000 -4.140000 -3.180000 29460575364
-0.120000 -3.720000 -3.120000 29460600443
0.060000 -4.140000 -2.820000 29460625247
0.180000 -4.020000 -3.300000 29460650438
0.240000 -3.960000 -2.760000 29460676066
0.120000 -4.080000 -3.120000 29460700485
0.120000 -3.840000 -3.000000 29460725238
0.180000 -3.780000 -3.060000 29460750224
0.180000 -4.020000 -2.940000 29460775851
0.060000 -4.020000 -2.700000 29460800437
-0.180000 -4.020000 -3.060000 29460825231
-0.180000 -3.780000 -2.940000 29460851438
0.060000 -3.780000 -2.700000 29460875960
-0.120000 -4.080000 -2.760000 29460901064
0.180000 -4.140000 -2.940000 29460925858
-0.120000 -4.080000 -2.880000 29460950920
-0.120000 -4.080000 -3.000000 29460976518
-0.060000 -4.020000 -3.060000 29461001253
-0.180000 -3.900000 -2.820000 29461025918
0.120000 -3.960000 -2.760000 29461050891
-0.360000 -3.960000 -2.880000 29461075965
-0.360000 -4.080000 -2.760000 29461101039
-0.180000 -3.660000 -2.700000 29461125863
-0.240000 -3.720000 -3.000000 29461150833
-0.180000 -3.900000 -2.700000 29461176462
-0.240000 -3.840000 -3.000000 29461201070
-0.120000 -3.960000 -2.760000 29461225825
-0.240000 -3.840000 -3.120000 29461250833
-0.480000 -3.840000 -3.120000 29461276016
0.120000 -3.720000 -3.120000 29461300742
-0.540000 -3.900000 -2.940000 29461325847
-0.240000 -3.600000 -2.760000 29461350817
-0.540000 -3.540000 -3.180000 29461376547
-0.540000 -3.540000 -3.060000 29461401036
-0.360000 -3.720000 -3.000000 29461425792
-0.720000 -3.360000 -2.760000 29461450815
-0.420000 -3.420000 -3.060000 29461475920
-0.600000 -3.840000 -2.880000 29461500994
-0.480000 -3.480000 -2.520000 29461525135
-0.360000 -3.360000 -3.000000 29461550092
-0.720000 -3.240000 -2.880000 29461575229
-0.540000 -3.780000 -2.820000 29461600325
-0.360000 -3.720000 -2.760000 29461625092
-0.600000 -3.600000 -2.760000 29461650696
-0.600000 -3.840000 -2.880000 29461675237
-0.540000 -3.660000 -2.940000 29461700297
-0.900000 -3.780000 -2.700000 29461725092
