-0.013161 0.173480 10.108479 64210388.000000
0.035892 0.166301 10.162319 64310524.000000
0.025125 0.151944 10.188639 64410512.000000
0.015553 0.167498 10.180264 64510568.000000
0.029910 0.159123 10.181459 64610524.000000
0.033500 0.167498 10.164711 64710512.000000
0.020339 0.196211 10.217353 64810688.000000
0.038285 0.163908 10.169496 64910984.000000
0.008375 0.165105 10.194620 65010968.000000
0.011964 0.131605 10.182656 65110924.000000
0.033500 0.174676 10.201799 65211036.000000
0.011964 0.139980 10.191031 65310964.000000
0.049053 0.177069 10.189835 65410884.000000
0.034696 0.150748 10.189835 65510880.000000
0.017946 0.157926 10.179067 65611080.000000
0.022732 0.161516 10.217353 65711344.000000
0.008375 0.156730 10.211370 65811244.000000
0.014357 0.185444 10.170692 65911064.000000
0.001196 0.191426 10.185050 66016000.000000
0.028714 0.174676 10.177871 66116696.000000
0.028714 0.187837 10.229317 66215828.000000
0.015553 0.177069 10.237692 66316416.000000
0.027517 0.179462 10.193424 66416000.000000
0.027517 0.189033 10.144372 66516532.000000
0.033500 0.143569 10.192227 66616080.000000
0.050249 0.147159 10.193424 66716516.000000
0.037089 0.162712 10.205389 66815968.000000
0.026321 0.173480 10.212566 66916712.000000
0.023928 0.175872 10.195816 67016224.000000
0.004786 0.165105 10.170692 67116528.000000
0.001196 0.160319 10.152746 67216000.000000
0.014357 0.161516 10.187442 67316544.000000
0.033500 0.174676 10.195816 67416160.000000
0.016750 0.166301 10.137194 67516504.000000
0.004786 0.169890 10.194620 67616360.000000
0.002393 0.195015 10.180264 67716168.000000
0.021535 0.147159 10.173084 67816352.000000
0.035892 0.150748 10.211370 67916608.000000
0.008375 0.147159 10.185050 68017840.000000
0.040678 0.168694 10.163515 68116832.000000
0.001196 0.166301 10.176675 68216584.000000
0.032303 0.151944 10.183852 68316376.000000
0.028714 0.167498 10.218549 68416984.000000
0.022732 0.174676 10.200603 68516368.000000
0.019143 0.179462 10.165908 68616536.000000
0.027517 0.181855 10.185050 68716824.000000
0.028714 0.167498 10.157533 68816512.000000
0.028714 0.187837 10.182656 68915760.000000
0.051446 0.172283 10.156336 69016128.000000
0.020339 0.156730 10.161121 69115856.000000
0.055035 0.171087 10.188639 69217096.000000
0.020339 0.183051 10.163515 69315920.000000
0.031107 0.171087 10.169496 69416296.000000
0.014357 0.137587 10.202995 69515928.000000
0.023928 0.190229 10.189835 69616736.000000
0.034696 0.191426 10.210175 69716504.000000
0.053839 0.160319 10.169496 69816336.000000
0.034696 0.165105 10.213763 69916768.000000
0.025125 0.193819 10.187442 70016096.000000
0.025125 0.168694 10.149158 70116384.000000
0.046660 0.192622 10.207782 70216000.000000
-0.002393 0.157926 10.214959 70316104.000000
0.007178 0.153141 10.189835 70416424.000000
0.137587 0.184247 9.906286 70515952.000000
0.399601 0.138784 8.985049 70616864.000000
0.228515 0.202193 10.163515 70716168.000000
0.210568 0.159123 10.183852 70816320.000000
0.239282 0.143569 10.171888 70916160.000000
0.282353 0.148355 10.168301 71016528.000000
0.552742 0.099302 10.046266 71116384.000000
0.664008 0.084945 10.217353 71216320.000000
0.960718 -0.068195 9.962516 71315912.000000
1.259821 0.007178 10.378868 71416720.000000
1.800599 0.029910 9.945767 71515944.000000
2.437090 0.041874 9.785448 71616552.000000
3.163311 0.108873 9.783055 71716016.000000
4.147958 -0.031107 9.141779 71816320.000000
4.985445 0.026321 8.675179 71916120.000000
5.698507 0.102891 8.409575 72016328.000000
6.285945 0.026321 8.093722 72116096.000000
6.933204 0.015553 7.310073 72216440.000000
7.312466 0.092124 7.456036 72316304.000000
7.805387 0.025125 5.705685 72416064.000000
8.086544 0.089731 5.960521 72516360.000000
8.376076 0.076570 5.581259 72616040.000000
8.621340 0.124427 4.352544 72716624.000000
8.955138 0.061017 4.242475 72816040.000000
9.113065 0.112463 4.095316 72916208.000000
9.278170 0.075374 3.863212 73016120.000000
9.419346 0.096909 3.876373 73116016.000000
9.552148 0.098106 2.248057 73216304.000000
9.552148 0.093320 2.361716 73316792.000000
9.677772 0.063410 1.887937 73416464.000000
9.690931 0.082552 1.743171 73516968.000000
9.700503 0.084945 1.671387 73616264.000000
9.718449 0.045464 1.216750 73716416.000000
9.714860 0.050249 0.794417 73816840.000000
9.762716 0.032303 0.480957 73916680.000000
9.766305 0.086142 0.733400 74016184.000000
9.747163 0.038285 0.697508 74116944.000000
9.763913 0.025125 0.320638 74216808.000000
9.748360 0.026321 0.577867 74316992.000000
9.710074 0.043071 0.488136 74418520.000000
9.755538 0.019143 0.531207 74516032.000000
9.749557 0.025125 0.440279 74615920.000000
9.743573 0.056231 0.705883 74715768.000000
9.765109 0.013161 1.282553 74815760.000000
9.743573 0.068195 1.452443 74916392.000000
9.729217 0.034696 1.141376 75015600.000000
9.738789 0.057428 1.027717 75115896.000000
9.884750 0.022732 1.697708 75215616.000000
9.753145 0.062213 0.935594 75315728.000000
9.729217 0.056231 1.172483 75415568.000000
9.734003 0.052642 0.655633 75515904.000000
9.744770 0.049053 1.397408 75615568.000000
9.744770 0.058624 1.051646 75715808.000000
9.757930 0.038285 0.720240 75815760.000000
9.726824 0.052642 1.252643 75915856.000000
9.739985 0.052642 1.088734 76015736.000000
9.741181 0.066999 0.832702 76115672.000000
9.726824 0.049053 0.653241 76215936.000000
9.763913 0.019143 1.131805 76315784.000000
9.729217 0.040678 0.940379 76415888.000000
9.750752 0.071785 0.882952 76515840.000000
9.774680 0.050249 1.004985 76615560.000000
9.777073 0.044267 0.470190 76715504.000000
9.763913 0.022732 0.997807 76816256.000000
9.716056 0.050249 0.681954 76915600.000000
9.772287 0.045464 1.014557 77015840.000000
9.731609 0.072981 0.933201 77115928.000000
9.774680 0.045464 0.869791 77215952.000000
9.787841 0.037089 0.770489 77315872.000000
9.768698 0.021535 0.711865 77415744.000000
9.731609 0.069392 1.130609 77515600.000000
9.741181 0.069392 1.074377 77615704.000000
9.712467 0.077767 1.207179 77715784.000000
9.722038 0.059821 1.112662 77815768.000000
9.729217 0.065803 1.136591 77915768.000000
9.724431 0.062213 0.990629 78015776.000000
9.705289 0.047856 1.015753 78115536.000000
9.723234 0.072981 1.026521 78215720.000000
9.747163 0.070588 0.933201 78319080.000000
9.768698 0.026321 0.868595 78415416.000000
9.756735 0.025125 0.897308 78515336.000000
9.854840 -0.004786 0.726222 78615512.000000
9.734003 0.131605 1.914258 78715440.000000
9.751948 0.040678 0.884148 78815552.000000
9.755538 0.037089 0.837488 78915616.000000
9.754342 0.082552 1.119841 79015680.000000
9.732806 0.081356 0.942772 79115848.000000
9.728020 0.062213 0.989432 79215944.000000
9.728020 0.063410 0.842274 79315800.000000
9.755538 0.039482 0.952343 79415824.000000
9.730413 0.040678 0.927219 79515824.000000
9.725628 0.051446 1.129412 79615616.000000
9.743573 0.063410 1.025324 79715760.000000
9.711270 0.059821 1.182054 79815552.000000
9.737592 0.033500 0.788435 79915864.000000
9.756735 0.055035 0.823131 80017760.000000
9.786645 0.026321 0.693919 80115744.000000
9.762716 0.031107 0.710668 80215800.000000
9.763913 0.053839 0.964308 80315568.000000
9.763913 0.049053 1.160519 80416112.000000
9.744770 0.061017 0.959522 80515808.000000
9.738789 0.041874 0.714258 80615760.000000
9.750752 0.050249 0.732204 80715584.000000
9.719646 0.076570 0.467797 80815816.000000
9.777073 0.065803 0.725025 80915768.000000
9.743573 0.034696 0.510868 81015648.000000
9.749557 0.041874 0.618545 81115816.000000
9.767502 0.038285 0.631705 81215896.000000
9.753145 0.069392 0.612563 81315944.000000
9.732806 0.057428 0.750150 81416000.000000
9.726824 0.040678 0.668794 81515832.000000
9.759127 0.063410 0.966700 81615808.000000
9.731609 0.072981 0.740579 81715616.000000
9.783055 0.045464 0.748954 81816896.000000
9.763913 0.065803 0.559920 81916256.000000
9.731609 0.050249 0.545564 82021088.000000
9.755538 0.041874 0.817149 82121000.000000
9.751948 0.040678 0.669990 82221296.000000
9.755538 0.053839 0.943969 82321824.000000
9.745967 0.034696 0.658026 82421032.000000
9.760324 0.081356 0.908076 82522288.000000
9.674182 0.098106 0.920040 82622224.000000
9.718449 0.057428 1.164108 82721104.000000
9.646665 0.112463 1.798206 82821768.000000
9.669396 0.033500 1.828116 82921392.000000
9.571291 0.045464 1.992025 83021784.000000
9.434900 0.059821 2.836691 83121840.000000
9.382257 0.089731 2.818745 83223152.000000
9.231510 0.028714 3.136991 83321528.000000
9.006584 0.034696 3.820141 83422040.000000
8.685946 0.066999 4.780859 83521024.000000
8.271988 0.049053 5.554938 83621432.000000
7.974082 -0.039482 6.092126 83722232.000000
7.459624 0.086142 6.790830 83822064.000000
7.032506 0.044267 6.976274 83922048.000000
6.455836 0.039482 7.880762 84020496.000000
5.882754 0.045464 7.990831 84120768.000000
4.971089 0.053839 8.947960 84220544.000000
4.173083 -0.022732 9.316455 84320528.000000
3.071188 0.083749 9.887143 84420520.000000
2.431108 0.049053 9.714860 84520504.000000
1.560120 0.010768 9.865608 84620776.000000
1.245464 0.051446 9.917053 84720472.000000
1.335195 0.195015 10.153944 84820784.000000
1.416551 0.084945 10.037891 84920608.000000
1.318445 0.108873 10.011569 85020536.000000
1.293321 0.045464 10.063015 85120720.000000
0.885344 0.088534 10.024731 85221272.000000
1.147358 -0.035892 10.170692 85321416.000000
0.924826 0.025125 10.226924 85421096.000000
0.671187 0.090927 10.175477 85521416.000000
0.632902 0.081356 10.183852 85620752.000000
0.599402 0.063410 10.145569 85720936.000000
0.204586 0.154337 10.181459 85821544.000000
0.223729 0.166301 10.229317 85921072.000000
0.027517 0.397209 10.219746 86021336.000000
0.095713 0.130409 9.899107 86121040.000000
-0.003589 0.216550 10.230514 86221408.000000
-0.041874 0.184247 10.431510 86321048.000000
0.008375 0.154337 10.159925 86421136.000000
0.033500 0.183051 10.199407 86521360.000000
0.016750 0.181855 10.165908 86620792.000000
0.045464 0.216550 10.173084 86721416.000000
0.008375 0.178265 10.199407 86820976.000000
0.008375 0.154337 10.177871 86921456.000000
0.001196 0.167498 10.174281 87020984.000000
0.002393 0.169890 10.216157 87121432.000000
0.019143 0.147159 10.197014 87221336.000000
0.040678 0.166301 10.189835 87321408.000000
0.040678 0.169890 10.199407 87420800.000000
0.047856 0.178265 10.188639 87520856.000000
0.040678 0.163908 10.181459 87621360.000000
-0.015553 0.156730 10.198210 87720992.000000
0.011964 0.153141 10.158729 87820936.000000
0.022732 0.163908 10.187442 87920976.000000
0.015553 0.174676 10.163515 88021080.000000
0.002393 0.154337 10.188639 88121352.000000
0.020339 0.175872 10.173084 88221096.000000
0.003589 0.167498 10.226924 88321552.000000
0.047856 0.150748 10.158729 88420880.000000
0.013161 0.148355 10.149158 88520816.000000
0.029910 0.175872 10.139585 88620928.000000
-0.020339 0.150748 10.296316 88721016.000000
-0.025125 0.181855 10.339387 88821048.000000
0.007178 0.171087 10.241282 88921232.000000
0.003589 0.163908 10.181459 89021304.000000
0.021535 0.157926 10.161121 89121008.000000
0.015553 0.165105 10.168301 89221064.000000
0.038285 0.165105 10.198210 89321064.000000
0.022732 0.177069 10.165908 89421056.000000
0.015553 0.172283 10.180264 89520792.000000
-0.007178 0.160319 10.168301 89620776.000000
-0.007178 0.183051 10.141978 89720944.000000
0.021535 0.143569 10.167104 89820872.000000
0.002393 0.167498 10.192227 89921024.000000
0.033500 0.162712 10.194620 90022224.000000
-0.001196 0.155533 10.185050 90122096.000000
0.020339 0.172283 10.193424 90221344.000000
0.023928 0.172283 10.161121 90321408.000000
-0.007178 0.161516 10.173084 90422312.000000
0.023928 0.137587 10.193424 90521280.000000
0.028714 0.155533 10.188639 90621440.000000
0.008375 0.192622 10.185050 90723992.000000
-0.001196 0.167498 10.169496 90821352.000000
0.019143 0.128016 10.210175 90922520.000000
0.020339 0.139980 10.191031 91021328.000000
0.032303 0.162712 10.197014 91122032.000000
0.101695 0.133998 10.043874 91221536.000000
0.032303 0.181855 10.173084 91321368.000000
-0.016750 0.165105 10.173084 91422168.000000
0.095713 0.155533 10.187442 91521232.000000
0.094516 0.155533 10.347760 91621960.000000
-0.244068 0.242871 10.350154 91721792.000000
-0.019143 0.401994 9.728020 91822544.000000
0.669990 0.455833 10.658829 91921432.000000
-0.040678 1.100698 10.418350 92021488.000000
-0.144766 1.785046 10.402797 92122304.000000
-0.190229 2.585445 9.760324 92222376.000000
0.218943 3.451647 9.535398 92322440.000000
0.222532 4.307081 9.360723 92421568.000000
0.349352 5.302495 8.640482 92522536.000000
-0.026321 6.156733 7.834101 92620992.000000
0.443869 6.721439 7.422535 92722600.000000
0.790828 7.250252 6.851848 92821784.000000
0.386441 8.037491 6.099305 92921184.000000
0.587438 8.648857 4.864608 93020704.000000
0.372084 8.846266 4.746164 93120512.000000
0.515653 9.292527 3.330809 93220664.000000
0.573081 9.481560 1.942972 93320624.000000
0.168694 9.713664 1.526621 93420536.000000
0.723829 9.698111 1.445265 93520720.000000
0.410369 9.821341 0.677169 93620544.000000
0.136391 9.815358 0.135194 93720696.000000
0.393619 9.829715 0.577867 93820536.000000
0.532403 9.818949 0.746561 93920880.000000
0.309871 9.818949 0.368495 94020640.000000
0.254836 9.841680 0.577867 94120544.000000
0.368495 9.840484 0.631705 94220736.000000
0.234497 9.883554 0.403191 94320504.000000
0.017946 9.871590 0.277567 94420752.000000
0.386441 9.795020 0.512064 94520472.000000
0.464208 9.799806 0.631705 94620768.000000
0.315853 9.814162 0.500100 94720504.000000
0.089731 9.824929 0.415155 94820528.000000
0.049053 9.858429 0.373280 94920712.000000
0.715454 9.791430 0.658026 95020520.000000
0.007178 9.824929 -0.046660 95120752.000000
0.016750 9.844072 0.247657 95220528.000000
0.228515 9.817751 0.591027 95320704.000000
-0.118445 9.885946 0.546760 95421440.000000
0.142373 9.845268 0.441476 95520528.000000
0.090927 9.850054 0.394816 95620736.000000
-0.245264 9.856036 0.269193 95720448.000000
0.035892 9.815358 0.331406 95820744.000000
-0.148355 9.854840 0.333799 95920496.000000
-0.180658 9.865608 0.555135 96020688.000000
-0.229711 9.833304 -0.221336 96120640.000000
0.099302 9.829715 0.212961 96222312.000000
-0.179462 9.851252 -0.046660 96322168.000000
0.313460 9.799806 -0.020339 96422960.000000
-0.178265 9.883554 -0.250050 96521488.000000
0.095713 9.810574 -0.478565 96622128.000000
-0.063410 9.876375 0.186640 96722096.000000
0.084945 9.832108 0.250050 96820736.000000
0.247657 9.824929 0.029910 96921168.000000
0.209372 9.792626 0.028714 97021384.000000
0.160319 9.806983 -0.081356 97121424.000000
0.155533 9.811769 -0.437887 97221096.000000
-0.065803 9.780663 -0.199801 97320736.000000
-0.007178 9.832108 0.478565 97421568.000000
0.007178 9.840484 0.342174 97521744.000000
0.223729 9.818949 0.044267 97621544.000000
0.092124 9.805787 0.177069 97721944.000000
0.095713 9.836893 0.547956 97821248.000000
-0.399601 9.907482 0.528814 97922560.000000
-0.262014 9.854840 0.561117 98022072.000000
-0.149551 9.841680 0.406780 98121240.000000
0.031107 9.786645 0.212961 98221120.000000
0.591027 9.732806 0.515653 98320784.000000
-0.250050 9.834501 0.591027 98421376.000000
-0.269193 9.846465 0.579063 98522752.000000
-0.149551 9.817751 0.323031 98621160.000000
-0.064606 9.805787 0.141177 98721632.000000
-0.282353 9.826126 0.142373 98820840.000000
-0.290728 9.852448 0.665205 98921240.000000
-0.302692 9.875179 0.453440 99021208.000000
-0.099302 9.829715 0.308674 99121368.000000
0.119641 9.723234 0.746561 99220896.000000
-0.040678 9.827322 0.464208 99320896.000000
-0.284746 9.864411 0.623330 99420968.000000
-0.247657 9.835697 0.568295 99521096.000000
-0.325424 9.879964 0.336192 99621400.000000
-0.061017 9.851252 -0.013161 99721488.000000
-0.033500 9.826126 0.516850 99820976.000000
-0.202193 9.854840 0.531207 99920968.000000
-0.132802 9.850054 0.278764 100021064.000000
-0.099302 9.830912 0.191426 100121272.000000
0.126820 9.804591 0.263210 100221216.000000
-0.259621 9.860823 0.620937 100320864.000000
-0.198604 9.845268 0.442672 100420680.000000
-0.227318 9.863215 0.296710 100522464.000000
-0.070588 9.832108 0.092124 100620928.000000
-0.477368 9.913465 0.040678 100720808.000000
-0.376870 9.883554 0.697508 100821136.000000
0.022732 9.823733 0.251246 100921664.000000
-0.179462 9.863215 0.178265 101021032.000000
-0.122034 9.860823 0.045464 101120760.000000
-0.647258 9.881162 -0.716650 101220912.000000
0.391227 9.791430 0.186640 101321008.000000
-0.198604 9.864411 0.632902 101421680.000000
0.068195 9.816555 0.078963 101521552.000000
-0.040678 9.836893 0.137587 101621600.000000
-0.099302 9.859627 0.397209 101721464.000000
-0.346959 9.876375 0.501296 101821544.000000
0.056231 9.824929 -0.099302 101922544.000000
-0.129212 9.842876 -0.264407 102021880.000000
-0.142373 9.830912 -0.063410 102124256.000000
-0.253639 9.862019 0.132802 102221384.000000
-0.340977 9.863215 0.305085 102321920.000000
-0.265603 9.871590 0.284746 102421272.000000
-0.680758 9.931411 0.087338 102521184.000000
0.101695 9.832108 -0.076570 102622336.000000
-0.217747 9.885946 0.111266 102721272.000000
-0.032303 9.938589 0.211765 102822032.000000
0.340977 9.784252 -0.315853 102921200.000000
-0.104088 9.866804 0.074178 103020760.000000
-0.102891 9.836893 -0.224925 103120520.000000
-0.180658 9.862019 -0.287139 103220496.000000
0.305085 9.839286 0.111266 103320528.000000
0.070588 9.852448 0.045464 103420752.000000
0.172283 9.810574 -0.017946 103520528.000000
0.233300 9.804591 -0.077767 103620696.000000
0.270389 9.842876 0.295514 103720720.000000
0.573081 9.803394 0.412762 103822304.000000
0.454636 9.823733 0.224925 103921344.000000
0.021535 9.858429 0.144766 104022096.000000
0.288335 9.817751 0.179462 104121488.000000
0.234497 9.844072 0.260818 104222160.000000
0.263210 9.860823 0.393619 104321608.000000
0.233300 9.810574 0.308674 104422376.000000
0.238086 9.857233 0.379262 104521712.000000
0.342174 9.822537 0.491725 104621368.000000
0.238086 9.835697 0.200997 104722304.000000
0.247657 9.839286 0.242871 104821616.000000
0.150748 9.826126 0.179462 104922104.000000
0.238086 9.806983 0.343370 105021328.000000
0.117248 9.836893 0.196211 105124704.000000
0.163908 9.829715 0.276371 105225552.000000
0.333799 9.835697 0.296710 105325568.000000
0.088534 9.877571 0.300299 105425584.000000
0.026321 9.851252 0.659223 105526656.000000
0.156730 9.817751 0.815953 105625576.000000
-0.008375 9.820145 0.699901 105725584.000000
-0.065803 9.765109 0.412762 105825960.000000
-0.075374 9.707682 2.415555 105925696.000000
-0.017946 9.596415 1.792224 106025544.000000
-0.216550 9.410972 2.965904 106126240.000000
0.512064 9.053245 4.157529 106226128.000000
0.427119 8.834301 4.512863 106325816.000000
0.223729 8.599805 5.222335 106425568.000000
-0.348156 8.356933 5.632704 106525888.000000
-0.143569 7.954939 5.583652 106625608.000000
-0.296710 7.562516 6.668797 106725584.000000
-0.342174 7.123433 7.130611 106826024.000000
-0.765703 7.021738 7.343572 106925552.000000
-0.885344 6.134001 8.208578 107025904.000000
-0.894916 5.606383 8.757731 107125528.000000
-0.970290 4.831109 8.975478 107226072.000000
-1.067199 4.299902 9.078369 107325608.000000
-1.330409 3.396612 9.438489 107425696.000000
-1.143769 2.842674 9.730413 107526360.000000
-0.934397 2.409572 9.851252 107625896.000000
-0.942772 1.826920 9.779467 107725768.000000
-0.885344 1.515853 9.964910 107825480.000000
-0.435494 1.039681 10.362118 107925424.000000
0.105284 0.492921 10.993823 108025520.000000
-0.034696 0.417548 10.181459 108125688.000000
0.266800 0.247657 10.358529 108225456.000000
0.227318 0.185444 10.137194 108325488.000000
-0.001196 0.116052 10.197014 108425520.000000
-0.090927 0.296710 10.188639 108525496.000000
0.287139 0.114855 10.141978 108626496.000000
0.035892 0.173480 10.310673 108725528.000000
0.055035 0.174676 10.060623 108825512.000000
0.009571 0.178265 10.275976 108926272.000000
0.032303 0.165105 10.218549 109025560.000000
0.045464 0.172283 10.229317 109125728.000000
0.014357 0.153141 10.199407 109225776.000000
0.098106 0.144766 10.000802 109330096.000000
0.025125 0.165105 10.278370 109430472.000000
0.246461 0.149551 9.607183 109530488.000000
-0.092124 0.150748 10.551151 109630600.000000
0.043071 0.139980 10.159925 109730584.000000
0.023928 0.175872 10.133603 109830536.000000
0.189033 0.141177 9.675378 109930448.000000
0.055035 0.172283 10.147961 110030424.000000
0.065803 0.155533 10.091729 110130552.000000
0.031107 0.155533 10.246067 110230752.000000
0.209372 0.059821 9.711270 110330400.000000
0.057428 0.162712 10.248460 110430496.000000
0.051446 0.169890 10.082158 110530616.000000
0.027517 0.175872 10.200603 110630784.000000
0.034696 0.160319 10.165908 110731088.000000
-0.224925 0.125623 11.474781 110830408.000000
0.095713 0.173480 10.030712 110930792.000000
-0.009571 0.189033 10.264012 111030624.000000
0.049053 0.162712 10.157533 111130616.000000
0.056231 0.175872 10.210175 111230776.000000
0.039482 0.163908 10.174281 111330584.000000
0.045464 0.161516 10.208978 111430552.000000
0.001196 0.126820 10.212566 111530616.000000
0.059821 0.163908 10.200603 111630656.000000
0.025125 0.161516 10.181459 111730736.000000
0.032303 0.150748 10.157533 111830536.000000
0.037089 0.139980 10.205389 111931480.000000
0.055035 0.166301 10.206585 112030544.000000
0.026321 0.172283 10.139585 112130800.000000
0.061017 0.180658 10.177871 112230576.000000
0.009571 0.180658 10.206585 112330520.000000
0.038285 0.161516 10.181459 112431016.000000
0.028714 0.163908 10.165908 112531664.000000
0.039482 0.166301 10.202995 112630928.000000
0.039482 0.172283 10.204191 112730608.000000
0.039482 0.147159 10.175477 112830896.000000
0.046660 0.162712 10.222138 112930512.000000
0.041874 0.153141 10.173084 113030536.000000
0.025125 0.163908 10.176675 113130792.000000
0.003589 0.155533 10.186246 113230560.000000
0.052642 0.160319 10.226924 113331152.000000
0.008375 0.175872 10.175477 113430720.000000
0.039482 0.157926 10.134801 113531008.000000
0.025125 0.142373 10.191031 113630608.000000
0.025125 0.155533 10.155140 113731064.000000
0.021535 0.173480 10.189835 113830632.000000
0.039482 0.155533 10.174281 113930832.000000
0.029910 0.149551 10.218549 114030824.000000
0.025125 0.141177 10.169496 114130760.000000
0.038285 0.165105 10.186246 114230896.000000
0.025125 0.174676 10.217353 114330672.000000
0.023928 0.148355 10.191031 114430576.000000
0.040678 0.149551 10.214959 114530824.000000
0.015553 0.179462 10.199407 114630576.000000
0.026321 0.157926 10.174281 114730896.000000
0.037089 0.172283 10.145569 114830656.000000
0.020339 0.159123 10.210175 114930688.000000
0.037089 0.156730 10.218549 115030568.000000
0.040678 0.154337 10.202995 115130544.000000
0.053839 0.168694 10.206585 115230824.000000
0.029910 0.135194 10.224532 115330560.000000
0.029910 0.202193 10.187442 115430768.000000
0.022732 0.149551 10.164711 115530520.000000
0.023928 0.163908 10.157533 115630912.000000
0.015553 0.142373 10.212566 115730760.000000
0.044267 0.149551 10.193424 115830640.000000
0.014357 0.163908 10.183852 115930824.000000
0.043071 0.149551 10.191031 116030728.000000
0.040678 0.153141 10.164711 116130904.000000
0.056231 0.175872 10.182656 116230576.000000
0.004786 0.167498 10.161121 116430736.000000
0.041874 0.169890 10.191031 116630824.000000
0.025125 0.155533 10.179067 116730632.000000
0.023928 0.136391 10.194620 116830768.000000
0.033500 0.162712 10.165908 116930640.000000
0.010768 0.178265 10.181459 117030776.000000
