1.890000 0.472500 -0.472500 64211028.000000
-3.290000 2.152500 -31.990000 64311292.000000
-5.355000 0.227500 2.117500 64411184.000000
-5.407500 0.227500 2.117500 64511276.000000
-5.407500 0.192500 2.117500 64611292.000000
-5.425000 0.227500 2.135000 64711240.000000
-5.425000 0.262500 2.135000 64811132.000000
-5.407500 0.227500 2.135000 64911248.000000
-5.442500 0.227500 2.135000 65010520.000000
-5.407500 0.227500 2.135000 65110496.000000
-5.442500 0.262500 2.100000 65210616.000000
-5.425000 0.227500 2.135000 65310504.000000
-5.442500 0.297500 2.117500 65410440.000000
-5.442500 0.227500 2.135000 65510460.000000
-5.460000 0.227500 2.135000 65610520.000000
-5.460000 0.262500 2.117500 65710660.000000
-5.442500 0.227500 2.082500 65810688.000000
-5.407500 0.262500 2.100000 65910520.000000
-5.442500 0.227500 2.135000 66015548.000000
-5.390000 0.262500 2.117500 66115640.000000
-5.442500 0.227500 2.152500 66215452.000000
-5.442500 0.227500 2.117500 66315812.000000
-5.460000 0.227500 2.170000 66415564.000000
-5.407500 0.262500 2.100000 66515752.000000
-5.460000 0.297500 2.117500 66615608.000000
-5.407500 0.227500 2.135000 66715732.000000
-5.407500 0.262500 2.117500 66815536.000000
-5.442500 0.227500 2.135000 66915796.000000
-5.495000 0.192500 2.100000 67015636.000000
-5.442500 0.227500 2.135000 67115864.000000
-5.442500 0.262500 2.100000 67215656.000000
-5.460000 0.262500 2.135000 67315872.000000
-5.442500 0.262500 2.135000 67415680.000000
-5.442500 0.262500 2.152500 67515824.000000
-5.460000 0.262500 2.100000 67615784.000000
-5.460000 0.227500 2.117500 67715688.000000
-5.442500 0.227500 2.135000 67815784.000000
-5.442500 0.262500 2.117500 67915816.000000
-5.460000 0.227500 2.135000 68016368.000000
-5.442500 0.227500 2.117500 68115976.000000
-5.460000 0.262500 2.187500 68215792.000000
-5.425000 0.227500 2.100000 68315816.000000
-5.442500 0.227500 2.135000 68415872.000000
-5.460000 0.227500 2.152500 68515680.000000
-5.442500 0.227500 2.117500 68615960.000000
-5.442500 0.227500 2.117500 68716040.000000
-5.425000 0.297500 2.135000 68815856.000000
-5.442500 0.262500 2.135000 68915384.000000
-5.460000 0.262500 2.117500 69015552.000000
-5.477500 0.227500 2.152500 69115424.000000
-5.495000 0.227500 2.117500 69216528.000000
-5.442500 0.192500 2.152500 69315440.000000
-5.495000 0.262500 2.117500 69415608.000000
-5.460000 0.227500 2.100000 69515440.000000
-5.460000 0.227500 2.152500 69615832.000000
-5.442500 0.262500 2.135000 69715928.000000
-5.442500 0.262500 2.135000 69815768.000000
-5.442500 0.227500 2.117500 69915904.000000
-5.460000 0.227500 2.135000 70015680.000000
-5.425000 0.717500 2.117500 70115816.000000
-5.460000 -0.192500 2.152500 70215656.000000
-5.442500 0.262500 2.152500 70315520.000000
-5.460000 0.612500 2.152500 70415824.000000
-5.372500 -5.897500 2.275000 70515608.000000
-5.320000 -4.322500 2.292500 70615920.000000
-5.635000 -1.732500 2.187500 70715688.000000
-5.547500 -0.157500 2.152500 70815760.000000
-5.582500 -0.437500 2.152500 70915688.000000
-6.580000 -4.567500 2.292500 71015848.000000
-9.152500 -14.962500 2.607500 71115816.000000
-7.770000 -8.312500 3.377500 71215768.000000
-6.370000 -13.772500 -0.175000 71315568.000000
-6.965000 -24.062500 -5.390000 71415856.000000
-6.300000 -38.027500 -1.890000 71515584.000000
-5.040000 -44.887501 5.617500 71615848.000000
-4.410000 -52.832500 7.175000 71715632.000000
-4.637500 -64.032501 4.480000 71815768.000000
-8.207500 -65.852501 -2.590000 71915688.000000
-7.840000 -58.817501 -1.190000 72015776.000000
-8.295000 -51.887501 -0.945000 72115664.000000
-3.762500 -54.582500 4.602500 72215896.000000
-0.245000 -43.767502 7.647500 72315752.000000
1.155000 -56.507500 7.892500 72415544.000000
-2.800000 -31.832500 3.325000 72515776.000000
-3.482500 -27.597500 2.660000 72615624.000000
-4.025000 -42.647499 2.362500 72715968.000000
-3.482500 -40.267502 2.905000 72815680.000000
-4.567500 -35.332500 2.222500 72915624.000000
-4.900000 -27.667500 2.345000 73015680.000000
-3.692500 -33.267502 2.765000 73115568.000000
-4.462500 -41.982502 2.782500 73215728.000000
-2.975000 -19.022501 3.045000 73315912.000000
-3.115000 -21.507500 2.975000 73415816.000000
-4.217500 -10.517500 2.555000 73516176.000000
-4.812500 -8.452500 2.432500 73615616.000000
-2.397500 -9.502500 2.660000 73715672.000000
-5.582500 -14.017500 2.467500 73815896.000000
-4.620000 -20.982500 2.432500 73915800.000000
-2.712500 -4.777500 2.397500 74015584.000000
-3.290000 -4.112500 2.345000 74116056.000000
-3.815000 -6.317500 2.362500 74215920.000000
-5.600000 3.307500 2.065000 74315896.000000
-5.495000 -1.382500 2.222500 74416336.000000
-5.477500 -0.192500 2.187500 74515672.000000
-5.477500 0.017500 2.152500 74616872.000000
-5.477500 4.462500 2.082500 74716808.000000
-24.097500 20.842501 1.172500 74816720.000000
-7.822500 12.792500 1.785000 74918184.000000
-5.197500 -4.042500 2.275000 75016240.000000
-5.530000 -0.052500 2.117500 75117040.000000
-4.865000 -0.857500 2.205000 75216200.000000
0.927500 -3.797500 2.642500 75316416.000000
-5.320000 -0.507500 2.222500 75416048.000000
-4.427500 1.102500 2.222500 75516840.000000
-8.872500 9.082500 1.820000 75616192.000000
-5.355000 -4.637500 2.362500 75716744.000000
-5.425000 0.542500 2.187500 75816704.000000
-5.477500 8.207500 1.907500 75916912.000000
-5.635000 -5.862500 2.170000 76016656.000000
-6.055000 -8.907500 2.345000 76116880.000000
-5.932500 -5.722500 2.275000 76216968.000000
-1.977500 13.807500 2.012500 76316944.000000
-5.582500 -4.392500 2.100000 76417048.000000
-5.565000 -3.482500 2.240000 76517208.000000
-5.530000 -2.432500 2.187500 76616168.000000
-5.425000 -3.657500 2.222500 76716048.000000
-5.477500 4.322500 2.065000 76817984.000000
-5.460000 -1.067500 2.222500 76916248.000000
-5.477500 1.557500 2.100000 77016784.000000
-5.477500 -0.577500 2.222500 77117336.000000
-5.442500 1.312500 2.170000 77216880.000000
-6.947500 7.332500 1.855000 77316880.000000
-9.205000 3.482500 1.890000 77416256.000000
-5.460000 2.082500 2.065000 77516120.000000
-5.460000 0.402500 2.152500 77616120.000000
-5.460000 -0.682500 2.222500 77716664.000000
-5.460000 -0.122500 2.135000 77816376.000000
-5.425000 1.382500 2.187500 77916344.000000
-5.512500 -1.872500 2.205000 78016184.000000
-5.460000 0.087500 2.152500 78115880.000000
-5.460000 -0.962500 2.187500 78216240.000000
-5.495000 -4.357500 2.240000 78319456.000000
-5.477500 -2.152500 2.170000 78415848.000000
-5.460000 -0.997500 2.135000 78515632.000000
-5.442500 -1.312500 2.152500 78615816.000000
-14.455000 3.342500 1.715000 78715736.000000
-6.177500 0.997500 2.100000 78815880.000000
-4.515000 3.237500 2.030000 78916168.000000
-5.407500 3.412500 2.065000 79016120.000000
-5.425000 -1.242500 2.222500 79116360.000000
-5.442500 0.192500 2.100000 79216496.000000
-5.477500 0.542500 2.100000 79316552.000000
-5.477500 1.557500 2.082500 79416608.000000
-5.477500 -3.202500 2.205000 79516536.000000
-5.477500 2.607500 2.100000 79616112.000000
-5.442500 2.852500 2.135000 79716528.000000
-5.477500 -1.802500 2.187500 79816024.000000
-5.547500 -4.987500 2.240000 79916632.000000
-5.547500 -1.767500 2.135000 80019072.000000
-5.460000 -1.417500 2.275000 80116912.000000
-5.495000 2.677500 2.082500 80216504.000000
-5.425000 2.782500 2.117500 80316208.000000
-5.477500 3.272500 2.135000 80417336.000000
-5.547500 -6.527500 2.362500 80516736.000000
-5.372500 -2.677500 2.240000 80616688.000000
-5.477500 -1.102500 2.205000 80716336.000000
-5.582500 -6.352500 2.240000 80816768.000000
-5.057500 -4.497500 2.205000 80916720.000000
-5.495000 -1.452500 2.205000 81016416.000000
-5.495000 -0.472500 2.100000 81116472.000000
-5.495000 0.507500 2.187500 81215568.000000
-5.547500 3.097500 2.082500 81316728.000000
-5.460000 5.022500 2.065000 81415648.000000
-5.477500 1.207500 2.117500 81516808.000000
-5.460000 2.047500 2.152500 81616832.000000
-5.582500 -5.582500 2.257500 81716000.000000
-5.512500 -3.132500 2.205000 81815856.000000
-5.495000 -2.257500 2.135000 81915568.000000
-5.460000 3.482500 2.117500 82020224.000000
-5.355000 8.067500 2.012500 82120400.000000
-5.512500 -1.522500 2.310000 82220664.000000
-5.390000 5.267500 2.100000 82320744.000000
-5.477500 0.122500 2.152500 82420384.000000
-5.442500 1.557500 2.065000 82520848.000000
-5.145000 0.297500 2.257500 82620736.000000
-5.127500 15.242500 2.205000 82720448.000000
-1.960000 29.487499 1.960000 82820752.000000
-1.557500 23.747499 2.275000 82920520.000000
-5.110000 19.617500 1.750000 83020720.000000
-7.962500 23.502501 1.172500 83120552.000000
-6.807500 27.072500 1.820000 83221848.000000
-2.222500 36.452499 3.342500 83320416.000000
-0.455000 44.642502 4.130000 83420520.000000
-5.670000 47.372501 2.450000 83520496.000000
-7.227500 54.442501 2.187500 83620480.000000
-6.860000 47.792500 2.502500 83720880.000000
-10.430000 47.582500 -1.750000 83820472.000000
-7.700000 43.242500 -0.175000 83923216.000000
-4.200000 56.367500 3.080000 84021232.000000
-1.610000 49.962502 6.527500 84121888.000000
-4.777500 70.612503 2.450000 84221560.000000
-5.582500 66.552498 1.172500 84321512.000000
-5.757500 58.257500 0.385000 84421480.000000
-4.217500 52.552502 5.600000 84521200.000000
-4.462500 54.092499 5.372500 84622384.000000
-4.305000 27.527500 6.020000 84721264.000000
-5.302500 6.212500 1.575000 84823144.000000
-5.337500 3.377500 3.465000 84921544.000000
-5.582500 2.572500 3.080000 85021248.000000
-5.792500 4.112500 1.032500 85122584.000000
-5.635000 7.507500 2.625000 85221968.000000
-5.635000 8.592500 2.905000 85320784.000000
-6.247500 12.092500 -1.050000 85420528.000000
-5.670000 14.717500 0.875000 85520768.000000
-5.197500 0.997500 2.800000 85620376.000000
-5.127500 1.452500 2.380000 85720448.000000
1.120000 27.562500 -0.437500 85820712.000000
-5.337500 0.752500 2.275000 85920544.000000
-5.442500 0.297500 2.187500 86020704.000000
-5.897500 11.882500 2.712500 86120528.000000
-5.530000 1.697500 2.275000 86220776.000000
-5.425000 -0.297500 2.257500 86320544.000000
-5.442500 0.157500 2.135000 86420576.000000
-5.460000 0.262500 2.100000 86520728.000000
-5.460000 0.262500 2.152500 86620424.000000
-5.460000 0.262500 2.117500 86720784.000000
-5.460000 0.227500 2.135000 86820488.000000
-5.495000 0.227500 2.100000 86920752.000000
-5.425000 0.227500 2.082500 87020784.000000
-5.460000 0.262500 2.187500 87120720.000000
-5.495000 0.262500 2.135000 87220664.000000
-5.442500 0.192500 2.135000 87320768.000000
-5.460000 0.577500 2.082500 87420384.000000
-5.477500 -0.122500 2.135000 87520392.000000
-5.495000 0.297500 2.135000 87620712.000000
-5.442500 0.297500 2.117500 87720496.000000
-5.460000 0.227500 2.117500 87820496.000000
-5.477500 0.262500 2.152500 87920456.000000
-5.495000 0.262500 2.117500 88020480.000000
-5.495000 0.192500 2.100000 88120728.000000
-5.495000 0.192500 2.117500 88220608.000000
-5.512500 0.227500 2.117500 88320840.000000
-5.477500 0.262500 2.135000 88420456.000000
-5.460000 0.192500 2.117500 88520448.000000
-5.390000 -0.192500 2.170000 88620544.000000
-5.547500 1.102500 2.187500 88720544.000000
-5.442500 -0.157500 2.222500 88820600.000000
-5.477500 0.017500 2.135000 88920608.000000
-5.442500 0.262500 2.135000 89020696.000000
-5.477500 0.262500 2.100000 89120512.000000
-5.460000 0.227500 2.117500 89220616.000000
-5.425000 0.227500 2.117500 89320576.000000
-5.477500 0.227500 2.117500 89420464.000000
-5.477500 0.227500 2.100000 89520376.000000
-5.460000 0.227500 2.117500 89620464.000000
-5.495000 0.192500 2.117500 89720632.000000
-5.460000 0.227500 2.117500 89820448.000000
-5.477500 0.262500 2.117500 89920592.000000
-5.495000 0.227500 2.117500 90020664.000000
-5.495000 0.227500 2.117500 90120544.000000
-5.477500 0.262500 2.082500 90220496.000000
-5.477500 0.262500 2.100000 90320520.000000
-5.477500 0.262500 2.100000 90420752.000000
-5.495000 0.262500 2.082500 90520512.000000
-5.495000 0.262500 2.100000 90620560.000000
-5.512500 0.262500 2.100000 90720696.000000
-5.530000 0.472500 2.082500 90820464.000000
-5.477500 0.087500 2.100000 90920744.000000
-5.512500 0.297500 2.100000 91020488.000000
-5.512500 0.262500 2.100000 91120800.000000
-5.442500 -1.872500 2.240000 91220584.000000
-5.495000 0.437500 2.187500 91320504.000000
-5.495000 -0.017500 3.692500 91420720.000000
-5.512500 -0.192500 4.287500 91520472.000000
-5.495000 1.592500 4.270000 91620784.000000
-3.167500 2.852500 4.357500 91720480.000000
3.325000 -14.052500 4.777500 91820792.000000
10.517500 3.237500 6.160000 91920472.000000
30.415001 8.347500 -0.962500 92020552.000000
42.700001 8.522500 2.187500 92120792.000000
54.985001 4.252500 5.197500 92220480.000000
60.322502 -1.522500 7.245000 92320800.000000
61.564999 -6.107500 9.677500 92420472.000000
61.827499 -7.962500 9.065000 92520784.000000
60.270000 -2.082500 6.667500 92620384.000000
57.802502 -0.472500 8.102500 92720608.000000
59.797501 -3.832500 5.110000 92820704.000000
59.447502 0.892500 2.957500 92920656.000000
59.570000 -6.142500 4.532500 93022168.000000
57.697502 5.197500 2.835000 93121688.000000
59.080002 -9.467500 1.470000 93221584.000000
53.865002 -10.307500 -0.962500 93321304.000000
37.642502 -4.777500 -5.425000 93421200.000000
26.337500 -2.012500 2.432500 93521760.000000
27.352501 -8.207500 -3.377500 93621528.000000
18.830000 -1.802500 -6.685000 93721712.000000
0.402500 7.647500 -0.420000 93821696.000000
-4.637500 3.307500 3.517500 93922456.000000
-1.977500 0.752500 -0.420000 94021472.000000
-8.522500 4.042500 0.770000 94121616.000000
-8.732500 3.167500 4.287500 94222768.000000
-3.010000 0.962500 0.490000 94321328.000000
-3.657500 -2.222500 -0.385000 94422352.000000
-7.857500 3.307500 5.460000 94521456.000000
-7.472500 1.452500 2.940000 94622456.000000
-4.480000 -6.037500 -0.595000 94723016.000000
-1.382500 -4.672500 -2.117500 94821280.000000
-3.167500 3.797500 3.027500 94922320.000000
-4.952500 4.532500 9.415000 95021408.000000
0.437500 -2.082500 -3.342500 95122560.000000
-9.012500 5.407500 -1.067500 95221560.000000
-12.442500 4.812500 3.185000 95322408.000000
-5.740000 3.097500 -0.822500 95420624.000000
-2.467500 4.042500 -2.660000 95522400.000000
-3.762500 2.362500 -0.507500 95622352.000000
-2.660000 2.467500 -0.192500 95721576.000000
-2.957500 2.292500 2.432500 95824240.000000
-4.707500 -0.297500 3.535000 95921480.000000
-4.725000 2.537500 4.550000 96023936.000000
-2.572500 0.122500 3.972500 96121376.000000
-2.240000 16.957500 3.850000 96220480.000000
0.455000 -9.852500 1.207500 96320736.000000
-0.805000 -2.432500 5.127500 96420528.000000
-2.187500 -6.457500 -2.275000 96520456.000000
-2.380000 2.852500 1.382500 96621016.000000
-10.990000 -8.312500 4.497500 96721008.000000
-9.957500 -6.492500 5.827500 96820416.000000
-8.032500 -8.837500 5.232500 96920752.000000
-5.302500 3.027500 0.070000 97020696.000000
1.977500 5.057500 -2.012500 97120568.000000
-0.962500 1.067500 3.622500 97220624.000000
-13.230000 2.922500 0.017500 97320408.000000
-18.094999 -0.087500 -3.307500 97420528.000000
-9.240000 -1.137500 1.907500 97520736.000000
-1.470000 -2.257500 5.775000 97620520.000000
-5.180000 0.647500 1.522500 97720624.000000
-10.832500 4.742500 -1.522500 97820512.000000
-11.707500 -0.647500 -3.132500 97920536.000000
-6.440000 0.122500 1.452500 98020512.000000
-3.185000 -0.717500 3.290000 98120520.000000
-2.030000 -0.822500 4.042500 98220528.000000
-9.695000 3.097500 2.730000 98320440.000000
-12.267500 -0.437500 -3.780000 98420624.000000
-5.477500 0.822500 0.525000 98520560.000000
0.542500 -0.612500 4.567500 98620512.000000
0.455000 -0.717500 5.022500 98720592.000000
-10.955000 1.382500 1.557500 98820392.000000
-10.500000 -0.402500 0.280000 98920480.000000
-2.887500 -0.717500 3.727500 99020512.000000
0.140000 -0.017500 4.340000 99120496.000000
-1.225000 3.237500 3.062500 99220400.000000
-10.955000 -2.432500 -0.630000 99320392.000000
-11.637500 0.857500 -1.697500 99420440.000000
-4.812500 0.822500 1.207500 99520576.000000
0.070000 -0.227500 3.605000 99620696.000000
-3.342500 0.192500 4.812500 99720400.000000
-10.097500 -1.032500 1.732500 99820496.000000
-5.985000 0.122500 1.697500 99920448.000000
-0.192500 -0.472500 3.745000 100020560.000000
-2.065000 0.087500 3.640000 100120696.000000
-7.280000 2.187500 1.907500 100220632.000000
-10.290000 -0.647500 -0.087500 100320400.000000
-3.972500 -0.157500 2.275000 100420360.000000
-0.262500 -0.332500 3.727500 100521680.000000
0.000000 -0.262500 4.602500 100620576.000000
-6.912500 4.217500 0.717500 100720464.000000
-13.125000 0.507500 -0.875000 100820560.000000
-4.760000 -0.017500 4.095000 100920608.000000
-1.872500 0.717500 2.362500 101020584.000000
-0.997500 0.332500 3.657500 101120424.000000
-7.227500 2.712500 2.835000 101220432.000000
-14.875000 -3.167500 5.407500 101320528.000000
-9.730000 2.957500 -1.680000 101421080.000000
1.085000 -0.227500 3.412500 101520624.000000
-2.345000 1.557500 1.207500 101620688.000000
-7.665000 1.067500 1.277500 101720608.000000
-5.687500 0.717500 1.015000 101820576.000000
3.377500 0.787500 3.902500 101920704.000000
-0.437500 0.122500 1.032500 102020528.000000
-7.122500 0.157500 0.157500 102120704.000000
-10.832500 -1.347500 1.487500 102220528.000000
-8.750000 -0.262500 1.977500 102320752.000000
-3.535000 -0.927500 4.952500 102420456.000000
-0.560000 -1.977500 3.640000 102520544.000000
-1.732500 0.857500 10.342500 102620776.000000
-8.925000 -0.542500 2.397500 102720496.000000
-9.712500 13.177500 -0.175000 102820744.000000
-2.765000 -15.522500 3.955000 102920648.000000
-3.867500 6.002500 0.175000 103021832.000000
-4.025000 2.887500 2.240000 103121560.000000
-7.875000 3.447500 3.692500 103221520.000000
-10.255000 5.687500 5.740000 103321312.000000
-6.055000 1.977500 2.642500 103421832.000000
-5.565000 -0.087500 4.322500 103521408.000000
-6.720000 -0.402500 5.390000 103621992.000000
-9.975000 1.837500 6.037500 103721384.000000
-12.092500 1.977500 6.475000 103820752.000000
-5.862500 -3.167500 2.310000 103920496.000000
-3.395000 -3.482500 -3.290000 104020704.000000
-4.987500 0.507500 1.452500 104120688.000000
-7.157500 2.362500 1.435000 104221176.000000
-7.175000 1.207500 1.330000 104320528.000000
-5.057500 2.117500 1.277500 104420720.000000
-6.562500 1.767500 1.732500 104520544.000000
-6.265000 1.487500 2.712500 104620504.000000
-3.290000 -1.067500 1.067500 104720880.000000
-6.037500 0.017500 1.172500 104820536.000000
-5.810000 0.612500 2.555000 104920736.000000
-6.790000 2.082500 3.045000 105020672.000000
-6.685000 1.522500 2.625000 105121256.000000
-8.120000 0.227500 5.460000 105220464.000000
-8.137500 0.017500 2.257500 105320536.000000
-9.695000 -0.577500 -3.500000 105420472.000000
-15.155000 1.697500 -1.575000 105520880.000000
-17.010000 1.977500 1.697500 105620464.000000
-16.100000 0.017500 0.070000 105720448.000000
-22.382500 1.697500 0.280000 105820704.000000
-41.720001 38.412498 -0.630000 105920480.000000
-43.697498 -27.772501 -0.962500 106020496.000000
-52.027500 -13.772500 2.100000 106120664.000000
-61.722500 12.617500 7.665000 106220624.000000
-53.532501 -2.852500 2.887500 106320728.000000
-47.285000 6.457500 -4.567500 106420512.000000
-44.799999 3.447500 -8.767500 106520720.000000
-45.779999 5.652500 -6.160000 106620464.000000
-50.785000 1.837500 -2.555000 106720536.000000
-50.575001 -3.587500 -5.950000 106820664.000000
-50.959999 0.542500 -8.662500 106920464.000000
-59.150002 -0.402500 -4.060000 107020688.000000
-58.310001 3.202500 0.665000 107120464.000000
-53.340000 2.397500 -2.730000 107220688.000000
-52.272499 3.482500 -6.177500 107320520.000000
-54.687500 4.882500 -5.705000 107420488.000000
-53.480000 -2.152500 0.840000 107520696.000000
-41.615002 -7.227500 1.190000 107620488.000000
-35.507500 -2.502500 -0.035000 107720432.000000
-33.827499 -8.382500 0.105000 107820384.000000
-33.897499 -3.762500 0.525000 107920376.000000
-28.927500 -12.057500 -1.802500 108020456.000000
-25.322500 -14.227500 3.202500 108120376.000000
-15.610000 -14.297500 0.927500 108220376.000000
-10.010000 5.092500 1.942500 108320384.000000
-8.032500 4.952500 0.752500 108420376.000000
-5.477500 0.192500 1.505000 108520384.000000
-5.442500 -2.117500 2.345000 108620816.000000
-5.617500 2.747500 2.117500 108720432.000000
-5.460000 -2.537500 2.170000 108820512.000000
-5.512500 1.907500 2.047500 108920688.000000
-5.477500 0.297500 2.117500 109020504.000000
-5.477500 0.052500 2.100000 109120656.000000
-5.477500 0.192500 2.135000 109220520.000000
-5.460000 0.297500 2.135000 109320688.000000
-5.460000 1.312500 2.100000 109420424.000000
-5.425000 -3.272500 2.222500 109520448.000000
-5.530000 3.832500 2.047500 109620480.000000
-5.460000 -0.717500 2.135000 109720488.000000
-5.477500 -0.192500 2.117500 109820592.000000
-5.390000 -3.657500 2.152500 109921120.000000
-5.600000 5.302500 1.995000 110020416.000000
-5.477500 -1.487500 2.135000 110120672.000000
-5.512500 1.102500 2.065000 110220480.000000
-5.442500 0.892500 2.152500 110320400.000000
-5.512500 0.892500 2.170000 110420560.000000
-5.477500 -1.172500 2.152500 110520448.000000
-5.495000 0.787500 2.100000 110620464.000000
-5.460000 0.227500 2.065000 110720504.000000
-5.390000 -0.437500 2.100000 110820376.000000
-5.565000 -1.242500 2.117500 110920488.000000
-5.547500 2.607500 2.030000 111020600.000000
-5.477500 -0.612500 2.082500 111120472.000000
-5.512500 0.332500 2.117500 111220648.000000
-5.495000 0.297500 2.100000 111320392.000000
-5.477500 0.227500 2.082500 111420472.000000
-5.512500 0.227500 2.100000 111520512.000000
-5.512500 0.227500 2.100000 111620528.000000
-5.512500 0.192500 2.082500 111720688.000000
-5.530000 0.227500 2.100000 111820464.000000
-5.512500 0.262500 2.100000 111920744.000000
-5.512500 0.227500 2.100000 112020456.000000
-5.530000 0.192500 2.100000 112120720.000000
-5.512500 0.227500 2.100000 112220560.000000
-5.530000 0.262500 2.065000 112320704.000000
-5.530000 0.192500 2.082500 112420712.000000
-5.495000 0.262500 2.100000 112520544.000000
-5.512500 0.262500 2.117500 112620720.000000
-5.530000 0.227500 2.117500 112720488.000000
-5.512500 0.227500 2.117500 112820736.000000
-5.512500 0.262500 2.100000 112920496.000000
-5.477500 0.227500 2.117500 113020480.000000
-5.530000 0.227500 2.117500 113120672.000000
-5.495000 0.227500 2.135000 113220576.000000
-5.530000 0.262500 2.117500 113320760.000000
-5.512500 0.227500 2.100000 113420480.000000
-5.547500 0.227500 2.135000 113520776.000000
-5.495000 0.227500 2.135000 113620464.000000
-5.495000 0.262500 2.117500 113720608.000000
-5.512500 0.192500 2.135000 113820480.000000
-5.477500 0.227500 2.082500 113920664.000000
-5.495000 0.262500 2.117500 114020688.000000
-5.495000 0.227500 2.135000 114120480.000000
-5.512500 0.227500 2.117500 114220768.000000
-5.512500 0.262500 2.135000 114320480.000000
-5.530000 0.227500 2.117500 114420536.000000
-5.495000 0.227500 2.117500 114520680.000000
-5.512500 0.157500 2.100000 114620472.000000
-5.495000 0.227500 2.117500 114720704.000000
-5.512500 0.297500 2.100000 114820512.000000
-5.530000 0.227500 2.117500 114920480.000000
-5.512500 0.262500 2.100000 115020464.000000
-5.512500 0.227500 2.135000 115120472.000000
-5.530000 0.192500 2.117500 115220864.000000
-5.512500 0.262500 2.117500 115320440.000000
-5.477500 0.262500 2.135000 115420720.000000
-5.477500 0.192500 2.170000 115520504.000000
-5.495000 0.227500 2.135000 115620712.000000
-5.512500 0.262500 2.100000 115720368.000000
-5.495000 0.192500 2.135000 115820488.000000
-5.512500 0.262500 2.100000 115920664.000000
-5.530000 0.262500 2.100000 116020480.000000
-5.495000 0.227500 2.100000 116120696.000000
-5.460000 0.192500 2.082500 116220464.000000
-5.495000 0.262500 2.117500 116320784.000000
-5.530000 0.227500 2.117500 116420512.000000
-5.460000 0.227500 2.082500 116520512.000000
-5.495000 0.262500 2.117500 116620672.000000
-5.512500 0.192500 2.117500 116720672.000000
-5.460000 0.227500 2.100000 116820656.000000
-5.477500 0.262500 2.100000 116920496.000000
-5.460000 0.262500 2.100000 117020712.000000
