15.312500 -42.500000 -19.062500 64214520.000000
15.562500 -41.562500 -20.562500 64314520.000000
15.437500 -40.750000 -20.625000 64414520.000000
15.312500 -41.187500 -20.375000 64514520.000000
15.062500 -40.625000 -20.812500 64614520.000000
14.875000 -40.187500 -20.625000 64714520.000000
15.000000 -40.125000 -21.250000 64814520.000000
15.062500 -40.750000 -20.687500 64914520.000000
15.125000 -40.437500 -21.000000 65014520.000000
15.000000 -40.500000 -20.812500 65114520.000000
14.875000 -40.437500 -21.000000 65214520.000000
15.000000 -40.500000 -21.000000 65314520.000000
14.562500 -40.500000 -20.750000 65414520.000000
14.562500 -40.812500 -20.750000 65514520.000000
14.687500 -40.875000 -20.625000 65614520.000000
14.875000 -40.812500 -20.687500 65714520.000000
14.625000 -41.000000 -20.687500 65814520.000000
14.625000 -41.125000 -20.687500 65914520.000000
14.625000 -41.125000 -20.625000 66014520.000000
13.937500 -41.062500 -20.062500 66114520.000000
14.187500 -41.062500 -20.000000 66214520.000000
13.937500 -41.000000 -19.812500 66314520.000000
13.625000 -41.000000 -19.625000 66414520.000000
13.375000 -41.125000 -19.500000 66514520.000000
13.375000 -41.187500 -19.187500 66614520.000000
13.187500 -41.187500 -19.187500 66714520.000000
13.062500 -41.250000 -19.125000 66814520.000000
13.437500 -41.375000 -19.625000 66914520.000000
13.625000 -41.437500 -19.750000 67014520.000000
13.812500 -41.562500 -19.875000 67114520.000000
13.937500 -41.625000 -20.062500 67214520.000000
13.812500 -41.562500 -20.187500 67314520.000000
13.875000 -41.562500 -20.250000 67414520.000000
13.937500 -41.375000 -20.250000 67514520.000000
14.125000 -41.437500 -20.375000 67614520.000000
14.125000 -41.500000 -20.250000 67714520.000000
14.125000 -41.500000 -20.187500 67814520.000000
14.062500 -41.375000 -20.125000 67914520.000000
14.312500 -41.375000 -20.062500 68014520.000000
14.500000 -41.250000 -19.937500 68114520.000000
14.625000 -41.187500 -20.062500 68214520.000000
14.687500 -41.250000 -20.125000 68314520.000000
14.812500 -41.250000 -20.187500 68414520.000000
14.937500 -41.187500 -20.312500 68514520.000000
14.937500 -41.000000 -20.437500 68614520.000000
14.937500 -40.875000 -20.500000 68714520.000000
14.687500 -40.750000 -20.500000 68814520.000000
14.562500 -40.750000 -20.375000 68914520.000000
14.500000 -40.625000 -20.437500 69014520.000000
14.375000 -40.562500 -20.312500 69114520.000000
14.250000 -40.500000 -20.375000 69214520.000000
14.062500 -40.375000 -20.187500 69314520.000000
14.062500 -40.312500 -20.187500 69414520.000000
14.125000 -40.375000 -20.187500 69514520.000000
14.125000 -40.250000 -20.312500 69614520.000000
14.250000 -40.375000 -20.437500 69714520.000000
14.250000 -40.437500 -20.437500 69814520.000000
14.375000 -40.437500 -20.625000 69914520.000000
14.562500 -40.375000 -20.437500 70014520.000000
14.687500 -40.375000 -20.625000 70114520.000000
14.437500 -40.625000 -20.500000 70214520.000000
14.187500 -40.625000 -20.437500 70314520.000000
14.250000 -40.875000 -20.312500 70414520.000000
14.187500 -40.937500 -20.312500 70514520.000000
14.250000 -41.062500 -20.187500 70614520.000000
14.187500 -41.125000 -19.875000 70714520.000000
14.062500 -41.250000 -19.875000 70814520.000000
14.000000 -41.562500 -19.750000 70914520.000000
14.125000 -41.625000 -19.687500 71014520.000000
14.312500 -41.687500 -19.812500 71114520.000000
14.187500 -41.812500 -19.875000 71214520.000000
14.000000 -41.625000 -19.937500 71314520.000000
13.812500 -41.625000 -20.062500 71414520.000000
13.375000 -41.562500 -20.312500 71514520.000000
12.937500 -41.687500 -20.375000 71614520.000000
11.875000 -41.437500 -20.562500 71714520.000000
11.000000 -41.187500 -20.875000 71814520.000000
9.875000 -41.250000 -20.875000 71914520.000000
8.812500 -41.125000 -20.937500 72014520.000000
7.562500 -41.062500 -21.000000 72114520.000000
6.062500 -41.062500 -21.000000 72214520.000000
5.125000 -41.187500 -21.000000 72314520.000000
3.375000 -40.875000 -20.562500 72414520.000000
2.562500 -40.812500 -20.437500 72514520.000000
1.500000 -40.937500 -20.125000 72614520.000000
0.562500 -40.750000 -19.500000 72714520.000000
-0.500000 -40.687500 -19.062500 72814520.000000
-1.875000 -40.875000 -18.375000 72914520.000000
-2.687500 -40.875000 -17.750000 73014520.000000
-3.625000 -40.500000 -17.187500 73114520.000000
-3.937500 -40.500000 -17.000000 73214520.000000
-4.750000 -40.312500 -16.437500 73314520.000000
-5.250000 -40.187500 -15.812500 73414520.000000
-5.687500 -39.875000 -15.375000 73514520.000000
-6.062500 -39.875000 -14.875000 73614520.000000
-5.812500 -39.750000 -14.812500 73714520.000000
-6.000000 -39.562500 -14.500000 73814520.000000
-6.125000 -39.750000 -14.062500 73914520.000000
-6.375000 -39.875000 -13.812500 74014520.000000
-6.187500 -40.125000 -13.750000 74114520.000000
-6.250000 -40.125000 -13.500000 74214520.000000
-6.562500 -40.500000 -13.625000 74314520.000000
-6.500000 -40.437500 -13.687500 74414520.000000
-7.000000 -40.437500 -13.437500 74514520.000000
-7.000000 -40.625000 -13.500000 74614520.000000
-6.937500 -40.562500 -13.812500 74714520.000000
-6.812500 -40.500000 -14.062500 74814520.000000
-6.687500 -40.187500 -14.187500 74914520.000000
-6.750000 -40.437500 -14.562500 75014520.000000
-6.687500 -40.250000 -14.687500 75114520.000000
-6.750000 -40.187500 -14.750000 75214520.000000
-6.375000 -40.125000 -15.000000 75314520.000000
-6.375000 -40.062500 -14.937500 75414520.000000
-6.437500 -39.937500 -15.125000 75514520.000000
-6.437500 -39.937500 -15.062500 75614520.000000
-6.375000 -40.125000 -15.062500 75714520.000000
-6.250000 -39.875000 -15.062500 75814520.000000
-6.437500 -40.062500 -14.812500 75914520.000000
-6.437500 -40.125000 -14.812500 76014520.000000
-6.437500 -39.937500 -14.875000 76114520.000000
-6.312500 -39.937500 -14.937500 76214520.000000
-6.437500 -40.062500 -14.875000 76314520.000000
-6.437500 -40.000000 -14.875000 76414520.000000
-6.500000 -40.125000 -14.812500 76514520.000000
-6.750000 -40.062500 -14.625000 76614520.000000
-6.750000 -39.812500 -14.500000 76714520.000000
-6.625000 -39.812500 -14.437500 76814520.000000
-6.750000 -40.062500 -14.562500 76914520.000000
-6.687500 -39.812500 -14.500000 77014520.000000
-6.625000 -39.750000 -14.375000 77114520.000000
-6.750000 -39.812500 -14.250000 77214520.000000
-7.437500 -39.500000 -14.125000 77314520.000000
-7.437500 -39.312500 -14.250000 77414520.000000
-7.250000 -39.375000 -14.500000 77514520.000000
-7.312500 -39.000000 -14.625000 77614520.000000
-7.562500 -38.812500 -14.375000 77714520.000000
-7.625000 -39.000000 -14.500000 77814520.000000
-7.750000 -39.062500 -14.750000 77914520.000000
-7.937500 -38.937500 -14.375000 78014520.000000
-7.750000 -39.000000 -14.437500 78114520.000000
-8.125000 -39.062500 -14.187500 78214520.000000
-8.375000 -39.125000 -13.875000 78314520.000000
-9.000000 -39.312500 -13.250000 78414520.000000
-9.250000 -39.312500 -12.875000 78514520.000000
-9.812500 -38.937500 -12.375000 78614520.000000
-10.250000 -38.687500 -11.812500 78714520.000000
-10.187500 -38.375000 -11.937500 78814520.000000
-10.062500 -38.500000 -12.000000 78914520.000000
-9.750000 -38.437500 -12.312500 79014520.000000
-9.500000 -38.375000 -12.750000 79114520.000000
-9.062500 -38.437500 -13.437500 79214520.000000
-8.500000 -38.687500 -13.875000 79314520.000000
-7.750000 -38.812500 -14.312500 79414520.000000
-7.187500 -38.937500 -14.875000 79514520.000000
-6.812500 -39.250000 -15.187500 79614520.000000
-6.625000 -39.375000 -15.500000 79714520.000000
-6.312500 -39.687500 -15.437500 79814520.000000
-6.125000 -39.812500 -15.562500 79914520.000000
-5.875000 -39.937500 -15.562500 80014520.000000
-5.812500 -39.875000 -15.875000 80114520.000000
-6.125000 -40.125000 -16.125000 80214520.000000
-6.125000 -40.250000 -16.187500 80314520.000000
-6.062500 -40.312500 -16.312500 80414520.000000
-6.000000 -40.000000 -16.312500 80514520.000000
-6.062500 -39.937500 -16.625000 80614520.000000
-6.125000 -39.750000 -16.437500 80714520.000000
-6.000000 -39.562500 -16.437500 80814520.000000
-5.937500 -39.312500 -16.375000 80914520.000000
-5.812500 -39.187500 -16.062500 81014520.000000
-5.875000 -39.187500 -16.000000 81114520.000000
-6.125000 -39.312500 -15.750000 81214520.000000
-6.187500 -39.312500 -15.687500 81314520.000000
-6.062500 -39.187500 -15.500000 81414520.000000
-6.062500 -39.250000 -15.812500 81514520.000000
-5.937500 -39.312500 -15.875000 81614520.000000
-6.250000 -39.500000 -15.937500 81714520.000000
-6.062500 -39.500000 -16.312500 81814520.000000
-5.875000 -39.375000 -16.250000 81914520.000000
-5.625000 -39.312500 -16.437500 82014520.000000
-5.562500 -39.375000 -16.312500 82114520.000000
-5.500000 -39.250000 -16.125000 82214520.000000
-5.500000 -39.250000 -15.937500 82314520.000000
-5.500000 -39.375000 -15.937500 82414520.000000
-5.312500 -39.500000 -15.875000 82514520.000000
-5.500000 -39.812500 -15.687500 82614520.000000
-5.750000 -39.937500 -15.687500 82714520.000000
-5.562500 -40.000000 -15.937500 82814520.000000
-5.375000 -40.250000 -16.000000 82914520.000000
-5.375000 -40.437500 -16.125000 83014520.000000
-5.125000 -40.625000 -16.437500 83114520.000000
-4.812500 -40.625000 -16.812500 83214520.000000
-4.937500 -40.687500 -16.875000 83314520.000000
-4.625000 -40.375000 -17.312500 83414520.000000
-4.312500 -40.312500 -17.437500 83514520.000000
-3.937500 -40.312500 -17.625000 83614520.000000
-3.250000 -40.062500 -18.250000 83714520.000000
-2.437500 -40.125000 -18.750000 83814520.000000
-1.625000 -40.000000 -19.187500 83914520.000000
-0.812500 -39.937500 -19.250000 84014520.000000
0.437500 -39.875000 -19.875000 84114520.000000
1.625000 -40.000000 -20.062500 84214520.000000
3.125000 -40.125000 -20.750000 84314520.000000
4.312500 -40.062500 -20.812500 84414520.000000
5.500000 -40.187500 -20.750000 84514520.000000
6.750000 -40.250000 -20.812500 84614520.000000
7.812500 -40.250000 -20.750000 84714520.000000
9.000000 -40.437500 -21.000000 84814520.000000
10.000000 -40.500000 -20.937500 84914520.000000
10.250000 -40.375000 -20.562500 85014520.000000
10.937500 -40.250000 -20.562500 85114520.000000
11.312500 -40.437500 -20.750000 85214520.000000
11.625000 -40.437500 -20.687500 85314520.000000
11.687500 -40.500000 -20.687500 85414520.000000
12.000000 -40.750000 -20.812500 85514520.000000
12.250000 -40.750000 -20.625000 85614520.000000
12.250000 -40.875000 -20.687500 85714520.000000
12.937500 -41.125000 -21.000000 85814520.000000
13.250000 -41.312500 -20.625000 85914520.000000
13.562500 -41.375000 -20.312500 86014520.000000
13.875000 -41.500000 -20.375000 86114520.000000
14.000000 -41.625000 -20.375000 86214520.000000
14.125000 -41.562500 -20.187500 86314520.000000
13.937500 -41.625000 -20.187500 86414520.000000
14.125000 -41.312500 -20.062500 86514520.000000
14.062500 -41.187500 -19.687500 86614520.000000
14.062500 -41.125000 -19.937500 86714520.000000
14.062500 -40.812500 -20.062500 86814520.000000
13.937500 -40.687500 -20.125000 86914520.000000
14.125000 -40.562500 -20.062500 87014520.000000
14.000000 -40.437500 -20.312500 87114520.000000
14.062500 -40.500000 -20.375000 87214520.000000
14.187500 -40.500000 -20.312500 87314520.000000
14.250000 -40.875000 -20.500000 87414520.000000
14.187500 -40.875000 -20.437500 87514520.000000
14.125000 -41.250000 -20.500000 87614520.000000
14.187500 -41.437500 -20.312500 87714520.000000
13.875000 -41.187500 -20.062500 87814520.000000
14.062500 -41.312500 -19.812500 87914520.000000
14.000000 -41.437500 -19.750000 88014520.000000
14.125000 -41.500000 -19.750000 88114520.000000
14.000000 -41.437500 -19.625000 88214520.000000
14.125000 -41.312500 -19.687500 88314520.000000
13.937500 -41.250000 -19.437500 88414520.000000
13.812500 -41.250000 -19.562500 88514520.000000
13.562500 -41.312500 -19.500000 88614520.000000
13.000000 -41.000000 -19.062500 88714520.000000
12.562500 -40.500000 -18.750000 88814520.000000
11.937500 -40.062500 -18.625000 88914520.000000
12.000000 -40.000000 -18.750000 89014520.000000
11.687500 -40.187500 -18.750000 89114520.000000
11.562500 -40.062500 -18.875000 89214520.000000
11.687500 -39.875000 -18.875000 89314520.000000
11.750000 -40.125000 -18.812500 89414520.000000
12.062500 -40.250000 -19.062500 89514520.000000
12.125000 -40.500000 -19.187500 89614520.000000
12.187500 -41.000000 -18.937500 89714520.000000
11.812500 -40.812500 -18.375000 89814520.000000
11.625000 -40.750000 -18.000000 89914520.000000
11.312500 -40.562500 -17.750000 90014520.000000
10.687500 -40.312500 -17.437500 90114520.000000
11.000000 -40.375000 -17.875000 90214520.000000
11.187500 -40.625000 -18.125000 90314520.000000
11.562500 -40.562500 -18.437500 90414520.000000
12.000000 -40.437500 -18.875000 90514520.000000
12.562500 -40.500000 -19.562500 90614520.000000
12.875000 -40.500000 -19.875000 90714520.000000
13.625000 -40.812500 -20.250000 90814520.000000
14.187500 -41.125000 -20.812500 90914520.000000
14.250000 -41.000000 -20.625000 91014520.000000
14.312500 -40.937500 -20.937500 91114520.000000
14.125000 -40.875000 -20.750000 91214520.000000
14.062500 -40.750000 -20.875000 91314520.000000
14.062500 -40.812500 -20.687500 91414520.000000
14.000000 -40.750000 -20.687500 91514520.000000
14.062500 -40.625000 -20.812500 91614520.000000
14.000000 -40.562500 -20.500000 91714520.000000
13.937500 -40.687500 -20.375000 91814520.000000
13.937500 -40.562500 -19.937500 91914520.000000
13.875000 -40.875000 -19.312500 92014520.000000
13.875000 -41.500000 -18.062500 92114520.000000
13.562500 -41.875000 -16.250000 92214520.000000
13.500000 -42.187500 -13.937500 92314520.000000
13.437500 -42.562500 -10.875000 92414520.000000
13.500000 -42.750000 -7.375000 92514520.000000
13.187500 -42.375000 -3.437500 92614520.000000
12.937500 -42.062500 0.937500 92714520.000000
13.062500 -41.125000 5.250000 92814520.000000
12.937500 -39.687500 9.625000 92914520.000000
13.250000 -37.750000 13.812500 93014520.000000
13.812500 -35.562500 17.750000 93114520.000000
14.250000 -32.625000 21.375000 93214520.000000
14.750000 -29.750000 24.687500 93314520.000000
15.750000 -27.062500 27.375000 93414520.000000
16.687500 -24.125000 29.500000 93514520.000000
17.625000 -21.187500 31.437500 93614520.000000
18.687500 -18.562500 33.125000 93714520.000000
19.250000 -16.625000 34.250000 93814520.000000
19.687500 -14.750000 35.062500 93914520.000000
19.937500 -13.687500 35.562500 94014520.000000
20.062500 -12.812500 35.937500 94114520.000000
20.125000 -12.250000 36.062500 94214520.000000
20.000000 -11.687500 36.312500 94314520.000000
20.000000 -11.687500 36.437500 94414520.000000
19.812500 -11.687500 36.250000 94514520.000000
19.750000 -11.625000 36.187500 94614520.000000
19.812500 -11.812500 35.937500 94714520.000000
19.562500 -11.750000 36.000000 94814520.000000
19.750000 -11.625000 35.812500 94914520.000000
19.625000 -11.375000 35.875000 95014520.000000
19.687500 -11.500000 35.812500 95114520.000000
19.500000 -11.625000 35.875000 95214520.000000
19.437500 -11.625000 36.125000 95314520.000000
19.375000 -11.500000 36.312500 95414520.000000
18.750000 -11.187500 36.625000 95514520.000000
19.062500 -11.250000 36.437500 95614520.000000
18.812500 -11.187500 36.812500 95714520.000000
18.812500 -10.937500 37.000000 95814520.000000
18.750000 -10.625000 37.187500 95914520.000000
18.687500 -10.375000 37.375000 96014520.000000
18.625000 -10.250000 37.250000 96114520.000000
18.250000 -10.125000 37.062500 96214520.000000
18.375000 -10.000000 37.125000 96314520.000000
18.062500 -9.437500 37.562500 96414520.000000
17.750000 -9.062500 37.875000 96514520.000000
17.000000 -8.750000 38.250000 96614520.000000
16.250000 -8.625000 38.750000 96714520.000000
15.937500 -8.437500 39.000000 96814520.000000
15.875000 -8.062500 39.125000 96914520.000000
16.062500 -7.937500 39.312500 97014520.000000
16.125000 -7.937500 39.500000 97114520.000000
16.062500 -7.937500 39.250000 97214520.000000
16.312500 -8.000000 38.812500 97314520.000000
16.750000 -8.312500 38.562500 97414520.000000
17.312500 -8.375000 38.250000 97514520.000000
17.250000 -8.500000 38.125000 97614520.000000
17.437500 -8.687500 38.125000 97714520.000000
17.250000 -8.875000 38.375000 97814520.000000
17.000000 -8.812500 38.375000 97914520.000000
16.875000 -8.875000 39.000000 98014520.000000
16.437500 -9.125000 39.312500 98114520.000000
16.687500 -9.437500 39.250000 98214520.000000
16.500000 -9.625000 39.500000 98314520.000000
16.687500 -9.750000 39.375000 98414520.000000
16.062500 -9.750000 39.625000 98514520.000000
16.062500 -9.562500 39.875000 98614520.000000
16.312500 -9.625000 39.750000 98714520.000000
16.500000 -9.812500 39.312500 98814520.000000
16.500000 -9.812500 39.500000 98914520.000000
15.937500 -9.312500 39.687500 99014520.000000
16.062500 -9.312500 39.312500 99114520.000000
16.125000 -9.062500 39.562500 99214520.000000
16.437500 -9.125000 39.437500 99314520.000000
16.375000 -9.062500 39.187500 99414520.000000
16.187500 -9.125000 39.625000 99514520.000000
16.375000 -9.125000 39.437500 99614520.000000
16.812500 -9.250000 39.250000 99714520.000000
17.125000 -9.312500 39.250000 99814520.000000
17.125000 -9.062500 39.500000 99914520.000000
16.812500 -9.187500 39.500000 100014520.000000
17.000000 -9.187500 39.187500 100114520.000000
17.062500 -9.125000 39.187500 100214520.000000
16.875000 -9.000000 39.125000 100314520.000000
16.187500 -8.750000 39.687500 100414520.000000
15.437500 -8.625000 40.187500 100514520.000000
15.187500 -8.312500 40.500000 100614520.000000
15.000000 -8.312500 40.562500 100714520.000000
15.000000 -8.250000 40.750000 100814520.000000
14.812500 -8.125000 41.125000 100914520.000000
14.937500 -8.250000 40.875000 101014520.000000
15.375000 -8.375000 40.500000 101114520.000000
15.687500 -8.625000 40.062500 101214520.000000
16.062500 -8.750000 39.812500 101314520.000000
16.312500 -9.062500 39.500000 101414520.000000
16.750000 -9.000000 39.500000 101514520.000000
17.125000 -9.187500 38.875000 101614520.000000
17.375000 -9.312500 38.625000 101714520.000000
17.125000 -9.500000 38.750000 101814520.000000
17.312500 -9.375000 38.687500 101914520.000000
17.750000 -9.312500 38.562500 102014520.000000
18.500000 -9.250000 38.187500 102114520.000000
18.875000 -9.125000 37.875000 102214520.000000
18.937500 -9.500000 37.375000 102314520.000000
18.875000 -9.312500 37.562500 102414520.000000
18.937500 -9.437500 37.375000 102514520.000000
19.250000 -9.125000 37.187500 102614520.000000
19.125000 -9.250000 37.250000 102714520.000000
19.062500 -9.187500 37.375000 102814520.000000
18.875000 -9.187500 37.187500 102914520.000000
18.687500 -9.375000 37.062500 103014520.000000
18.500000 -9.250000 37.000000 103114520.000000
18.437500 -9.562500 36.937500 103214520.000000
18.375000 -9.375000 36.937500 103314520.000000
18.312500 -9.375000 36.937500 103414520.000000
18.312500 -9.500000 36.812500 103514520.000000
18.312500 -9.250000 36.750000 103614520.000000
18.250000 -9.187500 36.875000 103714520.000000
18.250000 -9.375000 36.937500 103814520.000000
18.250000 -9.375000 37.187500 103914520.000000
18.437500 -9.500000 37.125000 104014520.000000
18.250000 -9.750000 37.062500 104114520.000000
18.250000 -10.000000 36.937500 104214520.000000
18.375000 -10.062500 37.062500 104314520.000000
18.250000 -10.437500 36.875000 104414520.000000
18.312500 -10.562500 36.812500 104514520.000000
18.250000 -10.437500 36.875000 104614520.000000
18.125000 -10.500000 36.687500 104714520.000000
18.000000 -10.500000 36.687500 104814520.000000
18.000000 -10.437500 36.812500 104914520.000000
17.750000 -10.375000 37.062500 105014520.000000
17.750000 -10.500000 37.062500 105114520.000000
17.812500 -10.625000 37.000000 105214520.000000
17.437500 -10.625000 37.062500 105314520.000000
17.437500 -11.062500 37.187500 105414520.000000
17.500000 -11.250000 37.062500 105514520.000000
17.500000 -11.375000 37.250000 105614520.000000
17.437500 -11.625000 37.187500 105714520.000000
17.375000 -12.312500 36.812500 105814520.000000
17.125000 -13.062500 36.625000 105914520.000000
16.875000 -14.125000 36.250000 106014520.000000
16.500000 -15.875000 35.500000 106114520.000000
16.125000 -17.687500 34.437500 106214520.000000
15.875000 -20.062500 33.250000 106314520.000000
15.437500 -22.687500 31.625000 106414520.000000
14.937500 -25.625000 29.812500 106514520.000000
14.625000 -28.375000 28.187500 106614520.000000
14.437500 -31.062500 26.062500 106714520.000000
14.125000 -33.500000 23.625000 106814520.000000
14.125000 -35.562500 21.125000 106914520.000000
14.125000 -37.562500 18.437500 107014520.000000
14.125000 -39.000000 15.750000 107114520.000000
14.312500 -40.250000 12.625000 107214520.000000
14.562500 -41.250000 9.375000 107314520.000000
14.437500 -41.937500 6.250000 107414520.000000
14.312500 -42.625000 2.750000 107514520.000000
14.375000 -43.250000 -0.250000 107614520.000000
14.437500 -43.625000 -3.500000 107714520.000000
14.312500 -43.750000 -6.312500 107814520.000000
14.312500 -43.750000 -9.125000 107914520.000000
14.125000 -43.625000 -11.375000 108014520.000000
14.062500 -43.312500 -13.312500 108114520.000000
14.250000 -43.062500 -15.562500 108214520.000000
14.375000 -42.750000 -16.812500 108314520.000000
14.437500 -42.250000 -18.125000 108414520.000000
14.562500 -41.875000 -18.750000 108514520.000000
14.562500 -41.562500 -19.500000 108614520.000000
14.500000 -41.250000 -19.812500 108714520.000000
14.562500 -41.187500 -20.000000 108814520.000000
14.437500 -41.125000 -20.312500 108914520.000000
14.625000 -41.312500 -20.250000 109014520.000000
14.687500 -41.375000 -20.500000 109114520.000000
14.562500 -41.500000 -20.500000 109214520.000000
14.500000 -41.875000 -20.625000 109314520.000000
14.250000 -41.687500 -20.312500 109414520.000000
13.625000 -41.625000 -19.750000 109514520.000000
13.500000 -41.437500 -19.750000 109614520.000000
13.187500 -41.312500 -19.187500 109714520.000000
12.687500 -41.125000 -19.250000 109814520.000000
12.000000 -40.812500 -18.750000 109914520.000000
11.687500 -40.687500 -18.500000 110014520.000000
11.437500 -40.437500 -18.125000 110114520.000000
11.187500 -40.312500 -18.125000 110214520.000000
11.937500 -40.562500 -18.687500 110314520.000000
12.062500 -40.437500 -18.687500 110414520.000000
12.000000 -40.187500 -18.562500 110514520.000000
12.187500 -40.187500 -18.375000 110614520.000000
12.250000 -40.312500 -18.500000 110714520.000000
12.250000 -40.375000 -18.437500 110814520.000000
12.187500 -40.250000 -18.312500 110914520.000000
12.187500 -40.250000 -18.312500 111014520.000000
11.687500 -40.312500 -18.437500 111114520.000000
11.562500 -40.687500 -18.562500 111214520.000000
12.062500 -41.062500 -19.000000 111314520.000000
12.187500 -41.000000 -19.062500 111414520.000000
12.812500 -41.250000 -19.250000 111514520.000000
13.250000 -41.375000 -19.625000 111614520.000000
13.562500 -41.562500 -19.875000 111714520.000000
14.187500 -42.000000 -20.125000 111814520.000000
14.687500 -41.875000 -20.312500 111914520.000000
15.000000 -41.875000 -20.437500 112014520.000000
15.000000 -41.937500 -20.562500 112114520.000000
15.062500 -42.062500 -20.750000 112214520.000000
14.937500 -41.875000 -20.812500 112314520.000000
15.062500 -41.875000 -20.812500 112414520.000000
15.187500 -42.125000 -20.750000 112514520.000000
15.187500 -42.125000 -20.937500 112614520.000000
15.187500 -42.250000 -20.937500 112714520.000000
15.062500 -42.062500 -21.125000 112814520.000000
15.187500 -42.000000 -21.250000 112914520.000000
15.062500 -42.000000 -21.437500 113014520.000000
15.187500 -42.062500 -21.625000 113114520.000000
15.187500 -42.187500 -21.687500 113214520.000000
15.312500 -42.125000 -22.125000 113314520.000000
15.250000 -42.187500 -22.125000 113414520.000000
15.375000 -42.375000 -21.937500 113514520.000000
15.437500 -42.562500 -21.875000 113614520.000000
15.312500 -42.500000 -21.750000 113714520.000000
15.437500 -42.562500 -21.500000 113814520.000000
15.437500 -42.937500 -21.312500 113914520.000000
14.937500 -42.750000 -21.125000 114014520.000000
14.562500 -42.750000 -20.875000 114114520.000000
14.562500 -42.687500 -20.812500 114214520.000000
14.312500 -42.812500 -20.750000 114314520.000000
14.062500 -42.875000 -20.562500 114414520.000000
14.000000 -43.250000 -20.500000 114514520.000000
14.000000 -43.250000 -20.312500 114614520.000000
14.125000 -43.187500 -20.437500 114714520.000000
14.437500 -43.375000 -20.562500 114814520.000000
14.437500 -43.687500 -20.562500 114914520.000000
14.375000 -43.687500 -20.687500 115014520.000000
14.375000 -43.625000 -20.500000 115114520.000000
14.500000 -43.687500 -20.562500 115214520.000000
14.500000 -43.562500 -20.437500 115314520.000000
14.500000 -43.812500 -20.687500 115414520.000000
14.125000 -43.687500 -20.437500 115614520.000000
14.312500 -43.187500 -20.375000 115814520.000000
14.500000 -43.187500 -20.437500 115914520.000000
14.562500 -43.125000 -20.562500 116014520.000000
14.437500 -43.062500 -20.500000 116214520.000000
14.687500 -42.875000 -20.625000 116314520.000000
14.875000 -42.750000 -20.437500 116414520.000000
14.875000 -42.937500 -20.500000 116514520.000000
14.812500 -43.125000 -20.687500 116614520.000000
14.375000 -43.000000 -20.562500 116814520.000000
14.375000 -42.812500 -20.562500 117014520.000000
