0.794339 -0.853179 9.541871 16520612645
0.774725 -0.970859 9.600712 16520637627
0.686466 -1.127765 9.728198 16520662714
0.676659 -1.314091 9.738005 16520687646
0.755112 -1.323898 9.659552 16520712640
0.764919 -1.402351 9.590905 16520737646
0.794339 -1.363124 9.512452 16520762633
0.804145 -1.412158 9.296705 16520787631
0.823759 -1.304285 9.277092 16520812634
0.833565 -1.284671 9.306512 16520837639
0.813952 -1.265058 9.326125 16520862646
0.794339 -1.294478 9.306512 16520887622
0.853179 -1.304285 9.228059 16520912638
0.862985 -1.333705 9.355545 16520937636
0.833565 -1.392545 9.316319 16520962652
0.833565 -1.480804 9.453611 16520987620
0.804145 -1.667131 9.571292 16521012651
0.882599 -1.608291 9.630132 16521037648
0.931632 -1.520031 9.767425 16521062641
0.706079 -1.765197 9.943945 16521087622
0.568786 -2.471276 9.924331 16521112650
0.745305 -2.657602 9.757618 16521137630
0.882599 -2.500696 9.443805 16521162632
0.980665 -2.755669 9.188832 16521187634
1.039505 -3.040062 9.002505 16521212638
1.068925 -3.177355 8.767146 16521237641
1.137571 -3.275421 8.718113 16521262650
1.196411 -3.500974 8.855406 16521287638
1.108152 -3.608848 8.884827 16521312626
1.137571 -3.677494 8.825986 16521337630
1.225831 -3.530394 8.855406 16521362640
1.274865 -3.589234 8.884827 16521387635
1.314091 -3.589234 8.806373 16521412651
1.265058 -3.677494 8.688693 16521437632
1.363124 -4.197247 8.600433 16521462644
1.382738 -4.148213 8.394494 16521487642
1.294478 -4.265893 8.247394 16521512655
1.206218 -4.628739 8.355267 16521537632
1.108152 -4.962165 8.002228 16521562646
1.049312 -5.197526 8.012034 16521587633
1.019892 -5.462305 8.002228 16521612648
1.010085 -5.599597 7.688415 16521637628
0.980665 -6.109544 7.570735 16521662636
0.961052 -6.295870 7.354988 16521687633
0.961052 -6.305676 7.158855 16521712653
0.941439 -6.609683 7.050982 16521737635
0.902212 -6.913689 6.933302 16521762649
0.872792 -7.109822 6.639102 16521787639
0.804145 -7.188275 6.560650 16521812652
0.823759 -7.237308 6.423357 16521837643
0.804145 -7.315762 6.295870 16521862641
0.725692 -7.502088 6.158577 16521887880
0.735499 -7.658995 5.903604 16521912654
0.657046 -7.894354 5.589791 16521937638
0.657046 -8.031648 5.530951 16521962635
0.657046 -8.217974 5.266171 16521987623
0.588399 -8.541594 4.687580 16522012658
0.578592 -8.620047 4.560093 16522037631
0.529559 -8.620047 4.481639 16522062641
0.460913 -8.708306 4.285507 16522087642
0.372653 -8.992700 3.520588 16522112654
0.304006 -9.051538 3.324455 16522137623
0.245166 -9.257479 3.314648 16522162639
0.254973 -9.335932 3.255808 16522187634
0.127486 -9.610518 2.853735 16522212648
0.068647 -9.757618 2.559536 16522237648
0.088260 -9.855684 2.294756 16522262644
0.009807 -9.963558 2.196690 16522287622
0.078453 -9.973364 1.696550 16522312647
0.049033 -10.012591 1.363124 16522337624
0.009807 -10.091044 1.019892 16522362647
0.088260 -10.189111 0.519753 16522387622
0.088260 -10.149883 0.186326 16522412657
0.058840 -10.110658 -0.274586 16522437624
0.117680 -10.238144 -0.382459 16522462652
0.058840 -10.140078 -1.019892 16522487621
0.019613 -9.806651 -1.539644 16522512651
-0.098067 -9.836071 -1.902490 16522537626
-0.147100 -10.051817 -2.059397 16522562651
-0.107873 -9.855684 -2.441856 16522587620
-0.284393 -9.914525 -2.814509 16522612652
-0.362846 -9.875298 -2.873349 16522637618
-0.558979 -9.943945 -3.402908 16522662640
-0.735499 -9.875298 -3.844207 16522687595
-0.676659 -9.630132 -4.108987 16522712596
-0.578592 -9.404578 -4.363960 16522737624
-0.735499 -9.483032 -4.991585 16522762647
-0.706079 -9.335932 -5.168105 16522787606
-0.725692 -9.149606 -5.217138 16522812652
-0.794339 -8.884827 -5.364238 16522837832
-1.010085 -8.374881 -6.315483 16522862647
-1.294478 -8.345461 -6.619490 16522887662
-1.147378 -8.325847 -6.737169 16522912630
-1.117958 -8.139521 -6.933302 16522937695
-1.255251 -7.629575 -7.521701 16522962629
-1.274865 -7.276535 -7.825707 16522987745
-1.323898 -7.207889 -8.149327 16523012650
-1.431771 -6.894075 -8.433721 16523037629
-1.372931 -6.609683 -8.374881 16523062635
-1.402351 -6.393937 -8.453333 16523087634
-1.451384 -6.158577 -8.502367 16523112646
-1.470998 -5.825150 -8.590627 16523137630
-1.490611 -5.599597 -8.551400 16523162637
-1.529838 -5.334818 -8.688693 16523187641
-1.539644 -5.197526 -8.933860 16523212642
-1.676937 -4.922939 -9.257479 16523237612
-1.716164 -4.795453 -9.424192 16523262651
-1.784810 -4.618933 -9.404578 16523287620
-1.961330 -3.844207 -9.669358 16523312657
-2.039783 -3.589234 -10.110658 16523337624
-2.098624 -3.510781 -10.287177 16523362639
-2.098624 -3.579428 -10.306790 16523387603
-2.235916 -3.216582 -10.179304 16523412637
-2.275143 -2.892962 -10.238144 16523437622
-2.314370 -2.726249 -10.169497 16523462647
-2.304563 -2.745862 -10.002784 16523487609
-2.402630 -2.912575 -9.914525 16523512635
-2.481083 -2.716442 -9.875298 16523537618
-2.392823 -2.500696 -9.885104 16523562647
-2.343790 -2.412436 -10.091044 16523587614
-2.520309 -2.186883 -10.473503 16523612647
-2.432050 -2.059397 -10.404857 16523637620
-2.363403 -1.882877 -10.444084 16523662625
-2.588956 -1.363124 -10.493117 16523687621
-2.530116 -1.088538 -10.591184 16523712655
-2.902769 -0.853179 -10.924609 16523737624
-2.775282 -0.902212 -10.287177 16523762649
-2.657602 -1.059118 -10.051817 16523787698
-2.824315 -0.853179 -10.022397 16523812641
-2.873349 -0.862985 -10.757896 16523837648
-3.030255 -0.853179 -10.600989 16523862639
-2.932189 -0.460913 -10.434277 16523887686
-3.059675 -0.323619 -10.179304 16523912649
-3.334261 -0.186326 -10.493117 16523937640
-3.314648 -0.186326 -10.277370 16523962642
-3.196968 0.166713 -10.110658 16523987642
-3.089095 0.353039 -9.865492 16524012647
-3.128322 0.509946 -9.855684 16524037636
-3.334261 0.774725 -9.914525 16524062642
-3.402908 1.078732 -10.130271 16524087645
-3.412714 1.304285 -10.051817 16524112655
-3.500974 1.500418 -9.953751 16524137648
-3.746140 1.863264 -9.757618 16524162648
-3.903047 2.118237 -9.747811 16524187642
-4.079567 2.294756 -9.904717 16524212639
-4.099180 2.451663 -9.806651 16524237636
-3.804981 2.873349 -9.581099 16524262635
-3.657881 2.991029 -9.316319 16524287636
-3.520588 3.079288 -9.198639 16524312648
-3.442135 3.295035 -9.483032 16524337639
-3.353875 3.481361 -9.541871 16524362645
-3.285228 3.550008 -9.384965 16524387632
-3.069482 3.716721 -9.247672 16524412648
-2.667409 4.158020 -9.306512 16524437632
-2.618376 4.236474 -9.375159 16524462648
-2.549729 4.216860 -9.296705 16524487640
-2.500696 4.256087 -9.267285 16524512645
-2.265337 4.520866 -9.169219 16524537639
-2.177077 4.658159 -9.169219 16524562639
-2.118237 4.638546 -9.198639 16524587634
-1.980944 4.697386 -9.532065 16524612646
-1.470998 5.197526 -9.473226 16524637631
-1.510224 5.305398 -9.679165 16524662648
-1.725971 5.217138 -9.522259 16524687633
-1.824037 5.275978 -9.375159 16524712637
-1.843650 5.344625 -8.767146 16524737641
-1.814230 5.481918 -8.982893 16524762602
-2.000557 5.413271 -9.649745 16524787649
-1.520031 5.374044 -9.041733 16524812638
-1.637711 5.354432 -8.786759 16524837638
-1.863264 5.383852 -8.580820 16524862644
-1.853457 5.540758 -8.423914 16524887637
-1.882877 5.687858 -8.345461 16524912650
-1.775004 5.805537 -8.374881 16524937637
-1.706357 6.001670 -8.345461 16524962651
-1.539644 6.354710 -8.217974 16524987651
-1.402351 6.423357 -8.247394 16525012653
-1.274865 6.433163 -8.257200 16525037598
-1.127765 6.442970 -8.286621 16525062646
-0.912019 6.482196 -8.355267 16525087638
-0.764919 6.580263 -8.276814 16525112638
-0.676659 6.658716 -8.325847 16525137639
-0.588399 6.737169 -8.355267 16525162668
-0.558979 6.707749 -8.365073 16525187669
-0.568786 6.697943 -8.257200 16525212658
-0.578592 6.756783 -8.208167 16525237652
0.196133 7.129435 -7.894354 16525262652
0.598206 7.227501 -7.639381 16525287651
-0.058840 7.276535 -8.355267 16525312650
-0.205940 7.335375 -8.286621 16525337658
-0.823759 7.472668 -7.786481 16525362645
-0.784532 7.531508 -7.413828 16525387650
-0.862985 7.600155 -7.060789 16525412659
-0.833565 7.717835 -6.815622 16525437650
-0.676659 8.217974 -6.962722 16525462653
-0.637432 8.472947 -6.815622 16525487645
-0.578592 8.629853 -6.393937 16525512656
-0.509946 8.521980 -6.031090 16525537646
-0.578592 9.080959 -5.472112 16525562651
-0.627626 9.365352 -5.638824 16525587648
-0.588399 9.492838 -5.825150 16525612632
-0.411879 9.453611 -4.864099 16525637643
-0.254973 9.600712 -4.648353 16525662642
-0.137293 9.659552 -4.314927 16525687604
0.039227 9.679165 -3.883434 16525712584
0.343233 9.590905 -3.010642 16525737656
0.460913 9.639938 -2.471276 16525762643
0.608012 9.865492 -2.059397 16525787654
0.598206 9.757618 -2.412436 16525812657
0.902212 9.953751 -0.872792 16525837649
0.647239 10.081238 -0.941439 16525862650
0.706079 10.071430 -0.558979 16525887640
0.500139 9.022120 -0.509946 16525912647
1.284671 9.345738 1.735777 16525937647
1.127765 9.169219 1.608291 16525962641
1.068925 8.423914 2.402630 16525987643
1.137571 7.904161 3.667687 16526012651
0.764919 7.443248 4.334540 16526037651
0.617819 7.423635 4.873906 16526062644
0.490333 7.580542 5.285785 16526087652
0.088260 7.443248 6.246837 16526112645
0.009807 7.266728 6.766589 16526137652
-0.068647 7.070595 7.021562 16526162630
-0.098067 6.776396 7.109822 16526187654
-0.147100 6.423357 7.590348 16526212656
-0.156906 6.168384 7.727641 16526237652
-0.058840 5.991864 7.737448 16526262638
0.009807 5.325011 7.884548 16526287650
-0.107873 4.971972 8.021841 16526312646
-0.156906 4.677773 8.031648 16526337656
-0.215746 4.324733 8.257200 16526362647
-0.294200 3.991307 8.590627 16526387651
-0.313813 3.903047 8.796566 16526412663
-0.411879 3.638267 8.992700 16526437652
-0.558979 3.402908 9.129992 16526462625
-0.745305 3.040062 8.953472 16526487655
-0.823759 2.922382 9.080959 16526512651
-0.970859 2.814509 9.218252 16526537654
-1.010085 2.667409 9.257479 16526562621
-1.108152 2.471276 9.129992 16526587652
-1.186605 2.363403 9.277092 16526612642
-1.225831 2.275143 9.433999 16526637637
-1.382738 2.079010 9.747811 16526662732
-1.402351 2.029977 9.659552 16526687655
-1.304285 1.922104 9.512452 16526712649
-1.157185 1.725971 9.620325 16526737649
-1.166991 1.470998 9.630132 16526762650
-1.088538 1.402351 9.492838 16526787640
-0.912019 1.304285 9.365352 16526812647
-0.794339 1.068925 9.110379 16526837650
-0.696272 0.794339 9.012313 16526862638
-0.715886 0.549172 9.031926 16526887641
-0.774725 0.500139 9.139799 16526912642
-0.921825 0.402073 9.326125 16526937652
-1.078732 0.372653 9.532065 16526962649
-1.137571 0.294200 9.777231 16526987646
-1.157185 0.313813 9.816459 16527012655
-1.127765 0.294200 9.688972 16527037652
-1.166991 0.402073 9.679165 16527062636
-1.157185 0.480526 9.522259 16527087652
-1.137571 0.480526 9.512452 16527112643
-1.098345 0.431493 9.433999 16527137642
-1.078732 0.480526 9.404578 16527162650
-1.068925 0.529559 9.365352 16527187645
-1.010085 0.549172 9.316319 16527212634
-1.000278 0.490333 9.541871 16527237647
-1.010085 0.460913 9.610518 16527262651
-1.039505 0.470719 9.551678 16527287653
-0.961052 0.411879 9.561485 16527312652
-1.029698 0.451106 9.492838 16527337641
-1.000278 0.480526 9.335932 16527362648
-0.941439 0.431493 9.355545 16527387636
-0.961052 0.304006 9.365352 16527412658
-1.010085 0.372653 9.394772 16527437650
-1.068925 0.411879 9.424192 16527462644
