-5.110000 -3.640000 5.897500 16520639653
-4.200000 -3.517500 8.417500 16520664669
-0.052500 -7.350000 5.320000 16520689643
-0.910000 -10.657500 1.977500 16520714637
-4.427500 -11.077500 0.525000 16520739638
-5.705000 -11.742500 -0.157500 16520764660
-4.200000 -6.177500 -1.960000 16520789648
1.067500 -5.302500 -1.540000 16520814656
-1.277500 -6.720000 -2.730000 16520839635
-4.480000 -7.245000 -1.750000 16520864658
-6.632500 -8.610000 -2.065000 16520889647
-7.542500 -5.162500 -1.697500 16520914640
-9.730000 -4.147500 -0.245000 16520939633
-9.100000 -3.482500 2.555000 16520964669
-11.532500 -5.005000 3.885000 16520989643
-16.187500 -7.805000 3.500000 16521014665
-15.732500 -6.247500 5.162500 16521039644
-19.250000 -8.907500 11.392500 16521064663
-24.184999 -11.567500 18.672501 16521089637
-29.907499 -19.547501 22.592501 16521114627
-32.917500 -27.020000 8.312500 16521139630
-36.942501 -26.915001 4.935000 16521164662
-48.334999 -24.535000 13.282500 16521189633
-51.450001 -23.764999 13.090000 16521214625
-37.029999 -17.937500 10.885000 16521239633
-27.667500 -10.220000 11.007500 16521264664
-24.237499 -10.290000 10.692500 16521289632
-24.150000 -12.967500 9.695000 16521314636
-22.802500 -10.622500 6.790000 16521339633
-18.812500 -7.945000 8.697500 16521364664
-21.665001 -10.255000 11.270000 16521389639
-32.270000 -12.425000 13.090000 16521414650
-37.677502 -10.377500 17.885000 16521439637
-42.262501 -14.105000 18.690001 16521464734
-43.347500 -13.160000 18.182501 16521489644
-46.549999 -9.905000 23.520000 16521514640
-55.685001 -15.137500 24.150000 16521539635
-59.115002 -14.857500 22.837500 16521564672
-58.957500 -9.117500 24.587500 16521589644
-62.247501 -11.497500 23.660000 16521614653
-62.037498 -12.950000 21.875000 16521639646
-63.927502 -15.137500 19.617500 16521664665
-63.455002 -16.660000 16.642500 16521689634
-58.170002 -13.037500 15.960000 16521714644
-53.462502 -10.360000 22.049999 16521739635
-49.139999 -14.472500 21.647501 16521764668
-43.645000 -15.837500 17.727501 16521789639
-38.657501 -10.062500 15.750000 16521814636
-42.647499 -10.745000 14.490000 16521839642
-50.224998 -14.577500 18.585001 16521864659
-54.494999 -15.627501 18.322500 16521889646
-53.357502 -16.957500 16.520000 16521914628
-52.639999 -11.095000 17.482500 16521939632
-60.392502 -11.655000 18.322500 16521964662
-67.392502 -15.662500 17.325001 16521989635
-71.574997 -14.350000 16.117500 16522014639
-74.427498 -10.745000 14.980000 16522039635
-71.907501 -11.567500 15.592500 16522064660
-69.965004 -14.752501 16.467501 16522089638
-69.894997 -17.867500 15.680000 16522114640
-66.465004 -9.782500 17.955000 16522139643
-59.395000 -6.020000 18.042500 16522164662
-55.195000 -7.560000 15.487500 16522189641
-54.775002 -11.515000 14.647500 16522214635
-57.400002 -12.127500 13.282500 16522239642
-60.987499 -6.037500 9.922500 16522264663
-69.387497 -5.967500 5.232500 16522289638
-76.702499 -11.567500 3.307500 16522314635
-82.792503 -13.055000 5.145000 16522339638
-83.614998 -11.182500 5.687500 16522364661
-82.197502 -7.787500 3.622500 16522389697
-84.035004 -9.782500 1.977500 16522414637
-86.379997 -8.172500 5.547500 16522439638
-85.872498 -7.332500 5.687500 16522464669
-93.800003 -11.987500 2.817500 16522489719
-92.417503 -11.795000 9.397500 16522514637
-84.559998 -1.312500 23.187500 16522539647
-74.672501 -2.922500 19.197500 16522564657
-70.209999 -2.625000 17.710001 16522589629
-67.847504 -0.245000 21.472500 16522614626
-68.267502 -0.087500 18.025000 16522639628
-69.264999 -4.217500 19.827499 16522664650
-73.552498 -7.262500 14.910000 16522689523
-83.877502 -5.530000 12.232500 16522714513
-88.847504 -6.387500 20.142500 16522739625
-83.510002 -0.525000 19.477501 16522764655
-81.199997 3.937500 16.520000 16522789633
-88.584999 -1.155000 14.980000 16522814627
-99.084999 -8.977500 15.347500 16522839633
-98.087502 -7.525000 20.475000 16522864649
-90.965004 4.322500 30.450001 16522889626
-88.794998 0.717500 24.447500 16522914639
-95.445000 -8.592500 18.707500 16522939632
-96.180000 -5.442500 18.182501 16522964653
-88.567497 -8.627500 18.549999 16522989633
-79.449997 -8.260000 20.317499 16523014640
-67.322502 -4.865000 15.960000 16523039628
-66.517502 -4.392500 12.355000 16523064655
-69.720001 -10.220000 9.292500 16523089628
-65.309998 -9.730000 9.537500 16523114633
-58.677502 -11.200000 6.072500 16523139625
-59.605000 -13.650000 2.152500 16523164661
-59.814999 -18.917500 0.525000 16523189630
-58.730000 -16.065001 -0.402500 16523214641
-61.775002 -14.385000 -0.875000 16523239628
-58.834999 -15.522500 -1.260000 16523264649
-57.592499 -21.612499 -3.832500 16523289655
-59.832500 -30.642500 -2.432500 16523314657
-61.512501 -37.257500 0.682500 16523339640
-60.619999 -25.917500 4.830000 16523364701
-51.134998 -18.847500 1.067500 16523389652
-44.625000 -17.150000 -8.155000 16523414629
-37.415001 -15.540000 -9.205000 16523439648
-35.717499 -13.125000 -4.602500 16523464648
-33.215000 -11.462500 -1.015000 16523489648
-24.080000 -12.110000 -5.180000 16523514615
-25.934999 -14.227500 -8.662500 16523539629
-34.352501 -20.037500 -3.552500 16523564646
-44.327499 -22.522501 -2.362500 16523589623
-39.549999 -19.547501 -8.732500 16523614623
-28.087500 -11.672500 -8.662500 16523639624
-28.332500 -11.620000 -11.497500 16523664676
-33.705002 -14.350000 -10.762500 16523689628
-42.367500 -10.517500 -7.000000 16523714625
-32.917500 -4.042500 -1.487500 16523739623
-19.652500 7.385000 2.187500 16523764650
-18.934999 -16.992500 -3.430000 16523789632
-28.612499 -21.227501 -5.215000 16523814617
-40.389999 -17.920000 -6.807500 16523839625
-46.795002 -18.427500 -7.070000 16523864643
-44.047501 -23.677500 -9.047500 16523889622
-36.067501 -24.762501 -9.975000 16523914625
-37.992500 -31.255001 -11.987500 16523939624
-48.037498 -27.965000 -11.392500 16523964652
-50.417500 -18.235001 -8.767500 16523989622
-41.422501 -22.382500 -4.147500 16524014649
-39.672501 -36.750000 -2.625000 16524039627
-53.287498 -40.075001 -1.277500 16524064657
-66.657501 -37.327499 4.602500 16524089617
-67.322502 -32.462502 9.117500 16524114627
-51.520000 -32.077499 12.040000 16524139626
-47.827499 -31.307501 8.137500 16524164646
-65.029999 -32.200001 6.860000 16524189624
-76.404999 -23.642500 6.055000 16524214620
-76.334999 -2.397500 1.417500 16524239516
-50.994999 5.792500 7.000000 16524264648
-35.735001 16.485001 15.015000 16524289715
-33.564999 16.940001 18.725000 16524314623
-42.192501 22.610001 17.710001 16524339644
-41.317501 36.365002 11.532500 16524364649
-31.132500 43.522499 10.010000 16524389689
-33.477501 38.990002 8.855000 16524414612
-39.584999 35.174999 13.317500 16524439583
-35.857502 35.297501 13.860000 16524464647
-23.415001 32.025002 12.757500 16524489576
-7.105000 18.007500 13.142500 16524514623
-7.105000 13.440001 13.842500 16524539616
-15.697500 17.307501 14.770000 16524564644
-32.830002 19.477501 15.575000 16524589622
-37.205002 16.344999 16.852501 16524614627
-32.497501 8.557500 19.565001 16524639619
-25.620001 0.192500 11.287500 16524664653
-23.240000 4.112500 -3.220000 16524689624
-18.462500 -0.612500 -8.120000 16524714629
-26.022501 0.035000 -3.570000 16524739623
-25.795000 3.780000 5.512500 16524764522
-8.960000 -7.017500 5.442500 16524789627
-12.460000 -13.912500 10.150000 16524814638
-23.047501 -17.797501 36.680000 16524839631
-19.145000 -1.610000 36.312500 16524864654
-25.305000 9.362500 26.320000 16524889632
-26.512501 5.722500 18.812500 16524914637
-25.287500 -2.660000 15.365000 16524939628
-18.322500 -1.102500 20.142500 16524964764
-7.367500 4.182500 19.652500 16524989633
-7.857500 13.387500 19.565001 16525014635
-15.592500 11.970000 18.077499 16525039513
-23.379999 6.020000 16.712500 16525064684
-21.174999 8.085000 15.207500 16525089641
-15.260000 6.930000 10.045000 16525114467
-13.352500 4.060000 6.790000 16525139640
-15.225000 9.362500 7.787500 16525164680
-15.592500 6.440000 9.380000 16525189666
-18.182501 5.407500 11.112500 16525214644
-17.535000 1.330000 11.760000 16525239622
-22.032499 6.160000 12.967500 16525264669
-33.320000 -0.700000 -1.575000 16525289635
-53.130001 -24.202499 -7.472500 16525314639
-64.382500 -20.422501 0.630000 16525339646
-35.910000 -26.092501 -7.437500 16525364655
-24.674999 -16.327499 -10.010000 16525389642
-13.842500 -21.315001 -4.865000 16525414633
-20.527500 -44.957500 7.647500 16525439638
-50.312500 -45.447498 14.980000 16525464661
-69.772499 -30.887501 22.085001 16525489661
-75.074997 -8.435000 24.815001 16525514637
-56.385002 -7.630000 25.042500 16525539637
-56.262501 -12.075000 24.219999 16525564656
-74.095001 -29.277500 35.875000 16525589663
-102.392502 -13.335000 40.040001 16525614635
-105.367500 -7.070000 38.622501 16525639633
-102.375000 -12.915000 35.279999 16525664664
-104.370003 -10.867500 35.525002 16525689539
-111.352501 -10.360000 34.772499 16525714527
-117.355003 -8.365000 32.777500 16525739629
-112.857498 -7.035000 28.875000 16525764662
-107.834999 -14.647500 29.732500 16525789634
-119.840004 1.050000 34.807499 16525814636
-137.725006 14.455000 22.172501 16525839634
-168.927505 3.657500 30.485001 16525864671
-169.399994 16.257500 27.422501 16525889587
-171.972504 8.592500 -12.162500 16525914635
-146.930008 -17.745001 -14.192500 16525939643
-162.697495 -6.685000 1.365000 16525964635
-192.850006 31.482500 -8.785000 16525989480
-178.184998 30.152500 -10.990000 16526014634
-141.574997 24.552500 -13.475000 16526039634
-118.142502 17.832500 -27.125000 16526064658
-119.962502 19.879999 -28.980000 16526089632
-132.632507 20.562500 -19.022501 16526114640
-127.137497 8.417500 -16.852501 16526139633
-106.137497 -1.627500 -11.707500 16526164658
-93.625000 -1.050000 -7.140000 16526189641
-89.022499 -3.500000 -8.260000 16526214638
-84.682503 -6.772500 -4.672500 16526239638
-82.827499 -9.170000 7.560000 16526264657
-75.757500 0.227500 12.197500 16526289635
-69.807503 4.847500 11.147500 16526314635
-67.882500 12.267500 7.647500 16526339631
-70.787498 18.865000 3.342500 16526364662
-71.224998 14.332500 -5.757500 16526389633
-62.912498 16.625000 -3.115000 16526414646
-53.935001 17.097500 0.910000 16526439625
-46.182499 12.880000 -1.330000 16526464659
-45.849998 13.877501 -2.590000 16526489639
-46.095001 14.665000 -3.727500 16526514632
-39.987499 11.287500 -1.995000 16526539638
-39.514999 8.925000 -3.045000 16526564658
-41.912498 9.730000 -2.572500 16526589623
-41.422501 8.680000 -0.840000 16526614633
-37.152500 4.252500 -1.837500 16526639646
-30.537500 -3.797500 -1.137500 16526664700
-24.657499 -13.860000 1.505000 16526689632
-21.875000 -14.437500 4.672500 16526714631
-19.442499 -13.265000 4.392500 16526739645
-19.267500 -16.537500 2.327500 16526764659
-21.682501 -20.825001 -0.105000 16526789635
-22.014999 -18.777500 1.662500 16526814652
-26.547501 -14.612500 1.750000 16526839631
-28.472500 -0.892500 0.070000 16526864463
-25.917500 0.472500 -0.910000 16526889631
-23.764999 3.255000 -8.015000 16526914635
-19.145000 6.317500 -9.240000 16526939640
-18.847500 9.817500 -10.097500 16526964645
-18.252501 4.200000 -12.810000 16526989634
-13.982500 -6.195000 -12.810000 16527014634
-9.030000 -8.435000 -10.885000 16527039628
-4.462500 -11.182500 -9.432500 16527064661
4.760000 -13.877501 -6.440000 16527089635
5.040000 -13.160000 -4.987500 16527114630
3.290000 -11.935000 -5.932500 16527139632
1.680000 -12.670000 -7.542500 16527164654
2.502500 -11.690000 -5.302500 16527189630
3.465000 -8.312500 -3.062500 16527214612
1.855000 -3.780000 -2.642500 16527239633
-0.682500 -4.935000 -0.350000 16527264663
3.220000 -6.072500 0.070000 16527289631
5.162500 -3.640000 1.505000 16527314630
5.617500 -7.245000 0.455000 16527339629
2.310000 -6.352500 0.437500 16527364659
-1.225000 -2.240000 1.697500 16527389631
0.402500 -2.765000 0.297500 16527414635
2.625000 -1.610000 -0.227500 16527439627
0.017500 -0.910000 1.365000 16527466313
2.957500 -1.295000 2.922500 16527489698
