0.000000 30527962606
0.000000 30527986311
0.000000 30528011024
0.000000 30528036009
0.000000 30528061023
0.000000 30528086013
0.000000 30528111016
0.000000 30528136156
0.000000 30528161148
0.000000 30528186131
0.000000 30528211148
0.000000 30528236199
0.000000 30528261204
0.000000 30528286193
0.000000 30528311279
0.000000 30528336351
0.000000 30528361346
0.000000 30528386316
0.000000 30528411338
0.000000 30528436346
0.000000 30528461338
0.000000 30528486313
0.000000 30528511338
0.000000 30528536332
0.000000 30528561329
0.000000 30528586305
0.000000 30528611334
0.000000 30528636327
0.000000 30528661333
0.000000 30528686312
0.000000 30528711339
0.000000 30528736340
0.000000 30528761317
0.000000 30528786306
0.000000 30528811323
0.000000 30528836320
0.000000 30528861428
0.000000 30528886321
0.000000 30528911330
0.000000 30528936322
0.000000 30528961287
0.000000 30528986253
0.000000 30529011355
0.000000 30529036346
0.000000 30529062032
0.000000 30529086322
0.000000 30529111317
0.000000 30529136322
0.000000 30529161394
0.000000 30529186296
0.000000 30529211333
0.000000 30529236319
0.000000 30529261318
0.000000 30529286301
0.000000 30529311317
0.000000 30529336315
0.000000 30529361321
0.000000 30529386318
0.000000 30529411317
0.000000 30529436325
0.000000 30529461320
0.000000 30529486298
0.000000 30529511346
0.000000 30529536327
0.000000 30529561319
0.000000 30529586301
0.000000 30529611323
0.000000 30529636319
0.000000 30529661323
0.000000 30529686307
0.000000 30529711316
0.000000 30529736310
0.000000 30529761325
0.000000 30529786305
0.000000 30529811301
0.000000 30529836317
0.000000 30529861317
0.000000 30529886312
0.000000 30529911314
0.000000 30529936515
0.000000 30529961314
0.000000 30529986296
0.000000 30530011342
0.000000 30530036329
0.000000 30530061319
0.000000 30530086303
0.000000 30530111318
0.000000 30530136318
0.000000 30530161327
0.000000 30530186300
0.000000 30530211304
0.000000 30530236326
0.000000 30530261316
0.000000 30530286305
0.000000 30530311317
0.000000 30530336329
0.000000 30530361310
0.000000 30530386293
0.000000 30530411324
0.000000 30530436310
0.000000 30530461318
0.000000 30530486307
0.000000 30530511321
0.000000 30530536311
0.000000 30530561319
0.000000 30530586288
0.000000 30530611312
0.000000 30530636321
0.000000 30530661335
0.000000 30530686318
0.000000 30530711311
0.000000 30530736323
0.000000 30530761304
0.000000 30530786304
0.000000 30530811307
0.000000 30530836321
0.000000 30530861470
0.000000 30530886289
0.000000 30530911309
0.000000 30530936314
0.000000 30530961315
0.000000 30530986305
0.000000 30531011318
0.000000 30531036326
0.000000 30531061312
0.000000 30531086302
0.000000 30531111323
0.000000 30531136314
0.000000 30531161322
0.000000 30531186300
0.000000 30531211316
0.000000 30531236307
0.000000 30531261313
0.000000 30531286286
0.000000 30531311318
0.000000 30531336317
0.000000 30531361329
0.000000 30531386296
0.000000 30531411318
0.000000 30531436310
0.000000 30531461309
0.000000 30531486303
0.000000 30531511307
0.000000 30531536318
0.000000 30531561319
0.000000 30531586303
0.000000 30531611306
0.000000 30531636317
0.000000 30531661318
0.000000 30531686304
0.000000 30531711317
0.000000 30531736308
0.000000 30531761320
0.000000 30531786311
0.000000 30531811368
0.000000 30531836333
0.000000 30531861315
0.000000 30531886237
0.000000 30531911323
0.000000 30531936313
0.000000 30531961317
0.000000 30531986295
0.000000 30532011315
0.000000 30532036301
0.000000 30532061307
0.000000 30532086289
0.000000 30532111312
0.000000 30532136316
0.000000 30532161313
0.000000 30532186307
0.000000 30532211306
0.000000 30532236321
0.000000 30532261306
0.000000 30532286288
0.000000 30532311315
0.000000 30532336314
0.000000 30532361315
0.000000 30532386293
0.000000 30532411310
0.000000 30532436312
0.000000 30532461298
0.000000 30532486296
0.000000 30532511316
0.000000 30532536313
0.000000 30532561319
0.000000 30532586290
0.000000 30532611299
0.000000 30532636316
0.000000 30532661318
0.000000 30532686291
0.000000 30532711292
0.000000 30532736314
0.000000 30532761521
0.000000 30532786288
0.000000 30532811308
0.000000 30532836318
0.000000 30532861314
0.000000 30532886292
0.000000 30532911276
0.000000 30532936311
0.000000 30532961312
0.000000 30532986513
0.000000 30533011311
0.000000 30533036322
0.000000 30533061318
0.000000 30533086299
0.000000 30533111340
0.000000 30533136324
0.000000 30533161324
0.000000 30533186300
0.000000 30533211307
0.000000 30533236324
0.000000 30533261323
0.000000 30533286299
0.000000 30533311331
0.000000 30533336315
0.000000 30533361314
0.000000 30533386303
0.000000 30533411315
0.000000 30533436322
0.000000 30533461317
0.000000 30533486295
0.000000 30533511325
0.000000 30533536316
0.000000 30533561305
