-0.176520 0.284393 -10.728477 12642369562
-0.176520 0.411879 -10.914803 12642394529
-0.196133 0.568786 -10.954029 12642419563
-0.323619 0.490333 -10.875576 12642444560
-0.313813 0.617819 -10.875576 12642469561
-0.225553 0.666852 -10.855963 12642494527
-0.215746 0.725692 -10.963836 12642519567
-0.205940 0.961052 -10.914803 12642544564
-0.127486 1.078732 -10.895190 12642569561
0.039227 1.274865 -10.777510 12642594532
0.098067 1.333705 -10.689250 12642619568
-0.049033 1.627904 -10.679443 12642644570
0.068647 1.873070 -10.542150 12642669553
0.196133 2.029977 -10.473503 12642694545
0.127486 2.206496 -10.512731 12642719558
0.088260 2.588956 -10.453890 12642744573
0.049033 2.736056 -10.365630 12642769554
0.147100 2.922382 -10.238144 12642794523
0.127486 3.010642 -10.218531 12642819554
0.186326 3.520588 -9.992978 12642844565
0.078453 3.657881 -9.845878 12642869545
0.078453 3.863821 -9.777231 12642894517
0.254973 4.314927 -9.620325 12642919539
0.009807 4.501253 -9.561485 12642944532
-0.107873 4.805259 -9.384965 12642969541
-0.294200 5.011199 -9.267285 12642994511
-0.009807 5.491724 -9.051538 12643019520
-0.470719 5.825150 -8.698500 12643044545
-0.539366 6.080123 -8.492560 12643069532
-0.578592 6.227223 -8.286621 12643094517
-0.608012 6.374323 -7.884548 12643119545
-0.470719 6.609683 -7.570735 12643144530
-0.480526 6.697943 -7.354988 12643169541
-0.480526 6.756783 -7.109822 12643194512
-0.205940 6.894075 -6.531229 12643219541
-0.235360 7.168662 -6.393937 12643244539
-0.245166 7.482475 -6.511616 12643269539
-0.058840 7.825707 -6.541036 12643294512
-0.304006 8.139521 -6.364516 12643319544
-0.421686 8.178747 -6.246837 12643344547
-0.274586 8.227780 -6.001670 12643369540
-0.156906 8.227780 -5.883991 12643394517
-0.078453 8.659273 -5.785924 12643419541
-0.019613 8.708306 -5.668244 12643444536
0.039227 8.806373 -5.099458 12643469541
0.098067 8.727920 -5.217138 12643494516
0.196133 8.973086 -4.599319 12643519545
0.039227 9.061346 -4.471833 12643544537
0.254973 8.855406 -4.550286 12643569540
0.362846 9.061346 -4.393380 12643594518
0.480526 9.051538 -4.167827 12643619536
0.294200 9.247672 -3.785367 12643644546
0.254973 9.218252 -3.824594 12643669539
0.039227 9.159412 -3.657881 12643694513
0.147100 9.698778 -2.971415 12643719548
0.147100 9.806651 -2.687022 12643744538
-0.058840 9.551678 -2.333983 12643769535
-0.058840 9.679165 -2.128043 12643794514
0.098067 10.091044 -0.421686 12643819544
0.039227 10.346016 -0.049033 12643844543
0.137293 10.453890 0.215746 12643869543
0.088260 10.100850 0.588399 12643894515
0.215746 10.032204 0.843372 12643919537
0.235360 10.022397 1.049312 12643944540
0.147100 9.885104 0.931632 12643969541
-0.098067 9.836071 1.088538 12643994512
-0.049033 9.728198 1.255251 12644019548
-0.009807 9.875298 1.196411 12644044538
-0.029420 9.992978 1.127765 12644069548
0.117680 9.875298 1.421964 12644094519
0.274586 9.914525 1.108152 12644119549
0.127486 9.826264 1.304285 12644144531
-0.049033 9.610518 1.608291 12644169539
0.519753 9.620325 1.971137 12644194507
0.274586 9.718391 2.579149 12644219542
0.019613 9.875298 2.687022 12644244534
-0.078453 9.679165 2.471276 12644269535
-0.225553 9.600712 3.255808 12644294504
-0.137293 9.639938 2.863542 12644319547
-0.117680 9.394772 3.079288 12644344532
-0.137293 9.198639 3.383295 12644369530
-0.284393 9.022120 4.158020 12644394508
-0.353039 8.884827 3.628461 12644419546
-0.441299 8.963279 4.167827 12644444530
-0.372653 8.718113 4.677773 12644469531
-0.323619 8.718113 4.726806 12644494506
-0.460913 8.580820 4.864099 12644519541
-0.362846 8.492560 5.334818 12644544529
-0.725692 8.080681 5.570178 12644569534
-0.833565 7.649189 5.893797 12644594510
-1.010085 7.247115 5.785924 12644619548
-0.774725 7.060789 6.305676 12644644535
-0.872792 6.923496 6.992142 12644669532
-1.049312 6.756783 7.001948 12644694507
-0.961052 6.501810 7.119628 12644719538
-0.823759 6.393937 7.345181 12644744522
-0.823759 6.403743 7.394215 12644769536
-0.823759 6.256643 7.502088 12644794506
-0.892405 6.227223 7.384408 12644819543
-0.715886 6.001670 7.649189 12644844536
-0.647239 5.844764 8.031648 12644869535
-0.568786 5.707471 8.168941 12644894508
-0.431493 5.491724 8.257200 12644919547
-0.362846 5.462305 8.365073 12644944528
-0.647239 5.197526 8.355267 12644969538
-0.509946 4.991585 8.365073 12644994504
-0.647239 4.824872 8.580820 12645019489
-0.755112 4.648353 8.845599 12645044537
-0.539366 4.246280 8.875020 12645069543
-0.529559 4.158020 9.022120 12645094506
-0.637432 4.089374 9.080959 12645119552
-0.676659 3.991307 9.129992 12645144546
-0.706079 3.510781 9.277092 12645169557
-0.637432 3.314648 9.120186 12645194515
-0.657046 3.040062 9.159412 12645219555
-0.755112 2.981222 9.659552 12645244543
-0.568786 2.863542 9.532065 12645269550
-0.706079 2.696829 9.649745 12645294515
-0.990472 2.520309 9.502645 12645319559
-0.912019 2.490890 9.600712 12645344542
-1.019892 2.451663 9.639938 12645369549
-1.078732 2.441856 9.698778 12645394528
-1.000278 2.432050 9.639938 12645419547
-0.980665 2.314370 9.904717 12645444544
-0.843372 2.128043 9.757618 12645469553
-0.774725 2.010364 9.845878 12645494513
-0.715886 1.912297 9.806651 12645519553
-0.990472 2.029977 9.855684 12645544554
-0.804145 1.902490 9.787038 12645569563
-0.657046 1.667131 9.934137 12645594526
-0.529559 1.441578 9.738005 12645619542
-0.509946 1.216025 9.649745 12645644560
-0.500139 1.206218 9.728198 12645669550
-0.460913 1.068925 9.649745 12645694518
-0.362846 1.010085 9.806651 12645719552
-0.382459 0.657046 9.620325 12645744549
-0.362846 0.588399 9.600712 12645769549
-0.451106 0.804145 9.904717 12645794508
-0.696272 0.843372 9.845878 12645819550
-0.823759 0.666852 9.659552 12645844524
-0.813952 0.784532 9.924331 12645869534
-0.853179 0.882599 9.973364 12645894517
-0.921825 0.892405 9.943945 12645919531
-1.029698 0.725692 9.698778 12645944533
-0.872792 0.813952 9.708585 12645969531
-1.039505 0.843372 9.787038 12645994516
-0.961052 0.823759 9.914525 12646019544
-0.862985 0.519753 9.571292 12646044549
-0.725692 0.421686 9.571292 12646069541
-0.666852 0.568786 9.826264 12646094526
