-8.855000 -3.552500 -6.072500 12642397213
-14.105000 2.170000 -2.712500 12642422187
-14.280000 4.340000 -1.767500 12642447212
-19.232500 12.250000 0.787500 12642472191
-19.897501 8.190000 0.490000 12642497212
-20.037500 2.310000 -3.797500 12642522189
-24.762501 2.782500 -3.657500 12642547217
-38.709999 3.832500 -1.960000 12642572189
-47.145000 10.867500 -0.157500 12642597215
-47.740002 14.472500 2.607500 12642622190
-47.757500 13.790000 0.577500 12642647210
-48.842499 10.867500 3.115000 12642674048
-60.689999 4.007500 4.217500 12642697137
-66.552498 2.660000 2.660000 12642722125
-66.447502 6.702500 4.007500 12642747164
-65.047501 5.267500 3.850000 12642772131
-59.465000 -0.315000 2.625000 12642797135
-60.480000 -2.135000 -0.472500 12642822126
-60.480000 -4.987500 -3.045000 12642847128
-65.974998 -5.880000 -4.480000 12642872156
-65.065002 -7.105000 -5.670000 12642897123
-64.347504 -12.057500 -8.540000 12642922116
-70.665001 -12.582500 -7.822500 12642947114
-77.699997 -17.150000 -6.597500 12642972116
-88.952499 -24.254999 -3.710000 12642997116
-103.250000 -24.307501 -6.597500 12643022120
-103.180000 -15.715000 -8.120000 12643047114
-99.224998 -12.705000 -6.020000 12643072115
-90.492500 -1.820000 -1.015000 12643097128
-76.544998 10.237500 3.570000 12643122114
-62.230000 14.980000 6.247500 12643147113
-59.290001 19.040001 8.347500 12643172112
-52.220001 15.330000 6.720000 12643197119
-52.622501 10.325000 4.637500 12643222117
-58.240002 -1.365000 -3.045000 12643247115
-60.392502 -6.072500 -5.565000 12643272112
-56.997501 -5.687500 -2.922500 12643297119
-61.617500 18.025000 9.100000 12643322115
-60.357502 25.287500 13.317500 12643347112
-47.389999 14.595000 13.265000 12643372111
-44.012501 9.135000 9.152500 12643397116
-53.060001 13.562500 7.595000 12643422115
-55.667500 11.427500 13.930000 12643447110
-62.825001 5.425000 10.570000 12643472119
-63.577499 11.235000 1.890000 12643497115
-52.955002 19.844999 7.017500 12643522116
-37.607502 19.985001 8.102500 12643547114
-32.025002 10.990000 0.980000 12643572110
-27.317501 7.017500 -6.317500 12643597118
-22.662500 7.665000 -5.915000 12643622116
-31.062500 -13.370000 -1.085000 12643647111
-70.577499 -19.775000 0.822500 12643672111
-90.037498 -15.995000 -0.857500 12643697119
-104.632500 -16.799999 -0.647500 12643722114
-112.752502 -11.025000 2.222500 12643747117
-121.992500 15.382500 0.052500 12643772114
-137.059998 22.330000 -18.375000 12643797117
-150.552505 15.330000 -24.797501 12643822116
-135.642502 16.030001 -17.062500 12643847113
-111.317497 15.400000 -7.052500 12643872110
-82.897499 10.780000 1.995000 12643897118
-40.442501 5.495000 3.570000 12643922114
-23.730000 2.012500 7.035000 12643947112
-18.480000 -4.410000 6.107500 12643972115
-13.580000 -2.975000 -2.957500 12643997116
-6.562500 -0.385000 -1.295000 12644022112
-14.105000 -0.385000 7.157500 12644047111
-13.090000 5.775000 6.002500 12644072115
-28.437500 6.177500 5.197500 12644097118
-62.387501 13.930000 4.357500 12644122115
-67.672501 16.764999 7.542500 12644147112
-61.705002 9.257500 -3.045000 12644172110
-58.537498 5.477500 -14.315001 12644197112
-52.867500 -11.655000 -14.262500 12644222109
-44.695000 -20.002501 -7.840000 12644247122
-36.662498 -11.987500 -7.560000 12644272114
-35.157501 1.662500 -3.692500 12644297114
-38.937500 -3.885000 -6.597500 12644322113
-41.387501 -5.897500 -11.795000 12644347113
-55.125000 7.245000 -12.320000 12644372112
-60.445000 11.725000 -13.090000 12644397116
-66.762497 14.577500 -20.335001 12644422114
-75.477501 18.287500 -23.957500 12644447115
-79.519997 14.560000 -25.690001 12644472111
-85.557503 11.830000 -22.452499 12644497117
-88.147499 8.365000 -18.882500 12644522114
-87.622498 -6.912500 -15.522500 12644547113
-81.305000 -12.792500 -9.030000 12644572109
-80.832497 -2.065000 -8.435000 12644597128
-83.720001 4.812500 -14.455000 12644622113
-85.330002 15.207500 -19.302500 12644647113
-83.562500 4.882500 -10.167500 12644672112
-74.987503 -4.462500 0.665000 12644697113
-64.347504 -8.260000 6.002500 12644722113
-50.872501 -8.452500 12.355000 12644747113
-27.895000 -6.772500 19.547501 12644772112
-28.490000 -6.527500 19.355000 12644797117
-39.847500 -4.795000 22.889999 12644822116
-57.487499 -1.715000 18.165001 12644847113
-61.599998 -6.230000 13.300000 12644872112
-43.382500 -11.392500 9.380000 12644897115
-32.917500 -7.192500 7.210000 12644922116
-32.637501 -1.400000 13.160000 12644947109
-51.187500 2.485000 9.100000 12644972113
-62.195000 18.567499 -4.725000 12644997113
-73.202499 15.277500 -4.340000 12645022126
-71.417503 9.572500 -3.990000 12645047110
-63.420002 6.982500 -3.762500 12645072107
-52.272499 12.617500 -4.655000 12645097128
-51.607502 6.597500 0.227500 12645122132
-46.060001 5.057500 -5.880000 12645147117
-37.590000 4.375000 -4.637500 12645172118
-40.932499 9.852500 -12.617500 12645197121
-39.095001 16.292500 -9.065000 12645222120
-49.139999 20.335001 -14.210000 12645247118
-49.384998 10.832500 -11.777500 12645272118
-35.507500 3.832500 -2.607500 12645297119
-24.237499 -0.997500 0.892500 12645322119
-20.125000 -0.997500 1.575000 12645347125
-18.795000 -4.427500 7.437500 12645372119
-17.955000 -8.575000 7.665000 12645397120
-21.227501 -9.905000 7.245000 12645422120
-22.225000 -7.455000 4.795000 12645447121
-25.252501 -10.920000 3.920000 12645472119
-25.305000 -10.885000 6.965000 12645497119
-21.385000 -8.032500 5.162500 12645522118
-21.350000 1.575000 -1.610000 12645547117
-22.767500 -1.855000 -6.107500 12645572118
-27.492500 -6.580000 -4.427500 12645597128
-35.192501 -7.070000 -6.177500 12645622119
-33.092499 -5.477500 -7.157500 12645647120
-25.777500 4.270000 -12.670000 12645672121
-31.639999 2.240000 -12.862500 12645697117
-26.600000 6.090000 -8.750000 12645722114
-22.697500 7.017500 -7.280000 12645747130
-14.402500 6.895000 -4.217500 12645772122
-2.625000 8.522500 -0.227500 12645797118
-0.980000 10.465000 0.455000 12645822112
-9.730000 6.387500 0.157500 12645847127
-5.442500 7.892500 -0.962500 12645872121
0.175000 13.702500 0.437500 12645897131
-3.920000 3.395000 2.205000 12645922112
-9.047500 1.767500 0.017500 12645947113
-8.645000 0.805000 -0.315000 12645972110
-1.557500 0.875000 -0.875000 12645997654
-7.612500 -2.380000 -2.397500 12646022125
-11.847500 -6.195000 -1.785000 12646047124
-11.952500 1.242500 -5.232500 12646072121
-0.437500 8.680000 -6.055000 12646097123
0.017500 -1.645000 -0.962500 12646122117
