-2.760000 -1.200000 5.400000 12642358227
-2.700000 -1.260000 5.220000 12642383232
-2.580000 -1.380000 5.460000 12642408428
-2.640000 -1.200000 5.640000 12642433233
-2.700000 -1.380000 5.460000 12642458232
-2.520000 -1.560000 5.640000 12642483227
-2.700000 -1.500000 5.460000 12642508434
-2.820000 -1.500000 5.700000 12642533226
-2.760000 -1.560000 5.880000 12642558237
-3.000000 -1.560000 5.760000 12642583238
-2.820000 -1.500000 5.700000 12642608434
-2.760000 -1.800000 6.120000 12642633228
-3.180000 -1.500000 5.820000 12642658236
-2.820000 -1.860000 6.060000 12642685497
-3.060000 -2.100000 6.060000 12642708784
-2.760000 -2.040000 6.240000 12642733530
-2.880000 -2.400000 6.240000 12642758632
-2.760000 -2.520000 6.480000 12642783516
-3.180000 -2.820000 6.540000 12642808741
-2.820000 -2.460000 6.780000 12642833517
-2.760000 -2.880000 6.600000 12642858685
-3.060000 -2.820000 6.540000 12642883594
-3.060000 -3.060000 6.660000 12642908714
-2.820000 -3.300000 6.900000 12642933506
-2.760000 -3.360000 6.960000 12642958502
-2.580000 -3.660000 6.780000 12642983493
-2.820000 -4.020000 7.140000 12643008740
-2.580000 -4.020000 6.900000 12643033505
-2.400000 -4.080000 6.840000 12643058501
-2.760000 -4.560000 6.960000 12643083492
-2.580000 -4.740000 7.020000 12643108860
-2.700000 -5.100000 7.140000 12643133502
-2.520000 -5.160000 7.200000 12643158499
-2.820000 -5.100000 7.380000 12643183490
-2.640000 -5.400000 7.320000 12643208701
-2.640000 -5.040000 6.960000 12643233503
-2.760000 -5.520000 7.320000 12643258508
-2.520000 -5.640000 7.080000 12643283514
-2.640000 -5.880000 7.320000 12643308691
-2.520000 -5.880000 7.080000 12643333504
-2.760000 -5.880000 7.320000 12643358514
-2.760000 -6.000000 6.960000 12643383533
-2.880000 -6.000000 6.960000 12643408699
-2.760000 -6.240000 7.200000 12643433502
-2.940000 -6.660000 7.380000 12643458496
-2.700000 -6.900000 7.020000 12643483510
-3.060000 -6.660000 6.900000 12643508686
-2.940000 -6.660000 6.900000 12643533503
-3.120000 -6.960000 6.840000 12643558508
-2.760000 -6.960000 6.840000 12643583487
-3.180000 -6.660000 6.900000 12643608702
-3.000000 -7.320000 6.720000 12643633511
-2.880000 -7.320000 6.840000 12643658532
-2.760000 -7.200000 6.720000 12643683500
-2.940000 -7.500000 6.900000 12643708704
-2.940000 -8.099999 6.660000 12643733509
-2.760000 -8.040000 6.720000 12643758503
-2.640000 -8.400000 6.240000 12643783516
-2.700000 -8.940000 6.060000 12643808699
-3.060000 -9.179999 5.940000 12643833523
-2.700000 -9.300000 5.700000 12643858493
-2.580000 -9.300000 5.820000 12643883500
-2.880000 -9.240000 5.520000 12643908708
-2.880000 -9.719999 5.760000 12643933517
-3.000000 -9.719999 5.400000 12643958495
-3.120000 -9.480000 5.280000 12643983504
-2.820000 -9.660000 5.460000 12644008719
-2.760000 -9.480000 5.640000 12644033497
-2.760000 -9.480000 5.520000 12644058493
-2.940000 -9.780000 5.340000 12644083497
-2.760000 -9.599999 5.400000 12644108705
-2.640000 -9.719999 5.160000 12644133500
-2.460000 -9.540000 5.100000 12644158495
-2.940000 -10.020000 4.740000 12644183500
-2.700000 -9.900000 4.740000 12644208690
-2.520000 -10.440000 4.680000 12644233502
-2.820000 -9.780000 4.620000 12644258516
-2.640000 -10.080000 4.440000 12644283503
-2.580000 -10.500000 4.620000 12644308704
-2.760000 -10.440000 4.320000 12644333503
-3.000000 -10.559999 4.200000 12644358508
-2.340000 -10.860000 4.140000 12644383507
-2.580000 -10.740000 4.020000 12644408697
-2.760000 -10.559999 3.720000 12644433502
-2.700000 -10.860000 3.780000 12644458523
-2.460000 -10.620000 3.540000 12644483494
-2.220000 -10.860000 3.540000 12644508704
-2.100000 -10.980000 3.180000 12644533508
-2.340000 -11.099999 3.180000 12644558496
-2.520000 -11.160000 2.520000 12644583492
-2.100000 -10.860000 2.580000 12644608870
-2.100000 -10.860000 2.340000 12644633503
-2.280000 -11.280000 2.280000 12644658497
-2.280000 -11.040000 1.920000 12644683500
-2.040000 -10.920000 1.920000 12644708696
-2.220000 -11.099999 1.980000 12644733495
-2.640000 -11.040000 2.280000 12644758497
-2.280000 -11.160000 1.560000 12644783493
-2.160000 -11.160000 1.560000 12644808693
-2.400000 -11.040000 1.320000 12644833516
-2.460000 -10.860000 1.620000 12644858515
-2.700000 -10.980000 1.260000 12644883534
-2.760000 -11.040000 0.960000 12644908696
-2.640000 -11.280000 1.080000 12644933510
-2.640000 -10.800000 0.840000 12644958494
-2.640000 -11.280000 0.720000 12644983489
-2.940000 -10.860000 0.660000 12645015824
-2.760000 -11.280000 0.720000 12645033519
-2.700000 -10.860000 0.540000 12645058501
-2.400000 -10.679999 0.540000 12645083492
-2.880000 -10.920000 0.120000 12645109200
-2.820000 -10.740000 0.300000 12645133875
-2.700000 -10.500000 0.180000 12645158841
-2.460000 -10.860000 0.180000 12645183850
-2.700000 -10.500000 -0.180000 12645209092
-2.640000 -10.440000 -0.240000 12645233868
-2.520000 -10.679999 -0.360000 12645258856
-2.640000 -10.080000 -0.480000 12645283876
-2.460000 -10.620000 -0.180000 12645309050
-2.220000 -10.620000 -0.540000 12645333862
-2.580000 -10.260000 -0.660000 12645358955
-2.580000 -10.620000 -0.300000 12645383890
-2.280000 -10.559999 -0.360000 12645409066
-2.640000 -10.440000 -0.480000 12645433871
-2.520000 -10.320000 -0.480000 12645458850
-2.700000 -10.380000 -0.780000 12645483866
-2.700000 -10.139999 -0.540000 12645509046
-2.760000 -10.200000 -0.840000 12645533841
-2.520000 -10.320000 -0.840000 12645558857
-2.880000 -10.200000 -0.960000 12645583848
-2.760000 -9.960000 -0.960000 12645609196
-2.520000 -10.440000 -1.080000 12645633850
-2.280000 -10.080000 -0.960000 12645658838
-2.520000 -10.200000 -1.080000 12645683867
-2.940000 -9.900000 -1.020000 12645708707
-2.460000 -10.020000 -1.260000 12645733503
-2.220000 -9.780000 -1.020000 12645758566
-2.520000 -9.960000 -1.440000 12645783507
-2.700000 -9.780000 -1.140000 12645808713
-2.460000 -9.900000 -1.500000 12645833509
-2.580000 -10.139999 -1.260000 12645858687
-2.640000 -10.200000 -1.200000 12645883668
-2.580000 -10.139999 -1.380000 12645908737
-2.400000 -9.960000 -1.200000 12645933500
-2.400000 -9.840000 -1.200000 12645958501
-2.340000 -10.020000 -1.260000 12645983487
-2.700000 -9.900000 -1.380000 12646013337
-2.520000 -9.719999 -1.440000 12646033860
-2.580000 -9.900000 -1.380000 12646058843
-2.700000 -10.020000 -1.380000 12646083868
