-3.834401 8.776953 0.519753 10420965361
-3.912854 8.306233 0.353039 10420990384
-4.197247 8.875020 -0.245166 10421015363
-4.579706 9.316319 -0.980665 10421040362
-5.442691 10.110658 -0.715886 10421065375
-5.776117 9.914525 -0.862985 10421090363
-5.834958 8.914246 -0.794339 10421115369
-6.031090 8.365073 -0.608012 10421140358
-6.550843 7.864934 0.196133 10421165358
-6.364516 8.002228 0.509946 10421190368
-5.874184 8.139521 0.539366 10421215366
-5.138685 8.012034 0.588399 10421240362
-2.834122 7.276535 0.058840 10421265365
-1.961330 7.001948 0.823759 10421290363
-1.176798 6.697943 1.255251 10421315361
-0.549172 6.227223 1.206218 10421341609
0.853179 5.285785 2.432050 10421365385
1.382738 4.295313 3.216582 10421390379
2.157463 3.089095 4.491446 10421415376
3.206775 1.941717 5.864377 10421440353
4.530673 -0.637432 8.080681 10421465376
4.393380 -1.618097 9.463418 10421490375
3.638267 -2.902769 11.101129 10421515359
3.353875 -3.510781 12.709419 10421540360
3.442135 -4.971972 13.474338 10421565359
3.118515 -5.354432 12.954586 10421590363
2.716442 -5.599597 12.513287 10421615371
2.392823 -5.305398 12.003341 10421640361
2.020170 -3.451941 9.865492 10421665367
2.343790 -2.765476 9.561485 10421690360
2.490890 -1.971137 9.610518 10421715350
1.814230 -4.305120 7.315762 10421740359
1.461191 -3.854014 7.119628 10421765368
1.088538 -3.442135 6.462583 10421790369
0.500139 -2.932189 5.619211 10421815370
0.147100 -1.235638 10.806930 10421840364
0.490333 -0.362846 13.954864 10421865369
1.529838 -0.912019 9.649745 10421890366
1.480804 -4.785646 14.827656 10421915362
0.970859 -4.344347 10.748089 10421940377
0.637432 -2.500696 9.345738 10421965364
1.725971 -1.559257 6.227223 10421990459
1.333705 -2.020170 10.650023 10422015369
0.500139 -1.529838 3.687301 10422040336
-0.098067 -1.392545 5.236752 10422065337
-0.931632 -1.098345 3.422521 10422090344
-0.509946 -1.843650 11.718948 10422115373
-0.608012 0.049033 7.345181 10422140363
-0.519753 0.460913 10.855963 10422165370
-0.235360 0.441299 11.542429 10422190370
0.176520 0.343233 9.924331 10422215368
0.245166 0.284393 9.943945 10422240380
0.186326 0.264780 9.983171 10422265367
0.137293 0.254973 9.875298 10422290379
0.137293 0.225553 9.747811 10422315371
0.078453 0.215746 9.894911 10422340366
0.058840 0.215746 9.855684 10422365382
0.058840 0.186326 9.924331 10422390379
0.078453 0.215746 9.934137 10422415366
0.068647 0.205940 9.904717 10422440378
