5.110000 -21.892500 -25.007500 10421002835
-1.312500 24.605000 -14.717500 10421027846
-6.755000 61.022499 -15.907500 10421052786
-31.237499 72.519997 -22.697500 10421077847
-55.545002 79.607498 39.130001 10421102852
-56.087502 73.885002 78.767502 10421127840
-80.709999 64.767502 113.574997 10421152784
-116.794998 39.182499 130.007507 10421177860
-126.735001 7.472500 146.229996 10421202858
-131.145004 -11.690000 179.130005 10421227847
-125.055000 -18.480000 202.720001 10421252784
-120.224998 0.052500 215.634995 10421277845
-126.559998 14.017500 224.787506 10421302853
-154.752502 0.420000 232.487503 10421327848
-167.387497 39.445000 246.820007 10421352806
-165.637497 60.445000 267.592499 10421377858
-173.232498 85.662498 276.867493 10421402862
-190.294998 94.762497 271.214996 10421427848
-231.612503 103.442497 255.149994 10421452792
-265.632507 126.262497 205.660004 10421477851
-285.337494 157.972504 162.750000 10421502871
-270.165009 142.467499 112.139999 10421527846
-255.517502 42.000000 78.767502 10421552791
-199.657501 -20.895000 74.917503 10421577845
-128.537506 -23.082500 62.912498 10421602856
-74.305000 -12.302500 37.397499 10421627856
-57.224998 -13.300000 24.097500 10421652787
-48.002499 75.162498 36.924999 10421677846
-56.927502 54.005001 49.437500 10421702846
-68.285004 58.607502 65.817497 10421727852
10.097500 -44.170002 39.322498 10421752793
101.430000 -34.457500 26.967501 10421777829
100.012497 44.660000 22.995001 10421802859
80.657501 239.417496 16.642500 10421827851
75.180000 194.092499 17.430000 10421852789
80.849998 -122.639999 43.924999 10421877864
147.945007 119.980003 96.897499 10421902855
71.294998 22.645000 114.642502 10421927860
82.582497 56.542500 118.457504 10421952747
-13.230000 -43.942501 119.857498 10421977862
22.137501 23.590000 171.097504 10422002852
-14.980000 -0.822500 180.337494 10422027875
-27.212500 -53.410000 179.865005 10422052791
-10.430000 -31.570000 101.727501 10422077861
98.349998 11.060000 52.062500 10422102851
197.242508 62.072502 -36.067501 10422127864
-16.187500 29.662500 -31.097500 10422152792
2.205000 -26.267500 -24.027500 10422177860
0.735000 -10.132500 -18.969999 10422202863
-0.297500 2.222500 -10.062500 10422227859
-0.402500 3.412500 -0.420000 10422252791
-0.420000 1.312500 -0.052500 10422277862
-0.595000 0.682500 0.052500 10422302861
-0.752500 0.437500 0.017500 10422327851
-0.735000 0.455000 0.122500 10422352789
-0.770000 0.665000 0.035000 10422377862
-0.682500 0.980000 0.245000 10422402862
-1.067500 1.120000 -0.017500 10422427857
-0.682500 1.155000 -0.105000 10422452790
-0.560000 0.892500 0.262500 10422477849
