5.000000 10420965361
5.000000 10420990384
5.000000 10421015363
5.000000 10421040362
5.000000 10421065375
5.000000 10421090363
5.000000 10421115369
5.000000 10421140358
0.000000 10421165358
0.000000 10421190368
0.000000 10421215366
0.000000 10421240362
0.000000 10421265365
0.000000 10421290363
0.000000 10421315361
0.000000 10421341609
0.000000 10421365385
0.000000 10421390379
0.000000 10421415376
0.000000 10421440353
0.000000 10421465376
0.000000 10421490375
0.000000 10421515359
0.000000 10421540360
0.000000 10421565359
0.000000 10421590363
0.000000 10421615371
0.000000 10421640361
0.000000 10421665367
0.000000 10421690360
0.000000 10421715350
0.000000 10421740359
0.000000 10421765368
0.000000 10421790369
0.000000 10421815370
0.000000 10421840364
0.000000 10421865369
0.000000 10421890366
0.000000 10421915362
0.000000 10421940377
0.000000 10421965364
0.000000 10421990459
0.000000 10422015369
0.000000 10422040336
0.000000 10422065337
0.000000 10422090344
0.000000 10422115373
0.000000 10422140363
0.000000 10422165370
0.000000 10422190370
0.000000 10422215368
0.000000 10422240380
0.000000 10422265367
0.000000 10422290379
0.000000 10422315371
0.000000 10422340366
0.000000 10422365382
0.000000 10422390379
0.000000 10422415366
0.000000 10422440378
