-1.977500 -0.665000 -2.572500 12915176532
-0.507500 0.962500 -2.957500 12915201660
2.677500 2.187500 -2.572500 12915226580
5.950000 1.400000 -1.575000 12915251666
4.882500 2.380000 -0.525000 12915276664
3.850000 0.507500 -0.525000 12915301659
3.500000 -1.855000 -0.525000 12915326579
3.500000 -3.272500 -0.455000 12915351662
3.237500 -9.152500 2.992500 12915376673
2.677500 -12.495000 5.932500 12915401666
-0.910000 -20.020000 12.530000 12915426578
-8.347500 -27.895000 19.285000 12915451667
-16.012501 -31.920000 26.302500 12915476661
-28.139999 -41.439999 36.259998 12915501667
-52.762501 -47.967499 41.387501 12915526575
-72.642502 -51.834999 44.782501 12915551661
-100.782501 -54.529999 46.935001 12915576661
-116.620003 -57.837502 49.122501 12915601660
-126.962502 -63.875000 53.707500 12915626550
-124.529999 -65.730003 60.865002 12915651664
-110.355003 -65.834999 69.300003 12915676663
-86.432503 -63.000000 73.412498 12915701664
-41.125000 -59.255001 69.930000 12915726578
-18.585001 -52.482502 62.737499 12915751660
13.772500 -42.822498 61.180000 12915776663
36.802502 -35.752499 63.770000 12915801667
54.722500 -37.695000 70.927498 12915826583
61.827499 -35.139999 75.425003 12915851664
53.112499 -39.584999 82.092499 12915876668
26.337500 -47.792500 81.987503 12915901638
4.847500 -49.035000 81.112503 12915926562
-19.197500 -51.292500 66.377502 12915951650
-40.424999 -54.232502 65.257500 12915976650
-54.110001 -57.224998 69.334999 12916001948
-68.232498 -58.974998 74.584999 12916026545
-90.614998 -56.472500 73.815002 12916051672
-101.167503 -56.927502 60.672501 12916076654
-102.672501 -56.139999 48.230000 12916101784
-97.370003 -52.744999 39.357502 12916126996
-87.745003 -37.327499 33.827499 12916151650
-63.244999 -27.299999 33.775002 12916176569
-34.299999 -9.135000 24.920000 12916201781
6.020000 -0.420000 18.690001 12916226604
27.387501 5.932500 15.032500 12916251656
38.920002 12.985000 9.432500 12916276763
44.327499 16.817499 5.792500 12916301774
45.097500 19.687500 2.677500 12916326591
43.382500 17.535000 -0.507500 12916351662
33.494999 13.580000 -0.315000 12916376729
23.520000 8.225000 0.175000 12916401787
8.295000 5.985000 0.385000 12916426539
3.027500 4.847500 0.017500 12916451652
-2.397500 2.922500 -1.347500 12916476626
-7.210000 0.017500 -1.925000 12916501780
-7.507500 -1.207500 -1.960000 12916526544
