3.300000 -2.700000 0.060000 12915164793
3.480000 -2.760000 -0.240000 12915189816
3.360000 -2.760000 -0.240000 12915215002
3.420000 -2.580000 0.060000 12915239788
3.660000 -2.580000 -0.060000 12915264801
3.420000 -2.940000 -0.300000 12915289791
3.540000 -2.700000 -0.060000 12915314991
3.840000 -2.640000 -0.060000 12915339791
3.600000 -2.760000 -0.060000 12915364789
3.600000 -2.640000 -0.240000 12915389790
3.420000 -2.580000 -0.060000 12915414991
3.840000 -2.520000 -0.480000 12915439792
3.360000 -2.880000 -0.360000 12915464795
3.360000 -2.520000 -0.120000 12915489788
3.540000 -2.700000 -0.420000 12915514982
3.480000 -2.760000 -0.360000 12915539794
3.780000 -2.820000 -0.180000 12915564790
3.660000 -2.820000 -0.300000 12915589789
3.360000 -2.880000 -0.240000 12915614994
3.540000 -2.700000 -0.180000 12915639792
3.480000 -2.760000 -0.120000 12915664789
3.420000 -2.700000 -0.180000 12915689801
3.600000 -2.880000 0.240000 12915714991
3.840000 -3.360000 -0.600000 12915739784
3.540000 -3.540000 -0.540000 12915764797
3.600000 -3.840000 -0.480000 12915789795
3.540000 -3.900000 -0.540000 12915814975
3.840000 -3.840000 -0.600000 12915839791
3.720000 -4.320000 -0.960000 12915864793
3.480000 -4.320000 -0.960000 12915889798
3.480000 -4.560000 -0.720000 12915914967
3.840000 -4.560000 -1.080000 12915939767
3.780000 -4.980000 -1.260000 12915964794
3.660000 -5.100000 -1.140000 12915989778
3.540000 -4.860000 -0.900000 12916014795
3.540000 -5.220000 -1.380000 12916039784
3.480000 -4.800000 -1.320000 12916064790
3.600000 -4.800000 -1.560000 12916089776
3.360000 -5.040000 -1.560000 12916114774
3.480000 -4.680000 -1.920000 12916139912
3.120000 -5.160000 -1.680000 12916164790
3.480000 -5.040000 -1.800000 12916190187
3.480000 -5.160000 -1.800000 12916214775
3.600000 -5.160000 -1.920000 12916239819
3.300000 -5.100000 -1.860000 12916264780
2.880000 -5.400000 -1.440000 12916289789
3.360000 -5.520000 -1.680000 12916314779
3.420000 -5.340000 -1.620000 12916339779
3.480000 -5.520000 -1.560000 12916364781
3.360000 -5.280000 -1.560000 12916389777
3.240000 -5.640000 -1.680000 12916414777
3.240000 -5.520000 -1.560000 12916439778
3.240000 -5.520000 -1.800000 12916464775
3.540000 -5.700000 -1.500000 12916489777
3.420000 -5.340000 -1.860000 12916514772
