0.000000 12915149597
0.000000 12915174612
0.000000 12915199703
0.000000 12915224688
0.000000 12915249693
0.000000 12915274689
0.000000 12915299692
0.000000 12915324684
0.000000 12915349687
0.000000 12915374677
0.000000 12915399692
0.000000 12915424687
0.000000 12915449691
0.000000 12915474690
0.000000 12915499687
0.000000 12915524677
0.000000 12915549694
0.000000 12915574682
0.000000 12915599689
0.000000 12915624685
0.000000 12915649700
0.000000 12915674677
0.000000 12915699698
0.000000 12915724694
0.000000 12915749695
0.000000 12915774675
0.000000 12915799678
0.000000 12915824680
0.000000 12915849685
0.000000 12915874691
0.000000 12915899683
0.000000 12915924678
0.000000 12915949679
0.000000 12915974666
0.000000 12915999696
0.000000 12916024678
0.000000 12916049685
0.000000 12916074668
0.000000 12916099675
0.000000 12916124681
0.000000 12916149682
0.000000 12916174686
0.000000 12916199677
0.000000 12916224683
0.000000 12916249674
0.000000 12916274676
0.000000 12916299674
0.000000 12916324676
0.000000 12916349681
0.000000 12916374671
0.000000 12916399678
0.000000 12916424687
0.000000 12916449679
0.000000 12916474677
0.000000 12916499674
