0.000000 16047724102
0.000000 16047749112
0.000000 16047774115
0.000000 16047799119
0.000000 16047824089
0.000000 16047849115
0.000000 16047874105
0.000000 16047899117
0.000000 16047924096
0.000000 16047949123
0.000000 16047974118
0.000000 16047999122
0.000000 16048024101
0.000000 16048049131
0.000000 16048074101
0.000000 16048099115
0.000000 16048124110
0.000000 16048149121
0.000000 16048174112
0.000000 16048199120
0.000000 16048224100
0.000000 16048249107
0.000000 16048274106
0.000000 16048299090
0.000000 16048324096
0.000000 16048349113
0.000000 16048374099
0.000000 16048399115
0.000000 16048424106
0.000000 16048449124
0.000000 16048474163
0.000000 16048499130
0.000000 16048524108
0.000000 16048549296
0.000000 16048574107
0.000000 16048599118
0.000000 16048624107
0.000000 16048649098
0.000000 16048674104
0.000000 16048699102
0.000000 16048724097
0.000000 16048749116
0.000000 16048774112
0.000000 16048799117
0.000000 16048824110
0.000000 16048849137
0.000000 16048874093
0.000000 16048899120
0.000000 16048924093
0.000000 16048949131
0.000000 16048974098
0.000000 16048999102
0.000000 16049024098
0.000000 16049049124
0.000000 16049074101
0.000000 16049099112
0.000000 16049124079
0.000000 16049149121
0.000000 16049174103
0.000000 16049199092
0.000000 16049224120
0.000000 16049249111
0.000000 16049274089
0.000000 16049299110
0.000000 16049324082
0.000000 16049349110
0.000000 16049374138
0.000000 16049399117
0.000000 16049424108
0.000000 16049449110
0.000000 16049474093
0.000000 16049499115
0.000000 16049524093
0.000000 16049549110
0.000000 16049574077
0.000000 16049599101
0.000000 16049624100
0.000000 16049649129
0.000000 16049674096
0.000000 16049699119
0.000000 16049724083
0.000000 16049749117
0.000000 16049774117
0.000000 16049799123
0.000000 16049824238
0.000000 16049849104
0.000000 16049874136
0.000000 16049899094
0.000000 16049924131
0.000000 16049949108
0.000000 16049974113
0.000000 16049999104
0.000000 16050024100
0.000000 16050049113
0.000000 16050074109
0.000000 16050099117
0.000000 16050124111
0.000000 16050149109
0.000000 16050174102
0.000000 16050199119
0.000000 16050224111
0.000000 16050249095
0.000000 16050274095
0.000000 16050299116
0.000000 16050324112
0.000000 16050349116
0.000000 16050374115
0.000000 16050399121
0.000000 16050424105
0.000000 16050449073
0.000000 16050474113
0.000000 16050499108
0.000000 16050524110
0.000000 16050549113
0.000000 16050574110
0.000000 16050599112
0.000000 16050624103
0.000000 16050649112
0.000000 16050674128
0.000000 16050699111
0.000000 16050724107
0.000000 16050749123
0.000000 16050774107
0.000000 16050799115
0.000000 16050824107
0.000000 16050849113
0.000000 16050874118
0.000000 16050899111
0.000000 16050924102
0.000000 16050949115
0.000000 16050974103
0.000000 16050999115
0.000000 16051024127
0.000000 16051049116
0.000000 16051074102
0.000000 16051099114
0.000000 16051124128
0.000000 16051149120
0.000000 16051174108
0.000000 16051199122
0.000000 16051224110
0.000000 16051249115
0.000000 16051274106
0.000000 16051299112
0.000000 16051324079
0.000000 16051349116
0.000000 16051374112
0.000000 16051399122
0.000000 16051424115
0.000000 16051449105
0.000000 16051474125
0.000000 16051499122
0.000000 16051524113
0.000000 16051549111
0.000000 16051574118
0.000000 16051599107
0.000000 16051624115
0.000000 16051649099
0.000000 16051674121
5.000000 16051699103
5.000000 16051724125
5.000000 16051749112
5.000000 16051774114
5.000000 16051799111
5.000000 16051824102
5.000000 16051849106
5.000000 16051874111
5.000000 16051899110
5.000000 16051924103
5.000000 16051949111
5.000000 16051974117
5.000000 16051999109
5.000000 16052024121
5.000000 16052049098
5.000000 16052074098
5.000000 16052099127
5.000000 16052124120
5.000000 16052149118
5.000000 16052174124
5.000000 16052199079
5.000000 16052224116
5.000000 16052249098
5.000000 16052274111
5.000000 16052299111
5.000000 16052324114
5.000000 16052349103
5.000000 16052374098
5.000000 16052399099
5.000000 16052424390
5.000000 16052449096
5.000000 16052474109
5.000000 16052499110
5.000000 16052524109
5.000000 16052549103
5.000000 16052574109
5.000000 16052599098
5.000000 16052624100
5.000000 16052649098
5.000000 16052674117
5.000000 16052699121
5.000000 16052724103
5.000000 16052749119
5.000000 16052774107
5.000000 16052799114
5.000000 16052824108
5.000000 16052849112
5.000000 16052874132
5.000000 16052899115
5.000000 16052924057
5.000000 16052949117
5.000000 16052974105
5.000000 16052999077
5.000000 16053024106
5.000000 16053049105
5.000000 16053074070
5.000000 16053099110
5.000000 16053124109
5.000000 16053149300
5.000000 16053174098
5.000000 16053199100
5.000000 16053224108
5.000000 16053249109
5.000000 16053274106
5.000000 16053299118
5.000000 16053324097
5.000000 16053349106
5.000000 16053374110
5.000000 16053399097
5.000000 16053424104
5.000000 16053449108
5.000000 16053474100
5.000000 16053499107
5.000000 16053524105
5.000000 16053549102
5.000000 16053574103
5.000000 16053599109
5.000000 16053624085
5.000000 16053649105
5.000000 16053674079
5.000000 16053699120
5.000000 16053724085
5.000000 16053749114
5.000000 16053774080
5.000000 16053799101
5.000000 16053824110
5.000000 16053849119
5.000000 16053874102
5.000000 16053899127
5.000000 16053924108
5.000000 16053949535
5.000000 16053974099
5.000000 16053999111
5.000000 16054024102
5.000000 16054049112
5.000000 16054074089
5.000000 16054099114
5.000000 16054124109
5.000000 16054149123
5.000000 16054174104
5.000000 16054199111
5.000000 16054224340
5.000000 16054249112
5.000000 16054274103
5.000000 16054299112
5.000000 16054324102
5.000000 16054349111
5.000000 16054374112
5.000000 16054399116
5.000000 16054424110
5.000000 16054449103
5.000000 16054474128
5.000000 16054499115
5.000000 16054524106
5.000000 16054549108
5.000000 16054574112
5.000000 16054599103
5.000000 16054624118
5.000000 16054649107
5.000000 16054674086
5.000000 16054699106
5.000000 16054724099
5.000000 16054749102
5.000000 16054774117
5.000000 16054799098
5.000000 16054824655
5.000000 16054849100
5.000000 16054874116
5.000000 16054899124
5.000000 16054924121
5.000000 16054949111
5.000000 16054974110
5.000000 16054999094
5.000000 16055024115
5.000000 16055049112
5.000000 16055074117
5.000000 16055099118
5.000000 16055124118
5.000000 16055149107
5.000000 16055174116
5.000000 16055199118
5.000000 16055224108
5.000000 16055249118
5.000000 16055274110
5.000000 16055299112
5.000000 16055324116
5.000000 16055349110
5.000000 16055374115
5.000000 16055399093
5.000000 16055424109
5.000000 16055449101
5.000000 16055474176
5.000000 16055499130
0.000000 16055524145
0.000000 16055549119
0.000000 16055574110
0.000000 16055599095
0.000000 16055624127
0.000000 16055649103
0.000000 16055674121
0.000000 16055699616
0.000000 16055724119
5.000000 16055749105
5.000000 16055774124
5.000000 16055799097
5.000000 16055824119
