0.720000 -1.560000 -1.440000 29182561970
0.780000 -1.860000 -1.260000 29182589348
0.600000 -1.800000 -1.440000 29182611306
0.600000 -1.800000 -1.320000 29182636266
0.660000 -1.740000 -1.620000 29182661256
0.900000 -1.740000 -1.500000 29182686264
0.480000 -1.560000 -1.440000 29182712945
1.080000 -1.920000 -1.680000 29182736706
0.780000 -1.980000 -1.260000 29182761700
0.600000 -2.040000 -1.560000 29182786715
0.720000 -1.800000 -1.560000 29182813619
0.540000 -1.980000 -1.140000 29182837438
0.600000 -2.280000 -1.560000 29182862437
0.540000 -2.220000 -1.740000 29182887399
1.200000 -2.520000 -1.920000 29182912446
1.260000 -2.940000 -2.220000 29182937428
1.260000 -3.420000 -2.340000 29182962409
1.560000 -3.720000 -2.400000 29182987550
1.740000 -4.140000 -2.700000 29183012417
1.740000 -4.380000 -2.460000 29183037410
1.680000 -4.440000 -2.040000 29183062436
1.560000 -3.960000 -2.520000 29183087432
1.320000 -4.080000 -2.160000 29183112400
1.440000 -3.720000 -2.280000 29183137428
1.260000 -3.420000 -2.460000 29183162433
0.900000 -2.580000 -2.220000 29183187427
0.720000 -2.400000 -2.160000 29183212397
0.300000 -1.620000 -1.500000 29183237449
0.120000 -1.680000 -1.680000 29183262428
0.300000 -1.740000 -1.500000 29183287433
0.780000 -2.100000 -1.140000 29183312439
0.780000 -2.340000 -1.860000 29183337390
0.780000 -3.060000 -2.340000 29183362388
1.020000 -3.060000 -2.220000 29183387382
1.140000 -3.660000 -2.340000 29183412421
1.440000 -3.840000 -2.280000 29183437372
1.380000 -4.020000 -2.340000 29183462416
1.560000 -4.440000 -2.400000 29183487373
1.560000 -4.440000 -2.280000 29183512399
1.380000 -4.020000 -2.460000 29183537372
1.200000 -3.600000 -2.280000 29183562379
0.900000 -3.180000 -1.980000 29183587440
0.660000 -2.700000 -1.740000 29183612426
0.360000 -2.160000 -1.800000 29183637417
0.240000 -1.920000 -1.680000 29183662370
-0.360000 -1.680000 -1.800000 29183687412
-0.300000 -1.980000 -1.620000 29183712409
0.060000 -1.620000 -1.740000 29183737410
-0.060000 -2.100000 -1.620000 29183762534
0.180000 -2.220000 -2.100000 29183787434
