0.000000 29182550812
0.000000 29182573903
0.000000 29182598898
0.000000 29182623896
0.000000 29182648891
0.000000 29182673921
0.000000 29182698907
0.000000 29182724031
0.000000 29182749039
0.000000 29182774033
0.000000 29182799030
0.000000 29182824241
0.000000 29182849254
0.000000 29182874336
0.000000 29182899224
0.000000 29182924220
0.000000 29182949248
0.000000 29182974218
0.000000 29182999220
0.000000 29183024220
0.000000 29183049250
0.000000 29183074220
0.000000 29183099226
0.000000 29183124223
0.000000 29183149244
0.000000 29183174241
0.000000 29183199223
0.000000 29183224251
0.000000 29183249241
0.000000 29183274242
0.000000 29183299222
0.000000 29183324247
0.000000 29183349246
0.000000 29183374233
0.000000 29183399208
0.000000 29183424222
0.000000 29183449233
0.000000 29183474222
0.000000 29183499203
0.000000 29183524226
0.000000 29183549203
0.000000 29183574225
0.000000 29183599213
0.000000 29183624223
0.000000 29183649213
0.000000 29183674214
0.000000 29183699205
0.000000 29183724229
0.000000 29183749230
0.000000 29183774222
