0.176520 -10.061625 -0.617819 177246355410
0.156906 -10.100850 -0.647239 177246362400
0.137293 -10.149883 -0.686466 177246372744
0.147100 -10.238144 -0.627626 177246384680
0.088260 -10.228337 -0.608012 177246396682
0.058840 -10.228337 -0.539366 177246408708
0.058840 -10.189111 -0.578592 177246420687
-0.019613 -10.257757 -0.608012 177246432698
0.009807 -10.296983 -0.617819 177246444685
-0.039227 -10.267564 -0.578592 177246458008
-0.058840 -10.296983 -0.588399 177246468703
-0.019613 -10.306790 -0.637432 177246480718
0.029420 -10.287177 -0.637432 177246492696
0.019613 -10.247950 -0.617819 177246504719
0.049033 -10.238144 -0.657046 177246516725
0.088260 -10.189111 -0.666852 177246528719
0.117680 -10.169497 -0.715886 177246540720
0.117680 -10.247950 -0.715886 177246555410
0.137293 -10.267564 -0.735499 177246564699
0.127486 -10.228337 -0.804145 177246576712
0.176520 -10.179304 -0.774725 177246588717
0.147100 -10.179304 -0.784532 177246600707
0.186326 -10.179304 -0.725692 177246612690
0.127486 -10.218531 -0.706079 177246624687
0.117680 -10.228337 -0.686466 177246638590
0.117680 -10.189111 -0.676659 177246648677
0.068647 -10.198916 -0.627626 177246660669
0.049033 -10.238144 -0.608012 177246672668
0.049033 -10.257757 -0.598206 177246685338
0.078453 -10.228337 -0.637432 177246696668
0.058840 -10.238144 -0.627626 177246708693
-0.009807 -10.238144 -0.637432 177246720695
-0.009807 -10.277370 -0.627626 177246747793
-0.009807 -10.277370 -0.627626 177246748745
0.019613 -10.228337 -0.686466 177246756744
0.029420 -10.198916 -0.686466 177246768719
0.049033 -10.159691 -0.715886 177246780691
0.029420 -10.247950 -0.647239 177246792745
0.029420 -10.238144 -0.647239 177246804736
0.039227 -10.228337 -0.637432 177246816699
0.009807 -10.218531 -0.627626 177246828725
0.009807 -10.208724 -0.617819 177246840699
0.039227 -10.247950 -0.617819 177246852711
0.049033 -10.247950 -0.647239 177246864707
0.058840 -10.208724 -0.676659 177246885383
0.068647 -10.208724 -0.568786 177246898872
0.019613 -10.189111 -0.539366 177246900747
0.058840 -10.189111 -0.549172 177246912693
0.068647 -10.189111 -0.549172 177246924708
0.098067 -10.238144 -0.509946 177246936700
0.088260 -10.228337 -0.588399 177246948752
0.039227 -10.218531 -0.588399 177246960699
0.009807 -10.247950 -0.598206 177246972699
0.019613 -10.228337 -0.657046 177246984708
0.019613 -10.208724 -0.617819 177246996695
-0.039227 -10.247950 -0.588399 177247008691
-0.058840 -10.247950 -0.558979 177247020683
-0.058840 -10.257757 -0.568786 177247032677
0.009807 -10.198916 -0.657046 177247044698
0.029420 -10.208724 -0.706079 177247056722
0.049033 -10.247950 -0.686466 177247068722
0.039227 -10.218531 -0.706079 177247080677
0.078453 -10.179304 -0.764919 177247092677
0.078453 -10.189111 -0.755112 177247104684
0.078453 -10.238144 -0.764919 177247116675
0.068647 -10.238144 -0.725692 177247128684
0.039227 -10.228337 -0.676659 177247140676
0.039227 -10.247950 -0.696272 177247152678
0.039227 -10.208724 -0.647239 177247164684
0.098067 -10.218531 -0.666852 177247176715
0.068647 -10.228337 -0.657046 177247188685
0.058840 -10.218531 -0.598206 177247200678
0.068647 -10.228337 -0.608012 177247212675
0.088260 -10.228337 -0.598206 177247224671
0.127486 -10.238144 -0.627626 177247236675
0.107873 -10.238144 -0.588399 177247248685
0.107873 -10.228337 -0.529559 177247269115
0.068647 -10.208724 -0.539366 177247275345
0.068647 -10.208724 -0.539366 177247284738
0.039227 -10.287177 -0.549172 177247296736
0.019613 -10.316597 -0.500139 177247308685
0.009807 -10.267564 -0.509946 177247320678
-0.009807 -10.247950 -0.558979 177247332676
0.039227 -10.208724 -0.558979 177247344685
0.058840 -10.208724 -0.568786 177247356677
0.068647 -10.198916 -0.558979 177247368684
0.078453 -10.169497 -0.539366 177247380677
0.039227 -10.198916 -0.539366 177247392679
0.098067 -10.198916 -0.568786 177247404724
0.098067 -10.218531 -0.617819 177247416677
-0.039227 -10.189111 -0.617819 177247428685
-0.029420 -10.120463 -0.608012 177247440677
-0.049033 -10.100850 -0.539366 177247452676
-0.068647 -10.110658 -0.470719 177247464693
-0.029420 -10.149883 -0.598206 177247476677
-0.039227 -10.179304 -0.578592 177247488686
-0.039227 -10.218531 -0.588399 177247500681
-0.029420 -10.346016 -0.627626 177247512686
-0.029420 -10.287177 -0.598206 177247524726
-0.078453 -10.287177 -0.549172 177247536677
-0.176520 -10.296983 -0.500139 177247548696
-0.304006 -10.218531 -0.451106 177247560678
-0.343233 -10.169497 -0.549172 177247572677
-0.372653 -10.159691 -0.568786 177247584689
-0.441299 -10.149883 -0.627626 177247596677
-0.421686 -10.179304 -0.539366 177247608685
-0.441299 -10.208724 -0.411879 177247620675
-0.411879 -10.238144 -0.402073 177247632713
-0.411879 -10.198916 -0.490333 177247644697
-0.402073 -10.228337 -0.441299 177247656679
-0.333426 -10.247950 -0.441299 177247668682
-0.137293 -10.277370 -0.441299 177247680676
-0.147100 -10.208724 -0.431493 177247692684
-0.196133 -10.198916 -0.441299 177247704689
-0.156906 -10.238144 -0.431493 177247716676
-0.117680 -10.228337 -0.343233 177247728686
-0.019613 -10.198916 -0.343233 177247740676
0.009807 -10.296983 -0.382459 177247752713
0.019613 -10.218531 -0.402073 177247764683
-0.049033 -10.287177 -0.431493 177247776676
-0.068647 -10.287177 -0.480526 177247788682
-0.068647 -10.296983 -0.480526 177247800675
0.058840 -10.306790 -0.470719 177247812680
0.039227 -10.208724 -0.519753 177247824683
0.039227 -10.159691 -0.451106 177247836673
0.078453 -10.218531 -0.519753 177247848683
0.098067 -10.159691 -0.500139 177247860716
0.088260 -10.179304 -0.568786 177247872706
0.107873 -10.326404 -0.588399 177247884683
0.147100 -10.228337 -0.608012 177247896674
0.088260 -10.189111 -0.598206 177247908683
0.107873 -10.208724 -0.608012 177247920680
0.078453 -10.218531 -0.598206 177247932671
0.117680 -10.326404 -0.588399 177247944670
0.088260 -10.238144 -0.725692 177247956669
0.117680 -10.238144 -0.735499 177247968683
0.176520 -10.247950 -0.725692 177247980739
0.186326 -10.238144 -0.715886 177247992673
0.205940 -10.287177 -0.706079 177248004674
0.186326 -10.257757 -0.755112 177248016684
0.147100 -10.198916 -0.764919 177248028684
0.156906 -10.179304 -0.833565 177248040678
0.186326 -10.159691 -0.853179 177248052685
0.176520 -10.179304 -0.853179 177248064684
0.176520 -10.159691 -0.892405 177248076676
0.166713 -10.198916 -0.823759 177248088724
0.186326 -10.228337 -0.853179 177248100716
0.205940 -10.208724 -0.882599 177248112674
0.205940 -10.287177 -0.882599 177248124687
0.205940 -10.287177 -0.892405 177248136674
0.205940 -10.247950 -0.833565 177248148697
0.274586 -10.208724 -0.715886 177248160679
0.215746 -10.277370 -0.686466 177248172676
0.117680 -10.257757 -0.745305 177248184683
0.107873 -10.169497 -0.755112 177248196675
0.117680 -10.120463 -0.804145 177248208736
0.137293 -10.159691 -0.706079 177248220672
0.049033 -10.296983 -0.823759 177248232670
0.049033 -10.198916 -0.774725 177248244669
0.039227 -10.238144 -0.764919 177248256674
0.107873 -10.159691 -0.706079 177248268686
0.127486 -10.306790 -0.715886 177248280675
0.147100 -10.149883 -0.853179 177248292674
0.107873 -10.198916 -0.833565 177248304683
0.117680 -10.247950 -0.676659 177248316676
0.156906 -10.120463 -0.764919 177248328722
0.205940 -10.130271 -0.745305 177248340674
0.205940 -10.238144 -0.686466 177248352675
0.254973 -10.130271 -0.647239 177248364681
0.176520 -10.218531 -0.657046 177248376674
0.117680 -10.346016 -0.676659 177248388686
0.107873 -10.277370 -0.647239 177248400674
0.117680 -10.267564 -0.706079 177248412673
0.098067 -10.336210 -0.598206 177248424683
0.137293 -10.277370 -0.617819 177248436715
0.166713 -10.179304 -0.794339 177248448721
0.137293 -10.287177 -0.657046 177248460674
0.176520 -10.159691 -0.608012 177248472675
0.117680 -10.287177 -0.608012 177248484681
0.098067 -10.238144 -0.627626 177248496674
0.098067 -10.247950 -0.676659 177248508686
0.127486 -10.326404 -0.755112 177248520680
0.117680 -10.012591 -0.843372 177248532676
0.117680 -10.267564 -0.725692 177248544688
0.117680 -10.218531 -0.657046 177248556713
-0.029420 -10.296983 -0.696272 177248568684
-0.009807 -10.287177 -0.696272 177248580677
-0.019613 -10.287177 -0.784532 177248592674
-0.009807 -10.326404 -0.706079 177248604682
0.009807 -10.218531 -0.833565 177248616680
-0.078453 -10.296983 -0.784532 177248628683
-0.088260 -10.267564 -0.676659 177248640674
-0.098067 -10.267564 -0.647239 177248652676
-0.049033 -10.228337 -0.706079 177248664688
0.058840 -10.238144 -0.862985 177248676701
0.068647 -10.208724 -0.833565 177248688675
0.058840 -10.277370 -0.843372 177248700678
0.078453 -10.267564 -0.833565 177248712677
0.088260 -10.149883 -0.941439 177248724670
0.029420 -10.296983 -0.970859 177248736668
0.078453 -10.296983 -0.902212 177248748670
0.019613 -10.296983 -0.921825 177248760674
-0.039227 -10.169497 -1.049312 177248772676
0.039227 -10.198916 -1.059118 177248784722
-0.049033 -10.277370 -1.000278 177248796674
-0.078453 -10.247950 -1.068925 177248808682
-0.088260 -10.238144 -1.068925 177248820674
-0.068647 -10.257757 -1.029698 177248832673
0.019613 -10.198916 -0.980665 177248844687
0.049033 -10.316597 -1.029698 177248856674
-0.058840 -10.257757 -1.108152 177248868682
-0.009807 -10.218531 -1.108152 177248880674
0.068647 -10.208724 -0.961052 177248892672
0.068647 -10.208724 -1.166991 177248904721
-0.029420 -10.208724 -1.176798 177248916674
-0.019613 -10.218531 -1.108152 177248928682
0.039227 -10.208724 -1.088538 177248940673
0.088260 -10.140078 -1.137571 177248952674
0.107873 -10.277370 -0.990472 177248964686
0.107873 -10.296983 -1.059118 177248976673
-0.058840 -10.346016 -1.265058 177248988684
-0.009807 -10.306790 -1.147378 177249000676
0.019613 -10.257757 -1.098345 177249012714
0.019613 -10.198916 -1.127765 177249024707
0.009807 -10.277370 -1.196411 177249036677
0.009807 -10.218531 -1.127765 177249048690
0.009807 -10.208724 -1.108152 177249060676
-0.117680 -10.247950 -1.068925 177249072676
-0.186326 -10.267564 -1.137571 177249084683
-0.176520 -10.159691 -1.108152 177249096675
-0.205940 -10.208724 -1.029698 177249108692
-0.205940 -10.179304 -1.000278 177249120675
-0.284393 -10.208724 -1.098345 177249132675
-0.304006 -10.287177 -1.117958 177249144683
-0.480526 -10.247950 -1.274865 177249156675
-0.441299 -10.365630 -1.294478 177249168682
-0.441299 -10.355824 -1.206218 177249180676
-0.431493 -10.296983 -1.117958 177249194606
-0.402073 -10.277370 -1.157185 177249204735
-0.372653 -10.238144 -1.333705 177249216668
-0.333426 -10.130271 -1.265058 177249230340
-0.333426 -10.218531 -1.225831 177249240683
-0.333426 -10.169497 -1.196411 177249252726
-0.313813 -10.267564 -1.402351 177249264685
-0.362846 -10.198916 -1.588677 177249276670
-0.421686 -10.247950 -1.529838 177249290327
-0.411879 -10.267564 -1.304285 177249305084
-0.392266 -10.179304 -1.392545 177249312703
-0.372653 -10.179304 -1.372931 177249324715
-0.333426 -10.247950 -1.333705 177249336686
-0.235360 -10.238144 -1.382738 177249348689
-0.176520 -10.179304 -1.431771 177249360683
-0.098067 -10.306790 -1.598484 177249372684
-0.088260 -10.228337 -1.500418 177249384686
-0.098067 -10.100850 -1.598484 177249396714
-0.176520 -10.267564 -1.510224 177249408737
-0.147100 -10.247950 -1.520031 177249420728
-0.098067 -10.238144 -1.588677 177249432727
-0.029420 -10.071430 -1.657324 177249444734
0.088260 -10.189111 -1.657324 177249456725
0.137293 -10.149883 -1.569064 177249468736
0.098067 -10.277370 -1.539644 177249480725
-0.009807 -10.228337 -1.676937 177249492729
-0.009807 -10.179304 -1.618097 177249504685
-0.088260 -10.218531 -1.657324 177249516688
-0.068647 -10.208724 -1.676937 177249528685
-0.078453 -10.228337 -1.696550 177249540674
-0.058840 -10.238144 -1.706357 177249552674
-0.088260 -10.198916 -1.657324 177249564667
-0.068647 -10.149883 -1.637711 177249576683
-0.078453 -10.159691 -1.716164 177249588684
-0.137293 -10.189111 -1.775004 177249600684
-0.176520 -10.208724 -1.745584 177249612695
-0.294200 -10.208724 -1.735777 177249624697
-0.294200 -10.189111 -1.706357 177249638667
-0.284393 -10.218531 -1.706357 177249648673
-0.215746 -10.189111 -1.686744 177249660673
-0.127486 -10.238144 -1.716164 177249672673
-0.039227 -10.208724 -1.608291 177249684676
-0.049033 -10.169497 -1.539644 177249696674
-0.049033 -10.159691 -1.470998 177249708694
-0.078453 -10.159691 -1.363124 177249720697
-0.068647 -10.169497 -1.284671 177249732695
-0.078453 -10.228337 -1.392545 177249744735
-0.107873 -10.306790 -1.294478 177249756707
-0.078453 -10.306790 -1.196411 177249768690
-0.117680 -10.198916 -1.176798 177249780721
-0.098067 -10.287177 -1.157185 177249792704
-0.068647 -10.247950 -1.284671 177249804690
-0.029420 -10.267564 -1.216025 177249816731
-0.029420 -10.189111 -1.157185 177249828737
-0.029420 -10.169497 -1.186605 177249840724
0.009807 -10.257757 -1.117958 177249852729
0.039227 -10.296983 -1.245445 177249864740
0.039227 -10.228337 -1.225831 177249876749
0.009807 -10.306790 -1.147378 177249888741
-0.009807 -10.257757 -0.970859 177249900724
-0.009807 -10.169497 -1.000278 177249912676
0.009807 -10.346016 -0.990472 177249924666
0.078453 -10.198916 -1.049312 177249936664
0.088260 -10.257757 -1.049312 177249948665
0.049033 -10.228337 -0.931632 177249960665
0.019613 -10.287177 -0.951245 177249972673
0.019613 -10.179304 -0.784532 177249984667
-0.009807 -10.140078 -0.725692 177249998619
-0.029420 -10.296983 -0.833565 177250008684
0.039227 -10.208724 -0.912019 177250020709
0.049033 -10.267564 -0.941439 177250032699
0.058840 -10.130271 -1.098345 177250044700
0.049033 -10.169497 -1.010085 177250056716
0.049033 -10.316597 -0.608012 177250068688
-0.058840 -10.267564 -0.696272 177250080714
-0.098067 -10.287177 -0.755112 177250092689
-0.098067 -10.296983 -0.657046 177250104707
-0.098067 -10.247950 -0.725692 177250116723
-0.058840 -10.267564 -0.588399 177250128724
-0.009807 -10.140078 -0.735499 177250140713
-0.088260 -10.247950 -0.823759 177250152717
-0.107873 -10.277370 -0.745305 177250164723
-0.098067 -10.257757 -0.725692 177250176713
-0.088260 -10.189111 -0.823759 177250188724
-0.039227 -10.238144 -0.833565 177250200734
-0.088260 -10.238144 -0.715886 177250212718
-0.019613 -10.218531 -0.657046 177250224724
0.009807 -10.247950 -0.696272 177250236699
0.009807 -10.277370 -0.755112 177250248743
0.009807 -10.218531 -0.666852 177250260712
-0.009807 -10.218531 -0.598206 177250272712
-0.039227 -10.336210 -0.608012 177250284743
-0.029420 -10.130271 -0.735499 177250296712
-0.078453 -10.247950 -0.558979 177250308736
-0.098067 -10.257757 -0.608012 177250320729
-0.166713 -10.257757 -0.509946 177250332728
-0.156906 -10.267564 -0.529559 177250344737
-0.186326 -10.208724 -0.519753 177250356727
-0.186326 -10.159691 -0.470719 177250368737
-0.215746 -10.179304 -0.490333 177250380728
-0.196133 -10.198916 -0.509946 177250392727
-0.049033 -10.179304 -0.558979 177250404684
-0.107873 -10.238144 -0.529559 177250416676
-0.117680 -10.238144 -0.500139 177250430611
-0.127486 -10.267564 -0.588399 177250440664
-0.098067 -10.247950 -0.568786 177250452665
-0.117680 -10.179304 -0.794339 177250466595
-0.147100 -10.238144 -0.794339 177250476665
-0.176520 -10.198916 -0.647239 177250488664
-0.176520 -10.130271 -0.637432 177250502910
-0.205940 -10.130271 -0.764919 177250512702
-0.215746 -10.208724 -0.676659 177250524684
-0.156906 -10.208724 -0.666852 177250538893
-0.068647 -10.189111 -0.686466 177250548683
-0.009807 -10.189111 -0.686466 177250560706
0.078453 -10.189111 -0.813952 177250572705
0.029420 -10.159691 -0.696272 177250584685
-0.078453 -10.208724 -0.666852 177250596679
-0.147100 -10.257757 -0.764919 177250608699
-0.156906 -10.287177 -0.872792 177250620714
-0.333426 -10.257757 -0.725692 177250632715
-0.392266 -10.218531 -0.745305 177250644723
-0.441299 -10.257757 -0.686466 177250656733
-0.500139 -10.247950 -0.676659 177250668723
-0.509946 -10.277370 -0.706079 177250680713
-0.588399 -10.287177 -0.657046 177250692733
-0.568786 -10.228337 -0.588399 177250704739
-0.500139 -10.228337 -0.578592 177250716731
-0.441299 -10.257757 -0.627626 177250728738
-0.392266 -10.169497 -0.637432 177250740728
-0.392266 -10.198916 -0.637432 177250752751
-0.313813 -10.238144 -0.558979 177250764710
-0.274586 -10.238144 -0.647239 177250776745
-0.274586 -10.257757 -0.676659 177250788710
-0.176520 -10.247950 -0.725692 177250800747
-0.186326 -10.267564 -0.706079 177250812749
-0.137293 -10.267564 -0.706079 177250824757
-0.088260 -10.277370 -0.725692 177250836746
-0.058840 -10.218531 -0.774725 177250848755
-0.078453 -10.238144 -0.725692 177250860747
-0.137293 -10.267564 -0.696272 177250872747
-0.107873 -10.238144 -0.735499 177250884756
-0.058840 -10.228337 -0.755112 177250896746
-0.049033 -10.179304 -0.696272 177250908686
-0.088260 -10.238144 -0.706079 177250920701
-0.147100 -10.287177 -0.686466 177250932672
-0.127486 -10.277370 -0.715886 177250944672
-0.127486 -10.257757 -0.676659 177250956671
-0.127486 -10.208724 -0.686466 177250968684
-0.117680 -10.218531 -0.686466 177250980674
-0.117680 -10.247950 -0.666852 177250994785
-0.098067 -10.228337 -0.637432 177251004667
-0.058840 -10.198916 -0.647239 177251016672
-0.088260 -10.267564 -0.657046 177251028666
-0.147100 -10.257757 -0.666852 177251040667
-0.186326 -10.257757 -0.666852 177251052671
-0.137293 -10.228337 -0.598206 177251064670
-0.107873 -10.238144 -0.715886 177251076666
-0.078453 -10.257757 -0.725692 177251088666
-0.098067 -10.257757 -0.715886 177251100699
-0.117680 -10.277370 -0.715886 177251112702
-0.166713 -10.257757 -0.735499 177251124707
-0.147100 -10.208724 -0.706079 177251136697
-0.049033 -10.218531 -0.696272 177251148705
-0.049033 -10.228337 -0.735499 177251160694
0.049033 -10.218531 -0.755112 177251172696
0.098067 -10.238144 -0.755112 177251184723
0.088260 -10.228337 -0.755112 177251196700
0.098067 -10.228337 -0.784532 177251208703
0.019613 -10.218531 -0.833565 177251220707
0.049033 -10.189111 -0.843372 177251232705
0.098067 -10.198916 -0.794339 177251244704
0.058840 -10.238144 -0.735499 177251256714
0.049033 -10.238144 -0.706079 177251268724
0.019613 -10.208724 -0.696272 177251280734
0.019613 -10.198916 -0.715886 177251292715
-0.058840 -10.228337 -0.637432 177251304726
-0.078453 -10.257757 -0.676659 177251316724
-0.156906 -10.257757 -0.706079 177251328725
-0.147100 -10.287177 -0.666852 177251340714
-0.107873 -10.287177 -0.617819 177251352715
-0.098067 -10.257757 -0.637432 177251364723
-0.088260 -10.267564 -0.588399 177251376715
-0.068647 -10.228337 -0.568786 177251388726
-0.009807 -10.218531 -0.608012 177251400705
-0.009807 -10.198916 -0.813952 177251412688
-0.009807 -10.218531 -0.755112 177251424686
-0.029420 -10.218531 -0.764919 177251436677
-0.049033 -10.218531 -0.794339 177251448684
-0.029420 -10.228337 -0.745305 177251460679
0.068647 -10.149883 -0.637432 177251472676
0.039227 -10.169497 -0.608012 177251485335
0.019613 -10.208724 -0.627626 177251496666
-0.029420 -10.218531 -0.627626 177251508665
-0.098067 -10.277370 -0.637432 177251520673
-0.127486 -10.238144 -0.657046 177251532667
-0.127486 -10.277370 -0.686466 177251544678
-0.098067 -10.296983 -0.627626 177251556667
-0.107873 -10.257757 -0.549172 177251568699
-0.049033 -10.228337 -0.568786 177251580671
-0.029420 -10.228337 -0.568786 177251592666
0.039227 -10.208724 -0.657046 177251604667
0.088260 -10.218531 -0.666852 177251616702
0.176520 -10.189111 -0.598206 177251628707
0.147100 -10.189111 -0.558979 177251640697
0.205940 -10.159691 -0.549172 177251652695
0.205940 -10.169497 -0.568786 177251664705
0.058840 -10.238144 -0.637432 177251678988
0.019613 -10.267564 -0.725692 177251688683
-0.029420 -10.257757 -0.882599 177251700707
-0.058840 -10.238144 -0.921825 177251712702
-0.107873 -10.257757 -0.755112 177251724695
-0.156906 -10.277370 -0.706079 177251736721
-0.156906 -10.287177 -0.823759 177251748696
-0.107873 -10.228337 -0.931632 177251775915
-0.117680 -10.267564 -0.961052 177251786080
-0.117680 -10.267564 -0.961052 177251786628
-0.068647 -10.267564 -0.980665 177251799625
-0.049033 -10.228337 -1.068925 177251808714
-0.009807 -10.257757 -1.098345 177251829172
-0.039227 -10.257757 -1.098345 177251832721
-0.039227 -10.247950 -1.098345 177251844689
0.098067 -10.228337 -1.117958 177251856690
0.127486 -10.218531 -1.088538 177251868759
0.117680 -10.179304 -1.029698 177251880704
0.098067 -10.179304 -0.990472 177251892705
0.107873 -10.218531 -0.980665 177251904712
0.107873 -10.267564 -0.970859 177251916715
0.019613 -10.238144 -0.990472 177251928712
0.029420 -10.228337 -1.059118 177251941074
0.049033 -10.247950 -1.019892 177251952720
0.176520 -10.208724 -1.010085 177251964761
0.196133 -10.208724 -1.000278 177251976705
0.127486 -10.179304 -0.931632 177251988895
0.147100 -10.189111 -0.921825 177252002845
0.166713 -10.218531 -0.912019 177252017639
0.215746 -10.189111 -0.882599 177252032980
0.098067 -10.179304 -0.823759 177252036667
0.068647 -10.218531 -0.745305 177252048672
0.019613 -10.228337 -0.647239 177252060671
0.009807 -10.257757 -0.578592 177252072670
-0.019613 -10.287177 -0.539366 177252084672
-0.009807 -10.238144 -0.490333 177252096716
0.029420 -10.238144 -0.539366 177252108710
0.078453 -10.208724 -0.558979 177252120676
0.029420 -10.238144 -0.460913 177252132675
-0.009807 -10.238144 -0.431493 177252144682
-0.049033 -10.218531 -0.421686 177252156674
-0.088260 -10.238144 -0.431493 177252168683
-0.127486 -10.267564 -0.421686 177252180674
-0.058840 -10.228337 -0.402073 177252192675
-0.117680 -10.218531 -0.421686 177252204691
-0.127486 -10.238144 -0.490333 177252216716
-0.156906 -10.267564 -0.480526 177252228669
-0.156906 -10.267564 -0.411879 177252240672
-0.147100 -10.228337 -0.372653 177252252675
-0.127486 -10.218531 -0.421686 177252264683
-0.058840 -10.228337 -0.441299 177252276679
-0.049033 -10.247950 -0.480526 177252288682
-0.117680 -10.238144 -0.480526 177252300674
-0.127486 -10.238144 -0.500139 177252312675
-0.127486 -10.208724 -0.558979 177252324723
-0.098067 -10.247950 -0.539366 177252336714
-0.127486 -10.228337 -0.578592 177252348684
-0.107873 -10.208724 -0.588399 177252360674
-0.039227 -10.238144 -0.578592 177252372673
-0.039227 -10.238144 -0.578592 177252384681
-0.039227 -10.218531 -0.608012 177252396674
0.029420 -10.198916 -0.627626 177252408681
-0.019613 -10.238144 -0.539366 177252420675
-0.019613 -10.218531 -0.500139 177252432675
-0.039227 -10.228337 -0.490333 177252444723
-0.039227 -10.247950 -0.568786 177252456673
0.029420 -10.238144 -0.666852 177252468683
0.029420 -10.228337 -0.558979 177252480675
0.009807 -10.238144 -0.529559 177252492673
0.049033 -10.247950 -0.480526 177252504693
0.039227 -10.228337 -0.470719 177252516685
-0.029420 -10.218531 -0.451106 177252528683
-0.058840 -10.247950 -0.411879 177252540675
-0.137293 -10.247950 -0.460913 177252552720
-0.088260 -10.257757 -0.470719 177252564701
-0.009807 -10.238144 -0.588399 177252576670
-0.009807 -10.208724 -0.617819 177252588669
-0.049033 -10.257757 -0.617819 177252600678
-0.049033 -10.267564 -0.588399 177252612691
-0.068647 -10.247950 -0.598206 177252624683
-0.107873 -10.218531 -0.627626 177252636674
-0.058840 -10.228337 -0.617819 177252648682
0.029420 -10.257757 -0.608012 177252660726
0.107873 -10.247950 -0.745305 177252672707
0.215746 -10.208724 -0.794339 177252684684
0.196133 -10.208724 -0.774725 177252696674
0.147100 -10.208724 -0.745305 177252708674
0.166713 -10.218531 -0.696272 177252720678
0.127486 -10.228337 -0.784532 177252732669
0.088260 -10.218531 -0.794339 177252744670
0.068647 -10.218531 -0.804145 177252756677
0.098067 -10.228337 -0.706079 177252768730
0.078453 -10.198916 -0.666852 177252780716
0.068647 -10.208724 -0.676659 177252792677
0.137293 -10.208724 -0.657046 177252804684
0.137293 -10.169497 -0.657046 177252816676
0.127486 -10.218531 -0.617819 177252828684
0.098067 -10.218531 -0.627626 177252840675
0.039227 -10.228337 -0.598206 177252852675
0.039227 -10.218531 -0.578592 177252864682
0.039227 -10.257757 -0.598206 177252876686
0.068647 -10.277370 -0.657046 177252888723
0.107873 -10.228337 -0.686466 177252900676
0.068647 -10.238144 -0.627626 177252912676
0.117680 -10.218531 -0.637432 177252924683
0.117680 -10.228337 -0.676659 177252936674
0.098067 -10.208724 -0.647239 177252948685
0.098067 -10.198916 -0.706079 177252960674
0.156906 -10.189111 -0.686466 177252972676
0.107873 -10.238144 -0.715886 177252984686
0.058840 -10.218531 -0.725692 177252996713
0.068647 -10.218531 -0.735499 177253008684
0.107873 -10.208724 -0.706079 177253020683
0.107873 -10.198916 -0.676659 177253032676
0.156906 -10.228337 -0.725692 177253044676
0.127486 -10.198916 -0.735499 177253056681
0.176520 -10.189111 -0.725692 177253068671
0.078453 -10.208724 -0.686466 177253080670
0.039227 -10.198916 -0.735499 177253092672
0.019613 -10.218531 -0.764919 177253104684
0.039227 -10.218531 -0.686466 177253116724
0.058840 -10.247950 -0.666852 177253128688
0.068647 -10.287177 -0.715886 177253140676
0.078453 -10.287177 -0.725692 177253152677
0.127486 -10.277370 -0.745305 177253164683
0.186326 -10.218531 -0.764919 177253176678
0.205940 -10.228337 -0.755112 177253188683
0.186326 -10.218531 -0.804145 177253200674
0.137293 -10.218531 -0.823759 177253212679
0.058840 -10.267564 -0.823759 177253224725
0.009807 -10.228337 -0.902212 177253236676
0.039227 -10.228337 -0.961052 177253248683
0.088260 -10.189111 -0.892405 177253260675
0.088260 -10.198916 -0.882599 177253272676
0.117680 -10.198916 -0.823759 177253284690
0.049033 -10.247950 -0.657046 177253296684
