-0.720000 10.559999 7.080000 177188433674
-0.600000 10.440000 6.960000 177246386531
-0.960000 9.960000 6.960000 177246398523
-0.480000 10.200000 6.720000 177246410541
-0.600000 10.200000 6.840000 177246422457
-0.780000 10.139999 6.780000 177246434317
-0.900000 10.260000 6.780000 177246446458
-0.840000 10.440000 6.600000 177246460480
-0.480000 10.080000 6.360000 177246472010
-0.780000 10.139999 6.660000 177246483717
-0.840000 10.320000 6.840000 177246495292
-0.660000 10.139999 6.780000 177246507666
-0.840000 9.960000 6.720000 177246519347
-0.540000 10.260000 6.780000 177246531009
-0.780000 10.020000 6.540000 177246542606
-0.600000 10.200000 6.720000 177246556039
-0.600000 9.960000 6.600000 177246567794
-1.020000 10.020000 6.540000 177246579450
-0.420000 10.380000 6.660000 177246591049
-0.360000 10.440000 6.720000 177246602736
-0.840000 10.559999 6.840000 177246614578
-0.420000 10.260000 6.540000 177246626345
-0.720000 10.320000 6.720000 177246638230
-0.780000 10.500000 6.900000 177246650603
-0.780000 10.380000 6.660000 177246662519
-0.720000 10.200000 6.720000 177246674443
-0.960000 10.440000 6.600000 177246686353
-0.780000 10.260000 6.420000 177246698451
-0.840000 10.440000 6.600000 177246711760
-0.720000 9.960000 6.840000 177246723325
-0.840000 10.200000 6.720000 177246740087
-0.720000 10.200000 6.720000 177246755447
-0.720000 10.080000 6.840000 177246771435
-0.240000 9.960000 6.720000 177246785277
-0.600000 10.080000 6.600000 177246798889
-0.540000 10.020000 6.540000 177246812366
-0.240000 10.320000 6.480000 177246825780
-0.540000 10.139999 6.660000 177246839161
-0.300000 10.139999 6.780000 177246852624
-0.360000 10.679999 6.960000 177246866137
-0.540000 10.139999 6.900000 177246879656
-0.780000 10.020000 6.540000 177246893183
-0.600000 10.200000 6.720000 177246914354
-0.840000 9.840000 6.360000 177246928108
-0.540000 10.020000 6.660000 177246941704
-0.660000 10.139999 6.660000 177246955305
-0.660000 10.139999 6.660000 177246968684
-0.480000 10.559999 6.480000 177246982060
-0.540000 10.260000 6.540000 177246995455
-0.660000 10.620000 6.420000 177247008865
-0.600000 10.320000 6.720000 177247022300
-0.300000 10.139999 6.900000 177247035844
-1.140000 10.260000 6.660000 177247049416
-0.600000 10.320000 6.600000 177247062874
-0.540000 10.500000 6.780000 177247076251
-0.780000 10.380000 6.540000 177247089542
-0.660000 10.139999 6.420000 177247102863
-0.660000 10.020000 7.020000 177247116146
-0.900000 10.139999 6.540000 177247129501
-0.420000 10.260000 6.780000 177247142976
-0.840000 10.320000 6.960000 177247156446
-0.720000 10.080000 6.480000 177247169917
-0.720000 10.080000 6.480000 177247183380
-0.420000 10.260000 6.540000 177247196664
-0.360000 10.200000 6.720000 177247210078
-0.600000 10.200000 6.840000 177247223374
-0.600000 9.840000 6.720000 177247236744
-0.780000 10.500000 6.780000 177247250117
-0.660000 10.139999 6.780000 177247263501
-0.420000 10.380000 6.540000 177247277168
-0.600000 10.440000 6.600000 177247290517
-0.660000 10.260000 6.780000 177247304043
-0.480000 10.080000 6.720000 177247317329
-0.780000 10.020000 6.540000 177247330631
-0.600000 10.320000 6.480000 177247343916
-0.600000 9.960000 6.600000 177247357292
-0.780000 10.020000 6.660000 177247370788
-0.780000 10.139999 6.780000 177247384256
-0.480000 9.719999 6.840000 177247397725
-0.780000 10.020000 6.540000 177247411186
-0.720000 10.200000 6.720000 177247424479
-0.600000 10.320000 6.720000 177247437766
-0.660000 9.900000 6.780000 177247451058
-0.720000 9.960000 6.600000 177247464345
-0.480000 9.960000 6.840000 177247477803
-0.720000 10.200000 6.720000 177247491285
-0.720000 9.960000 6.960000 177247504782
-0.840000 10.320000 6.720000 177247518358
-0.960000 10.200000 6.960000 177247531807
-0.660000 10.020000 6.660000 177247545131
-0.720000 10.200000 6.600000 177247558432
-0.720000 10.200000 6.240000 177247571722
-0.840000 10.080000 6.600000 177247585115
-0.720000 9.960000 6.480000 177247598592
-0.780000 10.260000 6.540000 177247612063
-0.960000 10.320000 6.600000 177247625555
-0.600000 10.080000 6.840000 177247638997
-0.660000 10.139999 6.660000 177247652308
-0.600000 10.200000 6.600000 177247665610
-0.540000 10.139999 6.660000 177247678929
-0.600000 10.080000 6.960000 177247692218
-0.720000 10.559999 6.720000 177247705754
-0.420000 10.260000 7.020000 177247719233
-0.720000 10.440000 6.720000 177247732695
-0.780000 10.139999 6.780000 177247746167
-0.660000 10.380000 7.140000 177247759608
-0.720000 10.320000 6.960000 177247772895
-0.720000 10.320000 6.960000 177247786180
-0.360000 10.320000 6.960000 177247799471
-0.360000 10.679999 6.840000 177247812846
-0.360000 10.080000 6.840000 177247826232
-0.600000 10.320000 7.080000 177247839759
-0.420000 10.139999 6.660000 177247853221
-0.300000 10.139999 7.020000 177247866670
-0.540000 10.260000 6.900000 177247880111
-0.600000 10.559999 6.720000 177247893393
-0.360000 10.440000 6.840000 177247906700
-0.540000 10.380000 6.780000 177247919993
-0.360000 10.320000 7.080000 177247933404
-0.120000 10.559999 6.600000 177247946890
-0.240000 10.080000 6.960000 177247960375
-0.360000 10.200000 6.960000 177247973889
-0.540000 10.260000 6.900000 177247987362
-0.300000 10.380000 7.020000 177248000722
-0.480000 10.320000 7.080000 177248014022
-0.480000 10.320000 6.960000 177248027310
-0.240000 10.440000 6.720000 177248040700
-0.420000 10.260000 6.780000 177248054062
-0.180000 10.139999 7.140000 177248067586
-0.240000 10.440000 6.960000 177248081052
-0.060000 10.620000 7.140000 177248094552
-0.300000 10.260000 7.260000 177248107966
-0.300000 10.260000 7.140000 177248121253
-0.240000 10.200000 7.440000 177248134543
-0.120000 10.559999 7.440000 177248147851
-0.060000 10.139999 6.900000 177248161227
-0.300000 10.260000 6.900000 177248174706
-0.060000 10.260000 7.140000 177248188173
-0.480000 10.440000 7.080000 177248201672
-0.060000 10.139999 7.260000 177248215151
-0.120000 10.320000 7.320000 177248228432
0.060000 10.500000 7.140000 177248241711
0.060000 10.080000 7.200000 177248254995
-0.420000 10.260000 7.380000 177248268298
-0.360000 10.440000 7.080000 177248281702
-0.240000 10.200000 7.200000 177248295191
-0.360000 10.200000 7.200000 177248308657
0.060000 10.500000 7.140000 177248322129
-0.300000 10.380000 7.020000 177248335597
-0.300000 10.320000 7.320000 177248348877
-0.360000 10.440000 7.320000 177248362159
-0.300000 10.500000 7.260000 177248375493
-0.240000 10.440000 7.080000 177248388865
-0.120000 10.200000 7.320000 177248402306
-0.060000 10.260000 7.140000 177248415852
-0.060000 10.500000 7.020000 177248429313
-0.540000 10.500000 7.500000 177248442752
-0.060000 10.620000 7.500000 177248456121
-0.360000 10.200000 7.200000 177248469400
-0.120000 10.559999 7.440000 177248482680
-0.300000 10.260000 7.140000 177248495963
-0.120000 10.440000 7.200000 177248509333
-0.540000 10.620000 7.020000 177248522825
-0.240000 10.200000 7.200000 177248536289
-0.540000 10.500000 7.380000 177248549758
-0.180000 10.500000 7.380000 177248563200
-0.240000 10.320000 7.080000 177248576518
-0.180000 10.260000 7.140000 177248589805
-0.360000 10.320000 7.200000 177248603110
-0.360000 10.320000 7.200000 177248616406
-0.420000 10.260000 6.900000 177248629831
-0.360000 10.200000 7.560000 177248643324
-0.300000 10.620000 7.140000 177248656791
-0.300000 10.200000 7.320000 177248670349
-0.540000 10.620000 7.140000 177248684099
-0.540000 10.260000 7.020000 177248697391
-0.300000 10.260000 7.140000 177248710699
-0.420000 10.020000 7.260000 177248723993
-0.420000 10.020000 7.140000 177248737357
-0.240000 10.200000 7.320000 177248750853
-0.240000 10.080000 7.200000 177248764324
-0.180000 10.260000 7.140000 177248777839
-0.540000 10.139999 7.260000 177248791289
-0.360000 10.320000 7.320000 177248804598
-0.540000 9.900000 7.260000 177248817879
-0.420000 10.260000 6.900000 177248831159
-0.420000 10.139999 7.140000 177248844479
-0.240000 9.960000 6.960000 177248857883
-0.420000 10.500000 7.140000 177248871343
-0.300000 10.020000 7.140000 177248884805
-0.420000 10.139999 6.900000 177248898326
-0.300000 10.020000 7.140000 177248911778
-0.300000 10.020000 7.140000 177248925078
-0.480000 10.080000 7.200000 177248938357
-0.480000 9.840000 6.840000 177248951639
-0.360000 9.960000 7.440000 177248965031
-0.300000 10.020000 7.140000 177248978526
-0.420000 10.500000 7.020000 177248992005
-0.540000 9.780000 6.900000 177249005524
-0.780000 10.260000 6.900000 177249018986
-0.360000 10.200000 7.200000 177249034606
-0.780000 10.139999 7.260000 177249046003
-0.720000 10.320000 6.960000 177249057367
-0.660000 10.260000 7.020000 177249068735
-0.900000 10.139999 7.260000 177249080170
-0.600000 10.200000 7.080000 177249091527
-0.900000 10.380000 7.020000 177249102958
-0.660000 10.380000 7.020000 177249114325
-0.660000 10.139999 7.260000 177249125696
-0.600000 10.320000 7.200000 177249137059
-0.660000 10.380000 7.020000 177249148423
-0.840000 10.080000 7.200000 177249159776
-0.540000 10.260000 7.140000 177249171162
-0.480000 9.960000 6.960000 177249182565
-0.720000 10.559999 7.440000 177249194264
-0.720000 9.960000 7.200000 177249206706
-0.720000 9.960000 6.960000 177249218462
-0.540000 10.139999 7.140000 177249230360
-0.540000 10.260000 7.140000 177249242324
-0.480000 10.080000 6.960000 177249254676
-0.540000 10.380000 7.260000 177249266600
-0.900000 10.380000 7.140000 177249278522
-0.600000 10.200000 7.200000 177249290414
-0.720000 9.960000 6.960000 177249303121
-0.600000 10.320000 6.960000 177249314884
-0.780000 10.020000 7.380000 177249326521
-0.540000 10.139999 7.260000 177249338830
-0.420000 10.260000 7.140000 177249350841
-0.540000 10.139999 7.380000 177249362794
-0.540000 10.260000 6.780000 177249374798
-0.480000 10.320000 7.080000 177249386821
-0.600000 10.200000 7.200000 177249398298
-0.600000 10.200000 7.080000 177249411943
-0.540000 10.020000 7.260000 177249423921
-0.420000 9.900000 7.140000 177249435909
-0.300000 10.139999 7.260000 177249447847
-0.480000 9.840000 7.200000 177249459808
-0.480000 9.960000 7.320000 177249471811
-0.300000 9.780000 6.900000 177249483832
-0.600000 10.320000 7.080000 177249495809
-0.660000 10.260000 7.020000 177249507751
-0.480000 10.320000 7.440000 177249519284
-0.420000 10.020000 7.140000 177249530795
-0.420000 10.139999 7.020000 177249542399
-0.540000 10.260000 6.900000 177249554596
-0.660000 10.260000 7.260000 177249566505
-0.600000 10.320000 7.320000 177249578279
-0.660000 10.020000 7.020000 177249590429
-0.180000 10.139999 6.900000 177249603148
-0.300000 10.020000 7.140000 177249614696
-0.420000 10.020000 6.900000 177249626436
-0.240000 10.200000 6.960000 177249638292
-0.600000 10.200000 6.840000 177249650679
-0.420000 10.139999 6.900000 177249662528
-0.540000 10.139999 6.660000 177249674541
-0.600000 10.320000 6.840000 177249686614
-0.660000 10.139999 7.020000 177249698531
-0.360000 9.960000 6.960000 177249711480
-0.660000 9.900000 7.140000 177249723122
-0.600000 10.320000 6.720000 177249734741
-0.480000 10.320000 7.080000 177249746665
-0.300000 10.380000 6.660000 177249758598
-0.480000 9.960000 7.080000 177249770745
-0.840000 10.320000 6.840000 177249782457
-0.480000 10.080000 6.600000 177249794562
-0.480000 10.200000 7.080000 177249807505
-0.840000 10.080000 7.080000 177249819274
-0.480000 10.320000 6.960000 177249831075
-0.480000 10.080000 6.960000 177249842837
-0.600000 10.440000 6.960000 177249854739
-0.480000 10.200000 7.080000 177249866764
-0.360000 10.559999 7.080000 177249878546
-0.480000 10.080000 7.320000 177249890789
-0.540000 10.380000 6.660000 177249902690
-0.480000 10.320000 7.080000 177249914342
-0.660000 10.500000 7.020000 177249926449
-0.360000 10.200000 7.080000 177249938435
-0.480000 10.200000 6.720000 177249950461
-0.600000 9.960000 6.960000 177249962446
-0.540000 10.020000 7.020000 177249974503
-0.540000 10.260000 6.660000 177249986452
-0.660000 10.139999 6.900000 177249998262
-0.120000 10.200000 6.840000 177250011597
-0.300000 10.260000 6.780000 177250023182
-0.180000 10.139999 6.660000 177250034764
-0.720000 10.320000 6.720000 177250046531
-0.600000 10.320000 6.600000 177250058450
-0.420000 10.620000 6.780000 177250070523
-0.780000 10.139999 6.900000 177250082359
-0.720000 10.200000 6.960000 177250094592
-0.600000 10.200000 6.960000 177250107308
-0.480000 10.320000 6.840000 177250119407
-0.480000 10.320000 7.080000 177250131279
-0.660000 10.380000 6.660000 177250143124
-0.600000 10.200000 6.720000 177250155138
-0.600000 10.080000 6.840000 177250166985
-0.480000 10.320000 6.840000 177250178896
-0.600000 10.200000 6.840000 177250190772
-0.720000 10.320000 6.840000 177250202516
-0.480000 10.320000 6.840000 177250214768
-0.480000 10.440000 7.200000 177250226609
-0.480000 10.200000 6.600000 177250238795
-0.540000 10.260000 6.900000 177250250536
-0.660000 10.260000 6.780000 177250262645
-0.780000 10.500000 6.660000 177250274639
-0.420000 10.500000 6.540000 177250286525
-0.720000 10.320000 6.720000 177250298704
-0.420000 10.500000 6.900000 177250311830
-0.660000 10.139999 6.660000 177250323590
-0.660000 10.380000 6.660000 177250335379
-0.240000 10.320000 6.600000 177250347152
-0.600000 10.080000 6.840000 177250358904
-0.600000 10.200000 6.960000 177250370786
-0.600000 10.200000 6.840000 177250382799
-0.660000 10.620000 7.020000 177250394738
-0.900000 10.260000 6.900000 177250406812
-0.540000 10.380000 6.900000 177250418365
-0.600000 10.559999 6.720000 177250430257
-0.600000 10.679999 6.960000 177250442592
-0.600000 10.440000 6.960000 177250454436
-0.960000 10.559999 6.840000 177250466233
-0.480000 10.440000 7.080000 177250478616
-0.600000 10.559999 7.080000 177250490452
-0.780000 10.139999 6.900000 177250502859
-0.360000 10.200000 6.840000 177250514819
-0.720000 10.679999 7.080000 177250526458
-0.660000 10.500000 7.020000 177250538301
-0.660000 10.139999 6.900000 177250550772
-0.600000 10.200000 7.080000 177250562322
-0.600000 10.559999 7.200000 177250574312
-0.780000 10.500000 6.780000 177250586468
-0.600000 10.440000 7.320000 177250598630
-0.540000 10.380000 6.780000 177250611622
-0.480000 10.559999 6.480000 177250623308
-0.900000 10.139999 7.020000 177250634990
-0.480000 10.800000 6.720000 177250646691
-0.660000 10.139999 6.900000 177250658498
-0.780000 10.500000 6.780000 177250670731
-0.840000 10.320000 6.960000 177250682633
-0.540000 10.620000 6.660000 177250694517
-0.660000 10.620000 6.900000 177250707593
-0.720000 10.080000 6.960000 177250719394
-0.600000 10.679999 6.840000 177250731177
-0.780000 10.740000 7.020000 177250742940
-0.540000 10.620000 6.900000 177250754745
-0.480000 10.440000 7.080000 177250766923
-0.660000 10.139999 7.020000 177250778792
-0.480000 10.440000 6.840000 177250791135
-0.660000 10.500000 6.900000 177250804053
-0.660000 10.380000 6.900000 177250816269
-0.780000 10.380000 6.780000 177250828463
-0.420000 10.380000 6.900000 177250840680
-0.360000 10.559999 6.600000 177250852866
-0.360000 10.200000 6.840000 177250865238
-0.660000 10.380000 7.020000 177250877505
-0.660000 10.139999 6.660000 177250889696
-0.720000 10.320000 6.960000 177250901669
-0.480000 10.440000 6.840000 177250913190
-0.900000 10.740000 7.260000 177250924729
-0.420000 10.740000 7.020000 177250936272
-0.900000 10.500000 6.900000 177250947786
-0.480000 10.679999 6.960000 177250959292
-0.840000 10.679999 6.840000 177250970823
-0.840000 10.440000 6.840000 177250982395
-0.360000 10.559999 6.840000 177250994235
-0.660000 10.740000 7.020000 177251006681
-0.360000 10.559999 6.720000 177251018628
-0.720000 10.559999 6.720000 177251030531
-0.780000 10.380000 7.140000 177251042505
-0.600000 10.440000 6.840000 177251054527
-0.780000 10.380000 6.900000 177251066526
-0.720000 10.559999 6.960000 177251078568
-0.720000 10.320000 6.840000 177251090585
-0.840000 10.559999 6.960000 177251103353
-0.660000 10.380000 6.780000 177251115103
-0.420000 10.620000 6.780000 177251126805
-0.540000 10.260000 6.780000 177251138590
-0.660000 10.260000 6.900000 177251150707
-0.420000 10.380000 7.020000 177251162556
-0.720000 10.200000 6.600000 177251174568
-0.720000 10.080000 7.080000 177251186486
-0.780000 10.380000 6.660000 177251198591
-0.540000 10.620000 7.140000 177251211667
-0.600000 10.440000 6.720000 177251223402
-0.660000 10.139999 6.660000 177251235178
-0.840000 10.440000 6.720000 177251246929
-0.960000 10.200000 6.960000 177251258882
-0.900000 10.380000 7.260000 177251270738
-0.900000 10.380000 6.780000 177251282521
-0.720000 10.440000 6.720000 177251294758
-0.780000 10.620000 6.900000 177251306799
-0.840000 10.559999 6.840000 177251320696
-0.540000 10.380000 6.900000 177251332483
-0.840000 10.320000 6.840000 177251344239
-0.720000 10.320000 6.960000 177251356009
-0.540000 10.500000 7.020000 177251367768
-0.840000 10.679999 6.720000 177251379596
-0.300000 10.139999 6.780000 177251391378
-0.840000 10.679999 6.720000 177251403414
-0.300000 10.740000 6.780000 177251416990
-0.600000 10.679999 7.200000 177251428478
-0.720000 10.080000 6.960000 177251439935
-0.600000 10.800000 6.960000 177251451401
-0.720000 10.440000 7.200000 177251462796
-0.900000 10.380000 7.140000 177251474339
-0.840000 10.559999 6.840000 177251486350
-0.540000 10.139999 6.780000 177251498448
-0.600000 10.559999 6.960000 177251510565
-0.720000 10.200000 6.840000 177251522576
-0.780000 10.500000 7.020000 177251534492
-0.540000 10.500000 7.260000 177251546526
-0.720000 10.440000 6.840000 177251558573
-0.840000 10.559999 6.960000 177251570252
-0.660000 10.740000 6.780000 177251582398
-0.840000 10.559999 6.960000 177251594476
-0.840000 10.559999 6.960000 177251607385
-0.600000 10.080000 6.840000 177251619115
-0.960000 10.320000 6.840000 177251630849
-0.720000 10.559999 6.840000 177251642589
-0.780000 10.500000 6.900000 177251654594
-0.780000 10.740000 7.140000 177251666519
-0.840000 10.440000 6.720000 177251678387
-0.720000 10.320000 7.080000 177251690766
-0.540000 10.620000 6.780000 177251703109
-0.480000 9.960000 6.840000 177251714838
-0.660000 10.260000 6.900000 177251726527
-0.540000 10.380000 6.780000 177251738395
-0.540000 10.260000 6.900000 177251750605
-0.660000 10.380000 6.900000 177251763794
-0.720000 10.559999 6.840000 177251776647
-1.020000 10.740000 7.140000 177251791603
-0.540000 10.139999 6.900000 177251805431
-0.840000 10.320000 6.960000 177251819538
-0.900000 10.260000 6.900000 177251834815
-0.840000 10.320000 6.960000 177251848605
-0.780000 10.500000 6.900000 177251862376
-0.660000 10.260000 7.020000 177251876040
-0.660000 10.260000 6.900000 177251889446
-0.660000 10.260000 6.660000 177251902927
-0.780000 10.380000 6.780000 177251916337
-0.840000 10.320000 7.080000 177251929910
-0.420000 10.260000 6.900000 177251943725
-1.080000 10.440000 7.080000 177251957382
-0.720000 10.320000 6.720000 177251971056
-0.900000 10.260000 6.900000 177251993223
-0.480000 10.320000 6.960000 177252012167
-0.720000 10.559999 7.080000 177252028397
-0.720000 10.440000 6.720000 177252048918
-0.840000 10.440000 6.840000 177252062357
-0.480000 10.320000 6.840000 177252075961
-0.660000 10.260000 6.900000 177252089434
-0.720000 10.559999 6.720000 177252102951
-0.960000 10.320000 6.960000 177252116272
-0.240000 10.320000 6.960000 177252129551
-0.600000 10.320000 6.480000 177252142830
-0.660000 10.380000 6.660000 177252156120
-0.720000 10.559999 6.720000 177252169475
-0.420000 10.500000 6.660000 177252182949
-0.600000 10.200000 6.960000 177252196408
-0.600000 10.559999 6.960000 177252210004
-0.660000 10.500000 6.780000 177252223483
-0.720000 11.040000 6.840000 177252236768
-0.600000 10.679999 6.960000 177252250070
-0.480000 10.440000 6.960000 177252263350
-0.720000 10.440000 6.720000 177252276771
-0.720000 10.440000 6.600000 177252290171
-0.600000 10.679999 6.960000 177252303729
-0.540000 10.380000 6.780000 177252317198
-0.600000 10.679999 6.720000 177252330660
-0.600000 10.800000 6.720000 177252344062
-0.900000 10.500000 6.780000 177252357352
-0.840000 10.679999 6.840000 177252370648
-0.480000 10.559999 6.600000 177252383927
-0.300000 10.500000 6.300000 177252397289
-0.840000 10.440000 6.960000 177252410791
-0.480000 10.320000 6.840000 177252424261
-0.540000 10.380000 6.900000 177252437720
-0.840000 10.320000 6.840000 177252451161
-0.600000 10.320000 6.960000 177252464440
-0.420000 10.260000 6.780000 177252477795
-0.660000 10.500000 6.780000 177252491168
-0.600000 10.559999 6.840000 177252504571
-0.780000 10.620000 6.900000 177252518100
-0.540000 10.500000 6.660000 177252531760
-0.600000 10.440000 6.720000 177252545370
-0.420000 10.620000 6.780000 177252558916
-0.780000 10.139999 6.900000 177252572322
-0.540000 10.500000 7.020000 177252585662
-0.660000 10.380000 6.420000 177252598984
-0.480000 10.320000 6.720000 177252612322
-0.720000 10.440000 6.840000 177252625900
-0.780000 10.260000 6.780000 177252639498
-0.780000 10.260000 6.900000 177252653073
-0.420000 10.500000 6.780000 177252666637
-0.540000 10.380000 6.900000 177252680161
-0.660000 10.380000 7.020000 177252693483
-0.600000 10.440000 6.840000 177252706925
-0.720000 10.080000 6.840000 177252720277
-0.660000 10.620000 6.900000 177252733775
-0.720000 10.440000 6.600000 177252747366
-0.720000 10.320000 6.960000 177252761103
-0.720000 10.440000 6.600000 177252774699
-0.480000 10.320000 6.720000 177252788138
-0.540000 10.260000 6.780000 177252801520
-0.780000 10.380000 7.020000 177252814850
-0.780000 10.500000 6.900000 177252828192
-1.080000 10.440000 6.720000 177252841663
-0.780000 10.139999 6.900000 177252855270
-0.900000 10.380000 6.780000 177252868855
-0.720000 10.200000 6.720000 177252882488
-0.780000 10.139999 6.780000 177252896045
-0.660000 10.380000 6.780000 177252909364
-0.960000 10.080000 6.960000 177252922659
-0.780000 10.500000 6.660000 177252935949
-0.780000 10.260000 6.900000 177252949322
-0.600000 10.679999 6.840000 177252962799
-0.360000 10.320000 6.840000 177252976297
-0.900000 10.620000 6.660000 177252989762
-0.840000 10.440000 6.600000 177253003251
-0.840000 10.320000 6.840000 177253016550
-0.600000 10.440000 6.840000 177253029835
-0.600000 10.320000 6.720000 177253043135
-0.720000 10.679999 6.960000 177253056445
-0.660000 10.380000 6.780000 177253069873
-0.780000 10.620000 6.660000 177253083367
-0.720000 10.440000 6.600000 177253096830
-0.600000 10.080000 7.200000 177253110377
-0.900000 10.380000 6.900000 177253123847
-0.660000 10.380000 6.780000 177253137142
-0.420000 10.500000 6.780000 177253150445
-1.080000 10.440000 6.960000 177253163724
-0.600000 10.080000 6.960000 177253177134
-0.540000 10.500000 6.660000 177253190624
-0.780000 10.380000 6.660000 177253204124
-0.960000 10.320000 6.600000 177253217594
-0.540000 9.900000 6.780000 177253231043
-0.900000 10.500000 6.900000 177253244313
-0.600000 10.320000 6.720000 177253257590
-1.020000 10.500000 6.540000 177253270878
-0.780000 10.500000 6.900000 177253284157
-0.720000 10.440000 7.200000 177253297534
-0.360000 10.440000 6.960000 177253311016
-0.780000 10.139999 6.780000 177253324493
-0.540000 10.139999 6.900000 177253337966
-1.080000 10.679999 6.960000 177253351409
-1.080000 10.200000 6.840000 177253364692
-0.780000 10.500000 7.260000 177253378003
-0.720000 10.440000 6.960000 177253391293
-0.900000 10.380000 6.780000 177253404686
-0.480000 10.440000 7.080000 177253418044
-0.960000 10.440000 6.720000 177253431548
-0.900000 10.139999 6.660000 177253445027
-0.660000 10.260000 6.900000 177253458519
-0.660000 10.380000 6.900000 177253471973
-0.780000 10.380000 6.660000 177253485270
-0.780000 10.260000 6.780000 177253498548
-0.420000 10.139999 6.780000 177253511827
-0.660000 10.380000 6.900000 177253525228
-0.600000 10.200000 7.080000 177253538702
-0.780000 9.900000 6.900000 177253552180
-0.840000 10.320000 6.600000 177253565669
-0.600000 10.559999 6.840000 177253579149
-0.660000 10.139999 7.020000 177253592439
-0.780000 10.260000 6.540000 177253605792
-0.600000 10.200000 7.200000 177253619112
-0.660000 10.380000 6.900000 177253632465
-0.360000 10.559999 6.600000 177253645886
-0.840000 10.320000 6.600000 177253659359
-0.660000 10.139999 6.900000 177253672821
-0.600000 10.200000 6.960000 177253686346
-0.720000 10.679999 6.600000 177253699783
-0.840000 10.200000 6.960000 177253713078
-0.840000 10.080000 6.840000 177253726368
-0.900000 10.260000 6.660000 177253739648
-1.020000 10.380000 6.780000 177253753018
-0.360000 10.440000 6.720000 177253766458
-0.960000 10.440000 6.720000 177253780003
-0.540000 10.380000 6.900000 177253793494
-0.900000 10.500000 7.020000 177253806963
-0.420000 10.260000 6.780000 177253820300
