1.323898 6.060511 7.609962 13431249104
1.274865 6.031090 7.609962 13431274129
1.255251 6.040897 7.678608 13431299080
1.206218 6.021284 7.717835 13431324122
1.235638 5.982057 7.717835 13431349102
1.274865 5.952637 7.727641 13431374125
1.343511 5.952637 7.806095 13431399107
1.392545 5.923217 7.835515 13431424120
1.421964 5.825150 7.874741 13431449123
1.480804 5.589791 7.913968 13431474121
1.735777 4.795453 8.041454 13431499111
1.941717 4.560093 8.002228 13431524118
2.020170 4.197247 7.874741 13431549115
2.167270 3.893241 7.747255 13431574125
3.422521 3.432328 6.639102 13431599119
4.452219 3.373488 5.903604 13431624120
5.413271 3.481361 4.922939 13431649096
6.148770 3.530394 4.344347 13431674122
7.541315 2.539923 3.550008 13431699104
8.316040 2.069203 3.236195 13431724126
9.012313 1.686744 2.647796 13431749099
9.473226 0.872792 1.402351 13431774124
9.502645 0.274586 1.147378 13431799100
9.581099 -0.519753 1.108152 13431824117
9.571292 -1.117958 1.088538 13431849094
9.679165 -2.079010 0.264780 13431874118
9.659552 -2.922382 -0.637432 13431899124
9.669358 -3.834401 -1.216025 13431924133
9.894911 -4.187440 -1.755391 13431949123
9.875298 -4.363960 -3.255808 13431974127
9.924331 -4.785646 -3.471555 13431999128
10.189111 -5.668244 -3.569621 13432024809
10.404857 -6.148770 -2.834122 13432049124
10.434277 -6.541036 -1.343511 13432074106
10.620603 -6.864655 -0.725692 13432099135
10.355824 -7.198082 0.068647 13432124107
9.639938 -7.315762 -1.804424 13432149103
7.335375 -7.786481 -5.275978 13432174108
7.178468 -8.119907 -4.354153 13432199101
7.482475 -7.943388 -4.393380 13432224105
7.276535 -7.315762 -3.814787 13432249099
6.413549 -5.962444 -2.069203 13432274098
5.962444 -5.736891 -1.539644 13432299102
5.295592 -6.021284 -1.647517 13432324111
4.893519 -6.148770 -2.363403 13432349091
3.638267 -7.776674 -3.393101 13432374102
3.687301 -7.060789 -4.187440 13432399105
3.363681 -5.315205 -3.530394 13432424117
4.775839 -8.541594 -1.706357 13432449100
5.883991 -7.913968 -1.441578 13432474116
6.815622 -7.629575 -1.843650 13432499101
7.188275 -5.285785 -4.815066 13432524094
5.776117 -6.286063 -5.658438 13432549104
6.884269 -4.373766 -5.413271 13432574116
6.962722 -4.991585 -4.128600 13432599096
7.600155 -6.648909 -5.344625 13432624093
9.433999 -3.608848 -7.462861 13432649094
8.453333 -6.903882 -3.912854 13432674098
8.012034 -4.560093 -5.168105 13432699119
8.747533 -5.619211 -4.579706 13432724115
8.943666 -3.157742 -7.305955 13432749093
7.933581 -4.256087 -5.226945 13432774110
7.992421 -4.844486 -4.687580 13432799102
7.855128 -4.913132 -4.589513 13432824115
7.943388 -4.824872 -5.589791 13432849099
7.933581 -5.991864 -4.971972 13432874101
7.845321 -5.972251 -4.756226 13432899105
7.708028 -5.874184 -4.314927 13432924096
7.560929 -5.874184 -4.864099 13432949103
7.609962 -5.521145 -5.050425 13432974107
7.708028 -5.432885 -5.177912 13432999076
7.639381 -5.344625 -5.070039 13433024115
7.708028 -4.844486 -5.060232 13433049106
7.394215 -4.589513 -5.266171 13433074113
6.992142 -4.432606 -4.903326 13433099097
7.217695 -4.236474 -5.442691 13433124108
7.374601 -4.501253 -5.325011 13433149096
7.688415 -4.569900 -5.050425 13433174105
7.570735 -4.403186 -5.305398 13433199101
7.600155 -4.540480 -5.158298 13433224104
