-6.180000 -6.540000 -0.180000 13431239477
-6.120000 -6.600000 -0.600000 13431264606
-6.000000 -6.480000 -0.360000 13431289497
-6.000000 -6.600000 -0.840000 13431314670
-6.420000 -6.660000 -0.540000 13431339478
-6.120000 -6.720000 -0.600000 13431364602
-6.360000 -6.600000 -0.720000 13431389475
-6.000000 -6.480000 -0.240000 13431414664
-6.420000 -6.300000 -0.540000 13431439476
-6.180000 -6.540000 -0.540000 13431464599
-6.180000 -6.660000 -0.540000 13431489478
-6.060000 -6.660000 -0.300000 13431514666
-6.360000 -6.240000 -0.600000 13431539481
-6.540000 -5.820000 -0.060000 13431564624
-6.660000 -5.820000 0.060000 13431589480
-6.900000 -5.460000 0.660000 13431614672
-7.020000 -4.860000 1.140000 13431639481
-7.140000 -4.260000 1.500000 13431664614
-6.720000 -3.720000 1.800000 13431689482
-6.720000 -3.120000 2.280000 13431714663
-6.420000 -2.340000 2.580000 13431739478
-5.880000 -1.920000 2.640000 13431764602
-5.700000 -1.500000 2.700000 13431789475
-5.100000 -1.140000 3.060000 13431814480
-4.500000 -0.780000 3.060000 13431839476
-4.020000 -0.420000 3.180000 13431864613
-3.240000 -0.420000 3.240000 13431889476
-2.640000 -0.420000 3.480000 13431914662
-1.800000 0.360000 3.480000 13431939491
-1.380000 0.300000 3.180000 13431964604
-0.840000 0.240000 2.880000 13431989483
-0.660000 0.060000 3.060000 13432014711
-0.420000 0.300000 3.060000 13432039495
-0.420000 0.300000 2.880000 13432064639
0.060000 0.180000 3.060000 13432089498
0.120000 0.240000 2.760000 13432114700
-0.120000 0.600000 2.640000 13432139471
0.060000 0.300000 3.180000 13432164613
0.240000 0.240000 3.120000 13432189474
0.240000 0.120000 3.000000 13432214667
0.060000 0.060000 3.420000 13432239468
0.300000 -0.060000 3.420000 13432264604
0.480000 -0.120000 3.240000 13432289469
0.240000 0.120000 3.360000 13432314656
0.720000 0.120000 3.480000 13432339482
0.660000 0.060000 3.420000 13432364597
0.420000 -0.060000 4.140000 13432389464
0.780000 -0.540000 3.780000 13432421362
0.660000 -0.300000 4.380000 13432439483
0.120000 -0.240000 4.320000 13432464650
0.300000 -0.300000 5.100000 13432489485
0.180000 -0.780000 5.220000 13432514698
0.300000 -0.780000 5.580000 13432539983
0.300000 -0.960000 5.880000 13432564607
-0.600000 -1.320000 6.240000 13432589480
-0.660000 -1.260000 6.300000 13432614670
-0.240000 -0.840000 6.360000 13432639473
-0.900000 -0.900000 6.060000 13432664589
-0.780000 -1.620000 6.540000 13432689467
-0.960000 -1.200000 6.720000 13432714663
-1.080000 -1.320000 6.720000 13432739498
-1.200000 -1.440000 6.840000 13432764599
-1.200000 -1.320000 7.200000 13432789464
-1.020000 -1.500000 7.020000 13432814659
-1.140000 -1.860000 7.260000 13432839470
-1.200000 -2.160000 7.560000 13432864598
-1.320000 -2.520000 7.320000 13432889479
-1.080000 -2.280000 7.320000 13432914665
-0.840000 -2.520000 7.080000 13432939476
-0.720000 -2.880000 6.840000 13432964596
-0.840000 -2.520000 7.200000 13432989466
-0.960000 -2.400000 7.200000 13433014696
-0.660000 -2.460000 6.900000 13433039469
-1.020000 -2.580000 7.020000 13433064605
-0.900000 -2.700000 7.140000 13433089475
-0.900000 -2.580000 7.260000 13433114655
-1.020000 -2.820000 7.260000 13433139468
-1.080000 -2.400000 6.960000 13433164570
-1.080000 -2.520000 7.080000 13433189484
-1.080000 -2.400000 7.320000 13433214662
