7.500000 4.500000 0.540000 16520628121
7.740000 4.740000 0.300000 16520653142
7.500000 4.380000 0.540000 16520678046
7.500000 4.620000 0.780000 16520703219
7.440000 4.680000 0.360000 16520728012
7.440000 4.440000 0.840000 16520753002
7.680000 4.680000 0.360000 16520777986
7.680000 4.440000 0.360000 16520803200
7.800000 4.800000 0.480000 16520828019
7.380000 4.620000 0.420000 16520853000
7.560000 4.800000 0.120000 16520877986
7.560000 4.800000 0.240000 16520903224
7.380000 4.620000 0.540000 16520928003
7.560000 4.680000 0.360000 16520953002
7.560000 4.680000 0.360000 16520977994
7.800000 4.800000 0.240000 16521003231
7.560000 4.680000 0.360000 16521030239
7.500000 5.100000 0.420000 16521053014
7.140000 4.860000 0.660000 16521078000
7.680000 4.920000 0.360000 16521103216
7.380000 4.860000 0.300000 16521128012
7.320000 5.040000 0.240000 16521153002
7.200000 5.400000 0.240000 16521177986
7.320000 5.280000 0.240000 16521203186
6.960000 5.520000 0.240000 16521228001
6.960000 5.520000 0.240000 16521252996
6.840000 5.280000 -0.120000 16521277986
6.720000 5.640000 -0.240000 16521303197
7.080000 5.280000 -0.240000 16521327993
6.960000 5.160000 -0.240000 16521352990
6.780000 5.820000 -0.180000 16521377987
6.840000 5.760000 0.120000 16521403211
6.960000 5.760000 0.120000 16521428005
6.720000 5.760000 -0.360000 16521453021
6.840000 5.760000 -0.120000 16521478024
6.840000 6.120000 -0.120000 16521503209
6.660000 5.940000 -0.060000 16521528006
6.600000 6.480000 -0.360000 16521553031
6.480000 6.480000 -0.240000 16521577975
6.600000 6.480000 -0.240000 16521603372
6.420000 6.420000 -0.060000 16521627980
6.720000 6.840000 -0.600000 16521653003
6.720000 6.720000 -0.120000 16521677974
6.420000 6.900000 0.060000 16521703553
6.600000 7.080000 -0.240000 16521727992
6.540000 7.140000 -0.180000 16521753048
6.360000 7.080000 -0.180000 16521777983
6.420000 7.380000 -0.060000 16521803191
6.420000 7.500000 -0.420000 16521828013
6.420000 7.500000 0.060000 16521853048
6.540000 7.620000 -0.180000 16521877976
6.480000 7.680000 -0.180000 16521903212
6.360000 7.800000 -0.360000 16521928004
6.480000 8.040000 -0.120000 16521953023
6.600000 8.040000 -0.120000 16521977982
6.360000 8.040000 -0.120000 16522003212
6.120000 8.400000 0.120000 16522028001
6.120000 8.520000 0.120000 16522053000
6.540000 8.580000 0.180000 16522077981
6.540000 8.700000 0.300000 16522103228
6.420000 9.059999 -0.060000 16522128008
6.300000 8.820000 0.540000 16522153005
6.240000 9.360000 0.600000 16522177983
6.180000 9.420000 0.180000 16522203193
6.360000 9.480000 0.360000 16522228006
6.480000 9.719999 0.480000 16522253014
6.480000 9.599999 0.480000 16522277989
6.360000 9.960000 0.960000 16522303207
6.240000 10.080000 0.840000 16522328010
6.120000 9.960000 1.080000 16522353007
6.240000 10.320000 0.840000 16522378005
6.600000 10.440000 1.320000 16522403366
6.420000 10.860000 1.500000 16522428015
6.480000 10.679999 1.680000 16522453012
6.660000 10.860000 1.620000 16522477985
6.180000 11.099999 1.620000 16522503906
6.480000 11.160000 1.920000 16522528009
6.360000 11.280000 1.920000 16522552997
6.480000 11.400000 2.160000 16522577991
6.660000 11.340000 2.460000 16522603196
6.360000 11.520000 2.520000 16522628004
6.840000 11.520000 2.760000 16522653023
6.420000 11.219999 2.820000 16522677978
6.900000 11.580000 3.180000 16522703191
6.720000 11.759999 3.360000 16522727994
6.780000 11.820000 3.420000 16522752995
6.900000 11.700000 3.540000 16522777977
7.020000 11.820000 4.140000 16522803232
7.080000 12.000000 3.840000 16522827979
7.020000 11.940000 4.140000 16522852973
7.260000 11.580000 4.260000 16522877971
7.080000 11.759999 4.920000 16522903201
7.020000 11.700000 4.980000 16522927998
7.560000 11.639999 5.040000 16522953008
7.440000 11.759999 5.280000 16522977978
7.680000 11.520000 5.280000 16523003225
7.740000 11.340000 5.580000 16523028029
7.740000 11.460000 5.700000 16523052991
7.800000 11.160000 6.000000 16523077977
7.740000 11.219999 6.420000 16523103222
7.860000 11.340000 6.300000 16523127999
8.040000 11.280000 6.120000 16523152988
7.920000 11.160000 6.360000 16523177983
7.740000 11.099999 6.420000 16523203176
7.800000 11.160000 6.840000 16523227997
8.040000 11.040000 6.600000 16523253012
7.560000 10.920000 6.960000 16523277974
7.800000 11.040000 6.960000 16523303187
7.860000 10.860000 7.260000 16523328022
8.099999 10.740000 7.020000 16523352996
8.099999 10.860000 7.140000 16523378495
7.980000 10.500000 7.140000 16523403201
7.800000 10.679999 7.320000 16523427988
7.860000 10.740000 7.260000 16523452998
7.920000 10.920000 7.320000 16523477970
7.800000 10.800000 7.440000 16523503180
7.680000 10.559999 7.320000 16523527995
7.980000 10.620000 7.020000 16523553003
7.740000 10.260000 7.620000 16523577974
7.740000 10.380000 7.380000 16523603189
7.920000 10.320000 7.800000 16523628012
7.920000 10.440000 7.800000 16523653120
8.040000 10.679999 7.920000 16523677970
7.740000 10.380000 7.740000 16523703207
7.860000 10.380000 7.860000 16523727997
7.680000 10.679999 7.800000 16523752998
7.920000 10.440000 7.680000 16523777971
8.040000 10.320000 7.920000 16523803189
7.920000 10.559999 7.920000 16523827986
8.280000 10.200000 7.920000 16523852999
7.920000 10.200000 8.040000 16523877966
7.860000 10.020000 8.099999 16523903211
8.220000 10.139999 8.220000 16523928010
7.740000 10.139999 8.099999 16523952987
7.920000 9.719999 8.400000 16523977984
8.040000 10.080000 8.160000 16524003244
8.040000 9.840000 8.400000 16524027968
8.099999 9.900000 8.220000 16524053010
8.280000 9.719999 8.040000 16524077994
7.860000 9.540000 8.220000 16524103181
8.400000 9.240000 8.160000 16524127984
8.520000 9.599999 8.160000 16524153022
8.340000 9.179999 8.460000 16524177988
8.280000 9.240000 8.160000 16524203194
8.040000 9.120000 8.040000 16524228018
8.340000 8.820000 8.460000 16524253849
8.280000 8.639999 8.400000 16524277983
8.160000 8.639999 8.639999 16524303201
8.520000 8.639999 8.639999 16524328002
7.980000 8.580000 8.820000 16524352991
8.099999 8.460000 8.820000 16524377989
8.160000 8.400000 9.360000 16524403200
8.040000 8.520000 9.120000 16524428008
7.740000 8.220000 9.059999 16524453015
7.800000 8.160000 9.360000 16524477973
7.740000 8.220000 9.420000 16524503175
7.800000 8.280000 9.840000 16524528016
7.740000 7.740000 9.780000 16524552988
7.740000 7.860000 9.420000 16524577984
7.740000 7.500000 9.900000 16524603177
7.680000 7.560000 9.960000 16524627993
7.620000 7.500000 9.900000 16524652989
7.800000 7.320000 9.599999 16524677983
7.800000 7.440000 9.960000 16524703168
7.740000 7.500000 9.660000 16524727998
7.680000 7.320000 9.719999 16524752977
7.620000 7.620000 9.780000 16524778018
7.560000 7.320000 10.080000 16524803203
7.860000 7.140000 9.540000 16524828002
7.860000 7.020000 9.660000 16524852992
8.040000 7.080000 9.960000 16524877992
7.740000 6.660000 10.020000 16524903192
7.620000 6.780000 10.020000 16524928003
7.920000 6.840000 10.080000 16524952991
7.800000 6.600000 9.960000 16524977994
7.860000 6.660000 10.139999 16525003228
7.500000 6.540000 10.260000 16525028008
7.800000 6.120000 9.719999 16525053015
7.560000 6.240000 10.200000 16525078002
7.680000 6.240000 10.080000 16525103208
7.620000 6.300000 9.900000 16525128845
7.560000 6.000000 10.080000 16525153031
7.320000 6.360000 10.200000 16525178008
7.500000 6.180000 10.260000 16525203236
7.560000 5.880000 10.320000 16525228006
7.620000 6.060000 10.020000 16525253013
7.740000 5.820000 10.139999 16525277995
7.320000 5.520000 10.200000 16525303220
7.320000 5.400000 10.200000 16525328005
7.620000 5.460000 10.020000 16525353003
7.320000 5.040000 10.080000 16525377987
7.680000 5.400000 9.960000 16525406367
7.380000 5.460000 10.020000 16525428015
7.560000 5.280000 9.840000 16525453125
8.099999 4.740000 10.139999 16525477995
7.980000 4.620000 9.780000 16525503339
7.800000 4.680000 9.599999 16525527996
7.800000 4.200000 9.360000 16525553115
8.099999 4.140000 9.900000 16525577990
7.860000 4.020000 9.420000 16525603195
7.620000 3.540000 9.300000 16525627989
7.860000 3.540000 9.059999 16525653004
7.980000 3.420000 8.940000 16525677982
7.440000 3.120000 8.760000 16525703181
7.260000 2.820000 8.580000 16525727993
7.260000 2.940000 8.099999 16525752997
6.780000 2.820000 6.300000 16525777987
6.300000 1.260000 7.500000 16525803223
6.060000 1.500000 7.620000 16525828002
6.360000 1.680000 7.560000 16525852989
7.140000 1.380000 7.020000 16525877989
6.840000 1.440000 6.600000 16525903190
7.080000 1.080000 6.600000 16525927987
6.840000 1.200000 6.240000 16525953016
6.840000 0.960000 5.640000 16525977978
6.720000 1.080000 5.640000 16526004045
6.900000 0.660000 5.100000 16526027993
6.780000 0.900000 4.860000 16526052994
7.080000 0.960000 4.680000 16526077989
7.320000 1.200000 4.440000 16526103203
7.260000 1.020000 4.260000 16526128011
7.320000 1.200000 3.960000 16526153004
7.260000 1.140000 3.900000 16526177986
7.200000 1.200000 3.600000 16526203191
7.560000 1.560000 3.480000 16526227997
7.260000 1.620000 3.180000 16526253017
7.080000 1.560000 3.000000 16526277979
7.260000 1.380000 2.940000 16526303186
7.560000 1.320000 2.880000 16526327999
7.500000 1.740000 2.580000 16526352991
7.680000 1.920000 2.760000 16526377982
7.560000 1.560000 2.640000 16526403229
7.440000 1.800000 2.520000 16526427997
7.500000 1.980000 2.460000 16526452990
7.620000 1.860000 2.580000 16526477985
7.440000 2.160000 2.640000 16526503193
7.380000 2.220000 2.220000 16526528014
7.380000 2.340000 2.340000 16526553011
7.440000 2.280000 2.400000 16526577990
7.500000 2.340000 2.220000 16526603188
7.860000 2.340000 1.980000 16526628001
7.500000 2.220000 2.220000 16526652992
7.680000 2.640000 1.920000 16526677993
7.800000 2.520000 1.800000 16526703220
7.440000 2.400000 2.160000 16526727997
7.680000 2.280000 1.920000 16526752996
7.740000 2.580000 1.980000 16526777976
8.040000 2.640000 1.800000 16526803198
7.920000 2.280000 1.680000 16526828014
7.620000 2.700000 1.860000 16526853003
7.500000 2.580000 1.620000 16526878821
7.440000 2.520000 1.320000 16526903232
7.620000 2.340000 1.620000 16526927988
7.860000 2.940000 1.380000 16526953007
7.860000 2.820000 1.740000 16526977985
7.800000 2.880000 2.040000 16527003244
8.040000 2.760000 1.800000 16527027993
7.560000 3.240000 1.800000 16527052994
7.680000 2.760000 1.440000 16527077987
7.860000 2.940000 1.740000 16527103195
7.860000 2.940000 1.860000 16527127993
7.800000 3.120000 1.560000 16527153019
7.680000 3.000000 1.680000 16527177971
7.980000 2.820000 1.380000 16527203211
7.740000 3.180000 1.380000 16527228003
7.920000 3.120000 1.680000 16527252988
8.040000 3.000000 1.560000 16527277977
8.099999 2.700000 1.380000 16527303204
7.980000 3.060000 1.620000 16527327996
7.980000 2.940000 1.500000 16527353006
7.740000 2.940000 1.740000 16527377973
7.620000 3.060000 1.380000 16527403212
7.800000 3.000000 1.560000 16527427991
7.800000 3.000000 1.800000 16527452999
7.920000 3.120000 1.560000 16527478002
