-0.451106 -0.304006 9.453611 168686125410
-0.490333 -0.343233 9.355545 168686137408
-0.451106 -0.362846 9.355545 168686149411
-0.421686 -0.392266 9.365352 168686161414
-0.411879 -0.362846 9.433999 168686173409
-0.382459 -0.333426 9.433999 168686185411
-0.402073 -0.343233 9.424192 168686197409
-0.421686 -0.372653 9.473226 168686209358
-0.411879 -0.382459 9.473226 168686221372
-0.431493 -0.411879 9.512452 168686233369
-0.470719 -0.392266 9.561485 168686245371
-0.441299 -0.421686 9.492838 168686257370
-0.382459 -0.460913 9.483032 168686269369
-0.402073 -0.431493 9.522259 168686281369
-0.392266 -0.402073 9.522259 168686293371
-0.441299 -0.372653 9.551678 168686305451
-0.480526 -0.372653 9.581099 168686317381
-0.519753 -0.353039 9.561485 168686329382
-0.519753 -0.333426 9.551678 168686341383
-0.490333 -0.382459 9.532065 168686353382
-0.490333 -0.392266 9.483032 168686365383
-0.480526 -0.451106 9.522259 168686377382
-0.480526 -0.372653 9.522259 168686389381
-0.549172 -0.333426 9.522259 168686401382
-0.735499 -0.274586 9.473226 168686413389
-0.715886 -0.274586 9.473226 168686425407
-0.686466 -0.333426 9.414385 168686437405
-0.657046 -0.372653 9.453611 168686449414
-0.598206 -0.343233 9.483032 168686461406
-0.549172 -0.323619 9.522259 168686473406
-0.627626 -0.333426 9.522259 168686485404
-0.686466 -0.254973 9.492838 168686497406
-0.666852 -0.235360 9.512452 168686509411
-0.627626 -0.274586 9.414385 168686521408
-0.509946 -0.274586 9.502645 168686533407
-0.411879 -0.284393 9.541871 168686545406
-0.353039 -0.343233 9.532065 168686557407
-0.333426 -0.333426 9.571292 168686569406
-0.362846 -0.215746 9.492838 168686581406
-0.392266 -0.196133 9.433999 168686593414
-0.421686 -0.196133 9.345738 168686605362
-0.382459 -0.225553 9.326125 168686617370
-0.313813 -0.284393 9.394772 168686629370
-0.117680 -0.284393 9.433999 168686641379
-0.019613 -0.284393 9.443805 168686653371
0.039227 -0.333426 9.463418 168686665369
0.058840 -0.362846 9.473226 168686677371
0.078453 -0.284393 9.483032 168686689369
0.117680 -0.274586 9.483032 168686701374
0.176520 -0.382459 9.463418 168686713378
0.166713 -0.372653 9.551678 168686725389
0.156906 -0.304006 9.610518 168686737388
0.176520 -0.362846 9.669358 168686749387
0.147100 -0.372653 9.698778 168686761387
0.147100 -0.343233 9.767425 168686773387
0.147100 -0.362846 9.718391 168686785387
0.156906 -0.431493 9.639938 168686797388
0.058840 -0.431493 9.718391 168686809397
0.039227 -0.421686 9.757618 168686821417
-0.029420 -0.441299 9.688972 168686833416
-0.078453 -0.431493 9.581099 168686845415
-0.068647 -0.480526 9.473226 168686857417
-0.049033 -0.441299 9.483032 168686869415
-0.078453 -0.362846 9.483032 168686881417
-0.088260 -0.304006 9.463418 168686893417
-0.098067 -0.333426 9.453611 168686905427
-0.009807 -0.372653 9.453611 168686917439
0.029420 -0.431493 9.522259 168686929435
0.068647 -0.402073 9.561485 168686941434
0.049033 -0.382459 9.600712 168686953433
0.029420 -0.382459 9.581099 168686965433
0.019613 -0.362846 9.610518 168686977432
0.009807 -0.392266 9.561485 168686989432
0.039227 -0.392266 9.541871 168687001433
0.039227 -0.411879 9.512452 168687013423
0.049033 -0.343233 9.433999 168687025507
0.029420 -0.343233 9.453611 168687037459
0.029420 -0.333426 9.424192 168687049453
0.039227 -0.343233 9.483032 168687061453
0.029420 -0.313813 9.512452 168687073453
0.029420 -0.353039 9.551678 168687085461
-0.049033 -0.382459 9.522259 168687097458
-0.019613 -0.441299 9.541871 168687109358
-0.009807 -0.392266 9.630132 168687121372
-0.009807 -0.392266 9.630132 168687133370
-0.039227 -0.333426 9.571292 168687145376
-0.147100 -0.313813 9.571292 168687157370
-0.196133 -0.284393 9.581099 168687169369
-0.264780 -0.254973 9.551678 168687181370
-0.323619 -0.284393 9.492838 168687193368
-0.304006 -0.323619 9.532065 168687205484
-0.274586 -0.304006 9.483032 168687217383
-0.333426 -0.304006 9.424192 168687229380
-0.431493 -0.245166 9.365352 168687241383
-0.451106 -0.264780 9.326125 168687253383
-0.490333 -0.264780 9.355545 168687265386
-0.509946 -0.254973 9.384965 168687277391
-0.539366 -0.245166 9.424192 168687289381
-0.617819 -0.294200 9.512452 168687301382
-0.666852 -0.284393 9.541871 168687313401
-0.686466 -0.362846 9.551678 168687325415
-0.715886 -0.372653 9.581099 168687337416
-0.725692 -0.402073 9.620325 168687349415
-0.637432 -0.431493 9.649745 168687361416
-0.676659 -0.431493 9.659552 168687373414
-0.666852 -0.441299 9.698778 168687385415
-0.706079 -0.372653 9.698778 168687397414
-0.696272 -0.372653 9.571292 168687409414
-0.666852 -0.392266 9.512452 168687421435
-0.637432 -0.411879 9.473226 168687433426
-0.608012 -0.431493 9.424192 168687445427
-0.627626 -0.411879 9.483032 168687457424
-0.529559 -0.392266 9.424192 168687469424
-0.568786 -0.353039 9.473226 168687481426
-0.539366 -0.284393 9.590905 168687493461
-0.500139 -0.333426 9.532065 168687505454
-0.470719 -0.411879 9.522259 168687517458
-0.509946 -0.441299 9.512452 168687529455
-0.568786 -0.421686 9.473226 168687541456
-0.617819 -0.353039 9.512452 168687553455
-0.657046 -0.402073 9.522259 168687565457
-0.657046 -0.392266 9.551678 168687577455
-0.637432 -0.362846 9.561485 168687589454
-0.617819 -0.362846 9.590905 168687601455
-0.578592 -0.362846 9.590905 168687613442
-0.617819 -0.353039 9.522259 168687625373
-0.706079 -0.313813 9.463418 168687637369
-0.715886 -0.284393 9.424192 168687649370
-0.666852 -0.294200 9.433999 168687661370
-0.627626 -0.264780 9.404578 168687673369
-0.421686 -0.264780 9.394772 168687685370
-0.392266 -0.235360 9.384965 168687697369
-0.372653 -0.205940 9.375159 168687709391
-0.372653 -0.225553 9.375159 168687721390
-0.333426 -0.196133 9.286899 168687733392
-0.186326 -0.196133 9.433999 168687745386
-0.107873 -0.186326 9.424192 168687757388
-0.078453 -0.156906 9.433999 168687769385
-0.088260 -0.176520 9.384965 168687781388
-0.009807 -0.264780 9.414385 168687793387
-0.029420 -0.294200 9.424192 168687805402
-0.049033 -0.333426 9.433999 168687817417
-0.009807 -0.333426 9.483032 168687829415
0.029420 -0.313813 9.532065 168687841416
0.049033 -0.284393 9.561485 168687853416
0.078453 -0.274586 9.502645 168687865415
0.088260 -0.343233 9.492838 168687877415
0.117680 -0.343233 9.453611 168687889416
0.107873 -0.392266 9.483032 168687901415
0.137293 -0.421686 9.532065 168687913407
0.107873 -0.451106 9.522259 168687925429
0.068647 -0.382459 9.463418 168687937446
0.019613 -0.362846 9.492838 168687949426
-0.009807 -0.392266 9.492838 168687961428
-0.039227 -0.392266 9.551678 168687973424
-0.107873 -0.353039 9.581099 168687985424
-0.127486 -0.382459 9.600712 168687997426
-0.088260 -0.421686 9.600712 168688009360
-0.107873 -0.441299 9.590905 168688021373
-0.215746 -0.402073 9.590905 168688033369
-0.333426 -0.402073 9.581099 168688045370
-0.353039 -0.392266 9.512452 168688057368
-0.215746 -0.431493 9.590905 168688069370
-0.137293 -0.470719 9.600712 168688081369
-0.049033 -0.500139 9.610518 168688093371
-0.049033 -0.500139 9.620325 168688105470
0.009807 -0.500139 9.600712 168688117382
0.009807 -0.392266 9.512452 168688129385
0.019613 -0.382459 9.433999 168688141404
0.058840 -0.382459 9.414385 168688153383
0.117680 -0.353039 9.404578 168688165383
0.117680 -0.402073 9.286899 168688177383
0.137293 -0.402073 9.384965 168688189381
0.166713 -0.402073 9.404578 168688201390
0.147100 -0.362846 9.414385 168688213402
0.039227 -0.313813 9.404578 168688225418
-0.009807 -0.294200 9.384965 168688237415
-0.009807 -0.304006 9.463418 168688249415
-0.029420 -0.362846 9.453611 168688261416
-0.088260 -0.402073 9.433999 168688273415
-0.127486 -0.402073 9.473226 168688285414
-0.274586 -0.353039 9.551678 168688297416
-0.353039 -0.353039 9.630132 168688309429
-0.431493 -0.343233 9.571292 168688321427
-0.431493 -0.323619 9.639938 168688333425
-0.353039 -0.431493 9.659552 168688345424
-0.353039 -0.451106 9.679165 168688357424
-0.333426 -0.372653 9.688972 168688369424
-0.460913 -0.382459 9.610518 168688381426
-0.490333 -0.313813 9.532065 168688393459
-0.578592 -0.264780 9.483032 168688405457
-0.598206 -0.245166 9.502645 168688417460
-0.549172 -0.264780 9.551678 168688429458
-0.578592 -0.333426 9.590905 168688441460
-0.608012 -0.333426 9.590905 168688453455
-0.696272 -0.372653 9.571292 168688465459
-0.696272 -0.353039 9.590905 168688477456
-0.706079 -0.392266 9.522259 168688489455
-0.686466 -0.431493 9.532065 168688501456
-0.676659 -0.460913 9.502645 168688513442
-0.745305 -0.470719 9.463418 168688525457
-0.774725 -0.451106 9.453611 168688537454
-0.755112 -0.411879 9.414385 168688549455
-0.745305 -0.480526 9.414385 168688561463
-0.608012 -0.490333 9.561485 168688573453
-0.578592 -0.460913 9.571292 168688585455
-0.558979 -0.421686 9.512452 168688597456
-0.509946 -0.343233 9.463418 168688609454
-0.441299 -0.392266 9.384965 168688621380
-0.441299 -0.392266 9.345738 168688633371
-0.441299 -0.411879 9.345738 168688645379
-0.411879 -0.411879 9.365352 168688657370
-0.460913 -0.402073 9.433999 168688669369
-0.500139 -0.323619 9.590905 168688681369
-0.470719 -0.353039 9.610518 168688693370
-0.441299 -0.402073 9.610518 168688705499
-0.441299 -0.402073 9.669358 168688717395
-0.431493 -0.460913 9.679165 168688729396
-0.421686 -0.470719 9.630132 168688741395
-0.421686 -0.431493 9.659552 168688753394
-0.441299 -0.441299 9.679165 168688765395
-0.500139 -0.441299 9.679165 168688777396
-0.627626 -0.421686 9.639938 168688789393
-0.686466 -0.441299 9.590905 168688801393
-0.715886 -0.451106 9.551678 168688813416
-0.725692 -0.411879 9.532065 168688825407
-0.774725 -0.431493 9.541871 168688837435
-0.813952 -0.431493 9.541871 168688849433
-0.823759 -0.402073 9.532065 168688861434
-0.833565 -0.372653 9.483032 168688873434
-0.862985 -0.362846 9.394772 168688885433
-0.882599 -0.313813 9.286899 168688897431
-0.853179 -0.254973 9.326125 168688909461
-0.755112 -0.245166 9.345738 168688921458
-0.706079 -0.245166 9.335932 168688933455
-0.598206 -0.235360 9.414385 168688945455
-0.451106 -0.264780 9.424192 168688957456
-0.480526 -0.294200 9.453611 168688969455
-0.451106 -0.313813 9.443805 168688981455
-0.470719 -0.284393 9.512452 168688993456
-0.382459 -0.284393 9.492838 168689005361
-0.245166 -0.294200 9.473226 168689017355
-0.196133 -0.313813 9.522259 168689029355
-0.137293 -0.333426 9.522259 168689041370
-0.107873 -0.304006 9.561485 168689053375
-0.078453 -0.294200 9.532065 168689065369
-0.068647 -0.333426 9.561485 168689077370
-0.058840 -0.284393 9.532065 168689089370
-0.098067 -0.254973 9.532065 168689101370
-0.068647 -0.274586 9.483032 168689113361
-0.009807 -0.313813 9.394772 168689125374
-0.009807 -0.343233 9.424192 168689137373
-0.029420 -0.382459 9.463418 168689149375
-0.078453 -0.353039 9.414385 168689161374
-0.107873 -0.382459 9.492838 168689173372
-0.137293 -0.382459 9.541871 168689185376
-0.078453 -0.402073 9.522259 168689197374
-0.088260 -0.392266 9.541871 168689209398
-0.068647 -0.421686 9.532065 168689221395
0.009807 -0.490333 9.571292 168689233394
0.029420 -0.529559 9.551678 168689245394
0.078453 -0.549172 9.581099 168689257394
0.068647 -0.519753 9.639938 168689269394
0.049033 -0.451106 9.630132 168689281395
0.019613 -0.441299 9.639938 168689293395
0.019613 -0.441299 9.649745 168689305408
-0.009807 -0.441299 9.669358 168689317431
0.058840 -0.451106 9.679165 168689329434
0.147100 -0.431493 9.600712 168689341433
0.127486 -0.411879 9.551678 168689353431
0.058840 -0.411879 9.502645 168689365434
0.039227 -0.372653 9.404578 168689377430
-0.029420 -0.382459 9.384965 168689389442
-0.009807 -0.304006 9.384965 168689401433
-0.009807 -0.294200 9.433999 168689413418
0.049033 -0.313813 9.473226 168689425464
0.058840 -0.372653 9.453611 168689437456
0.029420 -0.411879 9.443805 168689449457
-0.127486 -0.362846 9.453611 168689461458
-0.166713 -0.362846 9.424192 168689473457
-0.176520 -0.343233 9.394772 168689485456
-0.176520 -0.372653 9.433999 168689497455
-0.215746 -0.421686 9.424192 168689509455
-0.225553 -0.421686 9.492838 168689521372
-0.215746 -0.402073 9.443805 168689533370
-0.264780 -0.353039 9.463418 168689545370
-0.294200 -0.323619 9.384965 168689557369
-0.323619 -0.343233 9.316319 168689569369
-0.353039 -0.294200 9.267285 168689581369
-0.362846 -0.304006 9.237865 168689593369
-0.284393 -0.323619 9.247672 168689605451
-0.294200 -0.323619 9.237865 168689617396
-0.323619 -0.362846 9.247672 168689629395
-0.372653 -0.441299 9.335932 168689641408
-0.411879 -0.392266 9.512452 168689653396
-0.431493 -0.392266 9.659552 168689665395
-0.402073 -0.460913 9.777231 168689677396
-0.402073 -0.441299 9.826264 168689689393
-0.343233 -0.402073 9.914525 168689701407
-0.323619 -0.441299 9.904717 168689713425
-0.313813 -0.490333 9.855684 168689725415
-0.421686 -0.421686 9.728198 168689739765
-0.480526 -0.460913 9.630132 168689749423
-0.519753 -0.470719 9.590905 168689761567
-0.578592 -0.411879 9.590905 168689773464
-0.500139 -0.421686 9.473226 168689785453
-0.500139 -0.392266 9.414385 168689797404
-0.519753 -0.343233 9.424192 168689809361
-0.519753 -0.372653 9.384965 168689821356
-0.578592 -0.382459 9.355545 168689833356
-0.598206 -0.460913 9.453611 168689845358
-0.608012 -0.460913 9.443805 168689857355
-0.657046 -0.431493 9.473226 168689869354
-0.608012 -0.460913 9.433999 168689881371
-0.588399 -0.402073 9.433999 168689893371
-0.470719 -0.421686 9.414385 168689905373
-0.480526 -0.421686 9.375159 168689917370
-0.480526 -0.480526 9.345738 168689929367
-0.500139 -0.500139 9.277092 168689941368
-0.568786 -0.441299 9.316319 168689953371
-0.519753 -0.441299 9.335932 168689965365
-0.460913 -0.392266 9.394772 168689977357
-0.411879 -0.402073 9.453611 168689989369
-0.362846 -0.431493 9.453611 168690001374
-0.382459 -0.519753 9.463418 168690013373
-0.402073 -0.490333 9.492838 168690025369
-0.441299 -0.411879 9.473226 168690037377
-0.480526 -0.392266 9.541871 168690049373
-0.637432 -0.382459 9.581099 168690061372
-0.627626 -0.372653 9.639938 168690073373
-0.598206 -0.411879 9.600712 168690085373
-0.578592 -0.490333 9.590905 168690097372
-0.617819 -0.480526 9.630132 168690109382
-0.696272 -0.460913 9.610518 168690121384
-0.745305 -0.402073 9.541871 168690133381
-0.735499 -0.392266 9.532065 168690145392
-0.686466 -0.343233 9.492838 168690157383
-0.598206 -0.372653 9.581099 168690169380
-0.558979 -0.382459 9.581099 168690181382
-0.568786 -0.362846 9.571292 168690193390
-0.558979 -0.343233 9.541871 168690205399
-0.588399 -0.333426 9.541871 168690217383
-0.509946 -0.382459 9.404578 168690229389
-0.441299 -0.323619 9.394772 168690241388
-0.343233 -0.323619 9.414385 168690253388
-0.304006 -0.362846 9.375159 168690265387
-0.294200 -0.343233 9.326125 168690277387
-0.304006 -0.313813 9.365352 168690289386
-0.274586 -0.245166 9.404578 168690301358
-0.254973 -0.235360 9.433999 168690313356
-0.205940 -0.304006 9.424192 168690325373
-0.107873 -0.392266 9.384965 168690337370
-0.078453 -0.411879 9.424192 168690349369
-0.039227 -0.392266 9.522259 168690361369
-0.039227 -0.382459 9.541871 168690373368
-0.019613 -0.411879 9.541871 168690385368
0.088260 -0.421686 9.590905 168690397369
0.088260 -0.372653 9.620325 168690409348
0.068647 -0.392266 9.610518 168690421382
0.078453 -0.411879 9.581099 168690433382
0.039227 -0.421686 9.571292 168690445382
-0.019613 -0.441299 9.541871 168690457380
-0.049033 -0.451106 9.561485 168690469381
-0.098067 -0.421686 9.581099 168690481381
-0.196133 -0.402073 9.610518 168690493382
-0.166713 -0.480526 9.561485 168690505392
-0.156906 -0.480526 9.590905 168690517406
-0.107873 -0.460913 9.571292 168690529403
-0.127486 -0.460913 9.522259 168690541403
-0.176520 -0.431493 9.463418 168690553403
-0.304006 -0.353039 9.433999 168690565405
-0.294200 -0.362846 9.433999 168690577404
-0.264780 -0.343233 9.473226 168690589401
-0.176520 -0.362846 9.492838 168690601404
-0.058840 -0.431493 9.512452 168690613415
-0.127486 -0.441299 9.512452 168690625411
-0.196133 -0.382459 9.433999 168690637413
-0.235360 -0.411879 9.433999 168690649414
-0.254973 -0.431493 9.541871 168690661414
-0.235360 -0.421686 9.639938 168690673455
-0.245166 -0.431493 9.639938 168690685433
-0.225553 -0.470719 9.600712 168690697433
-0.254973 -0.470719 9.502645 168690709413
-0.264780 -0.500139 9.443805 168690721414
-0.147100 -0.529559 9.532065 168690733413
-0.049033 -0.568786 9.512452 168690745413
-0.019613 -0.509946 9.561485 168690757436
0.009807 -0.470719 9.532065 168690769433
0.009807 -0.470719 9.512452 168690781430
-0.009807 -0.451106 9.433999 168690793387
0.039227 -0.421686 9.384965 168690805414
0.098067 -0.441299 9.394772 168690817414
0.147100 -0.382459 9.424192 168690829413
0.205940 -0.411879 9.492838 168690841413
0.186326 -0.441299 9.492838 168690853413
0.147100 -0.421686 9.483032 168690865413
0.068647 -0.402073 9.512452 168690877433
-0.107873 -0.421686 9.512452 168690889434
-0.147100 -0.431493 9.571292 168690901434
-0.166713 -0.500139 9.512452 168690913423
-0.225553 -0.490333 9.522259 168690925435
-0.304006 -0.500139 9.522259 168690937385
-0.402073 -0.480526 9.522259 168690949385
-0.421686 -0.392266 9.590905 168690961436
-0.451106 -0.353039 9.639938 168690973430
-0.411879 -0.372653 9.639938 168690985433
-0.402073 -0.353039 9.630132 168690997385
-0.411879 -0.362846 9.551678 168691009463
-0.451106 -0.392266 9.561485 168691021461
-0.480526 -0.402073 9.522259 168691033458
-0.500139 -0.402073 9.424192 168691045485
-0.578592 -0.392266 9.453611 168691057460
-0.568786 -0.411879 9.492838 168691069459
-0.529559 -0.382459 9.502645 168691081462
-0.500139 -0.421686 9.551678 168691093460
-0.490333 -0.411879 9.541871 168691105363
-0.392266 -0.470719 9.532065 168691117357
-0.402073 -0.490333 9.512452 168691129355
-0.460913 -0.470719 9.502645 168691141372
-0.529559 -0.441299 9.473226 168691153373
-0.608012 -0.441299 9.473226 168691165369
-0.598206 -0.431493 9.492838 168691177368
-0.509946 -0.451106 9.551678 168691189366
-0.451106 -0.460913 9.522259 168691201377
-0.392266 -0.480526 9.532065 168691213369
-0.470719 -0.549172 9.443805 168691225374
-0.558979 -0.500139 9.404578 168691237373
-0.598206 -0.500139 9.384965 168691249371
-0.617819 -0.500139 9.375159 168691261373
-0.549172 -0.421686 9.463418 168691273372
-0.451106 -0.431493 9.453611 168691285372
-0.343233 -0.490333 9.502645 168691297372
-0.264780 -0.441299 9.502645 168691309381
-0.215746 -0.421686 9.453611 168691321399
-0.127486 -0.509946 9.404578 168691333394
-0.098067 -0.451106 9.375159 168691345395
-0.127486 -0.421686 9.433999 168691357394
-0.137293 -0.402073 9.433999 168691369393
-0.117680 -0.411879 9.483032 168691381395
-0.186326 -0.411879 9.522259 168691393395
-0.166713 -0.460913 9.512452 168691405416
-0.127486 -0.500139 9.590905 168691417401
-0.147100 -0.460913 9.600712 168691429418
-0.186326 -0.490333 9.522259 168691441416
-0.254973 -0.470719 9.463418 168691453416
-0.353039 -0.441299 9.483032 168691465414
-0.431493 -0.392266 9.433999 168691477414
-0.451106 -0.392266 9.522259 168691489414
-0.451106 -0.509946 9.649745 168691501416
-0.460913 -0.509946 9.669358 168691513437
-0.519753 -0.500139 9.698778 168691525430
-0.529559 -0.519753 9.698778 168691537431
-0.490333 -0.519753 9.708585 168691549430
-0.500139 -0.539366 9.698778 168691561432
-0.500139 -0.470719 9.688972 168691573429
-0.539366 -0.441299 9.698778 168691585429
-0.617819 -0.480526 9.708585 168691597431
-0.657046 -0.568786 9.561485 168691609355
-0.647239 -0.549172 9.561485 168691621371
-0.647239 -0.529559 9.571292 168691633369
-0.657046 -0.529559 9.551678 168691645374
-0.627626 -0.490333 9.571292 168691657369
-0.617819 -0.431493 9.463418 168691669369
-0.617819 -0.372653 9.404578 168691681369
-0.608012 -0.323619 9.335932 168691693370
-0.558979 -0.313813 9.247672 168691705476
-0.402073 -0.411879 9.159412 168691717383
-0.362846 -0.402073 9.169219 168691729382
-0.353039 -0.343233 9.218252 168691741383
-0.372653 -0.362846 9.169219 168691753382
-0.353039 -0.323619 9.188832 168691765381
-0.205940 -0.323619 9.237865 168691777382
-0.107873 -0.343233 9.267285 168691789379
-0.088260 -0.382459 9.365352 168691801381
-0.029420 -0.431493 9.394772 168691813375
0.029420 -0.372653 9.453611 168691825416
0.039227 -0.392266 9.492838 168691837415
0.039227 -0.382459 9.502645 168691849412
0.019613 -0.362846 9.502645 168691861415
0.029420 -0.402073 9.532065 168691873414
0.019613 -0.402073 9.522259 168691885417
0.019613 -0.372653 9.522259 168691897412
0.009807 -0.402073 9.541871 168691909408
0.049033 -0.411879 9.649745 168691921411
0.039227 -0.441299 9.649745 168691933411
0.019613 -0.411879 9.649745 168691945438
0.019613 -0.441299 9.600712 168691957448
-0.029420 -0.431493 9.610518 168691969434
-0.009807 -0.402073 9.630132 168691981434
0.019613 -0.451106 9.532065 168691993432
0.019613 -0.441299 9.561485 168692005437
0.009807 -0.402073 9.630132 168692017434
-0.009807 -0.441299 9.610518 168692029428
-0.068647 -0.441299 9.610518 168692041430
-0.058840 -0.431493 9.600712 168692053428
-0.049033 -0.460913 9.561485 168692065428
-0.068647 -0.490333 9.561485 168692077429
-0.107873 -0.509946 9.522259 168692089428
-0.235360 -0.431493 9.375159 168692101357
-0.264780 -0.411879 9.296705 168692113355
-0.205940 -0.431493 9.247672 168692125357
-0.166713 -0.460913 9.277092 168692137356
-0.176520 -0.460913 9.296705 168692149374
-0.225553 -0.431493 9.316319 168692161375
-0.284393 -0.431493 9.247672 168692173370
-0.353039 -0.460913 9.267285 168692185371
-0.372653 -0.431493 9.424192 168692197369
-0.362846 -0.382459 9.806651 168692209378
-0.294200 -0.392266 9.796844 168692221374
-0.294200 -0.578592 9.747811 168692233373
-0.225553 -0.578592 9.649745 168692245374
-0.304006 -0.490333 9.708585 168692257373
-0.353039 -0.402073 9.581099 168692269373
-0.294200 -0.441299 9.551678 168692281373
-0.186326 -0.431493 9.532065 168692293372
-0.068647 -0.470719 9.483032 168692305480
-0.009807 -0.490333 9.512452 168692317395
-0.039227 -0.333426 9.522259 168692329395
-0.127486 -0.333426 9.443805 168692341395
-0.156906 -0.333426 9.433999 168692353395
-0.176520 -0.362846 9.532065 168692365396
-0.264780 -0.441299 9.581099 168692377395
-0.264780 -0.411879 9.649745 168692389392
-0.264780 -0.421686 9.610518 168692401396
-0.254973 -0.519753 9.600712 168692413414
-0.284393 -0.539366 9.630132 168692425410
-0.353039 -0.431493 9.551678 168692437434
-0.254973 -0.431493 9.541871 168692449434
-0.215746 -0.441299 9.502645 168692461432
-0.137293 -0.500139 9.571292 168692473436
-0.304006 -0.588399 9.532065 168692485434
-0.205940 -0.568786 9.522259 168692497432
-0.284393 -0.519753 9.522259 168692509434
-0.294200 -0.421686 9.551678 168692521465
-0.274586 -0.421686 9.433999 168692533457
-0.264780 -0.519753 9.355545 168692545458
-0.254973 -0.470719 9.267285 168692557456
-0.254973 -0.480526 9.228059 168692569454
-0.294200 -0.519753 9.188832 168692581456
-0.323619 -0.470719 9.267285 168692593455
-0.294200 -0.372653 9.551678 168692605402
-0.254973 -0.372653 9.600712 168692617428
-0.245166 -0.402073 9.639938 168692629427
-0.205940 -0.490333 9.590905 168692641484
-0.196133 -0.451106 9.502645 168692653456
-0.284393 -0.451106 9.492838 168692665456
-0.323619 -0.460913 9.443805 168692677454
-0.323619 -0.382459 9.561485 168692689456
-0.284393 -0.421686 9.610518 168692701465
-0.294200 -0.490333 9.414385 168692713443
