5.792500 -10.062500 -6.177500 168686130575
5.180000 -9.922500 -5.530000 168686142602
4.497500 -8.645000 -4.550000 168686154591
3.692500 -7.525000 -4.357500 168686166576
3.307500 -7.332500 -4.585000 168686178592
3.255000 -8.085000 -4.042500 168686190575
3.167500 -9.012500 -3.762500 168686202520
2.590000 -8.365000 -3.832500 168686214518
2.397500 -7.297500 -3.342500 168686226487
1.715000 -5.477500 -3.045000 168686238490
1.995000 -4.795000 -2.660000 168686250487
2.695000 -5.232500 -1.802500 168686262486
3.010000 -4.270000 -1.242500 168686274488
3.412500 -4.025000 -1.767500 168686286485
4.112500 -4.917500 -1.680000 168686298489
3.727500 -5.425000 -1.260000 168686310502
2.992500 -6.142500 -1.120000 168686322499
2.520000 -6.300000 -0.315000 168686334500
2.800000 -5.967500 1.085000 168686346498
3.395000 -5.337500 2.292500 168686358503
3.937500 -3.885000 2.765000 168686370500
4.130000 -3.885000 2.625000 168686382499
4.252500 -5.057500 2.782500 168686394501
3.517500 -5.740000 3.605000 168686406523
3.010000 -5.250000 4.532500 168686418525
2.992500 -4.042500 6.230000 168686430526
3.097500 -2.100000 8.085000 168686442524
3.605000 -0.630000 8.977500 168686454524
4.340000 -1.522500 8.627500 168686466523
3.640000 -4.235000 8.260000 168686478525
3.727500 -6.475000 8.102500 168686490523
3.762500 -7.105000 9.065000 168686502550
3.972500 -6.265000 10.342500 168686514590
3.517500 -5.022500 11.620000 168686526574
3.447500 -2.730000 12.390000 168686538589
2.730000 -1.575000 12.792500 168686550581
3.657500 -2.047500 12.722500 168686562590
3.360000 -3.412500 12.145000 168686574589
2.835000 -4.532500 11.340000 168686586574
2.432500 -4.550000 11.672500 168686598591
1.592500 -3.045000 12.145000 168686610504
2.065000 -1.225000 13.265000 168686622486
2.712500 1.715000 13.685000 168686634487
3.045000 0.192500 12.967500 168686646490
2.817500 -2.572500 12.197500 168686658488
2.205000 -4.847500 10.867500 168686670486
1.470000 -6.177500 9.240000 168686682487
1.592500 -7.577500 7.770000 168686694488
1.680000 -8.382500 7.437500 168686706507
1.155000 -7.875000 7.017500 168686718509
0.647500 -4.427500 4.830000 168686730507
0.262500 -3.062500 4.830000 168686742507
0.367500 -2.257500 4.672500 168686754507
1.312500 -2.205000 3.745000 168686766506
2.292500 -3.167500 3.377500 168686778506
2.607500 -5.197500 3.255000 168686790506
2.292500 -5.810000 2.782500 168686802534
2.012500 -4.287500 -0.315000 168686814573
3.150000 -5.250000 -0.980000 168686826538
4.497500 -6.387500 -0.997500 168686838537
5.810000 -6.562500 -1.295000 168686850536
6.370000 -6.142500 -1.330000 168686862535
5.565000 -5.600000 -1.190000 168686874536
4.987500 -5.810000 -1.907500 168686886535
4.095000 -7.945000 -1.767500 168686898536
2.345000 -6.755000 -1.435000 168686910660
2.240000 -5.425000 -1.732500 168686922643
2.537500 -4.235000 -2.100000 168686934625
2.625000 -5.442500 -3.272500 168686946624
1.925000 -7.192500 -4.567500 168686958554
2.152500 -7.420000 -5.057500 168686970624
2.152500 -5.897500 -5.285000 168686982623
3.692500 -5.302500 -5.460000 168686994620
4.532500 -5.477500 -6.317500 168687006620
5.250000 -6.877500 -7.595000 168687018657
4.497500 -8.470000 -8.382500 168687030614
3.377500 -8.960000 -8.610000 168687042661
2.380000 -8.592500 -8.960000 168687054657
2.065000 -7.980000 -9.257500 168687066642
1.907500 -6.685000 -10.482500 168687078660
2.975000 -7.332500 -10.587500 168687090651
3.062500 -7.507500 -11.042500 168687102518
3.150000 -6.510000 -11.340000 168687114515
3.115000 -6.125000 -12.022500 168687126487
3.430000 -6.667500 -12.705000 168687138488
3.605000 -8.260000 -13.737500 168687150489
4.130000 -9.502500 -15.050000 168687162485
4.340000 -9.275000 -14.507500 168687174488
4.147500 -8.470000 -13.772500 168687186487
4.462500 -7.175000 -13.737500 168687198488
5.512500 -6.055000 -13.790000 168687210506
5.950000 -6.230000 -13.702500 168687222503
5.705000 -7.017500 -13.755000 168687234501
4.900000 -7.542500 -13.685000 168687246500
4.217500 -7.717500 -12.740000 168687258500
3.675000 -8.505000 -12.232500 168687270500
3.342500 -8.855000 -11.847500 168687282498
2.345000 -8.627500 -11.200000 168687294500
1.487500 -8.942500 -10.937500 168687306534
1.435000 -8.785000 -10.202500 168687318537
1.890000 -6.352500 -7.577500 168687330536
2.887500 -5.250000 -6.545000 168687342536
3.342500 -4.987500 -5.670000 168687354536
3.587500 -5.127500 -5.390000 168687366599
3.552500 -6.090000 -5.215000 168687378537
3.605000 -7.682500 -5.110000 168687390533
3.745000 -8.697500 -4.690000 168687402599
4.375000 -8.715000 -4.007500 168687414537
4.987500 -4.970000 -1.767500 168687426602
6.370000 -4.830000 -0.647500 168687438618
5.775000 -5.005000 -0.140000 168687450602
4.410000 -5.390000 0.507500 168687462617
2.852500 -5.810000 1.225000 168687474617
1.855000 -4.847500 1.785000 168687486602
1.977500 -3.762500 2.047500 168687498660
3.290000 -4.270000 2.747500 168687510629
4.777500 -5.232500 2.852500 168687522659
5.005000 -6.702500 3.150000 168687534659
4.392500 -7.210000 3.500000 168687546657
3.937500 -6.580000 4.305000 168687558577
3.797500 -5.565000 5.442500 168687570660
4.322500 -4.322500 6.667500 168687582656
3.920000 -2.292500 7.332500 168687594656
4.357500 -2.765000 7.945000 168687606656
4.725000 -4.480000 7.857500 168687618508
5.092500 -5.652500 7.840000 168687630487
5.127500 -5.775000 8.575000 168687642497
4.882500 -5.057500 9.327500 168687654487
4.322500 -3.587500 10.675000 168687666487
4.007500 -2.975000 12.600000 168687678487
4.060000 -1.417500 12.320000 168687690486
4.375000 -1.645000 11.847500 168687702506
4.462500 -3.045000 11.672500 168687714509
4.270000 -4.480000 12.022500 168687726506
3.045000 -5.320000 12.442500 168687738507
1.872500 -5.617500 12.407500 168687750506
0.822500 -5.775000 11.952500 168687762506
0.472500 -5.285000 10.325000 168687774506
2.327500 -4.130000 9.800000 168687786505
3.027500 -2.432500 9.502500 168687798506
3.080000 -1.732500 9.362500 168687810558
2.905000 -2.607500 8.767500 168687822602
2.257500 -3.535000 8.312500 168687834536
1.120000 -4.357500 7.840000 168687846535
0.945000 -5.740000 6.037500 168687858536
2.537500 -6.090000 5.040000 168687870534
2.957500 -6.545000 4.812500 168687882536
3.255000 -5.757500 3.745000 168687894536
3.552500 -5.425000 2.747500 168687906598
3.727500 -5.617500 1.977500 168687918574
3.500000 -6.055000 1.312500 168687930656
2.747500 -5.880000 1.137500 168687942624
1.645000 -4.637500 1.015000 168687954621
1.365000 -2.765000 0.367500 168687966601
1.540000 -1.907500 -0.175000 168687978616
1.452500 -3.027500 -0.420000 168687990599
1.155000 -4.235000 -0.490000 168688002516
0.647500 -5.460000 -0.700000 168688014517
0.857500 -8.015000 -2.520000 168688026488
1.312500 -8.050000 -2.922500 168688038487
2.625000 -7.822500 -2.537500 168688050486
2.800000 -5.897500 -1.190000 168688062485
3.010000 -3.185000 -0.787500 168688074485
3.517500 -1.645000 -0.420000 168688086486
4.497500 -2.572500 -0.770000 168688098488
5.407500 -5.057500 -2.292500 168688110503
5.075000 -8.102500 -4.497500 168688122656
3.325000 -7.822500 -4.830000 168688134501
3.027500 -6.650000 -5.127500 168688146503
3.920000 -4.760000 -5.355000 168688158502
4.147500 -2.887500 -5.617500 168688170499
4.865000 -2.345000 -6.142500 168688182498
5.775000 -3.132500 -7.402500 168688194501
5.215000 -6.142500 -9.572500 168688206547
2.485000 -7.595000 -10.797500 168688218576
1.680000 -8.732500 -11.707500 168688230535
1.277500 -9.065000 -11.882500 168688242537
1.032500 -8.137500 -11.375000 168688254536
1.242500 -7.262500 -11.287500 168688266535
1.977500 -5.722500 -12.232500 168688278599
2.380000 -7.385000 -13.930000 168688290536
0.770000 -9.082500 -13.650000 168688302575
0.070000 -8.540000 -13.352500 168688314618
0.105000 -6.177500 -12.425000 168688326601
1.417500 -3.360000 -11.672500 168688338618
3.045000 -2.467500 -11.427500 168688350600
4.147500 -2.940000 -11.707500 168688362617
5.162500 -5.285000 -14.000000 168688374616
5.425000 -10.360000 -14.297500 168688386600
4.935000 -10.290000 -13.965000 168688398658
4.445000 -8.942500 -13.020000 168688410646
4.252500 -7.052500 -12.407500 168688422576
4.445000 -5.040000 -11.567500 168688434657
4.865000 -4.217500 -10.815000 168688446660
4.830000 -4.637500 -10.202500 168688458578
4.515000 -6.790000 -8.662500 168688470574
4.060000 -7.700000 -7.840000 168688482657
3.797500 -7.437500 -6.930000 168688494656
3.937500 -6.982500 -6.562500 168688506655
4.392500 -7.035000 -6.475000 168688518657
4.392500 -6.580000 -6.142500 168688530656
4.637500 -6.142500 -5.687500 168688542576
4.042500 -5.845000 -2.765000 168688554655
3.080000 -4.847500 -1.627500 168688566658
3.377500 -4.392500 -1.330000 168688578657
3.832500 -4.707500 -1.085000 168688590657
4.007500 -5.285000 -1.260000 168688602657
4.847500 -4.830000 -1.592500 168688614577
5.687500 -4.550000 -1.137500 168688626490
6.265000 -4.042500 -0.682500 168688638487
4.532500 -5.425000 -0.490000 168688650487
2.502500 -6.877500 -0.122500 168688662486
0.665000 -7.070000 0.035000 168688674488
-0.420000 -5.985000 0.612500 168688686486
0.052500 -4.620000 0.962500 168688698487
1.277500 -3.132500 1.085000 168688710517
2.292500 -2.450000 1.050000 168688722515
3.325000 -6.772500 0.507500 168688734514
3.972500 -7.262500 0.630000 168688746512
3.727500 -6.020000 0.350000 168688758515
4.007500 -5.495000 0.210000 168688770514
4.637500 -5.617500 0.717500 168688782513
5.495000 -6.300000 1.032500 168688794513
5.740000 -6.335000 1.592500 168688806550
6.300000 -2.677500 3.430000 168688818592
6.755000 -1.225000 4.445000 168688830575
6.475000 -1.540000 5.460000 168688842551
6.107500 -3.920000 6.002500 168688854553
5.582500 -6.055000 6.527500 168688866627
5.670000 -6.702500 6.842500 168688878551
6.090000 -6.352500 7.420000 168688890622
6.387500 -5.250000 9.187500 168688902611
4.340000 -4.917500 10.797500 168688914663
2.432500 -4.200000 12.057500 168688926645
1.995000 -3.465000 12.512500 168688938662
2.450000 -3.395000 12.827500 168688950642
2.520000 -4.200000 12.722500 168688962661
3.132500 -5.197500 12.810000 168688974661
3.395000 -6.142500 11.987500 168688986642
2.205000 -6.195000 12.110000 168688998661
2.152500 -6.282500 12.180000 168689010502
1.925000 -6.177500 12.477500 168689022514
2.292500 -5.460000 12.652500 168689034519
2.520000 -4.445000 12.320000 168689046505
2.975000 -3.675000 11.252500 168689058488
3.552500 -4.305000 10.325000 168689070486
3.045000 -6.300000 9.065000 168689082486
3.027500 -7.367500 8.435000 168689094486
3.097500 -7.507500 8.470000 168689106490
3.185000 -6.597500 8.382500 168689118492
3.150000 -5.267500 7.665000 168689130489
3.482500 -4.497500 6.877500 168689142502
2.922500 -4.795000 6.055000 168689154491
2.257500 -6.982500 5.827500 168689166491
0.752500 -7.175000 5.792500 168689178491
0.035000 -7.280000 5.460000 168689190490
0.087500 -6.737500 4.830000 168689202514
1.190000 -5.495000 3.990000 168689214515
1.680000 -4.795000 3.290000 168689226513
2.450000 -4.830000 2.992500 168689238515
2.957500 -6.772500 1.575000 168689250514
2.345000 -8.242500 0.507500 168689262513
1.277500 -8.242500 -0.682500 168689274513
0.945000 -7.542500 -1.435000 168689286513
1.557500 -6.475000 -1.610000 168689298514
2.835000 -4.900000 -1.907500 168689310578
3.220000 -3.675000 -1.872500 168689322553
4.217500 -5.162500 -2.695000 168689334622
5.180000 -5.687500 -4.445000 168689346621
5.652500 -6.842500 -5.897500 168689358551
5.565000 -8.137500 -6.300000 168689370624
5.302500 -8.330000 -6.650000 168689382552
4.742500 -7.945000 -6.702500 168689394552
3.657500 -6.300000 -7.122500 168689406636
2.905000 -5.355000 -6.895000 168689418610
2.957500 -7.035000 -8.872500 168689430662
3.937500 -9.957500 -10.097500 168689442659
3.377500 -11.865000 -11.112500 168689454657
2.660000 -12.792500 -11.585000 168689466577
2.100000 -11.690000 -11.480000 168689478658
2.852500 -9.152500 -11.147500 168689490674
3.307500 -6.772500 -10.622500 168689502659
3.920000 -6.405000 -11.077500 168689514632
3.657500 -7.560000 -11.532500 168689526487
2.467500 -8.995000 -11.777500 168689538486
1.890000 -9.572500 -12.267500 168689550485
2.905000 -8.995000 -12.337500 168689562486
4.077500 -7.857500 -12.687500 168689574486
4.410000 -7.420000 -12.880000 168689586486
4.637500 -7.420000 -12.355000 168689598487
3.097500 -8.277500 -12.232500 168689610515
1.715000 -9.152500 -12.180000 168689622516
0.175000 -8.732500 -12.197500 168689634515
-1.137500 -9.047500 -12.670000 168689646573
-1.977500 -9.590000 -12.442500 168689658514
-2.432500 -9.992500 -11.777500 168689670513
-2.502500 -7.857500 -9.957500 168689682512
-0.245000 -5.407500 -9.922500 168689694514
1.680000 -4.182500 -9.975000 168689706560
4.130000 -4.287500 -10.290000 168689718615
5.285000 -4.725000 -11.077500 168689730590
5.635000 -5.915000 -11.357500 168689742628
6.230000 -6.965000 -10.780000 168689754570
6.142500 -6.212500 -10.237500 168689766569
6.055000 -4.480000 -8.802500 168689778597
5.792500 -4.795000 -8.015000 168689790581
5.967500 -5.127500 -7.997500 168689802520
6.492500 -5.670000 -7.822500 168689814517
6.755000 -6.370000 -7.070000 168689826502
6.370000 -6.125000 -6.090000 168689838518
5.862500 -5.740000 -5.215000 168689850500
5.232500 -6.370000 -3.780000 168689862515
4.690000 -5.792500 -3.220000 168689874513
5.022500 -5.110000 -2.800000 168689886487
5.460000 -4.165000 -1.697500 168689898488
4.742500 -4.305000 -1.785000 168689910486
4.707500 -5.495000 -2.030000 168689922486
5.880000 -6.405000 -1.627500 168689934488
5.530000 -5.372500 -1.365000 168689946486
3.482500 -4.567500 -0.437500 168689958488
2.660000 -4.165000 0.595000 168689970506
1.750000 -3.412500 1.085000 168689982547
1.487500 -3.675000 1.435000 168689994534
1.645000 -4.165000 1.575000 168690006518
2.170000 -4.725000 1.225000 168690018538
2.887500 -4.795000 0.035000 168690030525
2.152500 -5.617500 0.647500 168690042492
1.802500 -5.740000 1.522500 168690054491
1.645000 -5.145000 2.257500 168690066490
2.170000 -5.040000 3.167500 168690078492
2.450000 -3.955000 3.920000 168690090490
3.080000 -3.762500 3.920000 168690102499
3.780000 -4.865000 3.780000 168690114500
4.707500 -7.227500 4.602500 168690126499
4.812500 -6.247500 5.670000 168690138500
5.092500 -4.375000 7.000000 168690150503
5.127500 -2.292500 8.190000 168690162502
4.812500 -2.240000 9.012500 168690174501
4.042500 -3.010000 9.450000 168690186515
3.552500 -4.445000 9.625000 168690198567
3.815000 -6.212500 9.590000 168690210699
4.602500 -5.810000 10.150000 168690222592
5.337500 -5.162500 10.867500 168690234560
5.390000 -3.885000 11.095000 168690246547
5.162500 -3.167500 11.077500 168690258558
4.830000 -3.850000 11.585000 168690270545
3.867500 -4.130000 11.235000 168690282560
3.062500 -5.915000 10.535000 168690294559
1.785000 -6.492500 10.377500 168690306501
1.487500 -6.772500 10.727500 168690318516
2.170000 -5.792500 10.447500 168690330486
3.307500 -4.025000 10.010000 168690342486
3.272500 -3.097500 9.310000 168690354487
3.430000 -4.095000 8.610000 168690366485
2.030000 -7.192500 8.452500 168690378487
-0.140000 -6.825000 7.577500 168690390485
0.035000 -5.897500 6.440000 168690402499
1.102500 -5.512500 5.250000 168690414500
2.450000 -5.005000 4.532500 168690426500
3.482500 -4.130000 4.165000 168690438500
3.692500 -3.990000 3.360000 168690450498
3.797500 -4.637500 2.590000 168690462499
2.870000 -5.810000 2.572500 168690474500
1.645000 -5.565000 2.870000 168690486499
1.015000 -4.690000 2.922500 168690498500
1.435000 -4.427500 3.430000 168690510546
2.222500 -3.797500 2.817500 168690522523
3.517500 -4.427500 1.540000 168690534524
4.340000 -7.087500 0.735000 168690546523
4.462500 -10.080000 0.122500 168690558583
2.432500 -8.837500 0.420000 168690570523
2.485000 -6.947500 1.172500 168690582522
2.310000 -5.162500 1.452500 168690594524
3.045000 -4.935000 1.470000 168690606553
3.640000 -5.390000 0.735000 168690618596
3.570000 -6.195000 -0.962500 168690630577
2.975000 -9.257500 -1.715000 168690642608
0.945000 -7.507500 -1.242500 168690654597
1.487500 -4.882500 -0.770000 168690666578
1.977500 -4.165000 -0.490000 168690678626
2.695000 -4.462500 -0.385000 168690690628
3.202500 -4.585000 -0.332500 168690702559
3.412500 -4.252500 -0.595000 168690714594
3.937500 -2.765000 -0.297500 168690726579
4.025000 -3.535000 -0.420000 168690738596
3.465000 -5.582500 -1.435000 168690750579
3.482500 -7.752500 -3.045000 168690762625
3.010000 -9.695000 -4.252500 168690774626
2.940000 -9.835000 -4.987500 168690786553
3.395000 -8.365000 -5.337500 168690798557
4.112500 -6.177500 -5.617500 168690810578
4.462500 -4.812500 -6.265000 168690822594
3.290000 -5.005000 -7.455000 168690834595
2.240000 -5.302500 -8.767500 168690846578
2.012500 -6.352500 -10.062500 168690858593
2.642500 -6.965000 -11.637500 168690870579
3.062500 -7.315000 -12.232500 168690882553
2.800000 -7.542500 -12.652500 168690894625
2.205000 -6.895000 -12.512500 168690906625
3.482500 -6.370000 -13.317500 168690918625
4.042500 -6.125000 -13.422500 168690930554
4.147500 -6.947500 -13.510000 168690942553
3.342500 -7.770000 -13.265000 168690954554
1.977500 -7.945000 -12.810000 168690966628
1.207500 -7.630000 -11.952500 168690978624
1.365000 -6.685000 -11.445000 168690990552
3.675000 -6.405000 -11.567500 168691002610
4.375000 -6.387500 -12.110000 168691014665
5.250000 -6.720000 -12.320000 168691026645
5.337500 -7.910000 -11.690000 168691038673
4.900000 -9.397500 -11.252500 168691050654
3.867500 -9.292500 -10.465000 168691062663
2.905000 -6.195000 -9.450000 168691074662
2.870000 -5.127500 -8.872500 168691086645
3.657500 -5.355000 -8.260000 168691098664
4.427500 -6.632500 -7.840000 168691110505
4.935000 -7.507500 -7.787500 168691122515
4.847500 -7.945000 -8.172500 168691134514
3.832500 -7.927500 -8.242500 168691146514
3.937500 -7.945000 -7.857500 168691158490
3.692500 -5.355000 -5.740000 168691170488
2.502500 -3.990000 -4.532500 168691182487
2.467500 -3.482500 -3.447500 168691194487
3.202500 -3.972500 -3.430000 168691206494
4.497500 -5.145000 -3.587500 168691218492
5.337500 -6.615000 -4.060000 168691230490
4.952500 -7.420000 -3.902500 168691242491
3.517500 -7.035000 -1.872500 168691254492
2.310000 -5.862500 -1.050000 168691266489
2.135000 -4.900000 -0.175000 168691278492
2.660000 -4.690000 0.262500 168691290489
3.045000 -3.920000 0.157500 168691302513
3.727500 -4.655000 -0.490000 168691314548
4.987500 -6.422500 -1.680000 168691326512
5.232500 -8.610000 -2.642500 168691338513
3.447500 -8.942500 -2.712500 168691350513
1.907500 -8.120000 -2.572500 168691362514
1.540000 -6.842500 -2.362500 168691374514
1.645000 -5.092500 -2.695000 168691386513
2.012500 -4.200000 -2.572500 168691398515
1.995000 -4.130000 -2.135000 168691410577
2.432500 -4.410000 -2.940000 168691422574
4.112500 -6.527500 -3.710000 168691434536
4.497500 -8.785000 -4.375000 168691446535
4.375000 -9.747500 -4.742500 168691458597
4.322500 -8.732500 -4.742500 168691470535
4.095000 -8.365000 -3.780000 168691482535
3.517500 -7.875000 -1.855000 168691494599
2.817500 -6.860000 -0.525000 168691506593
2.345000 -5.985000 -0.105000 168691518623
3.115000 -6.650000 0.927500 168691530605
2.555000 -6.965000 2.100000 168691542619
2.135000 -6.580000 2.590000 168691554621
1.872500 -7.140000 2.817500 168691566602
2.275000 -7.770000 3.010000 168691578619
3.220000 -7.962500 3.412500 168691590602
4.112500 -6.825000 5.477500 168691602515
5.775000 -4.847500 6.107500 168691614514
6.142500 -3.500000 6.615000 168691626487
6.422500 -4.270000 7.455000 168691638488
6.142500 -5.267500 8.365000 168691650489
6.142500 -6.562500 8.925000 168691662488
5.932500 -7.000000 9.520000 168691674487
6.335000 -4.427500 10.622500 168691686486
7.805000 -3.885000 11.095000 168691698487
7.735000 -4.060000 12.057500 168691710505
7.402500 -5.040000 12.442500 168691722504
6.615000 -6.177500 11.917500 168691734503
5.477500 -6.965000 11.182500 168691746499
3.797500 -7.455000 11.480000 168691758502
2.415000 -7.017500 12.547500 168691770499
1.592500 -3.447500 12.810000 168691782500
2.065000 -3.342500 12.337500 168691794502
1.837500 -4.637500 11.812500 168691806534
0.945000 -5.600000 10.990000 168691818538
0.735000 -5.897500 9.712500 168691830597
0.175000 -6.107500 8.977500 168691842598
0.647500 -6.230000 8.242500 168691854537
0.927500 -5.267500 7.140000 168691866599
0.892500 -3.657500 6.825000 168691878537
1.330000 -2.695000 6.615000 168691890600
1.452500 -2.502500 6.492500 168691902551
0.682500 -3.027500 6.282500 168691914592
0.297500 -4.042500 5.635000 168691926574
0.927500 -4.812500 4.725000 168691938590
1.872500 -5.215000 3.447500 168691950624
2.730000 -5.880000 2.835000 168691962555
3.080000 -5.932500 2.485000 168691974556
3.517500 -5.740000 2.257500 168691986625
3.482500 -4.935000 1.977500 168691998554
3.517500 -4.042500 1.347500 168692010737
3.080000 -4.445000 1.050000 168692022617
2.975000 -6.160000 -0.210000 168692034617
2.502500 -6.632500 -0.455000 168692046603
3.062500 -6.667500 -0.787500 168692058617
3.745000 -6.632500 -0.945000 168692070601
4.550000 -6.790000 -1.592500 168692082616
5.372500 -7.525000 -2.520000 168692094616
5.372500 -8.330000 -2.800000 168692106508
4.095000 -8.032500 -1.802500 168692118516
3.027500 -6.370000 -1.522500 168692130505
2.187500 -5.302500 -1.225000 168692142527
2.187500 -6.317500 -1.925000 168692154489
1.960000 -7.805000 -2.450000 168692166487
1.400000 -8.365000 -2.887500 168692178488
0.910000 -7.857500 -2.012500 168692190486
-0.332500 -6.562500 -1.207500 168692202493
-1.260000 -4.725000 -0.682500 168692214492
4.620000 -4.445000 -1.190000 168692226492
6.580000 -6.107500 -1.557500 168692238493
6.107500 -8.540000 -2.642500 168692250489
4.532500 -10.605000 -2.922500 168692262490
3.412500 -11.305000 -1.820000 168692274491
2.415000 -8.872500 -0.157500 168692286489
2.677500 -2.117500 1.557500 168692298491
3.937500 -2.782500 1.067500 168692310516
3.500000 -4.637500 0.070000 168692322514
2.922500 -6.125000 -0.647500 168692334515
2.870000 -7.262500 -0.350000 168692346523
2.992500 -7.175000 -0.297500 168692358514
3.640000 -6.335000 -0.700000 168692370513
4.007500 -8.225000 -0.735000 168692382513
4.270000 -8.155000 -0.437500 168692394514
3.552500 -7.525000 -0.420000 168692406553
3.360000 -7.262500 -0.350000 168692418593
3.622500 -7.437500 -0.175000 168692430574
2.940000 -7.367500 0.595000 168692442623
2.327500 -5.705000 1.452500 168692454623
2.502500 -3.850000 2.135000 168692466627
2.642500 -4.200000 1.225000 168692478626
3.255000 -5.005000 -0.017500 168692490553
4.182500 -5.022500 -0.612500 168692502625
4.042500 -4.270000 -0.665000 168692514601
3.815000 -2.870000 -0.280000 168692526577
4.130000 -2.467500 0.157500 168692538578
5.320000 -2.555000 0.245000 168692550658
6.352500 -4.882500 -0.927500 168692562661
4.672500 -5.845000 -1.277500 168692574655
2.887500 -6.107500 -1.312500 168692586659
1.032500 -5.827500 -0.980000 168692598577
-0.612500 -5.845000 -0.805000 168692610576
0.192500 -6.195000 -0.507500 168692622617
2.870000 -4.602500 -0.770000 168692634618
5.442500 -5.705000 -1.277500 168692646663
5.530000 -7.070000 -1.102500 168692658656
5.075000 -7.245000 -0.910000 168692670657
5.215000 -7.315000 -1.767500 168692682658
5.110000 -6.790000 -2.397500 168692694577
5.005000 -7.700000 -2.310000 168692706660
4.777500 -9.975000 -2.537500 168692718657
