9.600712 -0.323619 2.824315 21742584770
9.620325 -0.402073 2.794895 21742609761
9.649745 -0.392266 2.814509 21742634765
9.639938 -0.382459 2.824315 21742659765
9.571292 -0.225553 2.726249 21742684762
9.541871 -0.225553 2.745862 21742709826
9.532065 -0.235360 2.667409 21742734814
9.532065 -0.245166 2.628183 21742759834
9.532065 -0.254973 2.598763 21742784834
9.502645 -0.264780 2.530116 21742815513
9.463418 -0.264780 2.559536 21742834771
9.483032 -0.284393 2.559536 21742859828
9.502645 -0.323619 2.667409 21742884824
9.502645 -0.343233 2.687022 21742909846
9.502645 -0.343233 2.677216 21742934834
9.590905 -0.343233 2.785089 21742959838
9.551678 -0.294200 2.775282 21742984830
9.561485 -0.264780 2.765476 21743009839
9.541871 -0.254973 2.637989 21743034835
9.522259 -0.284393 2.628183 21743059838
9.512452 -0.284393 2.628183 21743084828
9.502645 -0.215746 2.588956 21743109835
9.492838 -0.235360 2.559536 21743134831
9.532065 -0.294200 2.569343 21743159834
9.590905 -0.304006 2.588956 21743184832
9.610518 -0.362846 2.588956 21743209839
9.610518 -0.323619 2.706636 21743234834
9.620325 -0.343233 2.716442 21743259829
9.679165 -0.323619 2.716442 21743284830
9.777231 -0.362846 2.647796 21743309831
10.002784 -0.382459 2.598763 21743334830
10.100850 -0.353039 2.598763 21743359835
10.228337 -0.343233 2.677216 21743384823
10.404857 -0.313813 3.049868 21743409839
10.453890 -0.245166 3.814787 21743434819
10.257757 -0.078453 3.677494 21743459838
9.973364 0.049033 3.353875 21743484824
9.492838 0.274586 3.030255 21743509834
9.306512 0.362846 2.892962 21743534811
9.139799 0.558979 2.765476 21743559836
8.973086 0.853179 2.696829 21743584821
8.600433 1.549451 2.814509 21743609836
8.404300 1.824037 2.922382 21743634807
8.345461 1.961330 3.000835 21743659838
8.286621 2.020170 2.991029 21743684821
9.277092 0.490333 2.902769 21743709839
9.022120 1.922104 4.236474 21743734804
8.306233 2.883155 3.520588 21743759840
7.845321 3.402908 3.540201 21743784816
7.639381 3.481361 3.579428 21743809831
7.413828 3.814787 3.393101 21743834808
7.276535 4.059954 3.442135 21743859831
7.090209 4.569900 4.128600 21743884824
6.884269 4.609126 3.804981 21743909838
9.649745 3.049868 4.324733 21743934815
9.061346 3.481361 5.325011 21743959832
7.815901 5.579985 4.903326 21743984816
7.296148 5.668244 4.442413 21744009833
7.129435 6.031090 4.481639 21744034805
6.746976 5.933024 4.216860 21744059820
6.521423 7.139242 2.677216 21744084826
6.599876 7.100015 2.471276 21744109836
6.187996 7.060789 1.745584 21744134812
6.080123 7.276535 1.961330 21744159841
5.903604 7.296148 2.314370 21744184822
5.599597 7.198082 2.432050 21744209820
5.236752 7.286342 2.628183 21744234813
4.471833 7.864934 3.324455 21744259840
4.530673 8.100294 3.491168 21744284821
4.667966 8.012034 3.481361 21744309840
4.422800 7.580542 3.589234 21744334812
3.765754 7.747255 4.108987 21744359831
3.746140 7.658995 4.256087 21744384824
3.687301 7.590348 4.393380 21744409843
3.481361 7.531508 4.511060 21744434814
2.902769 7.364795 4.471833 21744459837
2.677216 7.423635 4.442413 21744484819
2.608569 7.737448 4.432606 21744509837
2.118237 8.267007 4.197247 21744534807
1.784810 8.443527 4.158020 21744559839
1.627904 8.816179 3.863821 21744584816
1.510224 9.188832 3.461748 21744609837
1.108152 9.639938 2.902769 21744634839
0.862985 9.875298 2.647796 21744659835
0.676659 9.767425 2.579149 21744684840
0.490333 9.581099 2.432050 21744709836
-0.686466 9.816459 4.059954 21744734813
-1.323898 9.738005 5.021006 21744759825
-0.617819 9.973364 4.118793 21744784918
-0.284393 9.885104 3.177355 21744809830
-0.735499 9.865492 2.755669 21744834803
-0.431493 10.100850 3.206775 21744859839
-0.460913 9.963558 3.471555 21744884827
-0.529559 9.237865 4.089374 21744909842
-0.696272 9.188832 4.354153 21744934820
-0.745305 9.179026 4.363960 21744959828
-0.568786 8.982893 4.265893 21744984771
-0.804145 9.139799 4.295313 21745009770
-1.059118 9.169219 4.128600 21745034824
-1.255251 9.110379 3.903047 21745059842
-1.314091 9.012313 3.716721 21745084820
-1.255251 8.865212 3.520588 21745109827
-1.225831 8.825986 3.471555 21745134821
-1.216025 8.865212 3.393101 21745159837
-1.127765 8.875020 3.422521 21745184820
-1.127765 8.963279 3.491168 21745209832
-1.117958 9.051538 3.451941 21745234824
-1.127765 9.080959 3.491168 21745259837
-1.166991 9.071153 3.422521 21745284817
-1.137571 9.051538 3.432328 21745309835
-1.117958 9.031926 3.461748 21745334823
-1.088538 8.982893 3.461748 21745359838
-1.157185 9.090766 3.422521 21745384814
-1.147378 9.100572 3.383295 21745409841
-1.019892 9.080959 3.412714 21745434826
-1.000278 9.071153 3.412714 21745459833
-0.980665 9.129992 3.442135 21745484822
-1.010085 9.159412 3.500974 21745509844
-0.951245 9.198639 3.540201 21745534818
-0.764919 9.228059 3.540201 21745559834
-0.715886 9.267285 3.550008 21745584823
-0.735499 9.247672 3.599041 21745609836
-0.755112 9.267285 3.599041 21745634847
-0.706079 9.306512 3.579428 21745659833
-0.617819 9.326125 3.569621 21745684820
-0.539366 9.257479 3.540201 21745709833
-0.568786 9.237865 3.530394 21745734821
-0.657046 9.267285 3.530394 21745759840
-0.647239 9.257479 3.422521 21745784831
-0.598206 9.198639 3.451941 21745809838
-0.676659 9.149606 3.402908 21745834822
-0.725692 9.169219 3.393101 21745859839
-0.735499 9.159412 3.344068 21745884802
-0.627626 9.129992 3.432328 21745909841
-0.480526 9.120186 3.373488 21745934816
-0.490333 9.100572 3.363681 21745959839
-0.558979 9.120186 3.471555 21745984835
-0.509946 9.149606 3.550008 21746009846
-0.460913 9.169219 3.687301 21746034849
-0.431493 9.218252 3.746140 21746059839
-0.431493 9.257479 3.736334 21746084848
-0.264780 9.218252 3.775561 21746109840
-0.402073 9.228059 3.834401 21746134826
-0.470719 9.237865 3.824594 21746159841
-0.480526 9.208446 3.795174 21746184948
-0.431493 9.169219 3.726527 21746209834
-0.441299 9.188832 3.706914 21746234810
-0.402073 9.159412 3.628461 21746259844
-0.431493 9.139799 3.599041 21746284815
-0.392266 9.149606 3.510781 21746309838
-0.441299 9.179026 3.520588 21746334837
-0.470719 9.169219 3.481361 21746359839
-0.470719 9.198639 3.481361 21746384826
-0.421686 9.169219 3.412714 21746409843
-0.490333 9.169219 3.471555 21746434835
-0.500139 9.129992 3.491168 21746459829
-0.460913 9.188832 3.540201 21746484821
-0.470719 9.257479 3.569621 21746509826
-0.431493 9.218252 3.579428 21746534842
-0.411879 9.198639 3.550008 21746559824

