3.395000 -3.762500 -0.140000 21742611751
5.810000 -2.957500 -0.717500 21742636747
8.312500 -4.970000 -1.487500 21742661747
8.522500 -6.107500 -1.610000 21742686860
7.455000 -6.597500 0.140000 21742711866
5.127500 -8.032500 -0.157500 21742736872
4.200000 -6.912500 -1.137500 21742761856
4.567500 -5.302500 -0.857500 21742786858
3.167500 -6.737500 -0.892500 21742815867
1.767500 -6.650000 -0.402500 21742836750
1.470000 -5.792500 -0.490000 21742861853
2.572500 -5.057500 -0.315000 21742886850
1.907500 -6.492500 -0.822500 21742911852
3.745000 -7.420000 -0.402500 21742936887
5.197500 -7.822500 -0.420000 21742961851
5.197500 -7.805000 -1.085000 21742986853
5.022500 -7.700000 -0.595000 21743011849
4.550000 -7.280000 -0.437500 21743036878
3.675000 -6.387500 -0.192500 21743061849
3.500000 -6.527500 -0.735000 21743086850
2.852500 -7.647500 -0.822500 21743111851
0.717500 -8.645000 -0.035000 21743136876
-0.630000 -10.657500 0.735000 21743161848
-1.120000 -8.277500 0.420000 21743186848
-1.557500 -6.212500 0.052500 21743211846
-0.542500 -5.232500 -1.190000 21743236875
0.595000 -5.372500 -2.222500 21743261847
2.082500 -5.162500 -3.097500 21743286851
3.220000 -3.622500 -5.075000 21743311849
3.710000 1.365000 -6.912500 21743336874
3.815000 2.345000 -8.470000 21743361861
4.270000 13.107500 -9.905000 21743386853
11.305000 21.805000 -11.532500 21743411845
18.042500 19.337500 -19.180000 21743436864
17.710001 4.427500 -27.650000 21743461847
3.167500 -6.650000 -30.397501 21743486855
-11.025000 -9.345000 -30.117500 21743511850
-8.662500 -6.125000 -37.117500 21743536876
14.070000 2.100000 -43.365002 21743561848
30.065001 12.512500 -51.415001 21743586853
43.592499 16.870001 -54.582500 21743611851
44.099998 14.332500 -55.650002 21743636879
39.200001 6.107500 -53.077499 21743661852
29.522501 3.465000 -51.187500 21743686855
22.960001 5.775000 -53.270000 21743711859
17.762501 55.510002 -88.707497 21743736878
85.959999 26.757500 -78.557503 21743761849
70.559998 29.680000 -51.555000 21743786851
37.047501 36.540001 -53.865002 21743811852
48.212502 40.040001 -48.825001 21743836877
58.502499 49.892502 -37.957500 21743861847
62.422501 0.927500 -33.005001 21743886853
61.950001 11.410000 -27.982500 21743911852
49.507500 35.700001 -54.320000 21743936879
51.695000 16.170000 -84.665001 21743961856
73.254997 3.727500 -81.077499 21743986854
53.970001 -6.072500 -77.279999 21744011883
41.125000 -37.257500 -84.297501 21744036880
42.717499 -77.070000 -94.150002 21744061866
34.107502 -73.727501 -93.555000 21744086857
15.050000 -58.012501 -79.695000 21744111852
-12.810000 -34.580002 -94.622498 21744136879
-49.174999 -32.287498 -110.372498 21744161848
-51.327499 -31.780001 -115.849998 21744186857
-51.467499 -32.042500 -124.635002 21744211853
-50.837502 -31.167500 -129.202499 21744236884
-48.597500 -41.264999 -124.285004 21744261848
-48.212502 -41.632500 -102.007500 21744286854
-49.507500 -35.647499 -82.669998 21744311859
-52.255001 -25.690001 -79.065002 21744336863
-39.724998 -24.342501 -76.894997 21744361853
-24.780001 -23.537500 -64.907501 21744386853
-14.227500 -24.955000 -59.797501 21744411855
-3.727500 -25.129999 -60.480000 21744436877
2.887500 -22.872499 -70.507500 21744461850
12.530000 -27.299999 -81.340004 21744486855
19.740000 -31.062500 -88.480003 21744511850
25.357500 -32.830002 -82.250000 21744536880
29.995001 -39.619999 -86.205002 21744561850
33.180000 -47.355000 -91.367500 21744586855
34.860001 -42.035000 -84.297501 21744611854
33.424999 -32.567501 -77.052498 21744636879
30.555000 -13.895000 -60.060001 21744661849
20.457500 -8.015000 -54.880001 21744686855
14.017500 -1.207500 -54.355000 21744711851
10.972500 4.550000 -41.020000 21744736881
14.875000 -26.302500 -44.555000 21744761850
-26.652500 -46.200001 -40.634998 21744786851
-53.007500 -25.987499 -23.870001 21744811854
-41.965000 1.750000 -18.549999 21744836885
-37.957500 -4.340000 -24.867500 21744861852
-12.127500 10.255000 -8.365000 21744886850
-21.052500 4.252500 -12.250000 21744911850
-24.360001 -8.470000 -26.705000 21744936878
-10.552500 -11.707500 -21.245001 21744961858
10.850000 -3.832500 -21.752501 21744986756
27.335001 0.227500 -30.799999 21745011744
41.702499 -3.867500 -22.750000 21745036867
39.060001 -8.207500 -14.227500 21745061853
28.997499 -10.395000 -0.787500 21745086846
11.340000 -13.020000 3.955000 21745111850
2.835000 -10.990000 -1.225000 21745136840
-7.175000 -9.765000 -4.112500 21745161854
-6.370000 -11.165000 -4.637500 21745186939
1.732500 -13.230000 -4.200000 21745211853
13.037500 -14.630000 -1.540000 21745236893
14.350000 -9.660000 -0.647500 21745261848
11.655000 -7.980000 -0.927500 21745286918
8.347500 -8.522500 -0.577500 21745311862
4.042500 -8.680000 -0.840000 21745336807
2.712500 -8.680000 0.227500 21745361855
7.070000 -11.620000 1.435000 21745386809
10.185000 -10.237500 5.337500 21745411852
8.697500 -8.540000 4.987500 21745436805
6.457500 -8.575000 3.640000 21745461854
5.390000 -10.990000 3.080000 21745486810
0.910000 -9.975000 5.495000 21745511849
-2.975000 -9.852500 8.365000 21745536812
-4.725000 -9.502500 9.030000 21745561855
-1.330000 -11.060000 5.740000 21745586811
-0.017500 -8.225000 3.832500 21745612326
-0.122500 -4.305000 4.112500 21745636814
0.437500 -3.797500 5.705000 21745661852
2.100000 -7.682500 7.000000 21745686810
6.090000 -7.980000 2.345000 21745711854
7.315000 -5.145000 -1.697500 21745736809
6.615000 -4.322500 1.417500 21745761863
4.952500 -4.690000 2.870000 21745786813
3.605000 -4.357500 1.855000 21745811850
1.435000 -4.480000 1.347500 21745836806
1.610000 -3.657500 2.817500 21745861857
-1.032500 -2.117500 7.000000 21745886814
-2.782500 -3.570000 6.527500 21745911855
-1.487500 -7.070000 3.132500 21745936804
0.857500 -7.350000 0.945000 21745961855
0.910000 -6.825000 1.750000 21745986833
-1.137500 -8.505000 3.045000 21746011859
-2.327500 -8.295000 2.765000 21746036816
-2.607500 -7.035000 1.470000 21746061856
-2.432500 -7.612500 -1.137500 21746086817
-1.400000 -8.662500 -1.417500 21746111865
0.962500 -5.530000 -0.455000 21746136820
1.715000 -3.132500 1.365000 21746161856
0.735000 -4.917500 2.520000 21746186825
2.537500 -6.720000 -0.560000 21746211860
5.705000 -5.407500 -0.052500 21746236816
7.805000 -4.760000 1.102500 21746261863
7.455000 -3.360000 -0.297500 21746286862
5.757500 -4.375000 -1.277500 21746311858
6.142500 -4.707500 -1.487500 21746336860
6.842500 -5.495000 -1.610000 21746361860
6.912500 -6.405000 -1.732500 21746386861
5.512500 -6.370000 -2.345000 21746411873
3.815000 -5.022500 -2.432500 21746436864
0.770000 -4.445000 -1.295000 21746461858
-0.227500 -5.862500 -1.697500 21746486858
2.817500 -4.672500 -1.522500 21746511865
3.955000 -6.562500 -1.540000 21746536840
3.815000 -7.577500 -3.412500 21746561872
2.537500 -6.702500 -3.850000 21746586953
