0.360000 3.960000 -0.240000 21742600465
0.180000 3.660000 -0.060000 21742625270
0.240000 3.960000 -0.240000 21742650390
0.180000 3.900000 0.060000 21742675280
0.180000 3.840000 0.060000 21742700469
0.060000 3.900000 -0.180000 21742725288
0.240000 3.720000 -0.240000 21742750461
0.180000 3.900000 -0.300000 21742775321
0.480000 3.840000 -0.120000 21742800521
0.060000 3.780000 0.060000 21742825692
-0.060000 3.900000 -0.060000 21742850435
0.240000 4.080000 -0.120000 21742875325
0.060000 3.900000 -0.300000 21742901075
0.180000 4.140000 -0.060000 21742925321
-0.120000 4.080000 -0.120000 21742950482
-0.120000 3.840000 -0.480000 21742975315
-0.240000 3.840000 -0.240000 21743000544
0.240000 4.080000 -0.240000 21743025342
0.360000 3.840000 -0.240000 21743050456
0.300000 4.020000 -0.300000 21743075329
0.120000 4.200000 -0.360000 21743100513
0.120000 3.960000 -0.360000 21743125324
0.120000 3.720000 -0.360000 21743150449
-0.240000 3.720000 -0.120000 21743175325
0.300000 3.780000 -0.060000 21743200524
0.240000 4.200000 -0.060000 21743225340
0.240000 3.960000 -0.120000 21743250459
0.300000 4.020000 -0.060000 21743275322
-0.060000 3.660000 -0.180000 21743300519
-0.060000 3.840000 -0.240000 21743325326
0.060000 3.900000 -0.300000 21743350458
-0.180000 3.660000 -0.180000 21743375319
-0.060000 4.020000 -0.420000 21743400523
0.180000 3.660000 0.060000 21743425318
0.180000 3.720000 -0.360000 21743450458
0.360000 3.720000 -0.120000 21743475322
0.480000 3.480000 -0.120000 21743500529
0.540000 3.660000 -0.060000 21743525320
0.420000 3.780000 -0.060000 21743550468
0.720000 3.600000 -0.060000 21743575322
0.720000 3.600000 -0.120000 21743600511
1.200000 2.880000 -0.120000 21743625322
1.140000 3.060000 -0.060000 21743650461
0.660000 3.060000 0.060000 21743675318
1.140000 3.300000 0.060000 21743700514
1.320000 3.000000 0.120000 21743725307
1.740000 2.460000 -0.060000 21743750460
1.860000 2.220000 0.300000 21743775347
2.100000 1.980000 0.180000 21743800510
2.220000 2.220000 0.300000 21743825310
2.700000 1.980000 0.300000 21743850469
2.760000 1.680000 0.360000 21743875320
2.520000 1.680000 0.600000 21743900512
2.940000 1.380000 0.660000 21743925315
3.120000 1.560000 0.360000 21743950459
3.120000 1.200000 0.960000 21743975329
3.540000 1.500000 0.660000 21744000549
3.780000 1.500000 0.900000 21744025439
3.720000 1.320000 1.080000 21744050486
3.720000 1.080000 1.080000 21744075410
4.020000 1.380000 1.380000 21744100518
3.960000 1.080000 0.840000 21744125321
4.440000 1.440000 0.840000 21744150468
4.260000 1.620000 0.780000 21744175328
4.620000 1.620000 0.780000 21744200518
4.920000 1.800000 0.600000 21744225324
4.980000 2.220000 0.660000 21744250461
4.860000 2.460000 0.540000 21744275329
4.740000 2.460000 0.300000 21744300514
5.400000 2.760000 0.240000 21744325346
5.220000 2.820000 0.060000 21744350450
5.580000 2.820000 0.060000 21744375328
5.400000 3.120000 0.060000 21744400505
5.280000 3.240000 0.120000 21744425320
5.460000 3.300000 0.060000 21744450458
5.340000 3.180000 0.180000 21744475313
5.760000 3.240000 0.180000 21744500501
5.520000 3.480000 0.180000 21744525316
5.700000 3.060000 -0.180000 21744550459
5.880000 3.240000 -0.180000 21744575316
5.640000 3.480000 0.240000 21744600533
5.520000 3.360000 0.240000 21744625308
5.760000 3.480000 0.360000 21744650451
5.880000 3.360000 -0.240000 21744675313
5.760000 3.360000 0.120000 21744700508
5.820000 3.660000 -0.060000 21744725318
6.000000 3.720000 -0.060000 21744750456
5.880000 3.600000 -0.120000 21744775322
5.580000 3.780000 -0.060000 21744800520
5.880000 3.960000 -0.360000 21744825315
5.880000 4.200000 -0.360000 21744850453
6.000000 4.200000 -0.240000 21744875335
6.180000 4.260000 -0.060000 21744900523
5.700000 4.500000 -0.420000 21744925324
5.940000 4.380000 -0.660000 21744950454
6.060000 4.260000 -0.420000 21744975329
6.180000 4.140000 -0.060000 21745000545
6.060000 4.260000 -0.300000 21745025318
6.000000 4.320000 -0.120000 21745050460
5.880000 4.320000 -0.120000 21745075322
6.180000 3.900000 -0.180000 21745100529
5.880000 3.840000 -0.180000 21745125314
5.940000 4.260000 -0.300000 21745150542
5.760000 4.800000 -0.360000 21745175329
5.760000 4.560000 -0.120000 21745200518
6.300000 4.020000 -0.420000 21745225323
5.940000 4.020000 -0.300000 21745250455
5.940000 4.140000 -0.180000 21745275317
6.060000 4.260000 -0.540000 21745300512
6.000000 4.080000 -0.360000 21745325321
5.820000 4.380000 -0.060000 21745350461
5.760000 4.080000 -0.480000 21745375328
5.700000 4.140000 -0.540000 21745400523
6.060000 3.900000 -0.300000 21745425320
6.000000 4.080000 -0.360000 21745450452
5.580000 4.020000 -0.300000 21745475317
5.940000 4.020000 -0.300000 21745500521
5.700000 4.020000 -0.180000 21745525326
5.880000 3.960000 -0.240000 21745550451
5.760000 4.080000 -0.120000 21745575315
5.880000 4.080000 -0.360000 21745600533
5.580000 4.020000 -0.180000 21745625339
5.760000 4.080000 -0.480000 21745650470
6.120000 3.960000 -0.240000 21745675325
5.760000 4.200000 -0.240000 21745700515
5.820000 4.020000 -0.540000 21745725330
5.700000 3.780000 -0.420000 21745750456
5.760000 3.960000 -0.120000 21745775323
5.640000 4.080000 -0.120000 21745800530
5.880000 4.080000 -0.360000 21745825329
5.820000 3.900000 -0.420000 21745850457
5.640000 3.840000 -0.420000 21745875336
5.820000 4.020000 -0.300000 21745900515
5.700000 4.020000 -0.180000 21745925323
5.640000 4.080000 -0.360000 21745950463
5.700000 4.140000 -0.540000 21745975324
5.940000 3.900000 -0.300000 21746002694
6.000000 3.960000 -0.240000 21746025325
5.520000 4.320000 -0.480000 21746050465
5.880000 4.080000 -0.360000 21746075323
5.820000 4.260000 -0.300000 21746100529
5.760000 3.960000 -0.480000 21746125325
5.820000 4.140000 -0.300000 21746150461
6.000000 3.960000 -0.480000 21746175321
5.940000 3.900000 -0.300000 21746200515
5.700000 4.140000 -0.180000 21746225318
5.880000 3.960000 -0.180000 21746250426
5.940000 4.020000 -0.300000 21746275328
5.400000 3.960000 -0.120000 21746300505
5.700000 4.020000 -0.420000 21746325323
6.060000 3.660000 -0.060000 21746350429
5.760000 4.080000 -0.360000 21746375315
5.880000 4.200000 -0.360000 21746401060
5.820000 4.020000 -0.180000 21746425335
5.880000 3.960000 -0.240000 21746450434
5.520000 3.960000 -0.360000 21746475321
5.580000 3.900000 -0.180000 21746500521
5.940000 3.900000 -0.180000 21746525320
5.640000 4.080000 -0.240000 21746550423
5.820000 3.900000 -0.540000 21746575316
