0.000000 21742584770
0.000000 21742609761
0.000000 21742634765
0.000000 21742659765
0.000000 21742684762
0.000000 21742709826
0.000000 21742734814
0.000000 21742759834
0.000000 21742784834
0.000000 21742815513
0.000000 21742834771
0.000000 21742859828
0.000000 21742884824
0.000000 21742909846
0.000000 21742934834
0.000000 21742959838
0.000000 21742984830
0.000000 21743009839
0.000000 21743034835
0.000000 21743059838
0.000000 21743084828
0.000000 21743109835
0.000000 21743134831
0.000000 21743159834
0.000000 21743184832
0.000000 21743209839
0.000000 21743234834
0.000000 21743259829
0.000000 21743284830
0.000000 21743309831
0.000000 21743334830
0.000000 21743359835
0.000000 21743384823
0.000000 21743409839
0.000000 21743434819
0.000000 21743459838
0.000000 21743484824
0.000000 21743509834
0.000000 21743534811
0.000000 21743559836
0.000000 21743584821
0.000000 21743609836
0.000000 21743634807
0.000000 21743659838
0.000000 21743684821
0.000000 21743709839
0.000000 21743734804
0.000000 21743759840
0.000000 21743784816
0.000000 21743809831
0.000000 21743834808
0.000000 21743859831
0.000000 21743884824
0.000000 21743909838
0.000000 21743934815
0.000000 21743959832
0.000000 21743984816
0.000000 21744009833
0.000000 21744034805
0.000000 21744059820
0.000000 21744084826
0.000000 21744109836
0.000000 21744134812
0.000000 21744159841
0.000000 21744184822
0.000000 21744209820
0.000000 21744234813
0.000000 21744259840
0.000000 21744284821
0.000000 21744309840
0.000000 21744334812
0.000000 21744359831
0.000000 21744384824
0.000000 21744409843
0.000000 21744434814
0.000000 21744459837
0.000000 21744484819
0.000000 21744509837
0.000000 21744534807
0.000000 21744559839
0.000000 21744584816
0.000000 21744609837
0.000000 21744634839
0.000000 21744659835
0.000000 21744684840
0.000000 21744709836
0.000000 21744734813
0.000000 21744759825
0.000000 21744784918
0.000000 21744809830
0.000000 21744834803
0.000000 21744859839
0.000000 21744884827
0.000000 21744909842
0.000000 21744934820
0.000000 21744959828
0.000000 21744984771
0.000000 21745009770
0.000000 21745034824
0.000000 21745059842
0.000000 21745084820
0.000000 21745109827
0.000000 21745134821
0.000000 21745159837
0.000000 21745184820
0.000000 21745209832
0.000000 21745234824
0.000000 21745259837
0.000000 21745284817
0.000000 21745309835
0.000000 21745334823
0.000000 21745359838
0.000000 21745384814
0.000000 21745409841
0.000000 21745434826
0.000000 21745459833
0.000000 21745484822
0.000000 21745509844
0.000000 21745534818
0.000000 21745559834
0.000000 21745584823
0.000000 21745609836
0.000000 21745634847
0.000000 21745659833
0.000000 21745684820
0.000000 21745709833
0.000000 21745734821
0.000000 21745759840
0.000000 21745784831
0.000000 21745809838
0.000000 21745834822
0.000000 21745859839
0.000000 21745884802
0.000000 21745909841
0.000000 21745934816
0.000000 21745959839
0.000000 21745984835
0.000000 21746009846
0.000000 21746034849
0.000000 21746059839
0.000000 21746084848
0.000000 21746109840
0.000000 21746134826
0.000000 21746159841
0.000000 21746184948
0.000000 21746209834
0.000000 21746234810
0.000000 21746259844
0.000000 21746284815
0.000000 21746309838
0.000000 21746334837
0.000000 21746359839
0.000000 21746384826
0.000000 21746409843
0.000000 21746434835
0.000000 21746459829
0.000000 21746484821
0.000000 21746509826
0.000000 21746534842
0.000000 21746559824

