12.617500 -4.130000 -2.135000 30899267391
12.617500 -2.082500 -2.992500 30899292440
8.942500 2.940000 -2.187500 30899317377
-6.387500 3.167500 1.942500 30899342373
-5.932500 0.787500 1.750000 30899367457
-1.435000 -1.050000 1.050000 30899392454
1.785000 1.820000 1.715000 30899417445
3.797500 -0.630000 1.400000 30899442445
2.782500 -2.852500 0.542500 30899467454
-0.192500 -2.520000 -1.102500 30899492441
0.070000 -1.627500 -1.837500 30899517445
1.015000 0.157500 -1.837500 30899542432
-1.767500 1.347500 1.627500 30899567458
-3.587500 3.220000 0.647500 30899592440
-4.095000 0.717500 0.070000 30899617443
-3.167500 2.362500 1.610000 30899642446
2.870000 3.657500 3.097500 30899667339
4.567500 7.210000 4.357500 30899692444
2.485000 -0.070000 2.520000 30899717434
-2.695000 -3.710000 -1.925000 30899742453
-4.200000 -2.327500 -2.940000 30899767472
-1.085000 2.607500 0.455000 30899792441
3.762500 6.457500 1.977500 30899817435
8.610000 -2.835000 -0.787500 30899842441
3.132500 -5.757500 -2.800000 30899867767
-1.120000 -1.715000 -1.837500 30899892445
1.907500 3.045000 1.102500 30899917456
4.042500 -0.297500 1.487500 30899942441
2.887500 -1.382500 2.135000 30899967448
0.227500 -2.590000 1.137500 30899992446
-1.697500 -7.140000 0.087500 30900017430
-2.992500 -7.647500 -2.975000 30900042439
12.285000 -5.792500 -1.435000 30900067439
23.135000 -3.832500 2.800000 30900092445
17.815001 -3.517500 5.267500 30900117455
4.707500 -0.192500 7.770000 30900142442
-0.280000 7.682500 9.887500 30900167447
16.187500 11.112500 6.895000 30900192444
26.792500 14.595000 4.060000 30900217582
30.677500 15.820000 -5.477500 30900242416
23.940001 11.707500 -18.165001 30900267650
14.577500 18.340000 -40.005001 30900292360
-6.510000 8.925000 -63.349998 30900317042
-20.825001 18.182501 -90.982498 30900342054
-32.287498 70.805000 -114.940002 30900366983
-62.457500 156.345001 -124.407501 30900391925
-106.487503 255.167496 -131.669998 30900416942
-149.187500 168.035004 -129.062500 30900441942
-104.754997 64.084999 -151.567505 30900466963
-1.592500 -13.230000 -170.309998 30900491958
61.407501 -29.487499 -197.522507 30900517084
66.010002 -15.855000 -208.494995 30900542139
78.487503 -37.099998 -226.187500 30900567144
137.147507 -71.260002 -248.779999 30900592153
175.104996 -72.730003 -262.342499 30900617145
215.494995 -62.457500 -253.190002 30900642149
208.022507 -46.759998 -242.252502 30900667155
188.282501 -26.092501 -221.865005 30900692255
196.367508 -61.459999 -245.419998 30900717241
182.612503 -112.840004 -356.982513 30900742249
124.162498 -83.580002 -284.059998 30900767248
80.815002 -61.582500 -251.212494 30900792461
97.720001 -28.927500 -270.269989 30900817428
92.837502 11.445000 -245.910004 30900842415
69.667503 -32.689999 -253.434998 30900867383
78.889999 -64.837502 -190.294998 30900892459
17.132500 -85.802498 -181.282501 30900917445
29.277500 -90.562500 -195.352493 30900942452
-11.655000 -61.950001 -157.184998 30900967458
-71.224998 -57.014999 -147.717499 30900992424
-80.972504 -76.404999 -155.820007 30901017388
-83.684998 -59.412498 -142.117508 30901042442
-86.764999 12.092500 -143.324997 30901067449
-64.050003 3.307500 -50.172501 30901092416
-46.619999 143.272507 110.337502 30901117437
-33.092499 -67.375000 10.797500 30901142440
-133.210007 -95.864998 -116.375000 30901167452
-144.007507 -12.687500 -108.709999 30901192419
-57.207500 92.942497 -61.740002 30901217434
17.552500 20.632500 -84.227501 30901242445
40.529999 -10.902500 -75.915001 30901267483
38.849998 13.317500 -22.802500 30901292428
46.970001 97.370003 49.682499 30901317437
-17.062500 246.242508 38.045002 30901342469
-137.882507 200.479996 -80.517502 30901367451
-85.522499 14.472500 -34.895000 30901392454
35.875000 -10.535000 2.047500 30901417448
25.865000 8.225000 47.389999 30901442454
20.230000 90.282501 19.897501 30901467493
41.597500 88.340004 26.460001 30901492307
38.535000 70.437500 67.305000 30901517415
4.042500 76.317497 31.465000 30901542385
38.692501 42.997501 51.957500 30901567439
24.727501 55.965000 74.269997 30901592418
15.907500 45.307499 48.299999 30901617577
37.170002 -14.280000 36.645000 30901642467
18.042500 -38.727501 66.010002 30901667367
16.170000 3.675000 71.942497 30901692456
27.422501 4.130000 74.514999 30901717392
37.747501 -21.367500 76.632500 30901742390
38.097500 5.687500 51.590000 30901767364
45.115002 2.782500 51.939999 30901792380
36.540001 35.122501 55.002499 30901817358
26.197500 58.834999 53.672501 30901842404
15.400000 64.644997 96.110001 30901867428
17.832500 37.922501 60.095001 30901892455
39.410000 -24.552500 -4.287500 30901917394
5.897500 -85.120003 6.247500 30901942471
35.472500 -46.987499 -49.910000 30901967409
-24.570000 -25.882500 -73.360001 30901992442
-40.110001 -24.027500 -72.117500 30902017400
-7.805000 -10.622500 -141.032501 30902042453
7.105000 -84.805000 -175.000000 30902067404
-30.170000 -67.584999 -84.595001 30902092446
-80.097504 16.992500 -31.080000 30902117401
-23.695000 -0.350000 -27.440001 30902142454
0.892500 -26.635000 -52.482502 30902167403
-23.135000 5.600000 -38.220001 30902192429
-80.779999 -10.500000 -22.225000 30902217403
-71.680000 11.655000 -11.165000 30902242448
2.485000 8.312500 -23.887501 30902267411
18.340000 13.055000 -28.297501 30902292440
19.477501 54.740002 -6.002500 30902317401
0.945000 92.294998 52.080002 30902342459
5.617500 182.910004 148.925003 30902367429
-23.625000 17.710001 40.127499 30902392658
15.015000 -32.795002 -17.587500 30902417424
15.942500 -6.510000 -34.090000 30902448195
-6.405000 18.690001 27.212500 30902467384
-37.432499 97.247498 78.312500 30902494526
-15.207500 58.064999 71.330002 30902517494
-12.757500 17.815001 27.352501 30902542012
11.707500 23.835001 43.137501 30902566963
-2.502500 68.635002 70.209999 30902591944
-3.657500 79.152504 75.547501 30902616941
5.862500 3.570000 19.670000 30902641933
-3.115000 -30.327499 6.720000 30902666925
-20.597500 -67.077499 -44.432499 30902691960
-66.412498 -75.809998 -99.330002 30902717102
-76.404999 -40.477501 -111.020004 30902742078
-61.302502 -86.345001 -109.707504 30902767064
-38.955002 -58.537498 -118.912498 30902792064
-14.157500 -71.050003 -116.112503 30902817062
-8.540000 -36.435001 -125.684998 30902841962
-8.050000 -34.702499 -112.927498 30902866955
-6.912500 -9.887500 -72.432503 30902891954
-7.665000 -21.665001 -64.434998 30902916970
3.115000 2.030000 -31.570000 30902942079
-8.592500 34.212502 -40.389999 30902967154
-17.342501 9.572500 -7.542500 30902992109
-22.697500 -1.417500 41.107502 30903017119
-44.642502 -112.227501 34.404999 30903046344
-76.614998 -15.172500 121.292503 30903072308
-24.430000 -34.352501 133.070007 30903093377
13.807500 -16.660000 67.602501 30903117108
-5.232500 15.627501 39.917500 30903142109
-29.330000 1.015000 67.882500 30903167100
-45.097500 8.680000 50.452499 30903192121
-18.969999 30.817501 -8.015000 30903217165
5.197500 44.957500 -44.222500 30903242151
-4.585000 51.012501 -58.222500 30903267147
-27.650000 55.142502 -61.845001 30903292123
-43.417500 47.582500 -54.232502 30903317194
-37.712502 28.787500 -52.639999 30903342193
-36.207500 -15.592500 -19.512501 30903367245
-50.855000 -32.025002 -13.702500 30903392271
-39.567501 -42.980000 -9.415000 30903417249
-20.299999 -52.115002 -31.027500 30903442241
-8.820000 -50.697498 -33.215000 30903467243
-5.600000 -27.982500 -17.184999 30903492480
-1.697500 -46.340000 1.470000 30903517443
17.674999 -17.657499 -10.517500 30903542441
21.332500 4.865000 -13.002500 30903567443
53.322498 11.305000 -27.195000 30903592439
79.974998 5.127500 -10.360000 30903617446
53.497501 43.767502 1.925000 30903642441
31.727501 59.202499 -9.817500 30903667442
35.822498 41.492500 -43.259998 30903692443
0.070000 -45.517502 -45.517502 30903717436
-19.809999 -16.590000 -0.857500 30903742439
-7.385000 -24.272501 3.762500 30903767446
-27.877501 -33.005001 8.032500 30903792439
-48.877499 -43.680000 20.930000 30903817436
-50.312500 -30.677500 28.367500 30903842468
-49.122501 -77.227501 22.645000 30903867418
-20.737499 -70.192497 43.802502 30903892449
4.165000 -22.592501 36.049999 30903917479
4.550000 26.267500 23.957500 30903942350
-11.655000 -30.240000 17.430000 30903967493
12.547500 -71.330002 24.045000 30903992464
-4.375000 -79.187500 21.717501 30904017440
25.795000 -33.267502 23.730000 30904042443
29.049999 32.672501 -15.172500 30904067438
19.267500 6.860000 -27.842501 30904092464
-0.490000 -4.620000 -24.184999 30904117444
14.595000 17.902500 -8.260000 30904142025
12.057500 17.219999 -16.117500 30904167014
2.992500 24.867500 -41.720001 30904191964
5.862500 89.722504 -54.880001 30904216969
30.922501 43.715000 -52.920002 30904241996
33.617500 49.630001 -65.257500 30904266963
14.105000 63.174999 -75.040001 30904291984
1.785000 50.452499 -54.040001 30904316973
2.380000 -26.250000 -76.072502 30904341986
0.770000 -17.272501 -84.507500 30904366973
-59.237499 12.232500 -1.015000 30904392012
-89.057503 -7.192500 -20.475000 30904417751
-0.420000 -64.224998 -40.547501 30904450166
-5.285000 -56.227501 -36.032501 30904467022
-23.502501 -36.102501 -4.795000 30904492035
-22.312500 -38.849998 7.962500 30904517008
-21.227501 -38.255001 15.925000 30904542459
-14.945000 -20.387501 5.635000 30904567056
-8.680000 1.645000 1.925000 30904592021
-0.717500 14.945000 3.027500 30904616964
5.687500 15.575000 2.555000 30904641968
3.640000 14.245000 1.855000 30904666984
-3.850000 11.095000 1.365000 30904691970
-3.955000 5.530000 0.840000 30904716956
-5.775000 3.692500 1.627500 30904741941
-1.645000 2.975000 2.432500 30904766971
2.310000 6.457500 1.452500 30904791945
2.380000 3.377500 0.507500 30904817570
2.485000 5.390000 1.627500 30904841981
6.265000 6.492500 1.102500 30904867005
7.070000 3.850000 0.455000 30904891972
4.410000 3.272500 2.660000 30904917109
5.285000 3.447500 3.482500 30904941971
4.567500 3.430000 1.417500 30904966949
-0.700000 5.617500 -1.365000 30904991980
-0.735000 3.447500 -0.472500 30905020044
