0.600000 9.960000 0.840000 177655443941
0.600000 9.719999 0.960000 177655455757
0.900000 10.020000 0.900000 177655467734
0.600000 9.480000 0.840000 177655479728
0.960000 9.599999 0.840000 177655491730
0.600000 9.840000 0.960000 177655503725
0.540000 9.780000 1.020000 177655515792
0.840000 9.719999 0.960000 177655527787
0.480000 10.080000 1.440000 177655539706
0.660000 10.139999 1.020000 177655551756
0.660000 9.900000 1.020000 177655563689
0.660000 10.020000 0.780000 177655575695
0.420000 10.020000 1.020000 177655587664
0.480000 10.080000 0.720000 177655599666
0.840000 9.719999 0.960000 177655612432
0.420000 10.020000 1.020000 177655623892
0.960000 10.080000 0.720000 177655635615
0.480000 9.840000 0.720000 177655647566
0.780000 10.139999 1.140000 177655659805
0.960000 9.960000 1.200000 177655671793
0.480000 9.840000 0.960000 177655683795
0.480000 9.840000 0.840000 177655695822
0.780000 9.780000 0.900000 177655708247
0.720000 9.599999 0.840000 177655719980
0.600000 10.080000 1.200000 177655731975
0.660000 9.780000 1.020000 177655743681
0.600000 9.599999 1.080000 177655755705
0.600000 9.960000 0.960000 177655767678
0.600000 10.080000 0.840000 177655779677
0.780000 9.660000 0.900000 177655791956
0.480000 9.840000 0.600000 177655803679
0.660000 9.540000 0.900000 177655815704
0.600000 10.080000 0.720000 177655827677
0.660000 9.900000 1.020000 177655839680
0.840000 9.599999 0.960000 177655851680
0.480000 9.960000 0.720000 177655863677
0.420000 9.900000 1.020000 177655875985
0.720000 9.840000 1.080000 177655887685
0.660000 9.900000 1.140000 177655899686
0.540000 9.900000 0.900000 177655911849
0.240000 9.960000 1.080000 177655923691
0.600000 9.840000 0.960000 177655935702
0.540000 10.020000 1.140000 177655947700
0.420000 10.139999 1.020000 177655959687
0.900000 9.900000 1.140000 177655971687
0.480000 9.960000 0.960000 177655983718
0.660000 9.900000 1.140000 177655995708
0.780000 10.020000 0.900000 177656008639
0.720000 9.960000 0.720000 177656026705
0.720000 9.599999 0.960000 177656038211
0.600000 10.080000 1.080000 177656049750
0.600000 9.840000 1.080000 177656061325
0.600000 9.599999 0.960000 177656072883
0.660000 10.020000 0.900000 177656084399
0.480000 9.840000 1.080000 177656095838
0.660000 9.900000 1.020000 177656107787
0.480000 9.719999 1.080000 177656119201
0.540000 9.660000 0.900000 177656130604
0.840000 9.719999 1.080000 177656141982
0.420000 10.020000 1.020000 177656153401
0.660000 9.900000 1.140000 177656164772
0.540000 10.020000 0.900000 177656176160
0.420000 9.780000 0.540000 177656187685
0.480000 10.080000 1.320000 177656199667
0.720000 9.840000 0.720000 177656211697
0.600000 9.840000 0.960000 177656223665
0.540000 10.020000 0.780000 177656235697
0.600000 10.080000 1.080000 177656247667
0.720000 9.840000 0.960000 177656259675
0.540000 9.900000 1.380000 177656271679
0.780000 10.020000 0.900000 177656283667
0.480000 9.599999 0.960000 177656295689
0.660000 10.020000 1.140000 177656308607
0.780000 9.780000 0.780000 177656320334
0.480000 9.599999 0.840000 177656331824
0.420000 9.900000 1.020000 177656343814
0.360000 10.080000 0.960000 177656355667
0.360000 10.200000 1.200000 177656367810
0.660000 10.020000 1.020000 177656379640
0.780000 9.900000 1.140000 177656391821
0.600000 9.719999 1.320000 177656404794
0.660000 9.900000 1.260000 177656416750
0.540000 10.020000 1.020000 177656428423
0.720000 10.080000 1.200000 177656440138
0.720000 10.200000 1.200000 177656451816
0.540000 10.139999 1.140000 177656463798
0.540000 10.020000 1.380000 177656475833
0.660000 10.620000 1.140000 177656487801
0.600000 10.320000 1.200000 177656499818
0.480000 10.320000 1.200000 177656513007
0.660000 10.139999 1.260000 177656525225
0.720000 10.440000 1.200000 177656537009
0.540000 10.500000 1.620000 177656548809
0.780000 10.380000 1.380000 177656560732
0.960000 10.200000 1.440000 177656572537
0.600000 10.440000 1.200000 177656584311
0.780000 10.380000 1.500000 177656596143
0.960000 10.440000 1.560000 177656607932
0.540000 10.260000 1.380000 177656619910
0.660000 10.380000 1.620000 177656631910
0.780000 10.500000 1.500000 177656643907
0.660000 10.500000 1.620000 177656657840
0.480000 10.080000 1.440000 177656669786
0.660000 10.500000 1.860000 177656681792
0.660000 10.740000 1.860000 177656693747
0.420000 10.380000 1.620000 177656705801
0.540000 10.500000 1.500000 177656717184
0.780000 10.620000 1.620000 177656728560
0.840000 10.679999 1.800000 177656739920
0.540000 10.380000 1.860000 177656751704
0.720000 10.320000 1.680000 177656763508
0.480000 10.920000 2.040000 177656775712
0.600000 10.559999 1.800000 177656787686
0.420000 10.620000 1.620000 177656799685
0.420000 10.860000 1.980000 177656812034
0.540000 10.860000 2.100000 177656823767
0.720000 10.920000 1.920000 177656835790
0.600000 10.920000 2.040000 177656847770
0.420000 10.740000 2.220000 177656859770
0.420000 10.860000 1.860000 177656871758
0.660000 10.980000 2.340000 177656883760
0.360000 10.679999 2.160000 177656895792
0.540000 10.620000 2.220000 177656908080
0.420000 10.980000 2.220000 177656919975
0.540000 10.980000 2.100000 177656931682
0.480000 11.160000 2.280000 177656943680
0.180000 11.219999 2.220000 177656955704
0.480000 11.160000 2.400000 177656967681
0.540000 10.860000 2.220000 177656979717
0.120000 10.920000 2.280000 177656991684
0.420000 11.099999 2.580000 177657003790
0.540000 11.099999 2.700000 177657015727
0.300000 11.340000 2.940000 177657027689
0.540000 11.219999 2.580000 177657039687
0.660000 11.099999 2.580000 177657051524
0.240000 11.160000 2.760000 177657063514
0.240000 11.160000 2.760000 177657075715
0.300000 11.099999 2.820000 177657087505
0.240000 11.160000 3.000000 177657099695
0.420000 11.099999 2.940000 177657112033
0.300000 10.860000 2.940000 177657123772
0.300000 11.340000 3.420000 177657135792
0.300000 11.219999 2.820000 177657147593
0.180000 11.460000 2.700000 177657159562
0.360000 11.280000 3.360000 177657171790
0.240000 11.400000 2.880000 177657183794
0.360000 11.639999 3.000000 177657195825
0.480000 11.280000 3.240000 177657208224
0.300000 11.219999 3.180000 177657219958
0.420000 11.340000 3.180000 177657231940
0.180000 11.460000 3.180000 177657243922
0.600000 11.280000 3.360000 177657255993
0.360000 11.400000 3.240000 177657267934
0.120000 11.280000 3.240000 177657279918
0.120000 11.280000 3.600000 177657291921
0.180000 11.340000 3.420000 177657304729
0.420000 11.340000 3.540000 177657316917
0.480000 11.280000 3.600000 177657328826
0.420000 11.340000 3.420000 177657340775
0.420000 11.639999 3.840000 177657352746
0.180000 11.580000 3.780000 177657364649
-0.060000 11.340000 3.780000 177657376595
0.240000 11.639999 3.720000 177657388507
0.180000 11.219999 3.660000 177657400969
0.180000 11.639999 3.600000 177657412603
0.120000 11.639999 3.600000 177657424062
0.120000 11.639999 3.600000 177657435762
0.120000 11.520000 3.840000 177657447700
0.300000 11.580000 3.900000 177657459696
0.300000 11.520000 4.080000 177657471705
0.060000 11.700000 3.780000 177657483696
0.300000 11.700000 3.780000 177657495714
0.180000 11.820000 3.900000 177657508040
0.540000 11.460000 3.900000 177657519786
0.180000 11.580000 4.260000 177657531770
0.300000 11.700000 4.260000 177657543793
0.060000 11.820000 4.140000 177657555841
0.420000 11.820000 3.900000 177657567749
0.360000 11.639999 4.080000 177657579741
0.540000 11.580000 4.380000 177657591561
0.060000 11.700000 4.260000 177657604507
0.420000 11.460000 4.260000 177657616317
0.360000 11.759999 4.440000 177657627895
0.060000 11.460000 4.140000 177657639950
0.060000 11.639999 4.560000 177657651976
0.060000 11.940000 4.500000 177657663930
0.300000 11.820000 4.620000 177657675975
0.240000 11.520000 4.800000 177657687690
0.240000 11.639999 4.560000 177657699929
0.360000 11.400000 4.920000 177657712433
-0.120000 11.520000 5.040000 177657724367
0.060000 11.219999 4.620000 177657736088
0.060000 11.700000 4.500000 177657748097
0.060000 11.400000 4.800000 177657760142
0.480000 11.639999 4.440000 177657771790
0.240000 11.639999 4.920000 177657783798
0.300000 11.340000 5.100000 177657795822
0.120000 11.520000 4.920000 177657807794
0.120000 11.520000 4.920000 177657821395
-0.120000 11.759999 5.400000 177657833254
-0.060000 11.700000 4.860000 177657845122
0.180000 11.700000 4.860000 177657857024
0.180000 11.759999 5.400000 177657868845
-0.120000 11.520000 4.800000 177657880719
-0.120000 11.759999 5.160000 177657892553
-0.060000 11.700000 5.220000 177657904543
0.060000 11.700000 5.220000 177657915954
0.060000 11.759999 5.280000 177657927712
0.060000 11.460000 5.340000 177657939683
0.120000 11.639999 5.520000 177657951705
-0.240000 11.639999 5.280000 177657963664
-0.060000 11.580000 5.340000 177657975691
-0.300000 11.700000 5.460000 177657987687
-0.120000 11.880000 5.520000 177657999664
0.120000 11.639999 5.640000 177658012402
0.120000 11.280000 5.400000 177658027062
-0.420000 11.700000 5.580000 177658038581
-0.540000 11.460000 5.460000 177658050266
-0.360000 11.880000 5.880000 177658061724
-0.060000 11.820000 5.820000 177658073170
-0.300000 11.340000 5.700000 177658084628
-0.120000 11.639999 5.760000 177658096093
0.060000 11.460000 5.820000 177658107641
-0.180000 11.460000 5.580000 177658119845
-0.240000 11.520000 5.640000 177658131830
-0.300000 11.460000 5.940000 177658143822
-0.060000 11.580000 5.700000 177658155868
-0.120000 11.520000 6.000000 177658167799
-0.240000 11.400000 5.880000 177658179819
-0.240000 11.400000 6.240000 177658191800
-0.420000 11.340000 6.060000 177658204624
-0.300000 11.340000 6.180000 177658216309
-0.660000 11.099999 6.180000 177658227939
-0.720000 10.920000 6.000000 177658239925
-0.420000 11.099999 6.180000 177658251727
-0.420000 10.980000 5.940000 177658263722
-0.360000 11.160000 6.120000 177658275954
-0.360000 11.160000 6.120000 177658287723
-0.660000 11.099999 6.300000 177658299926
-0.540000 10.860000 6.180000 177658311724
-0.480000 11.160000 6.240000 177658323720
-0.600000 11.040000 6.240000 177658335747
-0.360000 10.920000 6.120000 177658347719
-0.540000 10.980000 6.180000 177658360064
-0.540000 11.099999 6.060000 177658371819
-0.480000 10.920000 6.240000 177658383789
-0.240000 10.800000 5.880000 177658396037
-0.600000 10.800000 6.000000 177658407814
-0.360000 10.800000 6.000000 177658419804
-0.480000 10.800000 6.120000 177658431795
-0.540000 10.740000 5.940000 177658443845
-0.300000 10.740000 6.180000 177658455839
-0.780000 10.620000 6.300000 177658468018
-0.600000 10.800000 6.120000 177658479790
-0.420000 10.980000 6.060000 177658491789
-0.120000 10.679999 6.240000 177658503789
-0.600000 10.800000 6.120000 177658515822
-0.600000 10.679999 6.120000 177658528366
-0.240000 10.920000 6.120000 177658539943
-0.540000 10.980000 6.180000 177658551810
-0.480000 11.160000 6.000000 177658563682
-0.660000 10.860000 5.940000 177658575695
-0.300000 10.980000 6.180000 177658587679
-0.480000 11.160000 6.000000 177658599676
-0.240000 11.040000 6.240000 177658612292
-0.300000 10.740000 6.180000 177658623745
-0.420000 10.740000 6.060000 177658635772
-0.420000 10.860000 6.180000 177658647735
-0.720000 11.040000 6.000000 177658659734
-0.660000 10.860000 6.180000 177658671748
-0.540000 10.500000 6.060000 177658683732
-0.540000 10.740000 5.940000 177658695895
-0.480000 10.920000 5.880000 177658708222
-0.360000 10.679999 5.880000 177658719947
-0.300000 11.099999 6.180000 177658731863
-0.480000 10.679999 6.000000 177658743859
-0.420000 10.860000 6.060000 177658755955
-0.180000 10.980000 6.180000 177658767855
-0.360000 10.440000 5.880000 177658779855
-0.600000 10.679999 6.120000 177658791676
-0.360000 10.800000 6.120000 177658804650
-0.180000 10.860000 6.060000 177658816656
-0.600000 10.800000 5.880000 177658828383
-0.540000 10.620000 6.060000 177658840124
-0.420000 10.740000 6.180000 177658851803
-0.600000 10.920000 6.000000 177658863792
-0.360000 10.679999 6.120000 177658875825
-0.300000 10.380000 5.940000 177658887789
-0.120000 10.800000 6.000000 177658899801
-0.540000 10.860000 5.940000 177658912960
-0.180000 10.620000 6.060000 177658924855
-0.420000 10.500000 5.820000 177658936724
-0.240000 10.800000 5.760000 177658948576
-0.480000 10.800000 6.120000 177658960516
-0.540000 10.860000 5.940000 177658972360
-0.360000 11.160000 6.000000 177658984189
-0.480000 10.559999 6.000000 177658996198
-0.600000 10.920000 5.760000 177659007928
-0.360000 11.160000 5.880000 177659019893
-0.120000 10.920000 6.120000 177659031902
-0.540000 10.740000 5.940000 177659043903
-0.240000 10.800000 5.880000 177659057429
-0.480000 10.800000 5.520000 177659069464
-0.360000 10.920000 5.640000 177659081521
-0.360000 10.920000 5.760000 177659093585
-0.360000 10.800000 5.640000 177659105663
-0.540000 10.860000 6.060000 177659117060
-0.600000 11.040000 6.000000 177659128427
-0.480000 11.040000 5.760000 177659139786
-0.480000 11.040000 6.120000 177659151728
-0.720000 11.040000 5.760000 177659163670
-0.300000 10.980000 5.940000 177659175695
-0.120000 10.920000 5.760000 177659187663
-0.720000 11.160000 6.120000 177659199665
-0.480000 10.920000 5.760000 177659212142
-0.240000 10.800000 6.000000 177659223716
-0.600000 10.679999 6.000000 177659235731
-0.120000 10.800000 5.520000 177659247708
-0.360000 11.400000 6.000000 177659259719
-0.300000 11.340000 6.060000 177659271710
-0.480000 10.679999 6.000000 177659283711
-0.300000 10.860000 5.820000 177659295735
-0.240000 11.040000 5.880000 177659308091
-0.180000 10.620000 5.820000 177659319865
-0.660000 10.740000 5.940000 177659331868
-0.360000 11.160000 5.880000 177659343868
-0.060000 10.980000 6.300000 177659355919
-0.360000 10.920000 6.000000 177659367883
-0.540000 10.860000 5.820000 177659379882
-0.300000 11.099999 6.060000 177659391860
-0.360000 10.920000 5.640000 177659404651
-0.120000 10.920000 5.880000 177659416690
-0.540000 10.980000 5.700000 177659428413
-0.240000 10.559999 6.240000 177659440156
-0.540000 10.860000 5.580000 177659451820
-0.420000 10.980000 5.940000 177659464021
-0.480000 10.559999 5.880000 177659475842
-0.540000 10.860000 6.060000 177659488008
-0.600000 11.040000 5.400000 177659499798
-0.300000 10.740000 5.340000 177659513361
-0.240000 11.040000 5.640000 177659525855
-0.300000 10.980000 5.940000 177659537885
-0.360000 10.920000 5.880000 177659549985
-0.600000 10.800000 5.640000 177659562123
-0.240000 10.679999 5.760000 177659574148
-0.420000 10.860000 6.060000 177659586210
-0.300000 10.740000 5.820000 177659598230
-0.360000 11.040000 5.880000 177659609984
-0.360000 10.800000 5.880000 177659621374
-0.360000 10.920000 6.240000 177659632737
-0.300000 10.980000 5.940000 177659644092
-0.420000 10.740000 5.820000 177659655732
-0.600000 10.920000 6.120000 177659667673
-0.420000 11.099999 6.060000 177659679665
-0.420000 10.980000 5.940000 177659691662
-0.300000 10.740000 6.180000 177659704037
-0.300000 10.980000 6.180000 177659715721
-0.060000 10.980000 6.060000 177659727687
-0.840000 10.679999 6.120000 177659739688
-0.480000 10.920000 6.000000 177659751726
-0.180000 10.860000 5.940000 177659763688
-0.360000 10.800000 6.120000 177659775703
-0.180000 10.860000 6.180000 177659787695
-0.300000 10.980000 5.820000 177659799694
-0.540000 10.980000 6.060000 177659812476
-0.480000 10.920000 6.120000 177659824161
-0.360000 10.920000 6.240000 177659835841
-0.600000 11.040000 5.880000 177659847809
-0.360000 11.040000 6.000000 177659859806
-0.240000 11.040000 5.880000 177659871815
-0.600000 10.800000 6.120000 177659883820
-0.480000 10.920000 6.000000 177659895829
-0.540000 10.980000 5.940000 177659907927
-0.660000 10.860000 5.940000 177659919934
-0.420000 10.980000 5.820000 177659931738
-0.480000 10.679999 6.000000 177659943925
-0.300000 10.860000 5.820000 177659956010
-0.300000 10.860000 6.060000 177659967744
-0.480000 11.160000 6.120000 177659979984
-0.480000 10.559999 6.000000 177659991731
