-0.117680 -0.509946 -10.110658 27359731943
-0.147100 -0.431493 -10.277370 27359753737
-0.176520 -0.372653 -10.434277 27359778669
-0.235360 -0.343233 -10.650023 27359803769
-0.274586 -0.264780 -10.728477 27359828768
-0.304006 -0.254973 -10.797122 27359853766
-0.284393 -0.245166 -10.816736 27359878766
-0.107873 -0.176520 -10.699056 27359903754
-0.058840 -0.176520 -10.669637 27359928759
-0.147100 -0.147100 -10.650023 27359953765
-0.235360 -0.088260 -10.561764 27359978815
-0.274586 0.078453 -10.375437 27360003758
-0.274586 0.166713 -10.561764 27360028772
-0.186326 0.225553 -10.689250 27360053769
-0.078453 0.166713 -10.679443 27360078821
-0.117680 0.284393 -10.797122 27360103755
-0.137293 0.362846 -10.718670 27360128769
-0.196133 0.353039 -10.571569 27360153772
-0.098067 0.490333 -10.483310 27360178775
-0.019613 0.588399 -10.551956 27360203753
0.019613 0.686466 -10.708863 27360228727
0.049033 0.833565 -10.846155 27360253697
0.029420 1.000278 -11.022676 27360278764
0.009807 1.245445 -10.767703 27360303755
-0.009807 1.255251 -10.718670 27360328768
-0.009807 1.421964 -10.610797 27360353791
0.039227 1.637711 -10.444084 27360378774
-0.215746 1.922104 -10.512731 27360403753
-0.068647 2.196690 -10.571569 27360428766
-0.127486 2.432050 -10.463697 27360453765
-0.039227 2.598763 -10.179304 27360478777
-0.019613 2.843929 -9.973364 27360503761
-0.058840 2.951802 -9.973364 27360528770
0.039227 3.196968 -9.914525 27360553766
-0.186326 3.334261 -9.973364 27360578770
-0.186326 3.530394 -9.836071 27360603761
-0.166713 3.804981 -9.738005 27360628766
-0.215746 3.942274 -9.816459 27360653771
-0.284393 4.393380 -9.826264 27360678766
-0.235360 4.481639 -9.639938 27360703760
-0.294200 4.501253 -9.532065 27360728734
-0.176520 4.618933 -9.512452 27360753702
-0.147100 4.962165 -9.169219 27360778777
-0.137293 4.971972 -9.031926 27360803780
-0.196133 5.128879 -9.061346 27360828760
-0.245166 5.383852 -8.992700 27360853768
-0.333426 5.619211 -8.973086 27360878779
-0.402073 5.805537 -8.884827 27360903758
-0.441299 5.844764 -8.708306 27360928769
-0.245166 5.903604 -8.433721 27360953765
-0.598206 6.099737 -8.306233 27360978769
-0.627626 6.344903 -8.237587 27361003742
-0.578592 6.531229 -8.394494 27361028787
-0.451106 6.580263 -8.267007 27361053771
-0.313813 6.766589 -7.835515 27361078760
-0.313813 6.835236 -7.570735 27361103754
-0.431493 6.923496 -7.511894 27361128768
-0.470719 7.168662 -7.060789 27361153775
-0.431493 7.247115 -6.952915 27361178757
-0.441299 7.541315 -7.041175 27361203749
-0.617819 7.678608 -7.139242 27361228770
-0.755112 7.668801 -6.756783 27361253773
-0.657046 7.639381 -6.580263 27361278762
-0.676659 7.766868 -6.413549 27361303754
-1.039505 7.943388 -6.413549 27361328706
-0.970859 8.159134 -6.217417 27361353699
-0.804145 8.129714 -5.923217 27361378752
-0.902212 8.345461 -5.883991 27361403760
-1.088538 8.492560 -5.795731 27361428767
-0.735499 8.590627 -5.413271 27361453778
-0.706079 8.718113 -5.295592 27361478757
-0.862985 8.835793 -5.158298 27361503760
-0.833565 8.845599 -4.854292 27361528762
-0.598206 8.904439 -4.305120 27361553773
-0.608012 9.080959 -4.295313 27361578755
-0.617819 9.159412 -4.236474 27361603751
-0.578592 9.090766 -4.030534 27361628760
-0.676659 9.355545 -3.814787 27361653769
-0.872792 9.316319 -3.716721 27361678747
-0.823759 9.267285 -3.608848 27361703755
-0.637432 9.473226 -3.677494 27361728764
-0.882599 9.669358 -3.569621 27361753773
-0.882599 9.688972 -3.412714 27361778766
-0.843372 9.561485 -3.196968 27361803757
-0.549172 9.492838 -2.853735 27361828772
-0.892405 9.581099 -2.333983 27361853767
-0.931632 9.581099 -2.265337 27361878759
-0.872792 9.875298 -2.196690 27361903748
-1.059118 9.787038 -1.549451 27361928775
-1.039505 9.796844 -1.216025 27361953766
-1.049312 9.875298 -1.137571 27361978759
-1.029698 9.787038 -0.990472 27362003750
-0.961052 9.924331 -0.794339 27362028762
-0.990472 10.081238 -0.784532 27362053768
-1.088538 9.836071 -0.637432 27362078764
-1.010085 9.679165 -0.362846 27362103754
-0.755112 9.738005 0.088260 27362128769
-0.872792 9.914525 0.058840 27362153767
-1.039505 9.934137 0.343233 27362178769
-1.088538 9.728198 0.568786 27362203754
-0.627626 10.110658 0.706079 27362228784
-0.588399 10.022397 1.068925 27362253769
-0.627626 9.845878 1.363124 27362278756
-0.460913 9.826264 1.441578 27362303752
-0.343233 9.620325 2.098624 27362328768
-0.264780 9.600712 2.216303 27362353755
-0.156906 9.551678 2.451663 27362378758
-0.186326 9.365352 2.677216 27362403753
0.009807 9.326125 2.912575 27362428754
0.058840 9.208446 3.128322 27362453751
0.068647 9.090766 3.108708 27362478773
0.205940 9.129992 3.304842 27362503759
0.137293 9.208446 3.687301 27362528771
0.049033 9.080959 4.001114 27362553765
0.264780 9.139799 3.961887 27362578770
0.176520 8.904439 4.079567 27362603756
0.107873 8.924053 4.187440 27362628789
0.117680 8.933860 4.412993 27362653771
0.019613 8.875020 4.363960 27362678759
0.049033 8.786759 4.530673 27362703755
-0.009807 8.875020 4.501253 27362728780
0.039227 8.973086 4.471833 27362753989
0.039227 8.835793 4.550286 27362778762
0.049033 8.659273 4.569900 27362803753
0.127486 8.551400 4.628739 27362828769
0.098067 8.512174 4.736613 27362853950
0.068647 8.512174 4.726806 27362878757
0.078453 8.443527 5.148491 27362903754
0.039227 8.296427 5.217138 27362928765
0.039227 8.198360 5.334818 27362953770
-0.313813 8.002228 5.481918 27362978764
-0.117680 7.972808 5.648631 27363003756
-0.353039 8.070874 6.031090 27363028774
-0.470719 7.796288 6.129157 27363053768
-0.529559 7.560929 6.482196 27363078775
-0.725692 7.139242 6.541036 27363103758
-0.715886 7.021562 6.835236 27363128768
-0.578592 7.109822 6.894075 27363153770
-0.539366 6.992142 7.178468 27363178760
-0.647239 6.756783 7.570735 27363203757
-0.637432 6.737169 7.541315 27363228762
-0.578592 6.452776 7.462861 27363253773
-0.608012 6.452776 7.933581 27363278755
-0.460913 6.246837 7.982615 27363303756
-0.343233 5.972251 7.982615 27363328761
-0.509946 5.864377 8.168941 27363353759
-0.617819 5.423078 8.365073 27363378766
-0.617819 5.148491 8.325847 27363403753
-0.902212 5.030812 8.512174 27363428758
-1.019892 5.099458 8.678886 27363453773
-1.000278 5.050425 8.718113 27363478780
-0.990472 4.648353 8.708306 27363503752
-0.980665 4.442413 8.590627 27363528755
-1.078732 4.265893 8.521980 27363553758
-1.216025 4.167827 9.002505 27363578761
-1.029698 4.265893 9.061346 27363603753
-0.764919 4.158020 8.875020 27363628755
-0.764919 4.187440 9.012313 27363653770
-1.147378 4.040340 9.120186 27363678751
-1.078732 3.765754 9.041733 27363703763
-1.029698 3.618654 9.100572 27363728772
-0.941439 3.500974 9.237865 27363753774
-1.500418 3.393101 9.159412 27363778798
-1.216025 3.569621 9.836071 27363803755
-1.206218 3.500974 9.492838 27363828748
-1.274865 3.216582 9.159412 27363853761
-1.343511 3.030255 9.286899 27363878769
-1.314091 2.941995 9.326125 27363903751
-1.421964 2.863542 9.208446 27363928753
-1.500418 2.971415 9.100572 27363953762
-1.549451 2.608569 9.169219 27363978773
-1.235638 2.471276 9.502645 27364003761
-1.039505 2.373209 9.796844 27364028759
-1.451384 2.108430 9.522259 27364053772
-1.657324 2.216303 9.738005 27364078770
-1.510224 2.196690 9.836071 27364103754
-1.323898 2.010364 9.816459 27364128759
-1.117958 1.539644 9.679165 27364153776
-1.137571 1.304285 9.532065 27364178767
-1.421964 1.314091 9.581099 27364203752
-1.431771 1.196411 9.845878 27364228784
-1.206218 1.010085 9.561485 27364253767
-1.304285 0.725692 9.551678 27364278767
-1.608291 0.617819 9.502645 27364303758
-1.627904 0.519753 9.620325 27364328758
-1.245445 0.294200 9.865492 27364353702
-1.314091 0.156906 10.110658 27364378695
-1.333705 0.019613 10.120463 27364403755
-1.176798 -0.274586 10.120463 27364428771
-1.039505 -0.411879 10.708863 27364453758
-1.088538 -0.617819 10.434277 27364478772
-1.098345 -0.794339 9.639938 27364503761
-0.990472 -1.235638 9.061346 27364528773
-1.068925 -2.196690 8.884827 27364553769
-0.980665 -2.373209 9.571292 27364578768
-0.862985 -2.824315 9.522259 27364603754
-1.088538 -2.598763 9.100572 27364628769
-1.137571 -2.706636 9.179026 27364653765
-1.304285 -2.853735 9.483032 27364678794
-1.245445 -2.843929 9.129992 27364703769
-1.186605 -3.295035 8.659273 27364728765
-1.333705 -3.363681 9.090766 27364753752
-1.372931 -3.432328 9.208446 27364778761
-1.578871 -3.667687 9.306512 27364803752
-1.618097 -3.746140 7.649189 27364828761
-1.784810 -4.020727 8.061068 27364853761
-1.843650 -4.471833 8.767146 27364878747
-2.079010 -4.824872 9.149606 27364903747
-1.892684 -5.011199 8.335654 27364928756
-1.931910 -5.128879 8.159134 27364953755
-2.137850 -5.246559 8.110101 27364978756
-2.343790 -5.442691 8.110101 27365003761
-2.471276 -5.795731 7.619768 27365028766
-2.333983 -5.648631 7.433442 27365053772
-2.216303 -5.717278 7.678608 27365078765
-2.049590 -5.952637 7.776674 27365103748
-2.265337 -6.070317 7.080402 27365128761
-2.510503 -5.991864 6.560650 27365153760
-2.726249 -5.933024 6.256643 27365178758
-3.040062 -6.472390 6.688136 27365203751
-2.794895 -6.805816 6.913689 27365228762
-2.814509 -6.854849 6.864655 27365253764
-2.971415 -7.070595 6.521423 27365278748
-2.922382 -7.168662 6.501810 27365303755
-2.481083 -7.345181 6.384130 27365328757
-2.265337 -7.413828 6.668523 27365353751
-2.137850 -7.551122 6.972529 27365378744
-2.020170 -7.609962 5.942831 27365403737
-1.941717 -7.609962 5.746698 27365428743
-1.814230 -7.619768 5.560371 27365453750
-1.520031 -7.737448 5.560371 27365478767
-1.265058 -7.972808 5.491724 27365503737
-1.323898 -8.021841 5.285785 27365528746
-1.196411 -7.904161 5.217138 27365553753
-1.000278 -7.766868 4.952359 27365578739
-0.980665 -8.296427 4.844486 27365603736
-1.068925 -8.943666 4.932746 27365628738
-1.010085 -9.071153 5.070039 27365653748
-0.862985 -9.061346 4.648353 27365678738
-0.451106 -8.561207 4.050147 27365703740
-0.235360 -8.512174 3.873627 27365728739
-0.304006 -8.639660 3.903047 27365753746
-0.568786 -8.943666 3.795174 27365778741
-0.372653 -9.188832 3.687301 27365803741
-0.235360 -9.139799 3.510781 27365828741
-0.196133 -9.296705 3.432328 27365853756
-0.196133 -9.326125 3.334261 27365878731
0.529559 -9.404578 3.069482 27365903738
0.333426 -9.492838 2.941995 27365928734
0.362846 -9.639938 2.726249 27365953756
0.588399 -9.679165 2.549729 27365978736
0.549172 -9.424192 2.069203 27366003741
0.706079 -9.051538 1.647517 27366028734
0.774725 -9.012313 1.549451 27366053756
0.686466 -9.022120 1.461191 27366078746
0.176520 -8.982893 1.588677 27366103741
0.039227 -9.316319 1.647517 27366128740
0.039227 -9.600712 1.637711 27366153759
0.147100 -9.728198 1.176798 27366178738
0.608012 -9.512452 1.314091 27366203740
0.637432 -9.728198 1.294478 27366228740
0.588399 -9.953751 1.186605 27366253746
1.196411 -9.590905 0.539366 27366278736
1.127765 -9.551678 0.402073 27366303748
1.245445 -9.463418 0.372653 27366328739
1.137571 -9.483032 0.411879 27366353743
0.362846 -9.865492 0.892405 27366378744
0.343233 -9.845878 0.823759 27366403741
0.402073 -9.816459 0.804145 27366428740
0.568786 -9.953751 0.382459 27366453745
0.764919 -10.130271 0.215746 27366478727
0.804145 -10.149883 0.402073 27366503746
1.098345 -9.973364 0.284393 27366528830
0.951245 -9.924331 0.107873 27366553753
0.735499 -9.492838 -0.529559 27366578787
0.853179 -9.326125 -0.804145 27366603750
1.019892 -9.188832 -0.912019 27366628789
0.980665 -9.139799 -0.853179 27366653754
0.637432 -9.855684 -0.598206 27366678744
0.323619 -9.953751 -0.941439 27366703748
0.147100 -9.973364 -1.294478 27366728741
0.107873 -9.806651 -1.745584 27366753755
0.549172 -9.326125 -1.961330 27366778741
0.392266 -9.414385 -1.863264 27366803743
0.362846 -9.492838 -2.128043 27366828722
0.480526 -9.365352 -2.530116 27366853750
0.460913 -9.296705 -2.422243 27366878729
0.225553 -9.571292 -2.530116 27366903753
0.304006 -9.796844 -2.481083 27366928732
0.225553 -9.316319 -2.579149 27366953749
0.519753 -9.502645 -2.706636 27366978764
0.117680 -9.551678 -2.932189 27367003746
-0.137293 -9.247672 -3.118515 27367028757
-0.235360 -9.492838 -3.344068 27367053743
-0.284393 -9.492838 -3.422521 27367078781
-0.451106 -9.120186 -3.697107 27367103790
-0.558979 -8.816179 -3.716721 27367128765
-0.588399 -9.404578 -4.040340 27367153761
-0.313813 -9.120186 -4.050147 27367178768
-0.313813 -8.953472 -4.344347 27367203846
-0.264780 -9.120186 -4.383573 27367228770
-0.451106 -8.953472 -4.216860 27367253746
-0.274586 -8.884827 -4.148213 27367278761
-0.235360 -8.875020 -4.216860 27367303752
-0.500139 -8.698500 -4.550286 27367328720
-0.853179 -8.904439 -5.148491 27367353699
-1.039505 -9.022120 -5.393658 27367378768
-0.941439 -8.541594 -5.472112 27367403759
-0.872792 -8.365073 -5.648631 27367428760
-1.265058 -7.972808 -5.942831 27367453764
-1.157185 -7.806095 -6.217417 27367478772
-1.441578 -8.041454 -6.541036 27367503747
-1.470998 -7.560929 -6.511616 27367528752
-1.559257 -7.384408 -6.560650 27367553769
-1.412158 -7.453054 -6.560650 27367578755
-1.255251 -7.453054 -6.658716 27367603756
-1.461191 -7.060789 -6.668523 27367628770
-1.490611 -7.060789 -6.717556 27367653764
-1.520031 -7.139242 -6.884269 27367678746
-1.549451 -6.992142 -6.854849 27367703752
-1.284671 -6.619490 -7.149048 27367728762
-1.323898 -6.756783 -7.443248 27367753774
-1.353318 -6.590069 -7.502088 27367778763
-1.265058 -6.148770 -7.570735 27367803757
-1.186605 -6.521423 -8.012034 27367828762
-1.392545 -6.119350 -8.110101 27367853768
-1.441578 -5.874184 -8.119907 27367878762
-1.421964 -5.648631 -8.188554 27367903754
-1.333705 -5.275978 -8.835793 27367928764
-1.480804 -5.138685 -8.933860 27367953763
-1.470998 -5.119072 -9.198639 27367978768
-1.421964 -5.089652 -9.453611 27368003763
-1.294478 -4.638546 -9.179026 27368028768
-1.255251 -4.481639 -9.228059 27368053758
-1.392545 -4.638546 -9.404578 27368078769
-1.520031 -4.618933 -9.610518 27368103754
-1.333705 -4.099180 -9.679165 27368128765
-1.294478 -4.373766 -9.904717 27368153759
-1.255251 -4.128600 -9.894911 27368178768
-1.255251 -3.795174 -9.738005 27368203746
-1.470998 -3.952080 -9.953751 27368228684
-1.431771 -3.520588 -9.483032 27368253758
-1.392545 -3.098902 -9.384965 27368278768
-1.598484 -3.628461 -10.012591 27368303752
-1.441578 -3.402908 -9.875298 27368328758
-1.529838 -3.167548 -9.777231 27368353754
-1.539644 -3.049868 -9.777231 27368378769
-1.461191 -2.765476 -10.012591 27368403757
-1.657324 -2.667409 -10.071430 27368428759
-1.667131 -2.745862 -10.159691 27368453765
-1.667131 -2.804702 -10.395051 27368478753
-1.686744 -1.902490 -10.042011 27368503751
-1.853457 -2.226110 -10.228337 27368528764
-1.980944 -2.588956 -10.689250 27368553758
-1.873070 -2.383016 -10.434277 27368578777
-1.814230 -1.765197 -10.483310 27368603752
-1.637711 -1.637711 -10.296983 27368628759
-1.618097 -1.314091 -10.296983 27368653749
-1.814230 -1.402351 -10.208724 27368678773
-2.098624 -0.921825 -9.943945 27368703747
-1.980944 -0.608012 -9.787038 27368728761
-1.892684 -0.813952 -10.051817 27368753764
-1.853457 -1.108152 -10.355824 27368778767
-2.020170 -0.304006 -9.885104 27368803740
-2.069203 -0.284393 -10.002784 27368828761
-2.020170 -0.441299 -10.296983 27368853756
-2.039783 -0.421686 -10.414664 27368878772
-1.814230 -0.421686 -10.748089 27368903745
-1.520031 0.039227 -10.444084 27368928770
-1.431771 0.254973 -10.444084 27368953770
-1.892684 0.254973 -10.444084 27368978755
-2.000557 0.343233 -10.257757 27369003754
-2.029977 0.804145 -9.973364 27369028766
-2.108430 0.902212 -10.022397 27369053766
-2.088817 0.598206 -10.346016 27369078766
-1.765197 0.774725 -10.444084 27369103750
-1.461191 0.882599 -10.512731 27369128769
-1.480804 0.833565 -10.699056 27369153760
-1.804424 1.176798 -10.100850 27369178764
-1.922104 1.520031 -10.238144 27369203751
-1.912297 1.578871 -10.277370 27369228764
-1.922104 1.157185 -10.669637 27369253761
-2.039783 1.225831 -10.836349 27369278762
-1.794617 1.569064 -10.395051 27369303756
-1.686744 1.627904 -10.395051 27369328757
-1.549451 1.598484 -10.316597 27369353770
-1.922104 1.500418 -10.993257 27369378760
-1.873070 2.206496 -10.169497 27369403756
-1.637711 2.765476 -9.875298 27369428751
-1.529838 2.451663 -10.042011 27369453762
-1.157185 1.784810 -10.669637 27369478758
-1.480804 1.814230 -10.512731 27369503754
-1.657324 2.059397 -10.463697 27369528764
-1.500418 2.481083 -10.257757 27369553769
-1.559257 2.588956 -9.924331 27369578749
-1.618097 2.628183 -9.738005 27369603756
-1.882877 2.520309 -9.688972 27369628762
-1.657324 2.991029 -9.473226 27369653758
-1.569064 2.843929 -9.659552 27369679381
-1.539644 2.245723 -9.992978 27369703759
