0.000000 27359731943
0.000000 27359753737
0.000000 27359778669
0.000000 27359803769
0.000000 27359828768
0.000000 27359853766
0.000000 27359878766
0.000000 27359903754
0.000000 27359928759
0.000000 27359953765
0.000000 27359978815
0.000000 27360003758
0.000000 27360028772
0.000000 27360053769
0.000000 27360078821
0.000000 27360103755
0.000000 27360128769
0.000000 27360153772
0.000000 27360178775
0.000000 27360203753
0.000000 27360228727
0.000000 27360253697
0.000000 27360278764
0.000000 27360303755
0.000000 27360328768
0.000000 27360353791
0.000000 27360378774
0.000000 27360403753
0.000000 27360428766
0.000000 27360453765
0.000000 27360478777
0.000000 27360503761
0.000000 27360528770
0.000000 27360553766
0.000000 27360578770
0.000000 27360603761
0.000000 27360628766
0.000000 27360653771
0.000000 27360678766
0.000000 27360703760
0.000000 27360728734
0.000000 27360753702
0.000000 27360778777
0.000000 27360803780
0.000000 27360828760
0.000000 27360853768
0.000000 27360878779
0.000000 27360903758
0.000000 27360928769
0.000000 27360953765
0.000000 27360978769
0.000000 27361003742
0.000000 27361028787
0.000000 27361053771
0.000000 27361078760
0.000000 27361103754
0.000000 27361128768
0.000000 27361153775
0.000000 27361178757
0.000000 27361203749
0.000000 27361228770
0.000000 27361253773
0.000000 27361278762
0.000000 27361303754
0.000000 27361328706
0.000000 27361353699
0.000000 27361378752
0.000000 27361403760
0.000000 27361428767
0.000000 27361453778
0.000000 27361478757
0.000000 27361503760
0.000000 27361528762
0.000000 27361553773
0.000000 27361578755
0.000000 27361603751
0.000000 27361628760
0.000000 27361653769
0.000000 27361678747
0.000000 27361703755
0.000000 27361728764
0.000000 27361753773
0.000000 27361778766
0.000000 27361803757
0.000000 27361828772
0.000000 27361853767
0.000000 27361878759
0.000000 27361903748
0.000000 27361928775
0.000000 27361953766
0.000000 27361978759
0.000000 27362003750
0.000000 27362028762
0.000000 27362053768
0.000000 27362078764
0.000000 27362103754
0.000000 27362128769
0.000000 27362153767
0.000000 27362178769
0.000000 27362203754
0.000000 27362228784
0.000000 27362253769
0.000000 27362278756
0.000000 27362303752
0.000000 27362328768
0.000000 27362353755
0.000000 27362378758
0.000000 27362403753
0.000000 27362428754
0.000000 27362453751
0.000000 27362478773
0.000000 27362503759
0.000000 27362528771
0.000000 27362553765
0.000000 27362578770
0.000000 27362603756
0.000000 27362628789
0.000000 27362653771
0.000000 27362678759
0.000000 27362703755
0.000000 27362728780
0.000000 27362753989
0.000000 27362778762
0.000000 27362803753
0.000000 27362828769
0.000000 27362853950
0.000000 27362878757
0.000000 27362903754
0.000000 27362928765
0.000000 27362953770
0.000000 27362978764
0.000000 27363003756
0.000000 27363028774
0.000000 27363053768
0.000000 27363078775
0.000000 27363103758
0.000000 27363128768
0.000000 27363153770
0.000000 27363178760
0.000000 27363203757
0.000000 27363228762
0.000000 27363253773
0.000000 27363278755
0.000000 27363303756
0.000000 27363328761
0.000000 27363353759
0.000000 27363378766
0.000000 27363403753
0.000000 27363428758
0.000000 27363453773
0.000000 27363478780
0.000000 27363503752
0.000000 27363528755
0.000000 27363553758
0.000000 27363578761
0.000000 27363603753
0.000000 27363628755
0.000000 27363653770
0.000000 27363678751
0.000000 27363703763
0.000000 27363728772
0.000000 27363753774
0.000000 27363778798
0.000000 27363803755
0.000000 27363828748
0.000000 27363853761
0.000000 27363878769
0.000000 27363903751
0.000000 27363928753
0.000000 27363953762
0.000000 27363978773
0.000000 27364003761
0.000000 27364028759
0.000000 27364053772
0.000000 27364078770
0.000000 27364103754
0.000000 27364128759
0.000000 27364153776
0.000000 27364178767
0.000000 27364203752
0.000000 27364228784
0.000000 27364253767
0.000000 27364278767
0.000000 27364303758
0.000000 27364328758
0.000000 27364353702
0.000000 27364378695
0.000000 27364403755
0.000000 27364428771
0.000000 27364453758
0.000000 27364478772
0.000000 27364503761
0.000000 27364528773
0.000000 27364553769
0.000000 27364578768
0.000000 27364603754
0.000000 27364628769
0.000000 27364653765
0.000000 27364678794
0.000000 27364703769
0.000000 27364728765
0.000000 27364753752
0.000000 27364778761
0.000000 27364803752
0.000000 27364828761
0.000000 27364853761
0.000000 27364878747
0.000000 27364903747
0.000000 27364928756
0.000000 27364953755
0.000000 27364978756
0.000000 27365003761
0.000000 27365028766
0.000000 27365053772
0.000000 27365078765
0.000000 27365103748
0.000000 27365128761
0.000000 27365153760
0.000000 27365178758
0.000000 27365203751
0.000000 27365228762
0.000000 27365253764
0.000000 27365278748
0.000000 27365303755
0.000000 27365328757
0.000000 27365353751
0.000000 27365378744
0.000000 27365403737
0.000000 27365428743
0.000000 27365453750
0.000000 27365478767
0.000000 27365503737
0.000000 27365528746
0.000000 27365553753
0.000000 27365578739
0.000000 27365603736
0.000000 27365628738
0.000000 27365653748
0.000000 27365678738
0.000000 27365703740
0.000000 27365728739
0.000000 27365753746
0.000000 27365778741
0.000000 27365803741
0.000000 27365828741
0.000000 27365853756
0.000000 27365878731
0.000000 27365903738
0.000000 27365928734
0.000000 27365953756
0.000000 27365978736
0.000000 27366003741
0.000000 27366028734
0.000000 27366053756
0.000000 27366078746
0.000000 27366103741
0.000000 27366128740
0.000000 27366153759
0.000000 27366178738
0.000000 27366203740
0.000000 27366228740
0.000000 27366253746
0.000000 27366278736
0.000000 27366303748
0.000000 27366328739
0.000000 27366353743
0.000000 27366378744
0.000000 27366403741
0.000000 27366428740
0.000000 27366453745
0.000000 27366478727
0.000000 27366503746
0.000000 27366528830
0.000000 27366553753
0.000000 27366578787
0.000000 27366603750
0.000000 27366628789
0.000000 27366653754
0.000000 27366678744
0.000000 27366703748
0.000000 27366728741
0.000000 27366753755
0.000000 27366778741
0.000000 27366803743
0.000000 27366828722
0.000000 27366853750
0.000000 27366878729
0.000000 27366903753
0.000000 27366928732
0.000000 27366953749
0.000000 27366978764
0.000000 27367003746
0.000000 27367028757
0.000000 27367053743
0.000000 27367078781
0.000000 27367103790
0.000000 27367128765
0.000000 27367153761
0.000000 27367178768
0.000000 27367203846
0.000000 27367228770
0.000000 27367253746
0.000000 27367278761
0.000000 27367303752
0.000000 27367328720
0.000000 27367353699
0.000000 27367378768
0.000000 27367403759
0.000000 27367428760
0.000000 27367453764
0.000000 27367478772
0.000000 27367503747
0.000000 27367528752
0.000000 27367553769
0.000000 27367578755
0.000000 27367603756
0.000000 27367628770
0.000000 27367653764
0.000000 27367678746
0.000000 27367703752
0.000000 27367728762
0.000000 27367753774
0.000000 27367778763
0.000000 27367803757
0.000000 27367828762
0.000000 27367853768
0.000000 27367878762
0.000000 27367903754
0.000000 27367928764
0.000000 27367953763
0.000000 27367978768
0.000000 27368003763
0.000000 27368028768
0.000000 27368053758
0.000000 27368078769
0.000000 27368103754
0.000000 27368128765
0.000000 27368153759
0.000000 27368178768
0.000000 27368203746
0.000000 27368228684
0.000000 27368253758
0.000000 27368278768
0.000000 27368303752
0.000000 27368328758
0.000000 27368353754
0.000000 27368378769
0.000000 27368403757
0.000000 27368428759
0.000000 27368453765
0.000000 27368478753
0.000000 27368503751
0.000000 27368528764
0.000000 27368553758
0.000000 27368578777
0.000000 27368603752
0.000000 27368628759
0.000000 27368653749
0.000000 27368678773
0.000000 27368703747
0.000000 27368728761
0.000000 27368753764
0.000000 27368778767
0.000000 27368803740
0.000000 27368828761
0.000000 27368853756
0.000000 27368878772
0.000000 27368903745
0.000000 27368928770
0.000000 27368953770
0.000000 27368978755
0.000000 27369003754
0.000000 27369028766
0.000000 27369053766
0.000000 27369078766
0.000000 27369103750
0.000000 27369128769
0.000000 27369153760
0.000000 27369178764
0.000000 27369203751
0.000000 27369228764
0.000000 27369253761
0.000000 27369278762
0.000000 27369303756
0.000000 27369328757
0.000000 27369353770
0.000000 27369378760
0.000000 27369403756
0.000000 27369428751
0.000000 27369453762
0.000000 27369478758
0.000000 27369503754
0.000000 27369528764
0.000000 27369553769
0.000000 27369578749
0.000000 27369603756
0.000000 27369628762
0.000000 27369653758
0.000000 27369679381
