-0.015553 0.190229 10.169496 302050432.000000
0.026321 0.202193 10.185050 302150464.000000
0.011964 0.215354 10.141978 302250720.000000
0.008375 0.241675 10.199407 302350528.000000
-0.007178 0.175872 10.158729 302450720.000000
-0.007178 0.211765 10.182656 302550432.000000
0.014357 0.210568 10.180264 302650720.000000
0.019143 0.227318 10.191031 302750432.000000
-0.005982 0.221336 10.164711 302850688.000000
0.025125 0.199801 10.174281 302950624.000000
0.008375 0.212961 10.182656 303050720.000000
-0.020339 0.223729 10.229317 303150560.000000
0.108873 0.216550 9.948160 303250720.000000
0.066999 0.217747 10.181459 303350528.000000
0.098106 0.206979 10.167104 303450752.000000
0.120838 0.209372 10.168301 303550464.000000
0.137587 0.235693 10.149158 303650752.000000
0.108873 0.233300 10.164711 303750528.000000
0.102891 0.220140 10.189835 303850688.000000
0.150748 0.204586 10.153944 303950464.000000
0.116052 0.221336 10.176675 304050720.000000
0.229711 0.149551 10.165908 304150528.000000
0.133998 0.173480 10.173084 304250720.000000
0.137587 0.171087 10.141978 304350432.000000
0.025125 0.198604 10.158729 304450944.000000
0.002393 0.296710 10.141978 304550432.000000
0.022732 0.294317 10.114462 304650720.000000
-0.390030 0.262014 10.016356 304750432.000000
-0.094516 0.282353 10.152746 304850720.000000
-0.037089 0.364905 10.252048 304950496.000000
0.172283 0.429512 10.815558 305050720.000000
-0.197408 0.862613 10.305886 305150464.000000
-0.673580 0.990629 9.795020 305250752.000000
-0.318245 1.100698 9.920642 305350464.000000
-0.244068 1.056431 10.011569 305450720.000000
-0.244068 1.092324 9.802197 305550432.000000
-0.458226 1.491925 10.155140 305650752.000000
0.014357 1.697708 9.735199 305750464.000000
0.137587 1.999203 9.731609 305850720.000000
0.250050 2.155933 9.725628 305950528.000000
0.077767 2.165504 9.827322 306050784.000000
0.080160 2.169094 10.230514 306150464.000000
-0.149551 2.169094 10.427922 306250720.000000
-0.909273 3.102295 10.613364 306350464.000000
-0.508475 3.358327 9.345169 306450688.000000
-0.458226 4.006782 8.971889 306550528.000000
-0.306281 5.100301 8.926425 306650752.000000
-0.769292 6.265606 9.092726 306750432.000000
0.126820 6.867401 7.335197 306850752.000000
-0.023928 8.141580 5.089533 306950464.000000
-1.915455 9.105886 3.315256 307051296.000000
0.218943 8.935996 2.203789 307150496.000000
-0.027517 9.720841 0.890130 307250816.000000
1.204786 9.193225 -0.451047 307350496.000000
2.143969 8.962317 -2.907279 307450944.000000
0.236889 8.277969 -4.747360 307550432.000000
0.171087 8.182258 -4.459025 307650720.000000
0.466600 6.827919 -6.472585 307750560.000000
0.200997 6.565905 -8.221739 307850752.000000
0.424726 6.144768 -7.683353 307950464.000000
-0.495314 5.230711 -6.664011 308050720.000000
-0.713061 3.783052 -9.511470 308150528.000000
-0.460618 3.440879 -11.235498 308250688.000000
0.911665 1.765903 -8.000402 308350432.000000
0.574277 0.613759 -10.207782 308450720.000000
-0.351745 0.214158 -7.764710 308550432.000000
0.220140 -0.198604 -9.457631 308650752.000000
-0.309871 0.003589 -10.756934 308750432.000000
0.005982 -0.223729 -9.463614 308850752.000000
0.027517 -0.165105 -9.463614 308950592.000000
0.022732 -0.185444 -9.481560 309050720.000000
0.039482 -0.198604 -9.494720 309150464.000000
0.015553 -0.186640 -9.471989 309250720.000000
0.026321 -0.177069 -9.462417 309350496.000000
0.038285 -0.181855 -9.476774 309450688.000000
0.033500 -0.202193 -9.469595 309550496.000000
0.043071 -0.202193 -9.493524 309650720.000000
0.002393 -0.186640 -9.426525 309750496.000000
0.015553 -0.189033 -9.467202 309850752.000000
-0.154337 -0.004786 -9.450454 309950496.000000
-0.016750 -0.224925 -9.451650 310050720.000000
-0.124427 -0.148355 -9.500702 310150432.000000
-0.208176 -0.038285 -9.482756 310250720.000000
-0.016750 -0.801596 -9.718449 310350496.000000
0.434297 -2.395216 -9.139386 310450912.000000
-0.226122 -3.753142 -8.644072 310550528.000000
0.159123 -5.889933 -7.125826 310650720.000000
-0.440279 -6.941578 -7.021738 310750432.000000
0.576670 -8.155936 -4.809574 310850720.000000
0.957129 -9.929017 -2.094916 310950432.000000
0.731007 -9.239884 -2.638087 311050720.000000
0.081356 -9.351151 -1.490728 311150528.000000
1.043271 -9.547362 1.111466 311250688.000000
0.283549 -9.633504 0.920040 311350464.000000
0.214158 -8.012366 5.056034 311450688.000000
0.973879 -6.189036 8.377272 311550432.000000
0.914058 -4.055835 9.451650 311650688.000000
-0.050249 -1.810170 10.046266 311750464.000000
0.106481 0.454636 9.755538 311850752.000000
-0.367298 -0.308674 16.752151 311950560.000000
-0.711865 0.185444 10.173084 312050720.000000
0.004786 0.241675 11.650653 312150432.000000
-0.370888 0.254836 11.174481 312250784.000000
-0.275175 0.211765 10.937593 312350496.000000
0.770489 0.104088 10.010373 312450720.000000
0.043071 0.206979 10.158729 312550432.000000
0.083749 0.204586 9.560523 312650432.000000
-0.009571 0.208176 10.115658 312750400.000000
0.016750 0.242871 10.212566 312850816.000000
0.053839 0.238086 10.067801 312950464.000000
-0.027517 0.220140 10.254441 313050496.000000
-0.007178 0.236889 10.222138 313150656.000000
0.014357 0.223729 10.162319 313250496.000000
0.004786 0.217747 10.164711 313350688.000000
0.123230 0.205783 9.856036 313450720.000000
0.032303 0.208176 10.074981 313550720.000000
0.001196 0.211765 10.084551 313650560.000000
0.022732 0.232104 10.149158 313750720.000000
0.005982 0.210568 10.234102 313850464.000000
0.017946 0.234497 10.237692 313950752.000000
-0.122034 0.256032 10.431510 314050464.000000
-0.256032 0.251246 10.207782 314150720.000000
0.084945 0.212961 10.208978 314250528.000000
0.058624 0.210568 10.199407 314350720.000000
0.070588 0.210568 10.163515 314450496.000000
-0.040678 0.229711 10.113264 314550720.000000
0.492921 0.735793 10.735399 314650464.000000
-0.052642 0.951147 10.984252 314750720.000000
0.022732 2.386841 10.289137 314850464.000000
-0.013161 2.995814 9.826126 314950912.000000
-0.399601 4.071388 8.871389 315050464.000000
0.130409 5.681757 8.285149 315150720.000000
-0.464208 6.795617 7.085148 315250528.000000
-0.515653 7.931011 5.263013 315350720.000000
-1.228714 8.930015 4.135994 315450496.000000
-1.298106 9.383453 2.681158 315550752.000000
-0.727418 9.400204 1.546960 315650432.000000
-0.333799 9.273384 -0.373280 315750720.000000
0.053839 8.738588 -2.725425 315850560.000000
-0.819542 8.544770 -4.133601 315950720.000000
-0.297906 7.521838 -5.410172 316050464.000000
0.061017 6.424729 -6.675975 316150720.000000
-0.693919 5.402994 -7.673782 316250496.000000
-0.625723 3.980460 -8.422735 316350720.000000
-0.401994 3.280560 -10.138390 316450880.000000
-0.727418 1.351945 -12.594622 316550496.000000
0.385244 1.280160 -10.128819 316650688.000000
1.244268 0.429512 -13.769498 316750528.000000
1.337588 0.960718 -7.543374 316850688.000000
0.362513 -0.719043 -8.225327 316950432.000000
0.074178 -0.254836 -9.455239 317050656.000000
0.065803 -0.258425 -9.438489 317150464.000000
0.041874 -0.254836 -9.481560 317250560.000000
0.100499 -0.262014 -9.491131 317350688.000000
0.066999 -0.253639 -9.467202 317450528.000000
0.080160 -0.257228 -9.495917 317550560.000000
0.051446 -0.273978 -9.476774 317650656.000000
0.070588 -0.305085 -9.454042 317750496.000000
0.058624 -0.282353 -9.439686 317850688.000000
0.076570 -0.278764 -9.455239 317950688.000000
0.064606 -0.246461 -9.463614 318050720.000000
0.065803 -0.273978 -9.482756 318150464.000000
0.034696 -0.317049 -9.443274 318250656.000000
0.062213 -0.453440 -9.421739 318350496.000000
0.222532 -0.211765 -9.487542 318450688.000000
0.009571 -1.018146 -9.653843 318550464.000000
0.364905 -1.763510 -9.256634 318650656.000000
0.023928 -3.243471 -9.069994 318750560.000000
0.151944 -5.454439 -7.525427 318850720.000000
0.522832 -6.671190 -6.107680 318950464.000000
0.683151 -7.986045 -5.142176 319050688.000000
0.057428 -8.822337 -3.092723 319150592.000000
0.021535 -9.401401 -1.064806 319250752.000000
-0.028714 -9.714860 0.356531 319350496.000000
-0.193819 -9.619147 2.194218 319450912.000000
0.168694 -8.998209 4.137190 319550496.000000
0.277567 -8.098508 5.586044 319650688.000000
0.314656 -7.477571 6.607780 319750496.000000
0.601795 -6.652047 7.755138 319850688.000000
0.601795 -5.662615 8.328219 319950464.000000
0.117248 -5.629115 8.274381 320050688.000000
-0.232104 -5.056034 8.522038 320150496.000000
-0.215354 -3.600002 9.314062 320250688.000000
-0.267996 -3.248257 9.046066 320350496.000000
0.289532 -2.744568 9.556933 320450720.000000
-0.428315 -2.428715 10.510474 320550496.000000
0.081356 -1.302892 9.842876 320650688.000000
-0.248854 -0.789631 9.718449 320750496.000000
-0.117248 -0.501296 10.269995 320850720.000000
-0.307478 0.738186 10.060623 320950688.000000
-0.302692 0.132802 10.120443 321050720.000000
-0.074178 -0.417548 10.267602 321150528.000000
-0.104088 -0.021535 10.237692 321250656.000000
0.149551 0.652044 10.258030 321350496.000000
0.064606 0.267996 10.155140 321450688.000000
0.049053 0.291924 10.164711 321550496.000000
0.040678 0.300299 10.152746 321650656.000000
0.062213 0.295514 10.187442 321750496.000000
0.058624 0.282353 10.235298 321850752.000000
0.142373 0.270389 10.061819 321950496.000000
0.159123 0.290728 10.207782 322050656.000000
0.173480 0.300299 10.195816 322150368.000000
0.190229 0.275175 10.152746 322250432.000000
0.155533 0.294317 10.177871 322350496.000000
0.144766 0.273978 10.171888 322450592.000000
0.135194 0.281157 10.179067 322550592.000000
0.174676 0.282353 10.157533 322650592.000000
0.191426 0.234497 10.132407 322750528.000000
0.173480 0.387637 10.101300 322850624.000000
0.197408 0.283549 10.143176 322950336.000000
0.222532 0.326620 10.156336 323050400.000000
0.218943 0.288335 10.161121 323150400.000000
0.217747 0.263210 10.150353 323250432.000000
0.199801 0.278764 10.169496 323350368.000000
0.245264 0.259621 10.161121 323450400.000000
0.235693 0.345763 10.153944 323550400.000000
0.275175 0.299103 10.220942 323650368.000000
0.239282 0.267996 10.164711 323750336.000000
0.254836 0.284746 10.177871 323850368.000000
0.253639 0.278764 10.170692 323950944.000000
0.241675 0.294317 10.213763 324050464.000000
0.222532 0.299103 10.194620 324150624.000000
0.226122 0.264407 10.186246 324250656.000000
0.235693 0.295514 10.179067 324350720.000000
0.240479 0.240479 10.146765 324450656.000000
0.258425 0.281157 10.162319 324550528.000000
0.246461 0.259621 10.165908 324650752.000000
0.228515 0.267996 10.181459 324750528.000000
0.227318 0.272782 10.213763 324850688.000000
0.187837 0.239282 10.199407 324950400.000000
0.183051 0.634098 10.364511 325050656.000000
0.325424 0.046660 10.262815 325150560.000000
0.159123 0.486939 10.262815 325250720.000000
-0.114855 0.099302 10.131211 325350592.000000
0.083749 0.221336 10.616954 325450912.000000
0.658026 0.216550 10.259227 325550528.000000
0.184247 0.284746 10.181459 325650720.000000
0.205783 0.282353 10.210175 325750496.000000
0.137587 0.245264 10.181459 325850720.000000
0.149551 0.287139 10.250853 325950464.000000
0.242871 0.287139 10.112068 326050592.000000
-0.205783 0.324227 10.126426 326150496.000000
0.196211 0.287139 10.163515 326250688.000000
0.171087 0.300299 10.214959 326350432.000000
0.157926 0.275175 10.143176 326450720.000000
0.043071 0.325424 10.115658 326550528.000000
0.230907 0.287139 10.222138 326650720.000000
0.189033 0.287139 10.199407 326750464.000000
0.156730 0.296710 10.060623 326850688.000000
0.135194 0.277567 10.156336 326950688.000000
0.100499 0.245264 10.182656 327050688.000000
0.099302 0.276371 10.163515 327150464.000000
0.110070 0.277567 10.181459 327250656.000000
0.185444 0.248854 10.234102 327350496.000000
0.181855 0.293121 10.180264 327450752.000000
0.220140 0.294317 10.187442 327550496.000000
0.178265 0.282353 10.153944 327650752.000000
0.056231 0.334995 10.175477 327750528.000000
0.187837 0.289532 10.216157 327850688.000000
0.206979 0.299103 10.207782 327950496.000000
0.262014 0.277567 10.121639 328050688.000000
0.151944 0.284746 10.126426 328150496.000000
0.267996 0.308674 10.134801 328250688.000000
0.064606 0.423530 10.340584 328350496.000000
0.594616 0.378066 10.937593 328450944.000000
0.891326 1.647458 10.413565 328550560.000000
0.616152 1.700100 10.255639 328650720.000000
0.283549 3.139383 9.960124 328750560.000000
1.152144 4.712664 8.886944 328850688.000000
-0.502493 5.545367 7.660622 328950464.000000
1.494318 6.595816 7.695317 329050688.000000
0.776471 7.794620 6.334998 329150528.000000
0.943969 8.772088 4.951947 329250720.000000
0.522832 8.487342 3.701697 329350496.000000
0.133998 8.919247 2.368894 329450656.000000
-0.046660 9.736395 2.280360 329550496.000000
0.029910 9.908678 1.799403 329650592.000000
0.349352 10.097712 1.476372 329750336.000000
0.471386 9.571291 -0.281157 329850592.000000
0.684347 8.712267 -1.149751 329950656.000000
-0.556331 8.593822 -2.427519 330050688.000000
-1.959722 7.234699 -6.167500 330150528.000000
-1.182054 5.380262 -5.654240 330250720.000000
0.698704 4.122833 -8.904889 330350528.000000
2.067399 2.902494 -10.978271 330450688.000000
-0.641276 1.873580 -7.977671 330550496.000000
0.782453 0.538385 -8.682357 330650656.000000
1.082752 -0.278764 -7.788638 330750464.000000
0.126820 0.704686 -9.714860 330850624.000000
0.278764 0.119641 -9.294919 330950528.000000
-0.137587 -0.544367 -9.064013 331050688.000000
0.061017 -0.241675 -9.469595 331150432.000000
0.078963 -0.257228 -9.464810 331250752.000000
0.071785 -0.285942 -9.391829 331350496.000000
0.072981 -0.276371 -9.430114 331450848.000000
0.064606 -0.251246 -9.468399 331551136.000000
-0.290728 -1.130609 -9.341579 331650688.000000
-0.026321 -0.497707 -9.406186 331750528.000000
0.479761 -2.280360 -9.595219 331850688.000000
-0.512064 -2.872583 -9.393025 331950496.000000
0.419940 -5.315656 -7.667800 332050688.000000
0.798006 -7.208378 -6.143572 332150432.000000
0.707079 -8.231310 -3.376273 332250720.000000
-0.579063 -9.007781 -2.225325 332350496.000000
0.034696 -9.640682 0.557528 332450656.000000
-0.167498 -8.528020 4.384847 332550592.000000
0.143569 -6.782455 7.137790 332650496.000000
-0.494118 -5.332406 8.616554 332750720.000000
-0.742971 -3.449254 9.632307 332850496.000000
0.263210 -2.001596 10.161121 332950848.000000
-0.051446 0.210568 10.285547 333050528.000000
-0.299103 0.107677 9.830912 333150656.000000
0.660419 0.317049 9.645468 333250560.000000
-0.153141 0.378066 10.333405 333350720.000000
0.139980 0.296710 10.216157 333450592.000000
0.002393 0.311067 10.187442 333550720.000000
0.080160 0.295514 10.202995 333650496.000000
0.070588 0.299103 10.223334 333750688.000000
0.160319 0.299103 9.876375 333850368.000000
0.104088 0.321835 10.173084 333950432.000000
0.105284 0.315853 10.195816 334050400.000000
0.108873 0.314656 10.157533 334150464.000000
0.046660 0.314656 10.201799 334250528.000000
0.074178 0.306281 10.173084 334350464.000000
0.055035 0.303888 10.153944 334450784.000000
0.063410 0.303888 10.169496 334550464.000000
0.065803 0.321835 10.180264 334650464.000000
0.069392 0.318245 10.189835 334750592.000000
0.025125 0.318245 10.216157 334850720.000000
0.050249 0.323031 10.168301 334950528.000000
0.076570 0.330210 10.185050 335050560.000000
0.072981 0.297906 10.214959 335150784.000000
0.049053 0.305085 10.163515 335250464.000000
0.074178 0.300299 10.202995 335350688.000000
0.044267 0.317049 10.133603 335450464.000000
0.059821 0.300299 10.192227 335550656.000000
0.070588 0.309871 10.169496 335650496.000000
0.055035 0.323031 10.177871 335750688.000000
0.098106 0.317049 10.159925 335850496.000000
0.044267 0.300299 10.232906 335950848.000000
0.023928 0.300299 10.156336 336050496.000000
0.064606 0.270389 10.183852 336150624.000000
0.039482 0.306281 10.171888 336250624.000000
0.023928 0.326620 10.159925 336350656.000000
0.052642 0.282353 10.191031 336450496.000000
0.114855 0.256032 10.195816 336550720.000000
0.111266 0.199801 10.132407 336650496.000000
0.052642 0.193819 10.177871 336750720.000000
0.049053 0.296710 10.170692 336850560.000000
0.056231 0.223729 10.163515 336950720.000000
0.044267 0.313460 10.171888 337050528.000000
-0.044267 0.312263 10.180264 337150720.000000
0.092124 0.295514 10.181459 337250496.000000
0.070588 0.294317 10.169496 337350720.000000
0.061017 0.307478 10.169496 337450688.000000
0.090927 0.320638 10.180264 337550688.000000
0.072981 0.302692 10.191031 337650560.000000
0.076570 0.314656 10.180264 337750720.000000
0.065803 0.295514 10.159925 337850560.000000
0.088534 0.289532 10.189835 337950720.000000
0.114855 0.306281 10.171888 338050400.000000
0.077767 0.297906 10.167104 338150400.000000
0.064606 0.302692 10.165908 338250464.000000
0.068195 0.323031 10.173084 338350496.000000
0.051446 0.320638 10.222138 338450496.000000
0.075374 0.311067 10.173084 338550624.000000
0.082552 0.313460 10.179067 338650400.000000
0.031107 0.309871 10.225728 338750464.000000
0.058624 0.320638 10.150353 338850432.000000
0.071785 0.312263 10.173084 338950688.000000
0.043071 0.329013 10.187442 339050432.000000
0.106481 0.313460 10.134801 339150400.000000
0.078963 0.305085 10.165908 339250496.000000
0.061017 0.309871 10.152746 339350560.000000
0.058624 0.307478 10.182656 339450560.000000
0.074178 0.324227 10.206585 339550368.000000
0.102891 0.311067 10.183852 339650432.000000
0.056231 0.293121 10.170692 339750528.000000
0.080160 0.324227 10.198210 339850560.000000
0.072981 0.324227 10.237692 339950432.000000
0.083749 0.305085 10.139585 340050400.000000
0.064606 0.324227 10.177871 340150528.000000
0.055035 0.285942 10.145569 340250560.000000
0.070588 0.311067 10.151550 340350560.000000
0.052642 0.314656 10.193424 340450496.000000
0.037089 0.330210 10.161121 340550464.000000
0.064606 0.315853 10.174281 340650464.000000
0.046660 0.312263 10.134801 340750528.000000
-0.130409 0.321835 10.738988 340850752.000000
0.062213 0.306281 10.143176 340950400.000000
0.038285 0.290728 10.194620 341050400.000000
0.044267 0.329013 10.211370 341150720.000000
0.116052 0.319442 9.979266 341250752.000000
0.055035 0.326620 10.271191 341350464.000000
0.065803 0.305085 10.168301 341450528.000000
0.047856 0.294317 10.194620 341550976.000000
0.043071 0.319442 10.204191 341652384.000000
0.074178 0.312263 10.188639 341750464.000000
0.072981 0.290728 10.204191 341850656.000000
0.099302 0.291924 10.151550 341950656.000000
0.104088 0.296710 10.206585 342050432.000000
0.094516 0.283549 10.181459 342150464.000000
0.011964 0.424726 10.275976 342250464.000000
0.047856 0.399601 10.149158 342350912.000000
0.001196 -0.364905 10.421940 342450432.000000
0.046660 -1.112662 10.595419 342550592.000000
0.260818 -3.297310 9.529416 342650816.000000
-0.081356 -4.329813 9.121440 342750656.000000
-0.071785 -5.989235 8.215756 342850720.000000
0.105284 -7.441679 6.580262 342950464.000000
-0.028714 -8.414361 4.813163 343050688.000000
0.208176 -9.381061 2.316252 343150496.000000
-0.780060 -9.603594 0.884148 343250720.000000
-0.564706 -9.582059 -1.135394 343350464.000000
-0.167498 -9.336794 -1.917847 343450880.000000
-0.442672 -8.626125 -3.745964 343550528.000000
-0.461815 -7.810174 -4.995017 343650688.000000
-0.066999 -6.845865 -6.882955 343750528.000000
0.179462 -4.290331 -8.303094 343850688.000000
0.117248 -3.257828 -9.038888 343950400.000000
-0.167498 -0.788435 -9.627522 344050624.000000
0.325424 -0.376870 -11.083554 344150496.000000
-0.017946 -0.355334 -9.485149 344250688.000000
0.221336 -0.147159 -8.732606 344350560.000000
0.014357 -0.228515 -9.432507 344450720.000000
0.077767 -0.241675 -9.445667 344550496.000000
0.074178 -0.273978 -9.437292 344650688.000000
0.089731 -0.247657 -9.450454 344750592.000000
0.045464 -0.245264 -9.395418 344850624.000000
0.015553 -0.068195 -9.684950 344950560.000000
-0.094516 0.014357 -9.397811 345050720.000000
0.540778 -0.257228 -9.509077 345150496.000000
1.950150 -0.362513 -9.553344 345250624.000000
-0.035892 0.736989 -9.367901 345350496.000000
0.240479 -0.072981 -9.565309 345450688.000000
-2.373680 0.756132 -9.314062 345550464.000000
0.129212 0.217747 -9.815358 345650656.000000
0.350549 0.212961 -9.245867 345750464.000000
2.085345 -0.181855 -11.727223 345850400.000000
-0.559920 0.844666 -10.661221 345950592.000000
-0.271585 2.270789 -11.026128 346050688.000000
-0.526421 3.129812 -10.259227 346150528.000000
0.625723 4.518846 -7.820941 346250720.000000
-0.056231 5.815755 -6.759724 346350496.000000
-0.113659 6.762117 -4.351348 346450848.000000
-0.221336 7.771888 -1.325624 346550496.000000
0.908076 8.993424 -0.424726 346650368.000000
-0.620937 9.372685 0.989432 346750368.000000
-1.289732 9.104690 2.437090 346850464.000000
-1.850848 8.438289 5.113462 346950368.000000
-1.852045 7.582855 6.628119 347050368.000000
-1.706082 5.575277 7.600801 347150464.000000
-0.508475 3.975675 8.318647 347250496.000000
-0.284746 3.498307 9.836893 347350656.000000
-0.467797 2.362912 10.390833 347450368.000000
-0.520439 0.798006 9.661021 347550368.000000
-0.870987 0.893719 10.234102 347651040.000000
0.327817 0.876970 10.278370 347750368.000000
0.173480 0.180658 9.943375 347850336.000000
0.155533 0.117248 9.871590 347950464.000000
0.084945 0.150748 10.262815 348050368.000000
-0.333799 0.168694 10.992627 348150400.000000
0.308674 0.151944 10.208978 348250432.000000
0.111266 0.144766 10.168301 348350400.000000
0.057428 0.137587 10.258030 348450368.000000
-0.055035 0.165105 10.193424 348550336.000000
0.046660 0.159123 10.225728 348650432.000000
0.178265 0.136391 10.268798 348750496.000000
0.013161 0.148355 10.441081 348850656.000000
0.049053 0.132802 10.225728 348950528.000000
0.026321 0.163908 10.193424 349050496.000000
0.047856 0.177069 10.201799 349150464.000000
0.039482 0.162712 10.116854 349250752.000000
0.049053 0.144766 10.259227 349350528.000000
0.035892 0.149551 10.098907 349450816.000000
0.029910 0.151944 10.207782 349550464.000000
0.041874 0.130409 10.162319 349650496.000000
0.056231 0.130409 10.157533 349750720.000000
0.044267 0.159123 10.208978 349850496.000000
0.053839 0.163908 10.182656 349950688.000000
0.016750 0.141177 10.198210 350050464.000000
0.025125 0.128016 10.169496 350151872.000000
0.098106 0.122034 9.972089 350250400.000000
0.038285 0.142373 10.219746 350350560.000000
0.021535 0.153141 10.199407 350450496.000000
0.022732 0.166301 10.170692 350550688.000000
0.022732 0.147159 10.194620 350650528.000000
0.029910 0.150748 10.205389 350750688.000000
0.026321 0.147159 10.156336 350850400.000000
0.035892 0.168694 10.200603 350950528.000000
0.035892 0.157926 10.179067 351050528.000000
0.015553 0.149551 10.191031 351150336.000000
0.019143 0.167498 10.210175 351250432.000000
0.015553 0.168694 10.186246 351350624.000000
0.065803 0.153141 10.161121 351450464.000000
0.011964 0.148355 10.230514 351550560.000000
0.033500 0.151944 10.279566 351650560.000000
0.025125 0.159123 10.254441 351750560.000000
-0.086142 0.148355 10.256834 351850464.000000
-0.279960 0.032303 10.088140 351950528.000000
-0.172283 -0.836291 10.450653 352050464.000000
0.276371 -2.256432 9.769895 352150656.000000
0.186640 -2.908476 9.608379 352250368.000000
0.007178 -3.403790 9.370294 352350688.000000
0.616152 -3.932604 9.474380 352450624.000000
0.318245 -4.762914 9.260223 352550720.000000
0.023928 -5.962914 8.370094 352650496.000000
-0.111266 -6.735795 7.330412 352750688.000000
-0.307478 -8.078169 5.712864 352850496.000000
-0.563510 -8.641679 4.191029 352950720.000000
-0.166301 -9.592826 2.411965 353051200.000000
-0.082552 -9.519845 -0.489332 353150656.000000
-0.809970 -8.902496 -2.922833 353250464.000000
-0.099302 -7.618747 -5.285746 353350752.000000
-1.113859 -6.022735 -7.002595 353450560.000000
0.443869 -4.253242 -8.376076 353550848.000000
0.617348 -2.189433 -8.008778 353650432.000000
0.854238 -0.955933 -7.978867 353750432.000000
-0.568295 -2.553142 -9.326026 353850368.000000
-0.467797 -0.137587 -9.485149 353950432.000000
-0.145962 0.178265 -9.451650 354050368.000000
0.017946 0.303888 -9.481560 354150496.000000
0.014357 0.046660 -9.445667 354250528.000000
0.010768 0.027517 -9.412168 354350784.000000
-0.007178 0.031107 -9.424131 354450560.000000
0.002393 0.047856 -9.444471 354550656.000000
-0.020339 0.008375 -9.489935 354650400.000000
-0.211765 0.216550 -9.635897 354750688.000000
-0.117248 0.284746 -9.589236 354850496.000000
-0.587438 0.415155 -9.501899 354950720.000000
-1.533799 0.746561 -11.224730 355050496.000000
-0.350549 1.720440 -11.059627 355150720.000000
0.655633 2.305485 -9.095119 355250528.000000
-0.092124 4.264010 -8.356933 355350720.000000
0.184247 5.566902 -7.178468 355450688.000000
0.379262 6.491727 -5.071588 355550720.000000
0.988236 8.463413 -3.862016 355650464.000000
0.669990 8.428718 -3.934997 355750720.000000
0.214158 9.086744 -1.884348 355850464.000000
0.847059 9.567701 0.171087 355950688.000000
-0.503689 9.208777 1.941776 356050528.000000
-0.427119 8.361719 3.852444 356150656.000000
0.597009 7.104291 5.949754 356250720.000000
0.311067 5.357530 8.013563 356350528.000000
-0.446261 3.108276 10.736595 356450720.000000
-0.044267 2.074577 10.676775 356550528.000000
0.130409 0.885344 9.509077 356650688.000000
-0.394816 0.191426 10.357333 356750496.000000
-0.119641 0.252443 11.081161 356850720.000000
0.404387 0.133998 8.800802 356950720.000000
-0.003589 0.215354 10.541580 357050720.000000
-0.083749 0.142373 10.535598 357150528.000000
0.307478 0.147159 9.661021 357250688.000000
0.019143 0.151944 9.975677 357350528.000000
-0.332602 0.165105 10.350154 357450528.000000
-0.605384 0.195015 10.711470 357550400.000000
-0.368495 0.189033 10.217353 357650528.000000
-0.068195 0.139980 10.210175 357750464.000000
-0.025125 0.166301 10.191031 357850560.000000
-0.041874 0.144766 10.217353 357950368.000000
0.039482 0.139980 10.122837 358050432.000000
0.039482 0.165105 10.182656 358150464.000000
-0.044267 0.148355 10.219746 358250560.000000
-0.045464 0.157926 10.181459 358350560.000000
-0.034696 0.160319 10.173084 358450816.000000
-0.040678 0.138784 10.193424 358550560.000000
-0.011964 0.153141 10.191031 358650752.000000
0.216550 0.239282 10.213763 358750528.000000
-0.013161 0.157926 10.225728 358850720.000000
-0.013161 0.223729 10.200603 358950592.000000
-0.047856 0.177069 10.198210 359050656.000000
-0.015553 0.151944 10.216157 359150688.000000
-0.039482 0.141177 10.144372 359250528.000000
-0.035892 0.154337 10.181459 359350688.000000
-0.011964 0.149551 10.187442 359450496.000000
-0.002393 0.150748 10.206585 359550688.000000
-0.070588 0.264407 10.171888 359650528.000000
-0.159123 -0.558724 10.162319 359750720.000000
0.684347 -0.259621 10.223334 359850432.000000
-0.330210 -2.136791 9.914660 359950944.000000
0.397209 -4.055835 9.738789 360050528.000000
-0.514457 -5.015356 8.847462 360150720.000000
0.388834 -6.291927 7.484749 360250496.000000
-0.305085 -7.652246 6.094519 360350752.000000
0.253639 -9.212367 3.556931 360450496.000000
-0.552742 -9.688539 1.564906 360550720.000000
-0.381655 -9.674182 0.780060 360650528.000000
0.046660 -9.321240 -1.265803 360750720.000000
-0.265603 -7.750352 -5.651847 360850496.000000
0.550349 -6.375676 -6.885347 360950688.000000
0.282353 -3.763910 -8.744570 361050464.000000
1.582852 -1.909473 -9.361918 361150720.000000
-0.495314 -3.025724 -6.847062 361250528.000000
-0.253639 -0.876970 -9.863215 361350720.000000
0.506082 -0.157926 -8.754142 361450688.000000
0.193819 -0.191426 -9.426525 361550720.000000
0.197408 -0.197408 -9.445667 361650496.000000
0.197408 -0.211765 -9.434900 361750688.000000
0.200997 -0.202193 -9.477970 361851168.000000
1.009771 -0.748954 -9.626326 361950688.000000
0.600598 -0.071785 -9.400204 362050432.000000
0.262014 -0.232104 -9.467202 362150720.000000
0.192622 -0.047856 -9.489935 362250496.000000
0.610170 0.051446 -10.280763 362350720.000000
0.451047 1.207179 -10.213763 362450528.000000
0.703490 2.586641 -10.651650 362550656.000000
-0.345763 2.364109 -9.501899 362650496.000000
0.509671 4.323831 -7.567302 362750720.000000
1.092324 5.560920 -6.106483 362850528.000000
0.084945 7.469195 -4.177868 362950848.000000
-0.307478 9.311669 -3.354738 363050432.000000
0.004786 9.250652 -1.150948 363150720.000000
0.204586 9.225528 2.346163 363250496.000000
-0.236889 8.622537 4.329813 363350656.000000
-0.665205 7.928618 5.816952 363450464.000000
-0.551546 6.599405 7.477571 363550720.000000
-0.139980 5.351548 8.682357 363650496.000000
0.381655 4.132405 9.054441 363750720.000000
0.870987 2.560320 10.423136 363850464.000000
0.848256 1.356731 9.945767 363950624.000000
0.790828 0.508475 10.534401 364050720.000000
1.138984 0.543171 10.304690 364150496.000000
0.132802 -0.071785 10.073784 364250656.000000
1.201197 -0.002393 9.273384 364351136.000000
0.021535 0.215354 10.214959 364450752.000000
-0.081356 0.161516 10.414761 364550496.000000
-0.011964 0.167498 10.189835 364650720.000000
-0.017946 0.177069 10.217353 364750464.000000
0.128016 0.191426 10.435099 364850432.000000
0.349352 0.175872 9.176475 364950432.000000
0.451047 0.157926 8.889337 365050560.000000
0.568295 0.128016 9.662218 365150592.000000
-0.210568 0.203390 10.762917 365250528.000000
-0.034696 0.226122 10.862220 365350400.000000
0.066999 0.235693 10.277173 365450528.000000
-0.058624 0.160319 10.535598 365550592.000000
0.138784 0.179462 9.744770 365650560.000000
0.044267 0.199801 10.194620 365750432.000000
0.090927 0.171087 9.841680 365850528.000000
-0.029910 0.155533 10.303494 365950496.000000
0.171087 0.242871 8.967103 366050560.000000
0.150748 0.174676 9.696914 366150432.000000
0.104088 0.163908 9.810574 366250464.000000
0.040678 0.208176 9.999605 366350976.000000
-0.003589 0.180658 10.258030 366450528.000000
0.061017 0.148355 10.238889 366550400.000000
-0.041874 0.165105 10.579866 366650496.000000
0.175872 0.137587 9.603594 366750432.000000
0.112463 0.166301 9.859627 366850400.000000
0.056231 0.190229 10.097712 366950528.000000
-0.005982 0.216550 10.421940 367050368.000000
-0.041874 0.150748 10.408779 367151040.000000
0.074178 0.151944 10.175477 367250464.000000
0.022732 0.178265 10.229317 367350656.000000
-0.189033 0.178265 10.868200 367450624.000000
-0.013161 0.177069 10.435099 367550464.000000
-0.001196 0.168694 10.273583 367650816.000000
-0.004786 0.183051 10.192227 367750496.000000
0.071785 0.154337 10.094121 367850368.000000
-0.069392 0.179462 10.539186 367950528.000000
0.055035 0.148355 10.023535 368050528.000000
-0.005982 0.186640 10.234102 368150624.000000
-0.001196 0.154337 10.181459 368250528.000000
0.005982 0.177069 10.206585 368350688.000000
0.010768 0.167498 10.187442 368450496.000000
0.031107 0.185444 10.175477 368550688.000000
0.027517 0.191426 10.183852 368650496.000000
0.023928 0.157926 10.228121 368750720.000000
0.013161 0.162712 10.186246 368850816.000000
0.011964 0.193819 10.637293 368950496.000000
0.317049 0.155533 9.123833 369050656.000000
0.343370 0.165105 9.178867 369150560.000000
-0.358923 0.171087 11.229517 369250528.000000
-0.192622 0.241675 11.273784 369350368.000000
0.306281 0.153141 9.251849 369450560.000000
0.262014 0.161516 9.430114 369550624.000000
-0.155533 0.098106 10.810772 369650560.000000
-0.416351 0.174676 11.562119 369750432.000000
-0.336192 0.075374 11.405389 369850816.000000
0.206979 0.210568 9.603594 369950560.000000
0.364905 0.181855 9.119047 370050624.000000
-0.256032 0.167498 11.118251 370150432.000000
0.191426 0.153141 9.597611 370250496.000000
0.106481 0.180658 9.836893 370350528.000000
0.020339 0.168694 10.143176 370450656.000000
0.113659 0.131605 9.978070 370550400.000000
-0.071785 0.145962 10.603793 370650496.000000
0.043071 0.184247 10.071390 370750560.000000
0.016750 0.154337 10.302298 370850432.000000
0.308674 0.172283 9.661021 370950400.000000
0.367298 0.148355 9.097511 371050528.000000
0.422333 0.157926 9.013763 371150560.000000
0.132802 0.203390 9.943375 371250624.000000
-0.690329 0.105284 12.196217 371350432.000000
-0.689133 0.220140 11.502297 371450528.000000
-0.705883 0.192622 11.436496 371550528.000000
-0.626920 0.196211 11.422139 371650560.000000
-0.540778 0.156730 11.436496 371750400.000000
0.257228 0.161516 9.460024 371850752.000000
0.373280 0.179462 9.116654 371951552.000000
0.366102 0.147159 9.253045 372050528.000000
-0.635294 0.216550 11.321640 372150400.000000
0.095713 0.098106 11.505888 372250432.000000
-0.081356 0.141177 10.559525 372350496.000000
-0.014357 0.178265 10.272388 372450528.000000
0.051446 0.154337 10.152746 372550528.000000
-0.334995 0.150748 11.278569 372650464.000000
0.026321 0.253639 10.252048 372750464.000000
0.191426 0.166301 9.699306 372850528.000000
0.104088 0.163908 9.839286 372950496.000000
0.005982 0.153141 10.329816 373050816.000000
-0.053839 0.154337 10.340584 373150432.000000
0.027517 0.142373 10.164711 373250528.000000
0.015553 0.183051 10.213763 373350528.000000
-0.001196 0.162712 10.170692 373450688.000000
0.037089 0.195015 10.156336 373550912.000000
-0.112463 0.161516 10.734202 373650400.000000
-0.033500 0.160319 10.360922 373750464.000000
0.014357 0.167498 10.145569 373850528.000000
-0.297906 0.167498 10.841879 373950432.000000
0.313460 0.177069 9.352347 374050400.000000
-0.329013 0.174676 11.199607 374150912.000000
0.148355 0.195015 9.686146 374251008.000000
0.093320 0.162712 9.821341 374351040.000000
0.190229 0.171087 9.577272 374450400.000000
-0.278764 0.113659 11.273784 374550400.000000
0.203390 0.161516 9.629914 374650464.000000
-0.021535 0.161516 10.411172 374750528.000000
-0.005982 0.144766 10.359726 374850400.000000
-0.008375 0.179462 10.285547 374950464.000000
0.015553 0.156730 10.185050 375050560.000000
-0.019143 0.148355 10.218549 375150464.000000
-0.002393 0.141177 10.207782 375250528.000000
-0.214158 0.143569 11.084750 375350400.000000
-0.589831 0.172283 11.472387 375450368.000000
-0.549153 0.193819 11.481958 375550720.000000
-0.470190 0.198604 11.368300 375650528.000000
-0.038285 0.270389 10.716256 375750528.000000
0.534796 0.160319 8.755339 375850368.000000
0.056231 0.157926 10.016356 375950400.000000
0.063410 0.156730 9.943375 376050496.000000
0.022732 0.157926 10.131211 376150560.000000
-0.017946 0.156730 10.207782 376250432.000000
0.136391 0.177069 9.702895 376350400.000000
0.065803 0.135194 9.968499 376450592.000000
0.050249 0.135194 10.107283 376550560.000000
0.020339 0.165105 10.202995 376650528.000000
-0.023928 0.187837 10.250853 376750656.000000
0.015553 0.150748 10.226924 376850528.000000
0.004786 0.155533 10.244871 376950464.000000
-0.007178 0.167498 10.228121 377050464.000000
-0.009571 0.190229 10.261620 377150464.000000
-0.009571 0.161516 10.183852 377250400.000000
-0.013161 0.163908 10.214959 377350432.000000
-0.009571 0.151944 10.168301 377450496.000000
0.007178 0.175872 10.208978 377550880.000000
0.017946 0.172283 10.255639 377650560.000000
-0.020339 0.163908 10.230514 377750464.000000
-0.025125 0.155533 10.208978 377850688.000000
-0.008375 0.156730 10.188639 377950656.000000
-0.014357 0.187837 10.229317 378050720.000000
0.002393 0.159123 10.278370 378150496.000000
-0.005982 0.166301 10.232906 378250688.000000
-0.027517 0.166301 10.234102 378350496.000000
-0.025125 0.165105 10.225728 378450688.000000
-0.022732 0.179462 10.188639 378550496.000000
0.005982 0.200997 10.242477 378650656.000000
0.005982 0.166301 10.161121 378750496.000000
-0.007178 0.157926 10.222138 378850688.000000
-0.014357 0.167498 10.228121 378950464.000000
-0.020339 0.165105 10.199407 379050688.000000
0.002393 0.154337 10.238889 379150592.000000
-0.013161 0.169890 10.217353 379250688.000000
0.010768 0.179462 10.220942 379350528.000000
0.004786 0.155533 10.195816 379450912.000000
-0.021535 0.155533 10.188639 379550432.000000
0.014357 0.165105 10.200603 379650752.000000
0.016750 0.177069 10.236496 379750528.000000
-0.035892 0.162712 10.279566 379850720.000000
0.123230 0.256032 10.366903 379950496.000000
0.276371 0.214158 10.128819 380050688.000000
0.417548 0.174676 10.351351 380150496.000000
0.473779 0.150748 10.095319 380250688.000000
0.212961 0.373280 10.225728 380350496.000000
0.606581 0.066999 10.223334 380450720.000000
0.468993 0.165105 10.204191 380550496.000000
0.484547 0.200997 10.195816 380650656.000000
0.457029 0.153141 10.230514 380750560.000000
0.454636 0.159123 10.183852 380850688.000000
0.476172 0.174676 10.164711 380950592.000000
0.466600 0.172283 10.228121 381050656.000000
0.500100 0.173480 10.195816 381150496.000000
0.478565 0.165105 10.180264 381250720.000000
0.477368 0.181855 10.224532 381350560.000000
0.477368 0.174676 10.183852 381450720.000000
0.448654 0.128016 10.151550 381550464.000000
0.472582 0.163908 10.213763 381650688.000000
0.476172 0.187837 10.183852 381750560.000000
0.478565 0.187837 10.206585 381850720.000000
0.472582 0.168694 10.220942 381950464.000000
0.443869 0.177069 10.181459 382050656.000000
0.473779 0.189033 10.193424 382150560.000000
0.454636 0.195015 10.188639 382250720.000000
0.467797 0.162712 10.177871 382350464.000000
0.474975 0.155533 10.229317 382450848.000000
0.472582 0.160319 10.202995 382550656.000000
0.447458 0.169890 10.173084 382650528.000000
0.452243 0.173480 10.170692 382750656.000000
0.466600 0.169890 10.188639 382850528.000000
0.454636 0.178265 10.169496 382950720.000000
0.466600 0.154337 10.192227 383050496.000000
0.473779 0.180658 10.204191 383150688.000000
0.483350 0.169890 10.225728 383250528.000000
0.467797 0.160319 10.192227 383350656.000000
0.465404 0.165105 10.192227 383450496.000000
0.451047 0.151944 10.176675 383555776.000000
0.455833 0.139980 10.189835 383655552.000000
0.474975 0.151944 10.225728 383755328.000000
0.458226 0.192622 10.191031 383855360.000000
0.439083 0.156730 10.205389 383955424.000000
0.470190 0.171087 10.240085 384055392.000000
0.468993 0.137587 10.211370 384155520.000000
0.476172 0.186640 10.150353 384255616.000000
0.443869 0.145962 10.094121 384355584.000000
0.445065 0.166301 10.220942 384455488.000000
0.452243 0.174676 10.147961 384555680.000000
0.494118 0.172283 10.170692 384655520.000000
0.480957 0.141177 10.182656 384756064.000000
0.452243 0.160319 10.219746 384855456.000000
0.425922 0.167498 10.193424 384955712.000000
0.447458 0.193819 10.188639 385055488.000000
0.473779 0.151944 10.146765 385155648.000000
0.468993 0.179462 10.186246 385255744.000000
0.465404 0.168694 10.168301 385355680.000000
0.478565 0.153141 10.230514 385555680.000000
0.467797 0.169890 10.187442 385655488.000000
0.478565 0.169890 10.217353 385755648.000000
0.443869 0.174676 10.182656 385855808.000000
0.439083 0.196211 10.231709 385955648.000000
0.472582 0.166301 10.125229 386055744.000000
