1.890000 0.472500 -0.472500 301970624.000000
-8.557500 0.612500 -18.129999 302070784.000000
-4.935000 0.297500 2.310000 302170592.000000
-4.935000 0.332500 2.275000 302270816.000000
-4.935000 0.297500 2.292500 302370464.000000
-4.952500 0.262500 2.275000 302470784.000000
-5.022500 0.227500 2.310000 302570496.000000
-4.987500 0.227500 2.275000 302670784.000000
-4.987500 0.262500 2.310000 302770496.000000
-4.987500 0.227500 2.310000 302870752.000000
-4.952500 0.262500 2.310000 302970464.000000
-5.005000 -0.227500 2.327500 303070752.000000
-4.952500 -2.852500 2.327500 303170496.000000
-5.022500 -0.472500 2.117500 303270816.000000
-4.987500 -0.647500 2.292500 303370496.000000
-5.040000 -0.437500 2.310000 303471040.000000
-5.075000 0.017500 2.310000 303570496.000000
-5.127500 -0.297500 2.362500 303670816.000000
-5.057500 -0.262500 2.327500 303770496.000000
-5.005000 -0.052500 2.555000 303870848.000000
-5.022500 -0.682500 2.677500 303970528.000000
-5.057500 -0.017500 2.292500 304070784.000000
-5.057500 0.402500 2.065000 304170464.000000
-5.057500 0.717500 1.015000 304270784.000000
-5.092500 0.787500 -1.487500 304370496.000000
-4.690000 2.362500 -0.140000 304470784.000000
-3.360000 3.027500 1.592500 304570496.000000
-3.290000 2.852500 3.010000 304670752.000000
-3.920000 1.592500 0.035000 304770496.000000
-4.812500 0.787500 3.307500 304870752.000000
-4.025000 1.417500 2.397500 304970560.000000
-1.312500 6.107500 1.102500 305070784.000000
17.955000 -0.157500 -1.260000 305170464.000000
12.075000 1.522500 -0.980000 305270752.000000
-3.955000 -5.442500 3.675000 305370496.000000
3.972500 0.402500 3.325000 305470752.000000
5.022500 8.627500 0.560000 305570464.000000
3.342500 1.137500 -1.872500 305670752.000000
22.452499 -1.977500 10.307500 305770496.000000
17.202499 -3.587500 7.490000 305870784.000000
3.150000 -7.192500 2.065000 305970496.000000
-4.095000 -0.962500 0.997500 306070784.000000
-8.820000 0.787500 1.312500 306170464.000000
-4.095000 1.557500 2.362500 306270912.000000
17.045000 9.502500 -1.382500 306370560.000000
48.825001 7.192500 5.600000 306470848.000000
53.567501 4.637500 7.682500 306570464.000000
57.750000 -6.072500 4.637500 306670784.000000
81.777504 5.932500 -3.482500 306770496.000000
107.904999 -16.257500 0.630000 306870816.000000
111.195000 -9.187500 -10.867500 306970528.000000
108.709999 10.132500 -7.717500 307070816.000000
110.985001 16.257500 -3.535000 307170496.000000
102.445000 0.577500 -0.857500 307270752.000000
114.887497 39.287498 8.242500 307370464.000000
147.262497 22.032499 26.127501 307470784.000000
101.044998 29.242500 5.950000 307570496.000000
72.327499 12.652500 0.787500 307670784.000000
75.092499 8.312500 -8.365000 307770496.000000
60.287498 -1.557500 -0.840000 307870848.000000
35.927502 -1.102500 10.867500 307970592.000000
54.302502 -5.687500 9.450000 308070816.000000
82.320000 -3.202500 9.345000 308170496.000000
84.192497 7.577500 7.402500 308270752.000000
47.180000 8.242500 13.125000 308370496.000000
82.862503 5.967500 0.350000 308470752.000000
39.392502 -23.432501 3.167500 308570496.000000
23.502501 -4.532500 5.075000 308670784.000000
-3.955000 -16.222500 3.955000 308770496.000000
-5.775000 0.752500 7.210000 308870752.000000
-4.847500 -0.192500 2.765000 308970496.000000
-5.057500 0.192500 2.362500 309070752.000000
-5.040000 0.227500 2.345000 309170496.000000
-5.022500 0.227500 2.362500 309270784.000000
-5.075000 0.227500 2.362500 309370496.000000
-5.075000 0.262500 2.362500 309470976.000000
-5.022500 0.262500 2.397500 309570496.000000
-5.022500 0.262500 2.380000 309670880.000000
-5.075000 0.227500 2.397500 309770496.000000
-5.040000 0.192500 2.467500 309870912.000000
-5.092500 -0.367500 -4.340000 309970528.000000
-5.127500 -0.157500 3.920000 310070944.000000
-3.920000 -0.787500 -0.262500 310171168.000000
-1.767500 -1.207500 -4.322500 310270880.000000
16.135000 -0.752500 0.157500 310370560.000000
92.697502 -0.717500 12.775000 310470848.000000
144.514999 1.347500 -5.267500 310570496.000000
146.195007 17.097500 -15.540000 310670912.000000
142.065002 -14.402500 -14.997500 310770496.000000
105.139999 5.442500 16.240000 310870752.000000
80.010002 -24.692499 -3.202500 310970592.000000
77.367500 -8.522500 -0.822500 311070784.000000
78.680000 15.662500 -4.935000 311170944.000000
119.489998 -3.272500 1.907500 311270720.000000
178.535004 10.622500 -8.470000 311370496.000000
236.740005 46.287498 -39.060001 311470912.000000
195.720001 36.487499 -27.492500 311570464.000000
160.615005 17.692499 -21.822500 311670848.000000
104.195000 -27.002501 -7.472500 311770496.000000
41.072498 67.602501 3.062500 311870752.000000
1.732500 -3.552500 21.787500 311970496.000000
-1.732500 -49.717499 7.245000 312070752.000000
-4.707500 17.097500 1.942500 312170496.000000
-5.092500 -1.487500 1.015000 312270880.000000
-5.075000 0.297500 6.335000 312370464.000000
-5.057500 0.647500 4.602500 312471040.000000
-4.952500 0.682500 0.070000 312570496.000000
-4.987500 -0.262500 2.327500 312670496.000000
-5.040000 0.472500 3.115000 312770400.000000
-5.005000 -1.102500 2.310000 312871104.000000
-5.022500 -0.612500 2.345000 312970528.000000
-5.022500 1.522500 2.257500 313070528.000000
-4.987500 0.157500 2.310000 313170752.000000
-5.040000 0.227500 2.275000 313270496.000000
-5.022500 0.052500 2.292500 313370784.000000
-5.005000 -0.297500 2.292500 313470560.000000
-5.057500 2.117500 2.222500 313570848.000000
-5.057500 -0.997500 2.310000 313670560.000000
-5.022500 0.227500 2.275000 313770880.000000
-5.040000 0.052500 2.327500 313870496.000000
-4.970000 2.257500 -0.070000 313970944.000000
-5.005000 -2.817500 2.380000 314070496.000000
-5.075000 -1.137500 6.667500 314170912.000000
-5.057500 -0.297500 5.757500 314270464.000000
-5.022500 -0.052500 2.310000 314370880.000000
-5.005000 0.227500 2.310000 314470560.000000
-4.987500 -2.327500 3.482500 314570752.000000
0.350000 -4.392500 4.917500 314670496.000000
34.702499 2.152500 2.450000 314770848.000000
63.209999 6.107500 3.850000 314870496.000000
86.379997 10.657500 5.775000 314970816.000000
102.269997 9.922500 7.612500 315070496.000000
108.184998 31.237499 11.305000 315170944.000000
104.317497 13.142500 2.117500 315270496.000000
104.562500 5.897500 3.850000 315370720.000000
93.747498 18.742500 7.542500 315470656.000000
91.787498 10.972500 10.202500 315570752.000000
100.152504 2.782500 16.799999 315670496.000000
116.270004 -4.952500 13.457500 315770944.000000
127.032501 -10.062500 9.730000 315870496.000000
122.430000 -14.612500 7.805000 315970784.000000
115.657501 -10.167500 11.900000 316070496.000000
103.512497 -24.097500 11.077500 316170912.000000
99.925003 -27.632500 6.370000 316270432.000000
94.535004 -24.867500 8.960000 316370560.000000
102.882500 -19.337500 0.175000 316470880.000000
78.137497 35.227501 8.995000 316570496.000000
21.559999 35.612499 20.037500 316670848.000000
40.215000 52.202499 1.627500 316770688.000000
15.487500 -7.052500 3.972500 316870848.000000
32.182499 -39.147499 4.847500 316970560.000000
-4.707500 -0.332500 2.432500 317070688.000000
-5.057500 0.227500 2.380000 317170752.000000
-5.075000 0.192500 2.345000 317270560.000000
-5.075000 0.262500 2.380000 317370848.000000
-5.075000 0.227500 2.362500 317470528.000000
-5.075000 0.227500 2.362500 317570368.000000
-5.075000 0.227500 2.327500 317670688.000000
-5.075000 0.262500 2.380000 317770496.000000
-5.040000 0.227500 2.362500 317870720.000000
-5.075000 0.262500 2.380000 317970496.000000
-5.057500 0.227500 2.362500 318070816.000000
-5.022500 0.227500 2.362500 318170496.000000
-4.970000 0.192500 2.362500 318270784.000000
-2.677500 0.192500 -1.330000 318370688.000000
0.437500 0.507500 1.295000 318471040.000000
21.629999 0.822500 4.707500 318570464.000000
78.785004 3.132500 1.295000 318670688.000000
103.722504 -9.502500 -14.682500 318770464.000000
118.912498 8.802500 -22.522501 318870848.000000
138.845001 23.712500 1.260000 318970464.000000
131.722504 2.677500 -2.065000 319070976.000000
134.137497 -9.362500 1.365000 319170496.000000
127.487503 -10.062500 15.260000 319270816.000000
110.355003 -18.322500 15.277500 319370496.000000
109.812500 -0.402500 8.627500 319470848.000000
105.489998 1.452500 -5.372500 319570752.000000
95.690002 -1.837500 -5.250000 319670784.000000
87.849998 -10.307500 3.062500 319770464.000000
76.387497 -9.012500 23.397501 319870720.000000
72.974998 -12.932500 20.615000 319970592.000000
62.352501 -9.362500 26.477501 320070720.000000
35.805000 11.252500 -4.445000 320170496.000000
26.180000 -13.422500 8.925000 320270784.000000
37.817501 1.872500 6.387500 320370496.000000
37.572498 16.852501 -12.040000 320470848.000000
36.487499 -20.457500 -6.895000 320570496.000000
63.857502 -0.682500 0.420000 320670720.000000
33.915001 11.987500 5.687500 320770464.000000
20.212500 -13.317500 -11.602500 320870720.000000
3.027500 17.237499 -15.085000 320970496.000000
-5.635000 7.997500 23.100000 321070720.000000
-6.107500 10.132500 25.847500 321170496.000000
-5.512500 -2.817500 11.830000 321270688.000000
-5.092500 -15.767500 -0.735000 321370464.000000
-4.917500 0.297500 1.330000 321470976.000000
-5.022500 -0.507500 2.065000 321570496.000000
-5.005000 -0.962500 0.910000 321670880.000000
-5.022500 -0.437500 2.275000 321770496.000000
-5.040000 -1.837500 1.732500 321870784.000000
-4.970000 -2.117500 1.242500 321970496.000000
-5.005000 -1.102500 1.610000 322070848.000000
-5.040000 2.222500 1.750000 322170432.000000
-5.110000 -0.752500 1.960000 322270400.000000
-5.022500 0.472500 2.135000 322370560.000000
-5.005000 -0.087500 2.082500 322470560.000000
-5.005000 -0.227500 1.942500 322570880.000000
-5.040000 -0.192500 1.995000 322670688.000000
-5.022500 -0.262500 1.855000 322770656.000000
-4.970000 -1.697500 -1.487500 322870432.000000
-5.022500 0.262500 1.942500 322970400.000000
-5.040000 0.612500 1.750000 323070368.000000
-5.022500 0.122500 -1.365000 323170368.000000
-5.075000 0.997500 2.257500 323270368.000000
-5.040000 0.437500 2.222500 323370368.000000
-5.005000 -1.032500 -2.100000 323470368.000000
-5.040000 -1.277500 -1.942500 323570368.000000
-5.057500 0.262500 1.172500 323670336.000000
-5.092500 0.367500 2.257500 323770368.000000
-5.075000 0.402500 1.925000 323870368.000000
-5.057500 0.017500 1.645000 323970336.000000
-5.075000 0.262500 2.047500 324071552.000000
-5.075000 0.297500 1.890000 324170624.000000
-5.057500 0.192500 2.187500 324270784.000000
-5.092500 -0.017500 1.592500 324370528.000000
-5.092500 0.157500 2.222500 324470944.000000
-5.092500 0.052500 1.750000 324570528.000000
-5.092500 0.297500 1.942500 324670816.000000
-5.092500 0.052500 1.890000 324770688.000000
-5.162500 1.907500 2.642500 324870784.000000
-5.127500 1.732500 4.130000 324970720.000000
-5.197500 3.657500 6.055000 325070848.000000
-5.250000 -2.642500 16.100000 325170496.000000
-5.180000 2.292500 3.167500 325270880.000000
-5.022500 -0.437500 1.837500 325370560.000000
-5.040000 2.502500 3.307500 325470816.000000
-5.092500 2.327500 1.505000 325570496.000000
-4.987500 -4.182500 -1.102500 325670752.000000
-5.092500 -0.507500 2.257500 325770496.000000
-5.162500 4.952500 2.187500 325870784.000000
-4.987500 -2.572500 1.662500 325970592.000000
-5.127500 2.712500 3.220000 326070720.000000
-5.022500 -3.027500 2.660000 326170464.000000
-5.110000 0.262500 3.307500 326270752.000000
-5.110000 0.297500 2.677500 326373152.000000
-5.127500 1.067500 2.870000 326470784.000000
-5.005000 0.052500 1.417500 326570496.000000
-5.092500 -0.892500 0.647500 326670688.000000
-5.110000 -0.157500 1.732500 326770496.000000
-5.197500 2.712500 2.257500 326870752.000000
-5.145000 2.817500 2.695000 326970496.000000
-5.110000 1.767500 2.327500 327070720.000000
-5.040000 0.927500 2.205000 327170496.000000
-5.092500 -1.172500 2.257500 327270720.000000
-5.092500 -0.472500 2.607500 327370496.000000
-5.040000 -1.417500 2.292500 327470944.000000
-4.987500 -2.992500 2.117500 327570560.000000
-5.040000 0.157500 2.152500 327670784.000000
-5.040000 0.962500 1.925000 327770464.000000
-5.092500 -0.262500 1.890000 327870752.000000
-5.127500 -0.892500 2.240000 327970496.000000
-5.110000 -2.152500 2.310000 328070784.000000
-5.197500 -0.402500 2.695000 328170464.000000
-5.232500 -7.122500 0.595000 328270752.000000
-5.320000 2.152500 2.887500 328370464.000000
-2.817500 2.187500 -14.455000 328470944.000000
9.187500 -25.847500 -16.799999 328570496.000000
44.222500 -16.327499 -12.582500 328670880.000000
74.584999 -7.542500 -2.275000 328770496.000000
109.970001 -17.272501 -6.247500 328870912.000000
123.672501 -13.597500 -41.702499 328970624.000000
101.167503 23.187500 4.235000 329070912.000000
92.330002 8.207500 -0.385000 329170528.000000
95.987503 7.227500 -6.597500 329270752.000000
71.872498 3.377500 -19.775000 329370464.000000
18.112499 -11.322500 1.627500 329470560.000000
21.927500 -14.542500 -1.540000 329570432.000000
32.689999 -6.212500 3.500000 329670400.000000
72.852501 -10.762500 -1.715000 329770336.000000
76.754997 -0.577500 7.542500 329870720.000000
105.787498 5.477500 -28.927500 329970496.000000
168.332504 -11.532500 -13.160000 330070688.000000
158.270004 15.592500 -5.250000 330170496.000000
181.264999 -0.577500 17.097500 330270784.000000
85.207497 37.362499 2.747500 330370496.000000
75.162498 29.032499 -27.037500 330470848.000000
97.614998 15.487500 -13.965000 330570496.000000
20.545000 -6.702500 5.477500 330670752.000000
-2.747500 -18.742500 -6.107500 330770464.000000
-32.724998 -12.827500 7.945000 330870784.000000
-0.682500 4.707500 3.447500 330970464.000000
26.495001 0.052500 2.782500 331070880.000000
-5.512500 0.472500 2.870000 331170464.000000
-5.110000 0.262500 2.327500 331270848.000000
-5.127500 0.262500 2.310000 331370784.000000
-5.110000 0.262500 2.310000 331470816.000000
-5.127500 0.227500 2.327500 331570368.000000
-5.022500 0.192500 2.590000 331670784.000000
-0.717500 -0.227500 -5.390000 331770496.000000
16.940001 0.192500 -0.735000 331870784.000000
108.902504 -5.092500 -10.395000 331970624.000000
152.022507 -2.887500 -6.527500 332070752.000000
183.994995 11.532500 -4.690000 332170464.000000
217.997498 16.117500 -3.237500 332270752.000000
206.744995 -14.157500 9.432500 332370528.000000
141.627502 8.592500 26.477501 332470560.000000
142.257507 0.997500 -1.855000 332570752.000000
200.865005 29.662500 -0.367500 332670496.000000
210.070007 14.017500 -10.430000 332770816.000000
171.220001 4.532500 -23.957500 332870496.000000
126.402504 7.227500 -5.600000 332970784.000000
73.412498 -12.092500 8.802500 333070496.000000
23.887501 12.407500 13.002500 333170848.000000
13.072500 -43.207500 6.527500 333270496.000000
-5.320000 13.282500 6.702500 333370912.000000
-5.145000 1.452500 6.895000 333470624.000000
-5.040000 0.192500 0.612500 333570944.000000
-5.110000 0.402500 2.012500 333670496.000000
-5.075000 1.102500 2.257500 333770848.000000
-5.057500 0.157500 2.275000 333870624.000000
-5.040000 0.822500 2.275000 333970464.000000
-5.110000 0.612500 2.275000 334070400.000000
-5.075000 -0.332500 1.995000 334170848.000000
-5.022500 0.752500 2.240000 334270592.000000
-5.075000 0.472500 2.222500 334370464.000000
-5.075000 0.262500 2.275000 334470784.000000
-5.075000 0.262500 2.240000 334570464.000000
-5.075000 0.122500 2.257500 334670496.000000
-5.075000 0.367500 2.345000 334770496.000000
-5.075000 0.227500 2.327500 334870848.000000
-5.075000 0.192500 2.257500 334970624.000000
-5.075000 -0.262500 2.292500 335071232.000000
-5.057500 0.297500 2.257500 335170720.000000
-5.075000 0.857500 2.310000 335270496.000000
-5.092500 -0.017500 2.292500 335370784.000000
-5.075000 0.122500 2.257500 335470496.000000
-5.110000 0.367500 2.257500 335570880.000000
-5.092500 0.367500 2.257500 335670464.000000
-5.092500 -0.017500 2.240000 335770848.000000
-5.110000 0.297500 2.257500 335870496.000000
-5.110000 1.872500 2.240000 335970752.000000
-5.425000 0.647500 1.820000 336070496.000000
-5.022500 0.717500 2.135000 336170496.000000
-5.005000 -0.262500 1.802500 336270496.000000
-5.110000 0.052500 1.715000 336370848.000000
-6.282500 -0.752500 0.997500 336470592.000000
-8.155000 -1.242500 -0.297500 336570880.000000
-8.365000 -0.227500 2.590000 336670496.000000
-4.025000 1.277500 2.782500 336770848.000000
-2.625000 0.542500 1.645000 336870496.000000
-2.677500 0.507500 2.432500 336970880.000000
-3.342500 0.822500 1.470000 337070464.000000
-4.970000 -0.122500 1.540000 337170880.000000
-4.970000 -1.557500 1.522500 337270464.000000
-5.057500 1.312500 2.275000 337370880.000000
-5.092500 0.052500 2.275000 337470496.000000
-5.075000 0.297500 2.240000 337570816.000000
-5.092500 0.682500 2.275000 337670496.000000
-5.057500 0.122500 2.257500 337770880.000000
-5.075000 0.227500 2.257500 337870496.000000
-5.092500 0.122500 2.257500 337971808.000000
-5.092500 0.192500 2.292500 338070464.000000
-5.110000 0.332500 2.257500 338170400.000000
-5.092500 0.332500 2.292500 338272832.000000
-5.057500 0.542500 2.275000 338370592.000000
-5.092500 -0.402500 2.292500 338470688.000000
-5.057500 0.542500 2.292500 338571168.000000
-5.075000 0.437500 2.415000 338670528.000000
-5.110000 -0.052500 2.257500 338770400.000000
-5.110000 0.437500 2.257500 338870560.000000
-5.092500 0.192500 2.275000 338970656.000000
-5.092500 0.752500 2.310000 339070912.000000
-5.145000 0.297500 2.292500 339170432.000000
-5.110000 0.052500 2.257500 339270624.000000
-5.110000 0.507500 2.257500 339370592.000000
-5.092500 0.017500 2.222500 339471360.000000
-5.110000 0.087500 2.275000 339570400.000000
-5.092500 0.612500 2.257500 339670400.000000
-5.110000 0.262500 2.240000 339770592.000000
-5.110000 0.157500 2.222500 339870560.000000
-5.127500 -0.087500 2.257500 339970912.000000
-5.110000 0.752500 2.257500 340070400.000000
-5.110000 0.262500 2.240000 340170656.000000
-5.110000 0.402500 2.240000 340270752.000000
-5.110000 0.297500 2.257500 340370624.000000
-5.110000 0.472500 2.607500 340470944.000000
-5.110000 0.402500 2.257500 340570432.000000
-5.127500 0.052500 2.257500 340670624.000000
-5.110000 0.612500 2.275000 340770624.000000
-5.040000 1.102500 2.222500 340871008.000000
-5.162500 -0.612500 2.555000 340970528.000000
-5.127500 -0.297500 2.257500 341070464.000000
-5.145000 0.717500 2.240000 341170848.000000
-5.092500 1.802500 2.222500 341270464.000000
-5.162500 -1.592500 2.257500 341370944.000000
-5.145000 0.402500 2.222500 341471104.000000
-5.110000 0.262500 2.257500 341570624.000000
-5.127500 0.367500 2.240000 341672576.000000
-5.110000 0.122500 2.257500 341770912.000000
-5.145000 -0.262500 2.240000 341870720.000000
-5.180000 -1.137500 2.257500 341970816.000000
-5.110000 1.382500 2.240000 342070368.000000
-5.162500 0.787500 2.240000 342170368.000000
-5.320000 0.787500 2.397500 342270400.000000
-12.302500 -3.027500 -2.975000 342370400.000000
-43.557499 5.127500 -0.560000 342470656.000000
-77.875000 14.892500 -4.655000 342570784.000000
-104.370003 -7.542500 -5.075000 342671168.000000
-115.797501 6.492500 -3.552500 342770592.000000
-130.235001 -3.622500 0.525000 342870688.000000
-138.425003 -5.407500 3.307500 342970496.000000
-151.567505 -18.637501 8.032500 343070720.000000
-158.654999 -26.267500 18.707500 343170496.000000
-147.507507 -21.262501 13.737500 343270784.000000
-87.605003 -15.417500 17.850000 343370464.000000
-93.187500 5.932500 0.000000 343470752.000000
-92.697502 8.382500 -0.822500 343570464.000000
-147.157501 18.777500 -1.137500 343670720.000000
-171.464996 -1.487500 1.767500 343770496.000000
-141.522507 8.207500 6.142500 343870880.000000
-127.120003 12.757500 14.700000 343970560.000000
-114.152504 -1.312500 18.200001 344070880.000000
-92.032501 -0.437500 19.757500 344170496.000000
-19.844999 -0.367500 13.947500 344270880.000000
-9.800000 3.167500 0.385000 344370496.000000
-4.392500 -2.362500 2.555000 344470880.000000
-5.267500 0.227500 2.362500 344570496.000000
-5.215000 0.227500 2.380000 344670848.000000
-5.215000 0.227500 2.345000 344770496.000000
-5.197500 0.262500 2.310000 344870784.000000
-5.582500 0.542500 1.155000 344970496.000000
-8.172500 9.817500 4.987500 345070880.000000
-8.610000 11.217500 4.935000 345170496.000000
-7.332500 4.847500 0.787500 345270816.000000
-0.630000 -10.307500 -3.465000 345370464.000000
-8.645000 6.317500 0.192500 345470976.000000
-7.840000 3.062500 4.532500 345570496.000000
-6.720000 1.452500 5.425000 345670816.000000
-14.332500 -1.662500 7.017500 345770464.000000
-22.242500 3.692500 0.122500 345870400.000000
-68.862503 -35.857502 -12.215000 345970432.000000
-55.842499 12.477500 19.110001 346070912.000000
-91.017502 17.552500 12.670000 346170528.000000
-136.289993 -4.497500 1.995000 346270848.000000
-149.642502 -21.332500 -0.595000 346370496.000000
-153.895004 -4.987500 -2.485000 346470848.000000
-149.274994 9.362500 -9.537500 346570400.000000
-115.955002 12.687500 -16.799999 346670368.000000
-131.652496 -24.202499 -16.292500 346770368.000000
-145.110001 -21.087500 -15.487500 346870432.000000
-136.604996 -30.117500 -12.810000 346970464.000000
-125.754997 -9.957500 13.965000 347070400.000000
-124.022499 -11.707500 16.240000 347170400.000000
-139.352493 -16.362499 10.762500 347270400.000000
-112.349998 -12.232500 7.385000 347370752.000000
-76.754997 -5.687500 14.315001 347470592.000000
-62.562500 -14.822500 11.882500 347570624.000000
-12.197500 17.482500 13.825000 347670432.000000
-5.145000 -0.682500 2.607500 347770368.000000
-5.057500 -1.837500 2.292500 347870560.000000
-5.180000 1.837500 2.240000 347970368.000000
-5.110000 -0.297500 2.257500 348070368.000000
-5.092500 8.662500 1.750000 348170400.000000
-4.987500 -10.587500 3.657500 348270400.000000
-5.285000 2.502500 2.362500 348370336.000000
-5.180000 1.942500 2.205000 348470432.000000
-5.162500 0.997500 2.572500 348570336.000000
-5.162500 1.242500 3.010000 348670368.000000
-5.145000 1.627500 2.625000 348770464.000000
-5.162500 1.102500 2.292500 348870400.000000
-5.145000 -0.472500 2.327500 348970784.000000
-5.145000 -0.367500 2.397500 349070624.000000
-5.162500 0.927500 2.205000 349170496.000000
-5.110000 0.297500 2.222500 349270688.000000
-5.145000 -0.472500 2.625000 349370400.000000
-5.197500 1.312500 2.222500 349470400.000000
-5.145000 0.332500 2.240000 349571552.000000
-5.127500 -0.472500 2.380000 349670560.000000
-5.180000 0.682500 2.240000 349770688.000000
-5.197500 0.402500 2.205000 349870528.000000
-5.180000 0.402500 2.205000 349970944.000000
-5.145000 0.262500 2.187500 350070496.000000
-5.162500 0.192500 2.240000 350170400.000000
-5.127500 -0.472500 2.222500 350270368.000000
-5.180000 0.997500 2.205000 350370528.000000
-5.127500 -0.507500 2.537500 350470496.000000
-5.180000 0.472500 2.555000 350570752.000000
-5.180000 1.067500 2.205000 350670464.000000
-5.180000 0.402500 2.222500 350772800.000000
-5.110000 0.787500 2.205000 350870432.000000
-5.180000 0.052500 2.222500 350973920.000000
-5.127500 0.297500 2.205000 351070400.000000
-5.145000 0.122500 2.222500 351170336.000000
-5.145000 0.157500 2.170000 351270496.000000
-5.145000 -0.157500 2.345000 351370368.000000
-5.197500 0.052500 2.240000 351470624.000000
-5.162500 0.542500 2.187500 351570528.000000
-5.180000 0.437500 2.222500 351670496.000000
-5.145000 -1.347500 2.257500 351770816.000000
-6.090000 2.187500 0.052500 351870528.000000
-12.320000 -1.697500 9.292500 351970432.000000
-38.727501 6.177500 10.640000 352070464.000000
-108.937500 -2.642500 7.962500 352170944.000000
-78.785004 -0.087500 3.902500 352270464.000000
-44.607502 0.157500 1.977500 352370688.000000
-46.480000 3.832500 4.970000 352470528.000000
-42.017502 2.397500 4.462500 352570784.000000
-66.307503 -0.682500 -0.052500 352670560.000000
-107.870003 -2.817500 6.475000 352770944.000000
-140.367508 -9.187500 19.687500 352870496.000000
-176.137497 -16.852501 24.500000 352971072.000000
-179.305008 -19.757500 23.887501 353070528.000000
-147.122498 -8.137500 -1.330000 353170720.000000
-135.660004 -6.282500 0.087500 353270496.000000
-147.384995 10.937500 -9.607500 353371040.000000
-185.027496 23.222500 -28.770000 353470656.000000
-178.027496 10.867500 -0.367500 353570944.000000
-152.687500 9.327500 16.695000 353670400.000000
-104.842499 -18.147501 12.652500 353770368.000000
-78.050003 -22.837500 2.432500 353870368.000000
-4.357500 0.052500 -4.235000 353970368.000000
-12.687500 -0.367500 -1.312500 354070368.000000
-11.060000 0.192500 6.492500 354170528.000000
-5.022500 0.262500 3.097500 354270560.000000
-5.250000 0.297500 2.292500 354370528.000000
-5.232500 0.262500 2.292500 354470752.000000
-5.197500 0.297500 2.275000 354570816.000000
-5.232500 0.262500 2.275000 354670496.000000
-4.970000 0.297500 6.790000 354770688.000000
-8.767500 0.157500 5.285000 354870464.000000
-14.595000 -8.522500 13.107500 354971008.000000
-69.107498 -8.557500 20.475000 355070688.000000
-129.867508 59.517502 20.264999 355170912.000000
-111.457504 -8.907500 2.310000 355270496.000000
-122.167503 21.927500 10.955000 355370912.000000
-135.975006 -9.082500 5.022500 355470624.000000
-130.602493 -10.237500 -7.560000 355570848.000000
-130.585007 -5.057500 -11.585000 355670496.000000
-139.335007 6.247500 -24.465000 355771072.000000
-123.129997 -0.647500 -9.800000 355870464.000000
-117.389999 -5.757500 -11.987500 355971040.000000
-138.880005 2.152500 -3.167500 356070592.000000
-148.242508 -3.237500 -3.150000 356170496.000000
-148.610001 -23.747499 -10.290000 356270912.000000
-158.690002 -16.782499 -3.465000 356370496.000000
-153.335007 -10.587500 25.322500 356470944.000000
-106.697502 -10.692500 36.365002 356570496.000000
-60.567501 -11.812500 28.980000 356670848.000000
-23.450001 12.057500 16.030001 356770496.000000
-5.197500 10.622500 7.262500 356870880.000000
-5.250000 -10.832500 2.485000 356970592.000000
-5.215000 0.857500 2.292500 357070784.000000
-5.127500 6.527500 2.135000 357170560.000000
-5.215000 -7.647500 2.275000 357270880.000000
-5.180000 7.892500 0.700000 357370656.000000
-4.970000 17.027500 1.960000 357470752.000000
-5.355000 -11.392500 1.732500 357570368.000000
-5.180000 -3.342500 0.525000 357670752.000000
-5.197500 -0.437500 1.802500 357770496.000000
-5.197500 -0.122500 2.485000 357870528.000000
-5.127500 0.682500 2.257500 357970368.000000
-5.267500 -1.697500 2.397500 358070400.000000
-5.162500 0.297500 2.275000 358170816.000000
-5.197500 -0.017500 2.275000 358270624.000000
-5.162500 0.437500 2.415000 358370528.000000
-5.162500 0.577500 2.222500 358470688.000000
-5.162500 0.752500 2.222500 358570528.000000
-5.215000 -0.052500 2.222500 358670784.000000
-5.197500 0.437500 2.240000 358770496.000000
-5.267500 0.402500 4.812500 358870912.000000
-5.232500 0.682500 2.345000 358970784.000000
-5.180000 -0.437500 2.327500 359070496.000000
-5.145000 0.227500 2.450000 359170848.000000
-5.162500 0.367500 2.222500 359270560.000000
-5.180000 0.052500 2.257500 359370784.000000
-5.162500 0.332500 2.240000 359470496.000000
-5.162500 -0.017500 2.257500 359570784.000000
-5.250000 0.017500 1.120000 359670464.000000
-6.317500 0.717500 -1.715000 359770784.000000
-16.555000 -4.987500 -6.545000 359870496.000000
-73.675003 15.907500 -17.797501 359970784.000000
-120.557503 11.077500 -4.217500 360070496.000000
-176.907501 -11.147500 -30.817501 360170784.000000
-197.994995 -4.742500 -9.712500 360270464.000000
-168.139999 6.002500 -4.602500 360370784.000000
-137.427505 12.022500 10.482500 360470624.000000
-103.074997 -2.677500 18.830000 360570912.000000
-83.824997 -14.997500 17.639999 360670496.000000
-136.972504 -30.187500 -11.077500 360770880.000000
-183.820007 -39.287498 -20.282499 360870496.000000
-251.895004 0.367500 -10.045000 360970784.000000
-227.062500 -6.422500 10.482500 361070496.000000
-154.157501 -3.202500 22.557501 361170912.000000
-102.637497 7.682500 -1.400000 361270464.000000
-5.040000 -0.892500 -1.312500 361370752.000000
-5.477500 8.837500 -13.842500 361470464.000000
-5.477500 1.172500 2.485000 361570752.000000
-5.215000 0.332500 2.327500 361670464.000000
-5.232500 0.332500 2.310000 361770848.000000
-5.197500 0.332500 2.310000 361870400.000000
-5.162500 0.577500 -0.840000 361971136.000000
-5.442500 1.662500 -28.455000 362070496.000000
-11.025000 -2.117500 15.067500 362170784.000000
-12.950000 -0.577500 12.250000 362270464.000000
-18.812500 13.842500 17.167500 362370880.000000
-43.924999 -4.042500 13.772500 362470496.000000
-74.445000 -7.822500 16.957500 362570848.000000
-108.972504 4.077500 6.720000 362670496.000000
-138.354996 16.782499 2.415000 362770816.000000
-165.217499 9.257500 4.112500 362870496.000000
-151.445007 6.982500 -6.020000 362970720.000000
-140.210007 9.467500 -3.220000 363070464.000000
-153.125000 5.582500 1.102500 363170784.000000
-158.952499 -1.522500 2.905000 363270464.000000
-152.774994 0.612500 4.480000 363370752.000000
-141.330002 -9.152500 8.767500 363470592.000000
-124.285004 4.042500 11.865000 363570944.000000
-104.842499 -2.152500 10.237500 363670496.000000
-94.622498 5.582500 1.312500 363770880.000000
-84.122498 4.077500 -3.500000 363870464.000000
-74.970001 -0.262500 -6.772500 363970496.000000
-52.185001 -20.177500 -5.512500 364070784.000000
-17.780001 66.097504 5.722500 364170464.000000
-5.285000 -20.142500 13.755000 364270720.000000
-5.197500 4.532500 2.467500 364370400.000000
-5.180000 3.517500 2.222500 364470784.000000
-5.127500 0.367500 2.275000 364570464.000000
-5.127500 -0.227500 2.292500 364670816.000000
-5.075000 1.977500 2.257500 364770400.000000
-5.040000 -11.077500 2.485000 364870432.000000
-5.180000 5.407500 2.222500 364970464.000000
-5.145000 -2.502500 2.222500 365070560.000000
-5.110000 1.872500 2.100000 365170560.000000
-5.057500 8.522500 -7.805000 365270368.000000
-5.162500 -6.597500 2.362500 365370400.000000
-5.180000 6.492500 2.170000 365471168.000000
-5.180000 -3.517500 2.327500 365571008.000000
-5.145000 0.017500 2.257500 365670880.000000
-5.127500 -0.472500 2.275000 365770400.000000
-5.162500 1.312500 2.257500 365870656.000000
-5.180000 1.137500 2.240000 365970464.000000
-5.180000 0.402500 2.257500 366070464.000000
-4.987500 -2.782500 2.397500 366170432.000000
-5.215000 3.237500 2.205000 366270560.000000
-5.145000 -0.087500 2.257500 366370784.000000
-5.180000 0.717500 2.240000 366470624.000000
-5.127500 -0.647500 2.257500 366570400.000000
-5.215000 -0.787500 2.257500 366670784.000000
-5.197500 0.857500 2.275000 366770432.000000
-5.180000 1.347500 2.240000 366870368.000000
-5.110000 0.997500 2.240000 366970400.000000
-5.197500 -1.347500 2.292500 367070368.000000
-5.197500 1.102500 2.257500 367170368.000000
-5.180000 0.332500 2.257500 367270528.000000
-5.180000 0.192500 2.257500 367370432.000000
-5.110000 0.612500 2.310000 367470624.000000
-5.197500 -0.647500 2.257500 367570528.000000
-5.197500 0.927500 2.222500 367670528.000000
-5.197500 -0.122500 2.240000 367770592.000000
-5.215000 0.367500 2.257500 367870528.000000
-5.180000 1.802500 2.222500 367970560.000000
-5.197500 -0.962500 2.275000 368070848.000000
-5.197500 0.087500 2.240000 368172896.000000
-5.197500 0.262500 2.257500 368270528.000000
-5.250000 0.262500 2.240000 368370688.000000
-5.250000 0.227500 2.257500 368470496.000000
-5.267500 0.262500 2.222500 368570784.000000
-5.232500 0.297500 2.240000 368670528.000000
-5.250000 0.227500 2.240000 368770848.000000
-5.215000 0.262500 2.240000 368870400.000000
-5.110000 -3.727500 2.450000 368970368.000000
-5.232500 -0.717500 2.257500 369070464.000000
-5.127500 -3.167500 2.345000 369170656.000000
-5.355000 12.547500 2.047500 369270720.000000
-4.882500 3.622500 2.240000 369370656.000000
-5.390000 -9.922500 2.520000 369470432.000000
-5.180000 -3.167500 2.310000 369570624.000000
-5.302500 10.797500 2.100000 369670624.000000
-4.882500 0.297500 2.520000 369770368.000000
-5.267500 5.442500 2.205000 369870496.000000
-5.267500 -8.732500 2.415000 369970560.000000
-5.127500 -8.207500 2.415000 370070784.000000
-5.337500 9.222500 2.065000 370170400.000000
-5.180000 -3.062500 2.327500 370270496.000000
-5.250000 2.537500 2.222500 370370528.000000
-5.215000 -0.017500 2.240000 370470432.000000
-5.180000 -0.367500 2.292500 370570368.000000
-5.232500 2.467500 2.205000 370670496.000000
-5.215000 -0.752500 2.257500 370770496.000000
-5.215000 0.192500 2.257500 370870528.000000
-5.022500 -7.927500 2.537500 370970464.000000
-5.110000 -3.902500 2.345000 371071072.000000
-5.285000 4.847500 2.170000 371170560.000000
-5.057500 16.957500 2.065000 371270432.000000
-4.987500 11.287500 2.502500 371370400.000000
-5.215000 -3.832500 2.310000 371470528.000000
-5.250000 -5.232500 2.327500 371570560.000000
-5.215000 -2.047500 2.240000 371670592.000000
-5.250000 -24.657499 2.852500 371770496.000000
-5.250000 -1.417500 2.240000 371870784.000000
-5.302500 2.537500 2.187500 371970464.000000
-5.722500 21.437500 2.170000 372071552.000000
-5.600000 -6.422500 5.582500 372170528.000000
-5.320000 1.347500 2.310000 372270400.000000
-5.250000 0.647500 2.205000 372370528.000000
-5.250000 -0.122500 2.222500 372470688.000000
-5.250000 0.402500 2.240000 372570688.000000
-5.232500 -0.157500 2.222500 372670400.000000
-5.232500 3.027500 2.222500 372770496.000000
-5.197500 -6.387500 2.345000 372870528.000000
-5.250000 4.007500 2.170000 372970496.000000
-5.180000 0.087500 2.257500 373070560.000000
-5.320000 1.347500 2.222500 373170400.000000
-5.250000 -0.192500 2.240000 373270560.000000
-5.267500 0.367500 2.222500 373370560.000000
-5.232500 0.332500 2.240000 373470528.000000
-5.215000 -1.732500 2.275000 373570496.000000
-5.285000 2.502500 2.205000 373670432.000000
-5.232500 0.507500 2.240000 373770912.000000
-5.250000 -0.157500 2.257500 373871808.000000
-5.302500 8.907500 2.170000 373971040.000000
-5.285000 -16.187500 2.835000 374070400.000000
-5.425000 10.062500 2.065000 374170528.000000
-5.250000 -4.497500 2.362500 374272864.000000
-5.302500 2.502500 2.222500 374370880.000000
-5.162500 -0.612500 2.450000 374470432.000000
-5.302500 6.142500 2.467500 374570560.000000
-5.232500 -7.997500 2.380000 374671168.000000
-5.355000 5.897500 2.117500 374770944.000000
-5.267500 -0.507500 2.222500 374870400.000000
-5.285000 -0.227500 2.257500 374970400.000000
-5.267500 0.087500 2.240000 375070496.000000
-5.285000 0.367500 2.240000 375170720.000000
-5.285000 0.262500 2.222500 375270496.000000
-5.162500 1.417500 2.327500 375370368.000000
-5.302500 8.452500 2.222500 375470432.000000
-5.250000 -0.402500 2.275000 375570560.000000
-5.215000 0.822500 2.257500 375670560.000000
-5.320000 -4.707500 2.310000 375770400.000000
-5.092500 -20.037500 2.957500 375870368.000000
-5.495000 13.247500 2.065000 375970368.000000
-5.285000 1.592500 2.257500 376070496.000000
-5.302500 0.997500 2.187500 376170528.000000
-5.267500 0.682500 2.257500 376270368.000000
-5.250000 -2.047500 2.310000 376370368.000000
-5.337500 2.677500 2.187500 376470496.000000
-5.267500 0.192500 2.222500 376570528.000000
-5.285000 0.437500 2.222500 376670560.000000
-5.267500 0.472500 2.257500 376770784.000000
-5.267500 0.297500 2.205000 376870496.000000
-5.250000 0.297500 2.222500 376970432.000000
-5.215000 0.332500 2.222500 377070336.000000
-5.250000 0.297500 2.222500 377170336.000000
-5.250000 0.332500 2.222500 377270368.000000
-5.267500 0.297500 2.222500 377370432.000000
-5.232500 0.297500 2.222500 377470528.000000
-5.267500 0.297500 2.222500 377570784.000000
-5.302500 0.297500 2.240000 377670528.000000
-5.285000 0.297500 2.257500 377770464.000000
-5.302500 0.262500 2.222500 377870752.000000
-5.250000 0.297500 2.205000 377970592.000000
-5.302500 0.297500 2.222500 378070880.000000
-5.267500 0.262500 2.257500 378170528.000000
-5.267500 0.297500 2.205000 378270944.000000
-5.250000 0.297500 2.240000 378370496.000000
-5.285000 0.297500 2.222500 378470944.000000
-5.232500 0.297500 2.222500 378570496.000000
-5.285000 0.297500 2.240000 378670784.000000
-5.285000 0.262500 2.240000 378770496.000000
-5.320000 0.262500 2.222500 378870752.000000
-5.302500 0.262500 2.240000 378970496.000000
-5.337500 0.227500 2.240000 379070784.000000
-5.267500 0.297500 2.240000 379170464.000000
-5.285000 0.297500 2.257500 379270720.000000
-5.250000 0.297500 2.240000 379370464.000000
-5.302500 0.332500 2.240000 379470880.000000
-5.267500 0.227500 2.240000 379570464.000000
-5.285000 0.122500 2.257500 379670752.000000
-5.285000 0.087500 2.257500 379770496.000000
-5.057500 -20.877501 -3.045000 379870752.000000
-5.810000 -9.362500 -5.967500 379970592.000000
-5.337500 2.082500 1.120000 380070752.000000
-5.320000 -1.417500 2.240000 380170496.000000
-5.372500 -0.227500 2.240000 380270848.000000
-5.390000 0.402500 -1.102500 380370496.000000
-5.372500 -0.052500 1.382500 380470848.000000
-5.337500 0.367500 0.035000 380570496.000000
-5.250000 0.227500 1.855000 380670816.000000
-5.285000 0.227500 1.662500 380770496.000000
-5.250000 0.262500 2.292500 380870912.000000
-5.250000 0.332500 2.275000 380970496.000000
-5.285000 0.227500 2.257500 381070880.000000
-5.250000 0.367500 2.257500 381170496.000000
-5.267500 0.157500 2.257500 381270816.000000
-5.232500 0.367500 0.980000 381370496.000000
-5.232500 0.332500 2.327500 381471072.000000
-5.232500 0.227500 2.292500 381570464.000000
-5.267500 0.332500 2.275000 381670816.000000
-5.215000 0.332500 2.257500 381770496.000000
-5.232500 0.297500 2.275000 381870880.000000
-5.180000 0.402500 2.275000 381970496.000000
-5.197500 0.542500 2.275000 382070816.000000
-5.215000 0.577500 2.275000 382170496.000000
-5.215000 0.227500 2.275000 382270912.000000
-5.232500 0.227500 2.292500 382370496.000000
-5.215000 0.087500 2.310000 382570880.000000
-5.215000 0.227500 2.310000 382670496.000000
-5.267500 0.262500 2.327500 382770848.000000
-5.250000 0.262500 2.275000 382870496.000000
-5.232500 0.297500 2.292500 382971104.000000
-5.232500 0.332500 2.275000 383070496.000000
-5.232500 0.332500 2.275000 383170880.000000
-5.232500 0.297500 2.257500 383270496.000000
-5.232500 0.157500 2.257500 383370688.000000
-5.215000 0.192500 2.275000 383470464.000000
-5.197500 0.332500 2.275000 383570848.000000
-5.215000 0.297500 2.292500 383670368.000000
-5.232500 0.192500 2.275000 383770368.000000
-5.197500 0.227500 2.292500 383870368.000000
-5.197500 0.367500 2.257500 383970432.000000
-5.197500 0.297500 2.275000 384070432.000000
-5.232500 0.192500 2.275000 384172736.000000
-5.232500 0.367500 2.275000 384270528.000000
-5.215000 0.437500 2.240000 384372768.000000
-5.250000 0.542500 2.257500 384470592.000000
-5.215000 0.122500 2.257500 384570752.000000
-5.250000 0.297500 2.292500 384670592.000000
-5.197500 0.507500 2.257500 384770720.000000
-5.232500 0.192500 2.275000 384870592.000000
-5.215000 0.402500 2.275000 384970784.000000
-5.232500 0.087500 2.257500 385070880.000000
-5.232500 0.262500 2.275000 385170848.000000
-5.250000 0.227500 2.275000 385270560.000000
-5.250000 0.087500 2.257500 385370976.000000
-5.250000 0.227500 2.292500 385470464.000000
-5.215000 0.367500 2.257500 385570752.000000
-5.250000 0.227500 2.257500 385670720.000000
-5.232500 0.437500 2.257500 385870592.000000
-5.162500 0.332500 2.257500 385970976.000000
-5.250000 0.087500 2.292500 386070656.000000
