-0.420000 0.682500 3.255000 13482484532
2.152500 0.490000 2.152500 13482509531
2.310000 0.787500 1.295000 13482534917
1.312500 1.050000 -0.420000 13482559581
2.257500 1.610000 -2.310000 13482584536
1.802500 1.295000 -2.065000 13482609533
-0.507500 -0.630000 -1.085000 13482634534
0.630000 0.420000 -2.380000 13482659583
0.542500 0.140000 -4.585000 13482684541
0.455000 -3.727500 -13.090000 13482709528
1.470000 -4.095000 -26.932501 13482734529
-2.345000 -6.317500 -58.520000 13482759578
-12.985000 -5.547500 -88.340004 13482784529
-17.062500 -5.180000 -121.817497 13482809531
-14.087500 -24.937500 -175.770004 13482834524
18.900000 -32.549999 -182.192505 13482859581
23.082500 -22.382500 -175.892502 13482884548
2.275000 -0.787500 -182.892502 13482909521
-8.610000 5.320000 -184.187500 13482934549
-9.135000 8.172500 -187.932495 13482959567
0.052500 15.610000 -192.482498 13482984561
5.477500 24.290001 -190.207504 13483009590
1.032500 23.730000 -183.697495 13483034534
-5.617500 17.552500 -178.972504 13483059587
-4.917500 15.855000 -173.949997 13483084544
-2.642500 15.802500 -175.892502 13483109540
6.632500 -1.907500 -169.119995 13483134539
16.379999 -9.870000 -143.535004 13483159583
19.844999 -17.254999 -125.965004 13483184544
22.242500 -25.690001 -110.652504 13483209538
26.040001 -19.145000 -87.832497 13483234537
2.240000 -20.842501 -77.000000 13483259579
-5.110000 -9.782500 -69.614998 13483284542
-11.375000 -1.540000 -61.529999 13483309539
-18.042500 -17.500000 -53.340000 13483334540
-11.742500 -24.184999 -51.047501 13483359583
-15.120000 -7.297500 -53.742500 13483384549
-28.087500 -30.292500 -72.047501 13483409543
-23.344999 -6.072500 -65.169998 13483434539
-27.755001 1.365000 -60.252499 13483459589
-29.750000 1.015000 -69.264999 13483484527
-20.282499 -8.610000 -56.105000 13483509569
-20.877501 17.990000 -40.564999 13483534551
-29.592501 10.745000 -20.947500 13483559593
-6.475000 19.495001 -4.532500 13483584539
3.885000 14.945000 12.372500 13483609525
7.857500 13.440001 16.642500 13483634536
0.805000 -5.110000 20.719999 13483659584
-1.190000 9.380000 13.860000 13483684536
-7.280000 13.177500 16.730000 13483709535
-4.532500 -12.845000 23.082500 13483734535
10.937500 -2.992500 17.605000 13483759580
2.397500 5.810000 10.622500 13483784537
-5.022500 -1.942500 10.500000 13483809529
1.732500 -7.332500 10.587500 13483834537
3.500000 -0.577500 4.305000 13483859581
2.275000 1.295000 6.142500 13483884534
-4.235000 -3.272500 7.875000 13483909532
-0.122500 2.765000 2.660000 13483934534
0.035000 4.812500 3.115000 13483959583
