0.000000 13482446811
0.000000 13482471817
0.000000 13482496802
0.000000 13482521816
0.000000 13482546806
0.000000 13482571811
0.000000 13482596808
0.000000 13482621808
0.000000 13482646807
0.000000 13482671805
0.000000 13482696806
0.000000 13482721806
0.000000 13482746798
0.000000 13482771779
0.000000 13482796804
0.000000 13482821803
0.000000 13482846808
0.000000 13482871820
0.000000 13482896819
0.000000 13482921810
0.000000 13482946818
0.000000 13482971808
0.000000 13482996822
0.000000 13483021801
0.000000 13483046817
0.000000 13483071816
0.000000 13483096820
0.000000 13483121812
0.000000 13483146811
0.000000 13483171808
0.000000 13483196816
0.000000 13483221815
0.000000 13483246809
0.000000 13483271803
0.000000 13483296807
0.000000 13483321795
0.000000 13483346808
0.000000 13483371818
0.000000 13483396816
0.000000 13483421804
0.000000 13483446810
0.000000 13483471811
0.000000 13483496815
0.000000 13483521813
0.000000 13483546810
0.000000 13483571811
0.000000 13483596808
0.000000 13483621818
0.000000 13483646803
0.000000 13483671813
0.000000 13483696807
0.000000 13483721802
0.000000 13483746795
0.000000 13483771809
0.000000 13483796803
0.000000 13483821809
0.000000 13483846787
0.000000 13483871808
0.000000 13483896803
0.000000 13483921806
