-5.100000 -9.420000 3.420000 13470770778
-5.280000 -9.240000 3.360000 13470795656
-4.800000 -9.240000 3.480000 13470820655
-5.280000 -9.480000 3.240000 13470845680
-5.160000 -9.599999 3.240000 13470870768
-5.220000 -9.179999 3.420000 13470895658
-5.220000 -9.059999 3.540000 13470920684
-5.160000 -9.480000 3.120000 13470945678
-5.400000 -9.360000 3.120000 13470970769
-5.520000 -9.120000 3.120000 13470995692
-5.280000 -9.120000 3.600000 13471020764
-5.640000 -8.880000 3.720000 13471045799
-5.760000 -8.639999 3.840000 13471070784
-5.940000 -8.220000 3.420000 13471095655
-6.240000 -7.800000 3.360000 13471120662
-6.360000 -7.680000 3.600000 13471145664
-6.660000 -7.140000 3.660000 13471170770
-6.720000 -6.840000 3.840000 13471195660
-6.720000 -6.120000 3.960000 13471220648
-6.780000 -5.700000 3.900000 13471245662
-6.720000 -5.280000 4.080000 13471270773
-6.840000 -5.280000 3.840000 13471295667
-6.960000 -4.680000 3.720000 13471320658
-6.900000 -4.140000 3.900000 13471345652
-6.600000 -3.720000 3.960000 13471370757
-6.720000 -3.480000 3.720000 13471395674
-6.120000 -3.480000 3.720000 13471420653
-6.180000 -2.940000 3.540000 13471445658
-6.420000 -2.580000 3.780000 13471470775
-6.300000 -2.340000 3.780000 13471495710
-6.060000 -2.100000 3.420000 13471520653
-5.580000 -1.740000 3.780000 13471545671
-5.880000 -1.560000 3.600000 13471570742
-5.760000 -1.680000 3.480000 13471595653
-5.580000 -1.500000 3.180000 13471620677
-5.880000 -1.560000 3.120000 13471645660
-5.520000 -1.440000 3.360000 13471670905
-5.580000 -1.380000 3.420000 13471695691
-5.400000 -1.440000 3.360000 13471720665
-5.160000 -1.200000 3.480000 13471745656
-5.280000 -1.200000 3.120000 13471770782
-5.400000 -1.320000 3.120000 13471795660
-5.520000 -1.320000 3.240000 13471820646
-5.220000 -1.260000 2.940000 13471845667
-5.220000 -1.020000 3.180000 13471870750
-5.400000 -1.080000 2.880000 13471895650
-5.400000 -1.080000 3.240000 13471920657
-5.520000 -1.080000 3.480000 13471945656
-5.160000 -1.080000 3.360000 13471970748
-5.340000 -1.620000 3.300000 13471995657
