0.000000 13470750575
0.000000 13470775572
0.000000 13470800505
0.000000 13470825566
0.000000 13470850570
0.000000 13470875571
0.000000 13470900504
0.000000 13470925574
0.000000 13470950573
0.000000 13470975579
0.000000 13471000537
0.000000 13471025582
0.000000 13471050620
0.000000 13471075583
0.000000 13471100520
0.000000 13471125574
0.000000 13471150570
0.000000 13471175576
0.000000 13471200517
0.000000 13471225574
0.000000 13471250571
0.000000 13471275558
0.000000 13471300504
0.000000 13471325581
0.000000 13471350571
0.000000 13471375577
0.000000 13471400501
0.000000 13471425573
0.000000 13471450569
0.000000 13471475578
0.000000 13471500852
0.000000 13471525573
0.000000 13471550570
0.000000 13471575575
0.000000 13471600510
0.000000 13471625583
0.000000 13471650574
0.000000 13471675574
0.000000 13471700827
0.000000 13471725574
0.000000 13471750580
0.000000 13471775570
0.000000 13471800509
0.000000 13471825578
0.000000 13471850570
0.000000 13471875573
0.000000 13471900513
0.000000 13471925578
0.000000 13471950569
0.000000 13471975558
