-7.031369 -2.794895 -6.541036 27746894853
-7.090209 -2.824315 -6.727362 27746919912
-7.070595 -2.853735 -6.815622 27746944854
-7.109822 -2.843929 -6.825429 27746969928
-7.100015 -2.863542 -6.884269 27746994913
-7.119628 -2.892962 -6.884269 27747019890
-7.070595 -2.892962 -6.884269 27747044920
-7.070595 -2.883155 -6.835236 27747069910
-7.080402 -2.892962 -6.805816 27747094908
-7.070595 -2.883155 -6.805816 27747119888
-7.060789 -2.892962 -6.854849 27747144902
-7.060789 -2.883155 -6.884269 27747169910
-7.070595 -2.892962 -6.874462 27747194912
-7.041175 -2.892962 -6.874462 27747219882
-7.070595 -2.902769 -6.845042 27747244909
-7.080402 -2.932189 -6.903882 27747269903
-7.109822 -2.932189 -6.874462 27747294912
-7.109822 -2.922382 -6.864655 27747319887
-7.100015 -2.902769 -6.884269 27747344910
-7.070595 -2.941995 -6.845042 27747369905
-7.070595 -3.049868 -6.796009 27747394910
-7.031369 -3.000835 -6.845042 27747419891
-7.050982 -2.912575 -6.854849 27747444908
-7.100015 -2.932189 -6.805816 27747469911
-7.070595 -2.853735 -6.825429 27747494903
-7.070595 -2.961608 -6.864655 27747519889
-7.129435 -3.069482 -6.835236 27747544922
-7.021562 -3.147935 -6.697943 27747569910
-7.031369 -3.167548 -6.737169 27747594914
-7.011755 -3.393101 -6.629296 27747619885
-6.854849 -3.657881 -6.815622 27747644919
-7.374601 -2.804702 -6.815622 27747669911
-7.335375 -2.736056 -7.021562 27747694905
-7.207889 -3.854014 -6.658716 27747719888
-7.325568 -3.912854 -6.707749 27747744897
-7.462861 -3.991307 -6.962722 27747769889
-7.227501 -4.511060 -7.100015 27747794894
-7.168662 -4.834679 -6.894075 27747819888
-6.825429 -5.128879 -6.560650 27747844893
-6.658716 -5.589791 -6.511616 27747869889
-6.913689 -6.286063 -6.619490 27747894890
-7.462861 -7.100015 -6.952915 27747919880
-6.756783 -3.481361 -7.060789 27747944895
-6.433163 -2.824315 -6.482196 27747969894
-6.619490 -2.941995 -6.207610 27747994902
-6.854849 -3.863821 -6.187996 27748019888
-6.894075 -4.481639 -6.433163 27748044906
-7.090209 -4.991585 -7.109822 27748069905
-6.129157 -4.726806 -7.708028 27748094912
-5.972251 -5.001392 -7.551122 27748119885
-10.444084 -5.089652 1.314091 27748144915
-5.962444 -4.736613 -3.873627 27748169902
-7.041175 -7.982615 -2.069203 27748194909
-7.080402 -7.060789 -4.040340 27748219877
-5.962444 -5.423078 -6.501810 27748244889
-5.933024 -5.099458 -5.364238 27748269893
-6.737169 -5.648631 -4.334540 27748295395
-6.952915 -6.697943 -4.069760 27748319888
-5.599597 -4.991585 -6.570456 27748344907
-6.609683 -5.805537 -4.824872 27748369888
-7.992421 -6.119350 -3.353875 27748394905
-9.659552 -6.766589 -1.333705 27748419888
-9.718391 -5.844764 -1.755391 27748444901
-10.316597 -5.687858 -2.020170 27748469891
-10.502923 -5.668244 -1.578871 27748494891
-10.571569 -5.481918 -0.088260 27748519886
-10.542150 -4.393380 -0.215746 27748544898
-10.787316 -3.020448 -0.392266 27748569888
-10.404857 -2.706636 0.882599 27748594894
-10.110658 -1.343511 1.421964 27748619879
-10.149883 -1.294478 1.971137 27748644910
-10.238144 -1.314091 2.481083 27748669905
-9.914525 -0.627626 2.657602 27748694885
-8.865212 0.568786 3.108708 27748719879
-8.708306 0.715886 3.471555 27748744913
-8.404300 0.951245 4.099180 27748769896
-8.119907 1.088538 4.403186 27748794908
-8.394494 2.029977 4.893519 27748819875
-8.600433 2.598763 5.501531 27748844910
-8.649467 2.559536 5.707471 27748869898
-9.041733 1.971137 5.874184 27748894913
-8.845599 2.853735 5.746698 27748919877
-8.198360 3.844207 5.266171 27748944899
-8.002228 3.765754 4.658159 27748969886
-8.669080 3.706914 5.070039 27748994893
-8.806373 4.795453 5.364238 27749019865
-7.600155 5.491724 3.961887 27749044877
-6.658716 5.991864 2.608569 27749069869
-6.325290 6.688136 3.991307 27749094885
-4.981779 6.884269 3.432328 27749119827
-3.216582 7.560929 1.755391 27749144889
-1.765197 8.031648 1.117958 27749169994
0.156906 8.021841 1.412158 27749194885
1.255251 7.953194 0.411879 27749219843
2.226110 7.658995 0.490333 27749244880
3.255808 7.256922 1.137571 27749269876
4.854292 6.874462 -0.009807 27749294886
5.256365 6.717556 -0.323619 27749319870
5.638824 6.129157 -0.068647 27749344884
5.952637 5.629018 0.205940 27749369874
6.707749 5.844764 0.598206 27749394887
7.090209 5.991864 -0.274586 27749419879
7.276535 5.854571 -0.784532 27749444870
6.952915 5.511338 0.264780 27749469881
7.423635 5.609405 0.098067 27749494878
7.649189 5.756504 -1.294478 27749519864
7.649189 5.815344 -1.529838 27749544871
7.776674 5.560371 -0.745305 27749569873
8.433721 5.972251 -1.686744 27749594873
8.492560 6.158577 -2.137850 27749619861
8.502367 6.129157 -1.676937 27749644876
8.247394 6.187996 -1.314091 27749669874
7.835515 6.707749 -2.128043 27749694869
7.953194 6.442970 -1.019892 27749719865
8.306233 6.266450 0.088260 27749744886
8.453333 6.237030 -0.294200 27749769874
8.168941 6.492003 0.127486 27749794880
8.208167 6.717556 0.588399 27749819867
8.247394 6.913689 -0.058840 27749844876
8.521980 7.364795 -0.921825 27749869879
8.276814 7.708028 -1.019892 27749894874
7.629575 7.766868 -0.912019 27749919868
6.727362 7.796288 0.353039 27749944877
5.736891 7.982615 -0.019613 27749969874
5.226945 7.825707 -0.019613 27749994868
5.119072 7.619768 1.117958 27750019865
5.275978 7.462861 1.049312 27750044875
6.727362 7.345181 1.088538 27750069870
7.580542 6.315483 1.529838 27750094872
8.443527 5.972251 -0.019613 27750119863
9.483032 6.305676 -1.892684 27750144880
8.992700 5.923217 0.098067 27750169874
8.188554 6.099737 -0.304006 27750194876
7.708028 6.335097 -0.647239 27750219865
7.256922 6.178190 0.323619 27750244868
7.502088 6.119350 0.402073 27750269872
7.737448 6.246837 0.402073 27750294868
7.913968 6.276257 0.715886 27750319860
8.159134 6.393937 0.686466 27750344882
8.825986 6.099737 0.186326 27750369864
8.767146 6.158577 0.568786 27750394904
8.453333 6.129157 1.000278 27750419867
8.110101 6.109544 1.059118 27750444883
7.815901 5.795731 0.872792 27750469874
7.933581 5.864377 0.951245 27750494869
8.159134 5.962444 1.029698 27750519862
8.325847 5.854571 1.078732 27750544871
8.414106 5.903604 0.931632 27750569868
8.247394 5.785924 0.882599 27750594866
8.139521 5.815344 1.039505 27750619861
8.374881 5.844764 1.010085 27750644874
8.423914 5.844764 1.059118 27750669881
8.394494 5.776117 0.951245 27750694873
8.257200 5.746698 0.961052 27750719864
8.051261 5.805537 1.137571 27750744899
8.051261 5.805537 1.186605 27750769887
8.061068 5.854571 1.176798 27750794889
8.051261 5.844764 1.068925 27750819859
8.012034 5.844764 1.157185 27750844894
8.070874 5.903604 1.186605 27750869890
8.149327 5.952637 1.196411 27750894897
8.149327 5.903604 1.166991 27750919858
8.149327 5.756504 1.255251 27750944897
8.286621 5.756504 1.274865 27750969891
8.345461 5.658438 1.206218 27750994887
8.365073 5.599597 1.265058 27751019856
8.276814 5.658438 1.255251 27751044891
8.325847 5.668244 1.235638 27751069898
8.296427 5.638824 1.206218 27751094890
8.208167 5.687858 1.363124 27751119854
8.335654 5.717278 1.451384 27751144897
8.276814 5.756504 1.353318 27751169888
8.296427 5.746698 1.245445 27751194899
8.217974 5.717278 1.353318 27751219856
8.247394 5.697665 1.323898 27751244891
8.316040 5.717278 1.431771 27751269893
8.276814 5.668244 1.520031 27751294880
8.119907 5.648631 1.245445 27751319855
8.090487 5.619211 1.382738 27751344890
8.159134 5.717278 1.382738 27751369879
8.139521 5.746698 1.284671 27751394891
8.188554 5.825150 1.206218 27751419856
8.237587 5.825150 1.098345 27751444882
8.188554 5.776117 1.157185 27751469886
8.208167 5.815344 1.206218 27751494887
8.178747 5.825150 1.078732 27751519853
8.198360 5.825150 1.117958 27751544891
8.247394 5.854571 1.314091 27751569890
8.198360 5.844764 1.343511 27751594891
8.119907 5.844764 1.098345 27751619854
8.159134 5.825150 1.137571 27751644891
8.198360 5.785924 1.196411 27751669892
8.168941 5.785924 1.255251 27751694857
8.178747 5.736891 1.196411 27751719853
8.276814 5.746698 1.157185 27751744859
8.257200 5.746698 1.176798 27751769887
8.217974 5.727084 1.098345 27751794882
8.237587 5.893797 1.216025 27751819851
8.168941 5.933024 1.284671 27751844908
8.070874 5.942831 1.245445 27751869886
8.031648 5.893797 1.265058 27751894897
8.168941 5.834958 1.353318 27751919857
8.188554 5.815344 1.255251 27751944893
8.188554 5.776117 1.265058 27751969879
8.257200 5.707471 1.333705 27751994886
8.267007 5.795731 1.294478 27752019855
8.159134 5.766311 1.255251 27752044893
8.149327 5.805537 1.157185 27752069894
8.286621 5.746698 1.088538 27752094897
8.247394 5.687858 1.196411 27752119850
8.178747 5.717278 1.166991 27752144890
