12.582500 -3.867500 -2.187500 27746931156
12.407500 -2.205000 -2.520000 27746956257
8.120000 0.560000 -3.220000 27746981246
-1.557500 1.942500 -0.612500 27747006275
-3.237500 0.962500 0.385000 27747031239
-0.910000 1.417500 0.542500 27747056246
-0.280000 1.540000 0.245000 27747081242
-0.437500 1.382500 0.332500 27747106270
-0.647500 1.487500 -0.315000 27747131250
-0.525000 1.400000 -0.332500 27747156240
-0.420000 1.627500 -0.455000 27747181248
-0.385000 1.172500 -0.070000 27747206269
-0.455000 0.752500 -0.192500 27747231248
-0.525000 0.752500 -0.192500 27747256244
-0.525000 0.910000 0.122500 27747281236
-0.665000 1.137500 -0.157500 27747306266
-0.910000 0.455000 -0.157500 27747331241
-0.822500 0.787500 -0.157500 27747356248
-0.840000 1.155000 -0.262500 27747381248
-0.735000 -1.102500 -1.067500 27747406271
-1.662500 -1.015000 -1.120000 27747431228
-2.537500 -0.070000 -0.402500 27747456242
-2.065000 -0.490000 -0.507500 27747481241
-1.470000 -0.070000 -0.630000 27747506272
-0.997500 -0.892500 -1.872500 27747531245
-1.610000 -1.855000 -2.922500 27747556244
-1.172500 -7.455000 -7.297500 27747581245
-2.240000 -12.215000 -12.180000 27747606270
0.857500 -13.107500 -18.059999 27747631244
-0.245000 -3.955000 -33.215000 27747656246
2.800000 5.705000 -22.382500 27747681239
3.202500 16.030001 -6.842500 27747706283
0.647500 11.830000 -22.889999 27747731247
2.485000 3.482500 -23.572500 27747756261
6.265000 1.242500 -20.632500 27747781250
0.735000 0.805000 -21.490000 27747806272
-0.717500 5.425000 -18.567499 27747831250
-0.175000 -3.885000 -16.415001 27747856255
7.437500 -13.597500 -30.292500 27747881252
12.582500 -18.445000 -52.797501 27747906340
23.695000 -2.660000 -52.307499 27747931266
33.127499 13.650000 -16.450001 27747956251
41.055000 3.482500 -17.184999 27747981260
34.492500 5.425000 -13.195000 27748006275
22.557501 0.210000 -5.757500 27748031244
17.745001 3.115000 15.190001 27748056247
13.160000 -4.392500 -2.065000 27748081240
28.875000 25.987499 -1.260000 27748106272
57.505001 35.612499 -11.620000 27748131255
60.305000 63.647499 -41.299999 27748156245
44.292500 10.885000 21.735001 27748181243
70.489998 -60.760002 -42.244999 27748206255
68.967499 29.592501 -24.080000 27748237414
49.227501 53.287498 -3.552500 27748256270
106.889999 -78.662498 -2.170000 27748284391
63.279999 -142.012497 -3.955000 27748306276
76.457497 -131.740005 -3.080000 27748331299
27.684999 -32.497501 33.512501 27748356253
51.730000 -35.665001 40.494999 27748381260
50.172501 -114.834999 52.709999 27748406285
70.000000 -226.047501 68.127502 27748431259
169.172501 -230.089996 85.942497 27748456251
76.072502 -226.292496 118.055000 27748481250
73.202499 -175.630005 150.570007 27748506420
67.269997 -158.637497 149.152496 27748531256
57.767502 -144.672501 152.617508 27748556243
34.685001 -54.162498 175.070007 27748581255
13.492500 -67.375000 178.972504 27748606258
-5.285000 -95.025002 185.115005 27748631245
-30.625000 -100.275002 186.882507 27748656244
-42.139999 -123.480003 175.122498 27748681131
-42.525002 -87.097504 175.647507 27748706124
-34.650002 -77.542503 178.657501 27748731244
-36.312500 -53.147499 178.587494 27748756235
-65.362503 -39.462502 172.479996 27748781239
-64.452499 -19.302500 155.259995 27748806265
-60.200001 28.507500 141.645004 27748831236
-65.870003 41.317501 161.787506 27748856231
-89.897499 56.962502 197.014999 27748881238
-97.982498 87.657501 185.044998 27748906257
-1.522500 97.667503 182.875000 27748931233
26.180000 135.555008 210.839996 27748956222
-21.157499 193.164993 230.177505 27748981217
1.137500 205.782501 237.089996 27749006234
44.625000 149.729996 263.690002 27749031226
62.230000 149.397507 278.320007 27749056226
39.970001 184.677505 281.417511 27749081226
34.020000 137.479996 275.345001 27749106242
30.187500 62.860001 271.774994 27749131243
31.255001 86.625000 262.517487 27749156231
45.990002 120.592499 258.142487 27749181229
58.712502 81.199997 241.919998 27749206241
57.067501 29.680000 221.199997 27749231243
1.190000 16.660000 207.410004 27749256238
-21.822500 -4.060000 177.152496 27749281234
1.470000 11.060000 162.539993 27749306251
10.412500 14.630000 156.502502 27749331241
0.700000 -6.545000 127.995003 27749356234
-24.202499 -23.799999 102.165001 27749381237
-18.742500 -51.537498 79.887497 27749406253
-15.697500 -31.639999 81.217499 27749431239
-10.815000 8.750000 79.992500 27749456237
2.922500 -42.105000 59.955002 27749481241
9.502500 -72.695000 42.087502 27749506253
5.197500 -32.707500 43.627499 27749531235
14.227500 18.987499 52.080002 27749556231
24.570000 -11.900000 30.135000 27749581230
25.094999 -25.077499 3.815000 27749606254
1.907500 -2.800000 -0.122500 27749631239
-7.000000 -0.087500 -11.165000 27749656256
-11.445000 -5.950000 -12.792500 27749681233
-5.267500 27.772501 6.230000 27749706254
-9.397500 7.980000 1.347500 27749731550
-11.060000 -16.957500 -11.690000 27749756247
-11.620000 15.785000 -16.799999 27749781237
0.052500 11.112500 -17.465000 27749806257
1.662500 -50.907501 -19.950001 27749831237
-44.957500 -54.459999 -41.439999 27749856237
-87.989998 -28.192501 -52.779999 27749881240
-55.790001 -11.655000 -49.665001 27749906254
-40.564999 39.445000 -38.605000 27749931238
-18.777500 -16.257500 -26.197500 27749956236
-26.740000 -40.564999 -4.935000 27749981233
-29.697500 11.847500 40.599998 27750006252
-12.407500 -17.447500 55.457500 27750031238
-22.417500 -51.555000 60.742500 27750056235
-33.040001 -40.197498 67.322502 27750081238
-27.684999 -29.014999 60.987499 27750106241
3.815000 -3.097500 25.567499 27750131238
-49.437500 10.202500 17.184999 27750156237
-17.710001 8.697500 1.820000 27750181237
-9.275000 1.102500 5.565000 27750206252
-14.700000 50.242500 17.482500 27750231238
-3.412500 22.889999 8.505000 27750256233
-5.372500 6.790000 -2.170000 27750281235
-10.045000 17.342501 -3.237500 27750306255
-9.642500 21.857500 3.622500 27750331239
-14.437500 19.460001 9.240000 27750356234
-13.125000 25.795000 17.080000 27750381275
2.660000 24.412500 16.537500 27750406260
4.252500 15.785000 15.085000 27750431237
1.190000 13.055000 11.305000 27750456235
4.515000 3.780000 5.285000 27750481238
7.542500 0.840000 0.752500 27750506253
8.260000 17.184999 5.197500 27750531236
3.797500 8.190000 0.805000 27750556234
1.190000 9.555000 -2.135000 27750581237
-1.032500 8.347500 -3.885000 27750606254
1.487500 5.110000 -1.767500 27750631238
0.822500 11.305000 3.675000 27750656239
1.540000 1.540000 0.805000 27750681243
1.487500 2.537500 1.190000 27750706255
1.627500 3.780000 3.290000 27750731236
1.540000 1.697500 3.815000 27750756225
0.682500 -2.712500 1.627500 27750781223
-1.312500 -4.812500 0.350000 27750806255
-2.432500 0.402500 2.257500 27750831222
-2.380000 6.895000 4.480000 27750856219
-3.517500 5.512500 3.360000 27750881218
-3.587500 2.222500 0.472500 27750906248
-4.655000 5.950000 1.207500 27750931222
-4.130000 6.755000 1.925000 27750956220
-2.257500 2.362500 2.222500 27750981220
-3.482500 4.585000 2.730000 27751006230
-2.957500 6.615000 1.347500 27751031224
-3.657500 6.825000 1.470000 27751056217
-3.605000 6.510000 0.402500 27751081217
-2.677500 13.107500 1.820000 27751106244
0.122500 6.475000 1.925000 27751131221
-0.245000 -0.157500 -0.665000 27751156222
-1.960000 -1.960000 -0.210000 27751181224
-0.787500 1.207500 0.175000 27751206219
0.385000 1.575000 0.735000 27751231223
1.225000 4.235000 0.962500 27751256226
3.167500 0.560000 -0.210000 27751281225
2.887500 -10.815000 -3.395000 27751306242
0.735000 5.390000 -1.085000 27751331219
1.627500 -0.595000 -4.165000 27751356217
0.997500 -3.815000 -5.337500 27751381218
-1.487500 -4.462500 -5.915000 27751406249
-1.995000 -2.677500 -5.705000 27751431221
-2.362500 1.890000 -4.305000 27751456217
-3.080000 0.140000 -4.865000 27751481220
-2.660000 -2.625000 -4.357500 27751506246
-4.165000 0.560000 -2.117500 27751531216
-3.675000 7.402500 1.365000 27751556221
-0.140000 1.330000 0.595000 27751581220
-1.207500 -4.025000 -1.522500 27751606246
-1.820000 2.257500 0.280000 27751631232
-0.175000 4.480000 0.752500 27751656230
1.085000 0.945000 -0.210000 27751681108
0.227500 -3.290000 -2.152500 27751706097
-1.085000 -4.357500 -2.135000 27751731103
-2.187500 1.715000 -2.135000 27751756212
-3.552500 -1.382500 -0.262500 27751781224
-3.797500 -1.645000 -0.822500 27751806241
-2.572500 1.365000 1.890000 27751831209
-2.222500 1.225000 1.995000 27751856225
-2.607500 1.890000 1.295000 27751881218
-1.365000 1.260000 0.542500 27751906236
-0.875000 1.435000 -0.245000 27751931217
-1.925000 0.612500 -0.262500 27751956214
-1.960000 -1.330000 0.140000 27751981212
-0.490000 0.157500 0.612500 27752006236
0.612500 1.540000 0.560000 27752031233
-0.577500 -0.752500 -0.647500 27752056219
-0.525000 -1.102500 -0.630000 27752081227
0.262500 -0.752500 -0.087500 27752106237
0.052500 0.402500 0.105000 27752131215
