0.000000 27746894853
0.000000 27746919912
0.000000 27746944854
0.000000 27746969928
0.000000 27746994913
0.000000 27747019890
0.000000 27747044920
0.000000 27747069910
0.000000 27747094908
0.000000 27747119888
0.000000 27747144902
0.000000 27747169910
0.000000 27747194912
0.000000 27747219882
0.000000 27747244909
0.000000 27747269903
0.000000 27747294912
0.000000 27747319887
0.000000 27747344910
0.000000 27747369905
0.000000 27747394910
0.000000 27747419891
0.000000 27747444908
0.000000 27747469911
0.000000 27747494903
0.000000 27747519889
0.000000 27747544922
0.000000 27747569910
0.000000 27747594914
0.000000 27747619885
0.000000 27747644919
0.000000 27747669911
0.000000 27747694905
0.000000 27747719888
0.000000 27747744897
0.000000 27747769889
0.000000 27747794894
0.000000 27747819888
0.000000 27747844893
0.000000 27747869889
0.000000 27747894890
0.000000 27747919880
0.000000 27747944895
0.000000 27747969894
0.000000 27747994902
0.000000 27748019888
0.000000 27748044906
0.000000 27748069905
0.000000 27748094912
0.000000 27748119885
0.000000 27748144915
0.000000 27748169902
0.000000 27748194909
0.000000 27748219877
5.000000 27748244889
5.000000 27748269893
5.000000 27748295395
5.000000 27748319888
5.000000 27748344907
5.000000 27748369888
5.000000 27748394905
5.000000 27748419888
5.000000 27748444901
5.000000 27748469891
5.000000 27748494891
0.000000 27748519886
0.000000 27748544898
0.000000 27748569888
0.000000 27748594894
0.000000 27748619879
0.000000 27748644910
0.000000 27748669905
0.000000 27748694885
0.000000 27748719879
0.000000 27748744913
0.000000 27748769896
0.000000 27748794908
0.000000 27748819875
0.000000 27748844910
0.000000 27748869898
0.000000 27748894913
0.000000 27748919877
0.000000 27748944899
0.000000 27748969886
0.000000 27748994893
0.000000 27749019865
0.000000 27749044877
0.000000 27749069869
0.000000 27749094885
0.000000 27749119827
0.000000 27749144889
0.000000 27749169994
0.000000 27749194885
0.000000 27749219843
0.000000 27749244880
0.000000 27749269876
0.000000 27749294886
0.000000 27749319870
0.000000 27749344884
0.000000 27749369874
0.000000 27749394887
0.000000 27749419879
0.000000 27749444870
0.000000 27749469881
0.000000 27749494878
0.000000 27749519864
0.000000 27749544871
0.000000 27749569873
0.000000 27749594873
0.000000 27749619861
0.000000 27749644876
0.000000 27749669874
0.000000 27749694869
0.000000 27749719865
5.000000 27749744886
5.000000 27749769874
5.000000 27749794880
5.000000 27749819867
5.000000 27749844876
5.000000 27749869879
5.000000 27749894874
5.000000 27749919868
5.000000 27749944877
5.000000 27749969874
5.000000 27749994868
5.000000 27750019865
5.000000 27750044875
5.000000 27750069870
5.000000 27750094872
5.000000 27750119863
5.000000 27750144880
5.000000 27750169874
5.000000 27750194876
5.000000 27750219865
5.000000 27750244868
5.000000 27750269872
5.000000 27750294868
5.000000 27750319860
5.000000 27750344882
5.000000 27750369864
5.000000 27750394904
5.000000 27750419867
5.000000 27750444883
5.000000 27750469874
5.000000 27750494869
5.000000 27750519862
5.000000 27750544871
5.000000 27750569868
5.000000 27750594866
5.000000 27750619861
5.000000 27750644874
5.000000 27750669881
5.000000 27750694873
5.000000 27750719864
5.000000 27750744899
5.000000 27750769887
5.000000 27750794889
5.000000 27750819859
5.000000 27750844894
5.000000 27750869890
5.000000 27750894897
5.000000 27750919858
5.000000 27750944897
5.000000 27750969891
5.000000 27750994887
5.000000 27751019856
5.000000 27751044891
5.000000 27751069898
5.000000 27751094890
5.000000 27751119854
5.000000 27751144897
5.000000 27751169888
5.000000 27751194899
5.000000 27751219856
5.000000 27751244891
5.000000 27751269893
5.000000 27751294880
5.000000 27751319855
5.000000 27751344890
5.000000 27751369879
5.000000 27751394891
5.000000 27751419856
5.000000 27751444882
5.000000 27751469886
5.000000 27751494887
5.000000 27751519853
5.000000 27751544891
5.000000 27751569890
5.000000 27751594891
5.000000 27751619854
5.000000 27751644891
5.000000 27751669892
5.000000 27751694857
5.000000 27751719853
5.000000 27751744859
5.000000 27751769887
5.000000 27751794882
5.000000 27751819851
5.000000 27751844908
5.000000 27751869886
5.000000 27751894897
5.000000 27751919857
5.000000 27751944893
5.000000 27751969879
5.000000 27751994886
5.000000 27752019855
5.000000 27752044893
5.000000 27752069894
5.000000 27752094897
5.000000 27752119850
5.000000 27752144890
