0.608012 -0.549172 9.473226 22537896535
0.588399 -0.549172 9.532065 22537921527
0.549172 -0.539366 9.639938 22537946542
0.568786 -0.558979 9.688972 22537971586
0.549172 -0.637432 9.777231 22537996538
0.549172 -0.725692 9.718391 22538021546
0.568786 -0.715886 9.767425 22538046538
0.608012 -0.647239 9.610518 22538071649
0.608012 -0.500139 9.453611 22538096547
0.715886 -0.431493 9.414385 22538121539
0.706079 -0.431493 9.404578 22538146532
0.715886 -0.470719 9.424192 22538171545
0.735499 -0.617819 9.551678 22538196551
0.794339 -0.578592 9.610518 22538221519
0.823759 -0.480526 9.473226 22538246547
0.833565 -0.382459 9.492838 22538271539
0.872792 -0.323619 9.433999 22538296547
0.843372 -0.313813 9.345738 22538321540
0.794339 -0.362846 9.394772 22538346536
0.715886 -0.284393 9.551678 22538371541
0.676659 -0.176520 9.443805 22538396537
0.637432 -0.205940 9.316319 22538421531
0.608012 -0.235360 9.483032 22538446537
0.549172 -0.205940 9.679165 22538471534
0.353039 -0.117680 9.669358 22538496545
0.156906 -0.127486 9.649745 22538521532
0.156906 -0.127486 9.708585 22538546539
0.137293 -0.137293 9.649745 22538571528
-0.058840 -0.078453 9.424192 22538596546
-0.029420 -0.019613 9.375159 22538621543
-0.068647 -0.049033 9.316319 22538646542
-0.627626 -0.127486 9.247672 22538671520
-0.725692 -0.284393 9.757618 22538696539
-0.715886 -0.372653 9.904717 22538721542
-0.686466 -0.539366 10.002784 22538746537
-1.353318 -0.362846 9.306512 22538771538
-1.392545 -0.284393 9.787038 22538796535
-1.431771 -0.196133 9.639938 22538821542
-1.559257 -0.176520 9.738005 22538846529
-1.941717 -0.205940 9.492838 22538871525
-2.059397 -0.196133 9.512452 22538896533
-2.206496 -0.353039 9.404578 22538921537
-2.569343 -0.362846 9.394772 22538946537
-2.588956 -0.333426 9.375159 22538971529
-2.853735 -0.480526 9.257479 22538996543
-2.824315 -0.794339 9.022120 22539021525
-3.932467 -0.098067 8.335654 22539046518
-4.481639 -0.078453 8.590627 22539071524
-4.638546 -0.441299 8.345461 22539096520
-4.834679 -0.490333 7.815901 22539121536
-5.540758 -0.362846 7.619768 22539146521
-5.834958 -0.362846 7.354988 22539171539
-5.962444 -0.470719 7.247115 22539196542
-6.629296 -0.274586 6.796009 22539221534
-6.903882 -0.294200 6.756783 22539246520
-7.149048 -0.441299 6.609683 22539271531
-7.354988 -0.500139 6.207610 22539296552
-7.815901 -0.470719 5.776117 22539321586
-8.110101 -0.657046 5.403465 22539346527
-8.296427 -0.637432 5.236752 22539371539
-8.335654 -0.608012 4.834679 22539396548
-8.708306 -0.568786 4.363960 22539421549
-8.924053 -0.647239 4.207053 22539446526
-8.992700 -0.696272 3.873627 22539471542
-9.071153 -0.676659 3.599041 22539496545
-9.257479 -0.696272 3.196968 22539521554
-9.326125 -0.764919 2.853735 22539546535
-9.365352 -0.784532 2.588956 22539571541
-9.404578 -0.676659 1.627904 22539596540
-9.512452 -0.764919 1.549451 22539621551
-9.688972 -0.872792 1.274865 22539646541
-9.973364 -0.833565 0.813952 22539671547
-9.963558 -0.990472 0.088260 22539696545
-9.914525 -0.990472 -0.304006 22539721549
-9.914525 -1.019892 -0.696272 22539746533
-9.924331 -1.049312 -1.245445 22539771538
-9.865492 -1.088538 -2.059397 22539796550
-9.845878 -1.078732 -2.412436 22539821557
-9.865492 -1.088538 -2.696829 22539846526
-9.581099 -1.245445 -3.167548 22539871545
-9.502645 -1.255251 -3.491168 22539896539
-9.433999 -1.186605 -3.942274 22539921557
-9.286899 -1.196411 -4.452219 22539946532
-8.982893 -1.323898 -4.844486 22539971541
-8.924053 -1.284671 -4.922939 22539996535
-8.786759 -1.255251 -5.089652 22540021543
-8.649467 -1.265058 -5.374044 22540046537
-8.355267 -1.363124 -5.825150 22540071514
-8.217974 -1.372931 -6.070317 22540096542
-8.061068 -1.372931 -6.374323 22540121545
-7.717835 -1.500418 -6.913689 22540146534
-7.600155 -1.412158 -7.119628 22540171535
-7.364795 -1.314091 -7.276535 22540196527
-7.139242 -1.255251 -7.433442 22540221558
-6.815622 -1.176798 -8.021841 22540246515
-6.639102 -1.127765 -8.247394 22540271558
-6.423357 -1.108152 -8.345461 22540296536
-6.168384 -1.049312 -8.453333 22540321553
-5.805537 -1.068925 -8.659273 22540346528
-5.629018 -1.068925 -8.914246 22540371546
-5.462305 -1.059118 -8.992700 22540396535
-5.236752 -1.010085 -9.041733 22540421556
-4.971972 -0.902212 -9.228059 22540446530
-4.785646 -0.931632 -9.473226 22540471548
-4.638546 -0.902212 -9.502645 22540496623
-4.334540 -0.872792 -9.679165 22540521547
-4.256087 -0.823759 -9.747811 22540546559
-4.059954 -0.823759 -9.816459 22540571548
-4.001114 -0.764919 -9.894911 22540596576
-3.618654 -0.784532 -10.061625 22540621547
-3.285228 -0.794339 -10.061625 22540646538
-3.059675 -0.627626 -10.169497 22540671556
-2.873349 -0.578592 -10.296983 22540696547
-2.481083 -0.696272 -10.257757 22540721549
-2.353596 -0.764919 -10.267564 22540746537
-2.079010 -0.735499 -10.149883 22540771551
-1.559257 -0.608012 -10.502923 22540796549
-1.343511 -0.578592 -10.689250 22540821547
-1.117958 -0.500139 -10.806930 22540846525
-1.029698 -0.470719 -10.738283 22540871544
-0.745305 -0.578592 -10.718670 22540896546
-0.823759 -0.490333 -10.777510 22540921548
-0.872792 -0.480526 -10.728477 22540946534
-0.892405 -0.460913 -10.699056 22540971552
-0.813952 -0.392266 -10.610797 22540996559
-0.735499 -0.441299 -10.640217 22541021556
-0.696272 -0.441299 -10.630409 22541046534
-0.598206 -0.411879 -10.630409 22541071553
-0.558979 -0.411879 -10.659830 22541096556
-0.451106 -0.441299 -10.630409 22541121557
-0.411879 -0.460913 -10.777510 22541146540
-0.402073 -0.460913 -10.806930 22541171549
-0.294200 -0.411879 -10.757896 22541196542
-0.284393 -0.372653 -10.669637 22541221554
-0.264780 -0.372653 -10.689250 22541246515
-0.264780 -0.343233 -10.708863 22541271555
-0.235360 -0.304006 -10.708863 22541296550
-0.235360 -0.274586 -10.718670 22541321553
-0.186326 -0.274586 -10.669637 22541346543
-0.098067 -0.313813 -10.699056 22541371554
-0.117680 -0.323619 -10.718670 22541396558
-0.049033 -0.284393 -10.699056 22541421563
0.068647 -0.245166 -10.787316 22541446558
0.088260 -0.274586 -10.699056 22541471558
0.068647 -0.294200 -10.708863 22541496553
0.049033 -0.294200 -10.797122 22541521546
0.078453 -0.333426 -10.767703 22541546541
0.068647 -0.304006 -10.757896 22541571557
0.039227 -0.304006 -10.542150 22541596556
-0.009807 -0.254973 -10.748089 22541621554
-0.088260 -0.264780 -10.855963 22541646539
-0.039227 -0.264780 -10.767703 22541671546
-0.039227 -0.304006 -10.757896 22541696550
-0.078453 -0.274586 -10.846155 22541721557
-0.245166 -0.196133 -10.708863 22541746532
-0.372653 -0.215746 -10.718670 22541771550
-0.509946 -0.284393 -10.748089 22541796555
-0.558979 -0.666852 -10.571569 22541821552
-0.470719 -0.725692 -10.610797 22541846538
-0.509946 -0.657046 -10.610797 22541871553
-0.509946 -0.529559 -10.591184 22541896558
-0.421686 -0.274586 -10.610797 22541921565
-0.333426 -0.235360 -10.542150 22541946547
-0.205940 -0.294200 -10.630409 22541971532
-0.117680 -0.313813 -10.816736 22541996560
-0.127486 -0.215746 -10.738283 22542021541
-0.176520 -0.215746 -10.738283 22542046545
-0.117680 -0.343233 -10.797122 22542071559
-0.117680 -0.480526 -10.885383 22542096551
-0.186326 -0.500139 -10.855963 22542121548
