23.502501 -5.705000 -43.855000 16637032002
21.840000 -10.657500 -50.487499 16637057008
21.682501 -28.017500 -48.247501 16637081985
24.920000 -45.377499 -43.942501 16637106996
31.062500 -72.485001 -38.255001 16637131999
42.490002 -80.570000 14.735000 16637156996
40.512501 -65.432503 90.737503 16637181987
21.892500 -77.157501 212.904999 16637206999
4.865000 -115.989998 381.079987 16637231998
7.892500 -98.017502 453.442505 16637257015
22.452499 -31.780001 367.342499 16637281985
8.085000 15.837500 209.404999 16637307000
-16.012501 74.847504 68.040001 16637331998
-13.912500 93.047501 -20.492500 16637357005
-25.252501 58.152500 -63.262501 16637381984
-29.750000 28.787500 -132.037506 16637406785
-10.237500 28.822500 -203.000000 16637432006
11.795000 34.877499 -219.169998 16637457013
15.260000 25.445000 -224.000000 16637481982
30.870001 24.920000 -223.667496 16637506994
50.942501 28.962500 -209.877502 16637531995
58.117500 21.367500 -173.372498 16637557010
53.235001 12.390000 -154.087494 16637581984
49.735001 0.840000 -144.847504 16637606998
50.435001 -13.335000 -114.467499 16637631997
46.514999 -22.960001 -84.070000 16637657008
35.279999 -37.834999 -42.682499 16637681983
15.207500 -37.852501 -24.360001 16637707001
6.527500 -25.742500 -3.745000 16637731997
-7.910000 15.032500 48.002499 16637757005
-42.105000 31.325001 98.647499 16637781993
-63.857502 38.080002 171.779999 16637807012
-96.285004 44.730000 249.339996 16637832001
-106.364998 24.727501 239.732498 16637857055
-80.307503 -12.705000 205.117508 16637881990
-61.845001 -17.937500 177.782501 16637907001
-49.612499 -2.380000 124.809998 16637932005
-27.895000 -2.327500 21.174999 16637957009
-4.042500 -8.242500 -39.514999 16637981982
6.072500 -7.192500 -82.074997 16638007022
10.902500 -4.235000 -142.029999 16638032000
34.020000 -8.627500 -161.210007 16638056993
42.962502 -13.230000 -162.977493 16638081985
48.125000 -13.177500 -153.824997 16638106997
51.590000 -14.595000 -139.684998 16638131997
48.125000 -16.187500 -111.580002 16638157000
35.752499 -13.037500 -89.004997 16638181984
24.500000 -11.742500 -66.412498 16638206992
15.855000 -11.287500 -32.532501 16638231997
12.110000 -13.300000 -16.187500 16638257012
7.892500 -18.637501 -5.687500 16638281980
5.950000 -15.172500 -3.447500 16638306991
7.157500 -11.427500 -0.087500 16638332001
7.280000 -9.695000 3.972500 16638356999
2.695000 -11.112500 5.757500 16638381983
-3.605000 -13.562500 7.577500 16638406990
-9.100000 -11.217500 8.277500 16638431999
-13.562500 -9.712500 8.050000 16638457001
-14.122500 -10.115000 7.770000 16638481990
-13.072500 -9.607500 3.395000 16638506993


