0.000000 16636975458
0.000000 16637000499
0.000000 16637025683
0.000000 16637050681
0.000000 16637075640
0.000000 16637100671
0.000000 16637125680
0.000000 16637150675
0.000000 16637175639
0.000000 16637200677
0.000000 16637225666
0.000000 16637250688
0.000000 16637275643
0.000000 16637300675
0.000000 16637325675
0.000000 16637350678
0.000000 16637375639
0.000000 16637400677
0.000000 16637425679
0.000000 16637450667
0.000000 16637475645
0.000000 16637500670
0.000000 16637525679
0.000000 16637550670
0.000000 16637575638
0.000000 16637600678
0.000000 16637625677
0.000000 16637650672
0.000000 16637675641
0.000000 16637700670
0.000000 16637725681
0.000000 16637750674
0.000000 16637775625
0.000000 16637800688
0.000000 16637825676
0.000000 16637850668
0.000000 16637875637
0.000000 16637900675
0.000000 16637925665
0.000000 16637950680
0.000000 16637975642
0.000000 16638000658
0.000000 16638025676
0.000000 16638050673
0.000000 16638075650
0.000000 16638100669
0.000000 16638125688
0.000000 16638150666
0.000000 16638175635
0.000000 16638200664
0.000000 16638225672
0.000000 16638250674
0.000000 16638275637
0.000000 16638300669
0.000000 16638325670
0.000000 16638350669
0.000000 16638375635
0.000000 16638400669
0.000000 16638425670
0.000000 16638450672


