0.176520 -9.698778 -1.412158 30266857042
0.166713 -9.738005 -1.441578 30266879724
0.186326 -9.738005 -1.490611 30266904737
0.245166 -9.738005 -1.637711 30266929731
0.313813 -9.718391 -1.598484 30266954759
0.343233 -9.718391 -1.627904 30266979737
0.323619 -9.728198 -1.637711 30267004759
0.304006 -9.688972 -1.490611 30267029869
0.294200 -9.777231 -1.529838 30267054867
0.313813 -9.757618 -1.500418 30267079823
0.343233 -9.728198 -1.461191 30267104867
0.304006 -9.738005 -1.470998 30267130136
0.284393 -9.718391 -1.412158 30267155124
0.323619 -9.688972 -1.490611 30267180223
0.313813 -9.728198 -1.500418 30267205324
0.372653 -9.728198 -1.500418 30267230129
0.362846 -9.688972 -1.431771 30267255122
0.451106 -9.698778 -1.431771 30267280226
0.460913 -9.679165 -1.431771 30267305333
0.372653 -9.728198 -1.235638 30267330127
0.470719 -9.777231 -1.510224 30267355137
0.451106 -9.836071 -1.520031 30267380216
0.421686 -9.787038 -1.539644 30267405307
0.353039 -9.649745 -1.372931 30267430101
0.441299 -9.492838 -1.461191 30267455107
0.441299 -9.757618 -1.539644 30267479995
0.451106 -9.796844 -1.618097 30267505316
0.372653 -9.679165 -1.588677 30267530094
0.411879 -9.679165 -1.569064 30267555094
0.372653 -9.208446 -1.765197 30267580000
0.460913 -9.757618 -1.863264 30267605303
0.509946 -10.189111 -1.755391 30267630101
0.637432 -10.346016 -1.578871 30267655114
0.509946 -9.747811 -1.745584 30267680000
0.608012 -10.395051 -1.784810 30267705324
0.519753 -10.130271 -1.775004 30267730110
0.392266 -9.159412 -1.706357 30267755102
0.588399 -10.316597 -1.902490 30267780000
0.598206 -10.659830 -2.010364 30267805164
0.500139 -9.747811 -1.951524 30267830348
0.558979 -10.551956 -1.912297 30267855144
0.578592 -10.963836 -1.804424 30267879999
0.549172 -9.463418 -1.951524 30267905326
0.451106 -9.012313 -2.010364 30267930125
0.519753 -9.571292 -2.088817 30267955105
0.529559 -9.620325 -1.912297 30267980235
0.539366 -9.836071 -1.784810 30268005351
0.362846 -8.924053 -1.843650 30268030103
0.539366 -9.865492 -1.863264 30268055103
0.343233 -8.482754 -1.931910 30268079965
0.529559 -9.610518 -1.784810 30268105322
0.519753 -9.865492 -1.735777 30268130104
0.490333 -9.875298 -1.755391 30268155105
0.509946 -11.032482 -1.382738 30268180210
0.264780 -10.434277 -1.176798 30268205301
0.215746 -10.208724 -1.059118 30268230092
0.205940 -10.051817 -0.941439 30268255112
0.137293 -9.836071 -0.853179 30268279996
0.176520 -9.836071 -0.931632 30268305301
0.264780 -9.796844 -1.108152 30268330095
0.313813 -9.816459 -1.343511 30268355091
0.362846 -9.757618 -1.647517 30268380204
0.411879 -9.708585 -1.755391 30268405292
0.451106 -9.688972 -1.843650 30268430098
0.480526 -9.688972 -1.892684 30268455108
0.441299 -9.688972 -2.079010 30268479996
0.460913 -9.669358 -2.177077 30268505295
0.431493 -9.639938 -2.226110 30268530098
0.460913 -9.620325 -2.255530 30268555084
0.431493 -9.610518 -2.245723 30268580002
0.441299 -9.620325 -2.235916 30268605310
0.431493 -9.649745 -2.186883 30268630089
0.411879 -9.649745 -2.108430 30268655642
0.451106 -9.610518 -1.951524 30268680000
0.460913 -9.639938 -1.892684 30268705301
0.529559 -9.630132 -1.971137 30268730101
0.598206 -10.051817 -1.784810 30268755095
0.549172 -9.600712 -1.745584 30268779999
0.519753 -9.590905 -1.608291 30268805301
0.500139 -9.581099 -1.667131 30268830088
0.549172 -9.600712 -1.696550 30268855101
0.549172 -9.708585 -1.725971 30268880001
0.549172 -9.453611 -1.706357 30268905299
0.617819 -9.855684 -1.549451 30268930097
0.598206 -9.767425 -1.706357 30268955101
0.647239 -9.845878 -1.637711 30268979993
0.608012 -9.747811 -1.578871 30269005310
0.529559 -9.375159 -1.559257 30269030091
0.539366 -9.365352 -1.588677 30269055104
0.578592 -9.885104 -1.627904 30269080204
0.529559 -9.433999 -1.735777 30269105288
0.598206 -10.042011 -1.451384 30269130100
0.558979 -10.120463 -1.686744 30269155113
0.470719 -9.777231 -1.716164 30269179994
0.608012 -10.561764 -1.706357 30269205300
0.637432 -10.797122 -1.873070 30269230098
0.539366 -10.169497 -1.716164 30269255103
0.529559 -9.914525 -1.637711 30269279998
0.539366 -10.071430 -1.706357 30269305286
0.539366 -10.100850 -1.843650 30269330092
0.372653 -9.492838 -1.539644 30269355090
0.411879 -9.914525 -1.431771 30269380205
0.353039 -10.002784 -1.588677 30269405305
0.323619 -9.777231 -1.451384 30269430089
0.323619 -9.953751 -1.480804 30269455105
0.294200 -9.620325 -1.245445 30269480005
0.264780 -9.237865 -1.147378 30269505287
0.254973 -9.532065 -1.353318 30269530089
0.215746 -9.551678 -1.412158 30269555085
0.245166 -9.777231 -1.323898 30269579994
0.245166 -9.522259 -1.304285 30269605328
0.274586 -9.875298 -1.480804 30269630098
0.186326 -9.679165 -1.343511 30269655102
0.176520 -9.561485 -1.382738 30269679989
0.166713 -9.747811 -1.196411 30269705287
0.078453 -10.100850 -1.343511 30269730105
0.009807 -10.002784 -1.598484 30269755114
0.009807 -9.983171 -1.667131 30269779987
0.009807 -9.924331 -1.775004 30269805292
0.019613 -9.747811 -1.931910 30269830088
-0.039227 -9.669358 -1.961330 30269855103
-0.019613 -9.639938 -1.941717 30269880206
-0.019613 -9.728198 -1.735777 30269905291
0.029420 -9.796844 -1.441578 30269930103
0.098067 -9.796844 -1.333705 30269955089
0.137293 -9.767425 -1.284671 30269979996
0.176520 -9.757618 -1.245445 30270005324
0.264780 -9.708585 -1.098345 30270030080
0.304006 -9.747811 -1.059118 30270055088
0.284393 -9.747811 -1.098345 30270079988
0.205940 -9.747811 -1.186605 30270105286
0.176520 -9.728198 -1.304285 30270130108
0.137293 -9.738005 -1.441578 30270155103
0.098067 -9.777231 -1.461191 30270180000
0.088260 -9.728198 -1.470998 30270205304
0.098067 -9.747811 -1.294478 30270229973
0.176520 -9.787038 -1.206218 30270254965
0.176520 -9.659552 -1.206218 30270280241
0.049033 -9.806651 -1.314091 30270305008
0.039227 -9.777231 -1.284671 30270330107
0.019613 -9.688972 -1.265058 30270355102
0.019613 -9.806651 -1.304285 30270380004
0.009807 -9.679165 -1.255251 30270405304
0.009807 -9.816459 -1.235638 30270430088
0.049033 -9.836071 -1.274865 30270455091
0.058840 -9.924331 -1.206218 30270480000
-0.009807 -9.855684 -1.068925 30270505300
-0.009807 -9.767425 -0.804145 30270530098
0.009807 -9.787038 -0.833565 30270555120
-0.039227 -9.806651 -0.872792 30270579996
0.068647 -9.836071 -0.823759 30270605295
0.068647 -9.728198 -0.823759 30270630094
0.078453 -9.728198 -0.696272 30270655103
0.137293 -9.639938 -0.627626 30270680000
0.147100 -9.855684 -0.568786 30270705293
0.176520 -9.855684 -0.578592 30270730134
0.117680 -9.688972 -0.500139 30270755091
0.137293 -9.590905 -0.529559 30270780005
0.186326 -9.738005 -0.627626 30270805300
0.264780 -9.806651 -0.608012 30270830092
0.078453 -9.875298 -0.509946 30270855102
0.147100 -9.836071 -0.558979 30270880212
0.196133 -9.904717 -0.382459 30270905302
0.196133 -9.767425 -0.313813 30270930118
0.254973 -9.796844 -0.294200 30270955103
0.176520 -9.728198 -0.196133 30270980004
0.176520 -9.738005 -0.088260 30271005191
0.274586 -9.836071 -0.117680 30271030102
0.323619 -9.718391 -0.186326 30271055109
0.323619 -9.728198 -0.323619 30271080218
0.392266 -9.836071 -0.343233 30271105438
0.323619 -9.806651 -0.313813 30271130119
0.313813 -9.826264 -0.225553 30271155120
0.176520 -9.738005 -0.068647 30271180002
0.166713 -9.669358 0.039227 30271205306
0.284393 -9.836071 0.039227 30271230101
0.382459 -9.914525 -0.205940 30271255089
0.392266 -9.649745 -0.274586 30271280003
0.578592 -9.816459 -0.362846 30271305308
0.794339 -9.816459 -0.451106 30271330087
0.804145 -9.855684 -0.411879 30271355098
0.647239 -9.669358 -0.049033 30271380226
0.627626 -9.904717 0.186326 30271405323
0.509946 -9.904717 0.235360 30271430096
0.460913 -9.875298 0.313813 30271455114
0.294200 -9.816459 0.196133 30271480221
0.225553 -9.836071 0.058840 30271505290
0.215746 -9.796844 -0.137293 30271530101
0.117680 -9.787038 -0.304006 30271555090
0.196133 -9.836071 -0.509946 30271579966
0.176520 -9.747811 -0.558979 30271605305
0.205940 -9.806651 -0.568786 30271630114
0.245166 -9.865492 -0.529559 30271655130
0.176520 -9.836071 -0.451106 30271679966
0.215746 -9.836071 -0.431493 30271705311
0.215746 -9.816459 -0.372653 30271730113
0.304006 -9.796844 -0.411879 30271755112
0.304006 -9.806651 -0.460913 30271779974
0.274586 -9.826264 -0.431493 30271805312
0.264780 -9.826264 -0.343233 30271830099
0.353039 -9.816459 -0.451106 30271855110
0.304006 -9.826264 -0.470719 30271880237
0.274586 -9.816459 -0.470719 30271904945
0.333426 -9.777231 -0.529559 30271930095
0.392266 -9.806651 -0.696272 30271955115
0.411879 -9.787038 -0.647239 30271980298
0.480526 -9.845878 -0.598206 30272005346
0.382459 -9.826264 -0.558979 30272030115
0.431493 -9.747811 -0.539366 30272055113
0.480526 -9.777231 -0.578592 30272080006
0.568786 -9.826264 -0.558979 30272105332
0.617819 -9.806651 -0.490333 30272130121
0.813952 -9.659552 -0.421686 30272155111
0.912019 -9.767425 -0.470719 30272179993
0.912019 -9.708585 -0.460913 30272205320
0.931632 -9.669358 -0.402073 30272230121
0.843372 -9.757618 -0.235360 30272255113
0.833565 -9.738005 -0.284393 30272280213
0.843372 -9.757618 -0.372653 30272305310
0.706079 -9.806651 -0.470719 30272330122
0.568786 -9.806651 -0.617819 30272355119
0.519753 -9.816459 -0.647239 30272380216
0.529559 -9.816459 -0.637432 30272405318
0.539366 -9.816459 -0.490333 30272430110
0.617819 -9.806651 -0.421686 30272455111
0.686466 -9.757618 -0.451106 30272480004
0.745305 -9.747811 -0.411879 30272505305
0.774725 -9.757618 -0.294200 30272530111
0.823759 -9.777231 -0.323619 30272555109
0.823759 -9.738005 -0.343233 30272580213
0.833565 -9.757618 -0.323619 30272605338
0.804145 -9.787038 -0.353039 30272630117
0.843372 -9.767425 -0.323619 30272655107
0.823759 -9.757618 -0.254973 30272680210
0.794339 -9.796844 -0.333426 30272705319
0.735499 -9.826264 -0.529559 30272730110
0.764919 -9.845878 -0.529559 30272755105
0.715886 -9.777231 -0.529559 30272780213
0.647239 -9.787038 -0.558979 30272805306
0.617819 -9.796844 -0.549172 30272830119
0.598206 -9.816459 -0.568786 30272855107
0.568786 -9.787038 -0.558979 30272880230
0.627626 -9.787038 -0.519753 30272905308
0.715886 -9.767425 -0.470719 30272930115
0.686466 -9.757618 -0.421686 30272955108
0.735499 -9.728198 -0.509946 30272980215
0.755112 -9.738005 -0.608012 30273005390
0.764919 -9.757618 -0.608012 30273030108
0.774725 -9.747811 -0.519753 30273055110
0.715886 -9.757618 -0.480526 30273080224
0.666852 -9.738005 -0.539366 30273105318
0.627626 -9.757618 -0.529559 30273130113
0.588399 -9.806651 -0.539366 30273155121
0.539366 -9.796844 -0.598206 30273180214
0.500139 -9.787038 -0.637432 30273205307
0.460913 -9.816459 -0.676659 30273230113
0.500139 -9.826264 -0.764919 30273255097
0.529559 -9.787038 -0.823759 30273280006
0.470719 -9.796844 -0.794339 30273305311
0.529559 -9.757618 -0.735499 30273330105
0.568786 -9.738005 -0.588399 30273355103
0.637432 -9.757618 -0.539366 30273380213
0.686466 -9.757618 -0.617819 30273405299
0.657046 -9.747811 -0.617819 30273430130
0.598206 -9.747811 -0.568786 30273455106
0.549172 -9.796844 -0.676659 30273480203
0.441299 -9.767425 -0.794339 30273505306
0.460913 -9.787038 -0.813952 30273530107
0.441299 -9.777231 -0.755112 30273555107
0.470719 -9.806651 -0.706079 30273579991
0.490333 -9.796844 -0.696272 30273605304
0.500139 -9.787038 -0.676659 30273630121
0.578592 -9.777231 -0.666852 30273655111
0.588399 -9.767425 -0.657046 30273680003
0.608012 -9.728198 -0.509946 30273705327
0.637432 -9.718391 -0.470719 30273730112
0.657046 -9.767425 -0.509946 30273755079
0.598206 -9.796844 -0.627626 30273780223
0.608012 -9.767425 -0.627626 30273805303
0.568786 -9.747811 -0.666852 30273830113
