12.512500 -4.095000 -2.065000 30266881848
12.512500 -1.977500 -3.027500 30266906892
7.612500 1.575000 -4.445000 30266931881
-2.100000 4.060000 -4.742500 30266956918
-5.075000 3.465000 -2.590000 30266981920
1.207500 2.152500 -1.977500 30267006915
2.310000 2.047500 -1.365000 30267032059
3.482500 1.785000 -1.347500 30267057052
3.727500 2.485000 -1.260000 30267082058
3.185000 3.482500 -1.435000 30267107059
2.817500 3.272500 -1.295000 30267132343
3.255000 1.610000 -1.715000 30267157339
3.132500 0.647500 -1.890000 30267182338
3.307500 2.537500 -1.102500 30267207151
4.445000 3.045000 -0.630000 30267232341
6.072500 2.397500 0.052500 30267257345
7.350000 5.372500 2.397500 30267282337
7.962500 4.917500 4.182500 30267307153
9.187500 2.502500 4.672500 30267332342
12.005000 -3.045000 4.322500 30267357344
7.017500 1.365000 -0.980000 30267382319
-6.230000 1.347500 -4.217500 30267407131
-9.607500 5.810000 -5.057500 30267432329
-10.447500 3.552500 -0.822500 30267457328
-6.090000 -0.700000 -1.382500 30267482324
-4.637500 1.505000 -1.347500 30267507132
-5.635000 -1.767500 -1.732500 30267532302
-5.337500 2.415000 -5.897500 30267557317
-10.220000 0.157500 -9.502500 30267582137
-15.452500 -2.327500 -7.612500 30267607132
-13.405000 -4.725000 -6.930000 30267632361
-11.252500 -7.140000 -1.085000 30267657323
-2.170000 -12.425000 0.770000 30267682322
-2.030000 -9.660000 -4.060000 30267707427
-9.695000 -9.030000 -3.132500 30267732315
-8.452500 -12.827500 -0.140000 30267757318
-3.290000 -10.622500 -0.017500 30267782322
-3.797500 -13.895000 -0.157500 30267807362
-7.122500 -18.410000 -1.435000 30267832335
-7.402500 -15.715000 -5.390000 30267857333
-11.410000 -14.997500 -8.207500 30267882327
-8.172500 -18.952499 -6.265000 30267907324
-4.952500 -14.892500 -5.040000 30267932330
-3.150000 -17.307501 -3.220000 30267957261
-1.680000 -21.122499 -5.757500 30267982341
-1.592500 -14.052500 -4.427500 30268007321
2.905000 -16.747499 -2.152500 30268032313
2.450000 -17.657499 -2.222500 30268057321
-0.682500 -18.620001 -4.620000 30268082133
-6.177500 -17.657499 -4.672500 30268107134
-8.645000 -16.362499 -2.572500 30268132317
-5.180000 -17.745001 -2.135000 30268157324
-6.055000 -13.825000 -4.550000 30268182331
-6.370000 -9.187500 -3.255000 30268207125
6.440000 -9.170000 0.840000 30268232313
9.432500 -4.410000 4.620000 30268257338
15.015000 -1.102500 4.777500 30268282334
12.670000 0.700000 2.940000 30268307142
5.127500 3.640000 -0.035000 30268332122
-4.252500 3.745000 -1.172500 30268357315
-5.092500 2.975000 -2.240000 30268382130
-6.790000 3.167500 -2.467500 30268407125
-9.660000 3.290000 -1.575000 30268432308
-9.975000 2.677500 -0.630000 30268457317
-9.537500 3.500000 0.192500 30268482302
-9.187500 2.432500 0.105000 30268507123
-7.857500 2.362500 0.122500 30268532304
-5.897500 1.662500 0.052500 30268557301
-4.060000 1.557500 0.367500 30268582310
-1.382500 2.345000 0.385000 30268607126
-0.770000 2.660000 0.420000 30268632311
-0.420000 2.205000 -0.332500 30268657134
-1.155000 3.692500 -0.105000 30268682317
-2.922500 1.907500 0.367500 30268707126
-4.340000 4.690000 1.785000 30268732308
-9.152500 6.562500 0.490000 30268757315
-0.105000 9.485000 2.170000 30268782315
18.427500 6.650000 3.517500 30268807135
12.372500 6.212500 2.852500 30268832123
3.640000 13.650000 0.262500 30268857315
-3.727500 13.230000 1.312500 30268882316
1.732500 16.065001 1.540000 30268907127
7.472500 14.420000 0.385000 30268932305
9.747500 14.420000 -1.522500 30268957319
6.947500 16.450001 -1.172500 30268982333
4.847500 14.945000 0.350000 30269007128
5.810000 16.957500 2.712500 30269032301
3.045000 17.955000 4.585000 30269057309
3.377500 18.252501 3.727500 30269082125
3.062500 19.670000 3.640000 30269107136
5.057500 16.835001 5.302500 30269132307
4.532500 17.132500 4.497500 30269157321
0.630000 18.637501 4.795000 30269182325
-0.140000 15.137500 4.147500 30269207126
5.285000 17.710001 2.747500 30269232311
6.632500 16.922501 2.205000 30269257315
2.800000 18.322500 3.692500 30269282307
-0.437500 18.777500 3.657500 30269307121
4.112500 20.965000 4.760000 30269332123
9.030000 14.647500 5.285000 30269357322
13.527500 17.167500 4.270000 30269382310
6.510000 16.590000 2.800000 30269407130
1.330000 17.377501 3.482500 30269432308
1.592500 18.777500 3.605000 30269457310
-1.032500 16.922501 1.032500 30269482310
-2.590000 17.430000 2.135000 30269507129
-0.367500 18.129999 2.327500 30269532306
3.465000 18.497499 2.800000 30269557305
8.330000 18.357500 2.712500 30269582331
10.762500 18.865000 4.095000 30269607210
6.475000 17.587500 2.817500 30269632313
6.947500 18.969999 3.622500 30269657312
3.097500 17.010000 4.200000 30269682307
5.232500 21.297501 4.760000 30269707128
14.910000 22.330000 3.920000 30269732305
19.600000 7.752500 4.970000 30269757315
-3.237500 11.637500 4.007500 30269782312
-16.082500 9.047500 0.665000 30269807129
-11.480000 8.995000 1.067500 30269832123
-7.105000 2.467500 0.507500 30269857318
-2.660000 3.640000 0.840000 30269882122
-4.375000 -0.665000 0.840000 30269907119
-1.732500 0.017500 -0.525000 30269932309
1.890000 -1.487500 -2.415000 30269957315
4.322500 -3.657500 -2.922500 30269982314
4.777500 -2.922500 -2.940000 30270007131
3.955000 1.470000 -1.522500 30270032307
0.437500 1.312500 -1.400000 30270057340
-1.312500 6.772500 -1.400000 30270082319
-6.247500 4.305000 -0.227500 30270107130
-6.632500 5.180000 -0.192500 30270132309
-5.267500 0.840000 -1.050000 30270157320
-0.927500 1.365000 -2.065000 30270182319
1.960000 2.152500 -3.447500 30270207128
4.637500 1.032500 -5.880000 30270232366
7.735000 0.280000 -7.490000 30270257198
7.945000 -5.075000 5.250000 30270282129
2.957500 -5.670000 3.132500 30270307320
3.430000 -0.525000 0.105000 30270332176
3.097500 -3.062500 1.207500 30270357309
3.762500 -3.500000 -0.735000 30270382318
5.250000 -4.567500 -2.747500 30270407138
6.090000 -7.682500 1.627500 30270432310
5.092500 -8.172500 0.787500 30270457304
4.847500 -7.070000 -1.365000 30270482271
7.665000 -6.475000 -2.012500 30270507131
6.825000 -3.360000 -1.662500 30270532306
6.457500 -6.090000 -0.315000 30270557313
9.520000 -9.205000 1.295000 30270582275
9.747500 -7.787500 -2.135000 30270607134
9.415000 -8.470000 -1.452500 30270632280
9.870000 -9.520000 -1.347500 30270657316
12.512500 -5.705000 -1.102500 30270682322
10.465000 -7.805000 2.660000 30270707135
8.470000 -4.935000 -2.450000 30270732309
4.777500 -4.427500 -1.347500 30270757315
6.737500 -7.192500 3.150000 30270782310
8.295000 -12.530000 3.430000 30270807129
4.112500 -5.022500 -2.590000 30270832324
0.262500 -5.092500 3.045000 30270857345
1.557500 -2.222500 -0.822500 30270882128
12.390000 -6.317500 2.327500 30270907130
16.940001 -6.212500 1.872500 30270932376
12.460000 -5.127500 0.857500 30270957326
8.680000 -3.150000 2.292500 30270982260
4.830000 -1.435000 -2.782500 30271007228
2.450000 0.385000 -4.147500 30271032305
2.537500 -3.430000 -0.525000 30271057368
3.972500 -4.235000 -0.297500 30271082226
5.250000 -4.812500 1.312500 30271107257
4.550000 -3.797500 1.592500 30271132323
4.987500 -2.975000 -2.327500 30271157287
8.820000 -4.375000 1.942500 30271182324
8.050000 -3.237500 1.645000 30271207132
0.227500 -5.407500 4.200000 30271232314
-2.152500 0.945000 -6.720000 30271257448
-6.895000 0.297500 -5.285000 30271282313
-4.112500 -6.790000 4.427500 30271307133
-4.112500 -1.050000 -1.942500 30271332309
0.997500 -2.100000 -2.345000 30271357274
4.847500 -2.362500 -1.347500 30271382136
6.020000 -3.920000 4.987500 30271407137
0.770000 -0.437500 0.455000 30271432309
-1.715000 5.110000 -2.537500 30271457268
-7.437500 3.710000 -3.185000 30271482130
-11.095000 4.182500 -3.325000 30271507125
-14.140000 4.970000 -3.570000 30271532310
-15.890000 0.455000 5.460000 30271557271
-14.385000 1.540000 -1.487500 30271582316
-10.640000 0.122500 -1.032500 30271607267
-6.965000 -2.310000 0.245000 30271632306
-2.625000 -0.577500 -3.185000 30271657270
-1.050000 1.032500 -3.832500 30271682312
-0.980000 -0.682500 -4.410000 30271707283
0.175000 1.330000 -5.005000 30271732316
-1.785000 0.612500 -5.355000 30271757293
-2.520000 -0.105000 -4.515000 30271782328
-2.170000 0.577500 -4.550000 30271807308
-2.415000 0.140000 -5.127500 30271832339
-3.395000 -1.225000 -4.760000 30271857287
-4.200000 -2.590000 -4.655000 30271882273
-3.552500 -5.582500 -6.177500 30271907300
-1.942500 -5.617500 -7.087500 30271932332
-1.645000 -2.905000 -7.052500 30271957341
-1.977500 -3.167500 -7.787500 30271982327
1.260000 0.577500 -8.032500 30272007326
-0.052500 -0.122500 -10.132500 30272032315
0.875000 -3.220000 -4.427500 30272057327
2.887500 -7.577500 -5.145000 30272082333
5.827500 -3.727500 -8.382500 30272107326
6.317500 -2.555000 -9.082500 30272132323
5.477500 -0.420000 -7.157500 30272157334
2.642500 -0.647500 -2.765000 30272182324
0.735000 2.642500 2.082500 30272207328
-0.892500 -0.262500 4.812500 30272232365
-0.367500 1.890000 4.305000 30272257329
-2.782500 -1.085000 4.515000 30272282324
-4.042500 0.542500 5.355000 30272307329
-5.967500 2.205000 3.115000 30272332331
-6.422500 1.312500 0.665000 30272357329
-3.167500 0.175000 -0.472500 30272382328
-0.035000 -2.677500 -2.677500 30272407328
3.675000 -2.712500 -4.550000 30272432329
5.582500 -1.627500 -5.652500 30272457333
3.850000 0.630000 -5.372500 30272482323
2.957500 0.630000 -3.902500 30272507319
2.800000 2.362500 -3.640000 30272532323
-0.052500 2.607500 -3.360000 30272557332
-1.260000 1.050000 -2.607500 30272582347
-1.540000 -0.630000 -1.592500 30272607330
-1.365000 0.070000 -1.190000 30272632328
-1.715000 0.175000 -0.262500 30272657337
-2.852500 0.665000 2.222500 30272682326
-6.212500 0.577500 2.502500 30272707322
-7.017500 0.665000 2.082500 30272732316
-5.897500 0.542500 2.275000 30272757338
-3.710000 0.332500 2.712500 30272782320
-2.537500 0.910000 2.205000 30272807322
-2.415000 2.957500 1.295000 30272832326
-2.817500 2.852500 1.015000 30272857338
-2.187500 2.065000 -1.085000 30272882322
-0.560000 3.150000 -2.012500 30272907326
-1.505000 2.240000 -2.502500 30272932330
-2.432500 3.500000 -1.207500 30272957343
-4.025000 3.500000 -1.102500 30272982135
-4.270000 1.680000 0.892500 30273007149
-1.190000 -0.682500 2.327500 30273032321
1.137500 -0.350000 3.552500 30273057336
0.192500 0.280000 4.410000 30273082326
-2.747500 0.105000 5.215000 30273107334
-3.990000 0.315000 5.495000 30273132324
-4.760000 1.032500 3.797500 30273157319
-5.232500 0.455000 2.712500 30273182330
-5.162500 1.907500 1.872500 30273207327
-5.827500 1.960000 0.315000 30273232320
-4.847500 2.747500 -0.910000 30273257312
-3.605000 2.642500 -1.785000 30273282322
-0.577500 1.067500 -2.485000 30273307326
2.292500 1.487500 -2.537500 30273332323
3.395000 1.225000 -2.590000 30273357316
2.642500 2.292500 -0.840000 30273382322
0.787500 2.030000 1.347500 30273407321
-1.085000 0.770000 2.817500 30273432314
-0.787500 1.155000 2.992500 30273457318
-2.135000 3.202500 2.852500 30273482318
-4.445000 3.745000 2.537500 30273507317
-4.392500 2.222500 0.297500 30273532329
-0.385000 2.030000 -0.402500 30273557345
1.347500 2.065000 -1.820000 30273582330
2.117500 2.572500 -2.852500 30273607327
2.695000 2.432500 -2.642500 30273632318
2.625000 1.907500 -2.240000 30273657337
3.307500 1.435000 -2.082500 30273682320
3.115000 0.857500 -1.540000 30273707325
1.715000 1.330000 -0.210000 30273732327
-2.520000 0.910000 1.050000 30273757331
-2.975000 0.402500 1.347500 30273782323
-2.152500 0.420000 1.872500 30273807326
-0.612500 0.192500 2.397500 30273832328
