0.000000 30266857042
0.000000 30266879724
0.000000 30266904737
0.000000 30266929731
0.000000 30266954759
0.000000 30266979737
0.000000 30267004759
0.000000 30267029869
0.000000 30267054867
0.000000 30267079823
0.000000 30267104867
0.000000 30267130136
0.000000 30267155124
0.000000 30267180223
0.000000 30267205324
0.000000 30267230129
0.000000 30267255122
0.000000 30267280226
0.000000 30267305333
0.000000 30267330127
0.000000 30267355137
0.000000 30267380216
0.000000 30267405307
0.000000 30267430101
0.000000 30267455107
0.000000 30267479995
0.000000 30267505316
0.000000 30267530094
0.000000 30267555094
0.000000 30267580000
0.000000 30267605303
0.000000 30267630101
0.000000 30267655114
0.000000 30267680000
0.000000 30267705324
0.000000 30267730110
0.000000 30267755102
0.000000 30267780000
0.000000 30267805164
0.000000 30267830348
0.000000 30267855144
0.000000 30267879999
0.000000 30267905326
0.000000 30267930125
0.000000 30267955105
0.000000 30267980235
0.000000 30268005351
0.000000 30268030103
0.000000 30268055103
0.000000 30268079965
0.000000 30268105322
0.000000 30268130104
0.000000 30268155105
0.000000 30268180210
0.000000 30268205301
0.000000 30268230092
0.000000 30268255112
0.000000 30268279996
0.000000 30268305301
0.000000 30268330095
0.000000 30268355091
0.000000 30268380204
0.000000 30268405292
0.000000 30268430098
0.000000 30268455108
0.000000 30268479996
0.000000 30268505295
0.000000 30268530098
0.000000 30268555084
0.000000 30268580002
0.000000 30268605310
0.000000 30268630089
0.000000 30268655642
0.000000 30268680000
0.000000 30268705301
0.000000 30268730101
0.000000 30268755095
0.000000 30268779999
0.000000 30268805301
0.000000 30268830088
0.000000 30268855101
0.000000 30268880001
0.000000 30268905299
0.000000 30268930097
0.000000 30268955101
0.000000 30268979993
0.000000 30269005310
0.000000 30269030091
0.000000 30269055104
0.000000 30269080204
0.000000 30269105288
0.000000 30269130100
0.000000 30269155113
0.000000 30269179994
0.000000 30269205300
0.000000 30269230098
0.000000 30269255103
0.000000 30269279998
0.000000 30269305286
0.000000 30269330092
0.000000 30269355090
0.000000 30269380205
0.000000 30269405305
0.000000 30269430089
0.000000 30269455105
0.000000 30269480005
0.000000 30269505287
0.000000 30269530089
0.000000 30269555085
0.000000 30269579994
0.000000 30269605328
0.000000 30269630098
0.000000 30269655102
0.000000 30269679989
0.000000 30269705287
0.000000 30269730105
0.000000 30269755114
0.000000 30269779987
0.000000 30269805292
0.000000 30269830088
0.000000 30269855103
0.000000 30269880206
0.000000 30269905291
0.000000 30269930103
0.000000 30269955089
0.000000 30269979996
0.000000 30270005324
0.000000 30270030080
0.000000 30270055088
0.000000 30270079988
0.000000 30270105286
0.000000 30270130108
0.000000 30270155103
0.000000 30270180000
0.000000 30270205304
0.000000 30270229973
0.000000 30270254965
0.000000 30270280241
0.000000 30270305008
0.000000 30270330107
0.000000 30270355102
0.000000 30270380004
0.000000 30270405304
0.000000 30270430088
0.000000 30270455091
0.000000 30270480000
0.000000 30270505300
0.000000 30270530098
0.000000 30270555120
0.000000 30270579996
0.000000 30270605295
0.000000 30270630094
0.000000 30270655103
0.000000 30270680000
0.000000 30270705293
0.000000 30270730134
0.000000 30270755091
0.000000 30270780005
0.000000 30270805300
0.000000 30270830092
0.000000 30270855102
0.000000 30270880212
0.000000 30270905302
0.000000 30270930118
0.000000 30270955103
0.000000 30270980004
0.000000 30271005191
0.000000 30271030102
0.000000 30271055109
0.000000 30271080218
0.000000 30271105438
0.000000 30271130119
0.000000 30271155120
0.000000 30271180002
0.000000 30271205306
0.000000 30271230101
0.000000 30271255089
0.000000 30271280003
0.000000 30271305308
0.000000 30271330087
0.000000 30271355098
0.000000 30271380226
0.000000 30271405323
0.000000 30271430096
0.000000 30271455114
0.000000 30271480221
0.000000 30271505290
0.000000 30271530101
0.000000 30271555090
0.000000 30271579966
0.000000 30271605305
0.000000 30271630114
0.000000 30271655130
0.000000 30271679966
0.000000 30271705311
0.000000 30271730113
0.000000 30271755112
0.000000 30271779974
0.000000 30271805312
0.000000 30271830099
0.000000 30271855110
0.000000 30271880237
0.000000 30271904945
0.000000 30271930095
0.000000 30271955115
0.000000 30271980298
0.000000 30272005346
0.000000 30272030115
0.000000 30272055113
0.000000 30272080006
0.000000 30272105332
0.000000 30272130121
0.000000 30272155111
0.000000 30272179993
0.000000 30272205320
0.000000 30272230121
0.000000 30272255113
0.000000 30272280213
0.000000 30272305310
0.000000 30272330122
0.000000 30272355119
0.000000 30272380216
0.000000 30272405318
0.000000 30272430110
0.000000 30272455111
0.000000 30272480004
0.000000 30272505305
0.000000 30272530111
0.000000 30272555109
0.000000 30272580213
0.000000 30272605338
0.000000 30272630117
0.000000 30272655107
0.000000 30272680210
0.000000 30272705319
0.000000 30272730110
0.000000 30272755105
0.000000 30272780213
0.000000 30272805306
0.000000 30272830119
0.000000 30272855107
0.000000 30272880230
0.000000 30272905308
0.000000 30272930115
0.000000 30272955108
0.000000 30272980215
0.000000 30273005390
0.000000 30273030108
0.000000 30273055110
0.000000 30273080224
0.000000 30273105318
0.000000 30273130113
0.000000 30273155121
0.000000 30273180214
0.000000 30273205307
0.000000 30273230113
0.000000 30273255097
0.000000 30273280006
0.000000 30273305311
0.000000 30273330105
0.000000 30273355103
0.000000 30273380213
0.000000 30273405299
0.000000 30273430130
0.000000 30273455106
0.000000 30273480203
0.000000 30273505306
0.000000 30273530107
0.000000 30273555107
0.000000 30273579991
0.000000 30273605304
0.000000 30273630121
0.000000 30273655111
0.000000 30273680003
0.000000 30273705327
0.000000 30273730112
0.000000 30273755079
0.000000 30273780223
0.000000 30273805303
0.000000 30273830113
