2.098624 7.119628 6.648909 13453750116
2.069203 7.109822 6.609683 13453775176
2.079010 7.090209 6.599876 13453800135
2.108430 7.100015 6.678329 13453825130
2.216303 7.119628 6.707749 13453850120
2.196690 7.129435 6.590069 13453875126
2.167270 7.149048 6.560650 13453900117
2.177077 7.129435 6.482196 13453925124
2.206496 6.874462 6.354710 13453950126
2.177077 6.903882 5.972251 13453975132
2.245723 6.648909 6.089930 13454000140
2.392823 6.688136 6.403743 13454025136
2.824315 6.207610 6.835236 13454050132
2.834122 5.697665 7.247115 13454075133
2.755669 5.236752 7.609962 13454100135
2.716442 4.962165 7.658995 13454125125
3.344068 3.383295 7.913968 13454150132
3.599041 2.441856 8.698500 13454175133
3.314648 1.882877 9.943945 13454200139
2.814509 0.872792 10.963836 13454225132
2.530116 -0.176520 10.983449 13454250135
3.412714 -0.107873 9.551678 13454275132
6.952915 0.186326 11.542429 13454300137
5.874184 0.019613 9.051538 13454325127
5.893797 1.029698 8.433721 13454350124
6.217417 1.980944 7.394215 13454375125
7.639381 2.736056 7.227501 13454400129
7.286342 2.500696 6.237030 13454425133
7.080402 1.775004 4.314927 13454450128
7.482475 1.784810 3.285228 13454475118
7.521701 1.578871 2.736056 13454500141
7.031369 1.255251 2.912575 13454525131
6.825429 1.245445 3.952080 13454550124
6.511616 0.804145 5.030812 13454575120
6.894075 -2.991029 4.922939 13454600131
5.717278 -2.432050 5.334818 13454625130
5.560371 -1.775004 7.668801 13454650128
5.325011 -0.941439 8.061068 13454675127
5.089652 -0.402073 6.727362 13454700129
1.882877 1.333705 3.265615 13454725130
2.284950 -0.264780 11.640495 13454750129
1.843650 -0.725692 7.668801 13454775131
1.686744 -0.990472 6.452776 13454800126
0.706079 -1.686744 7.992421 13454825118
-0.088260 -1.078732 8.119907 13454850121
-0.166713 -0.725692 8.149327 13454875124
0.549172 0.098067 9.041733 13454900120
0.304006 0.137293 9.002505 13454925113
0.245166 0.156906 9.590905 13454950121
0.235360 0.166713 9.424192 13454975121
0.176520 0.166713 9.463418 13455000123
0.107873 0.196133 9.894911 13455025121
0.098067 0.245166 9.826264 13455050120
0.127486 0.245166 9.806651 13455075108
0.127486 0.274586 9.885104 13455100111
