-6.300000 -6.780000 0.060000 13453769988
-6.180000 -6.780000 -0.180000 13453794991
-6.360000 -6.600000 0.120000 13453820277
-6.300000 -6.660000 0.180000 13453844980
-6.540000 -6.660000 -0.420000 13453870166
-6.660000 -6.780000 0.300000 13453894979
-6.540000 -6.780000 0.060000 13453920249
-6.240000 -6.960000 0.240000 13453945009
-6.420000 -6.660000 0.060000 13453970153
-6.480000 -6.600000 0.360000 13453994981
-6.360000 -6.600000 0.240000 13454020287
-6.420000 -6.180000 0.060000 13454044986
-6.480000 -6.120000 -0.360000 13454070182
-6.660000 -5.820000 -0.060000 13454094986
-6.540000 -5.340000 -0.300000 13454120248
-6.720000 -5.400000 -0.300000 13454144990
-6.540000 -4.740000 0.060000 13454170154
-6.720000 -4.440000 0.240000 13454194983
-6.840000 -4.800000 0.240000 13454220265
-6.840000 -4.680000 0.600000 13454244980
-6.720000 -4.800000 0.840000 13454270159
-6.900000 -5.220000 1.980000 13454295007
-6.840000 -5.280000 2.040000 13454320248
-6.840000 -5.160000 2.280000 13454344984
-6.660000 -5.460000 2.580000 13454370152
-6.780000 -5.340000 3.060000 13454394978
-6.540000 -5.340000 3.420000 13454419974
-6.660000 -5.460000 3.780000 13454445005
-6.240000 -5.640000 4.440000 13454470147
-6.480000 -5.400000 4.440000 13454494988
-6.180000 -5.460000 3.900000 13454520253
-6.660000 -4.980000 4.020000 13454544986
-6.660000 -4.740000 3.540000 13454570170
-6.960000 -4.320000 3.240000 13454594980
-6.720000 -4.440000 2.280000 13454620242
-6.660000 -3.780000 1.860000 13454645002
-7.020000 -4.140000 1.740000 13454670150
-6.660000 -4.140000 1.980000 13454694990
-6.660000 -3.900000 1.380000 13454720268
-6.660000 -3.780000 0.420000 13454744978
-6.060000 -3.180000 -0.540000 13454770157
-5.580000 -2.580000 -0.660000 13454794975
-5.280000 -2.640000 -0.960000 13454820256
-5.220000 -2.580000 -1.020000 13454844989
-4.680000 -2.280000 -1.200000 13454870176
-4.740000 -2.220000 -1.380000 13454894982
-5.280000 -2.400000 -1.320000 13454920247
-4.860000 -2.460000 -1.260000 13454944995
-4.980000 -2.340000 -1.140000 13454970165
-5.160000 -2.520000 -1.560000 13454994985
-4.920000 -2.520000 -1.080000 13455020292
-4.920000 -2.880000 -1.320000 13455044981
-4.740000 -2.820000 -1.260000 13455070141
-4.800000 -2.880000 -1.440000 13455094974
-4.740000 -2.820000 -1.380000 13455120229
