0.000000 13453750116
0.000000 13453775176
0.000000 13453800135
0.000000 13453825130
0.000000 13453850120
0.000000 13453875126
0.000000 13453900117
0.000000 13453925124
0.000000 13453950126
0.000000 13453975132
0.000000 13454000140
0.000000 13454025136
0.000000 13454050132
0.000000 13454075133
0.000000 13454100135
0.000000 13454125125
0.000000 13454150132
0.000000 13454175133
0.000000 13454200139
0.000000 13454225132
0.000000 13454250135
0.000000 13454275132
0.000000 13454300137
0.000000 13454325127
0.000000 13454350124
0.000000 13454375125
0.000000 13454400129
0.000000 13454425133
0.000000 13454450128
0.000000 13454475118
0.000000 13454500141
0.000000 13454525131
0.000000 13454550124
0.000000 13454575120
0.000000 13454600131
0.000000 13454625130
0.000000 13454650128
0.000000 13454675127
0.000000 13454700129
0.000000 13454725130
0.000000 13454750129
0.000000 13454775131
0.000000 13454800126
0.000000 13454825118
0.000000 13454850121
0.000000 13454875124
0.000000 13454900120
0.000000 13454925113
0.000000 13454950121
0.000000 13454975121
0.000000 13455000123
0.000000 13455025121
0.000000 13455050120
0.000000 13455075108
0.000000 13455100111
