0.120000 -1.560000 0.360000 29486843412
-0.240000 -1.800000 0.360000 29486868287
0.060000 -1.380000 0.300000 29486893304
0.120000 -1.560000 0.360000 29486918266
0.240000 -1.200000 0.360000 29486943272
0.120000 -1.440000 0.480000 29486968304
-0.180000 -1.620000 0.540000 29486993278
-0.180000 -1.200000 0.360000 29487018668
-0.060000 -1.380000 0.540000 29487043276
0.060000 -1.380000 0.300000 29487068479
-0.120000 -1.080000 0.240000 29487093306
-0.240000 -1.560000 0.240000 29487118273
-0.120000 -1.560000 0.720000 29487143283
0.120000 -1.320000 0.120000 29487168285
0.180000 -1.260000 0.300000 29487193274
-0.060000 -1.620000 0.300000 29487218509
-0.060000 -1.140000 0.060000 29487243275
0.240000 -1.440000 0.360000 29487268254
0.120000 -1.560000 0.480000 29487293289
0.120000 -1.320000 0.120000 29487318504
0.240000 -1.320000 0.600000 29487343341
-0.240000 -1.680000 0.120000 29487368265
-0.060000 -1.500000 0.420000 29487393288
0.300000 -1.500000 0.540000 29487418263
0.120000 -1.800000 0.360000 29487443286
0.060000 -1.380000 0.300000 29487468280
0.060000 -1.440000 0.120000 29487493295
0.120000 -1.440000 0.240000 29487518477
0.480000 -1.320000 0.480000 29487543367
0.060000 -1.500000 0.420000 29487568293
0.180000 -1.380000 0.660000 29487593313
0.240000 -1.680000 0.120000 29487618290
-0.120000 -1.680000 0.360000 29487643289
-0.060000 -1.260000 0.300000 29487668294
0.060000 -1.380000 0.300000 29487693278
0.060000 -1.380000 0.420000 29487718491
0.060000 -1.560000 0.120000 29487743298
-0.060000 -1.620000 0.420000 29487768282
-0.120000 -1.320000 0.240000 29487793316
-0.120000 -1.560000 0.240000 29487818482
0.120000 -1.680000 0.240000 29487843289
0.060000 -1.620000 0.060000 29487868289
0.060000 -1.380000 0.420000 29487893321
-0.120000 -1.440000 0.360000 29487918478
0.540000 -0.900000 0.300000 29487943291
0.180000 -1.500000 0.180000 29487968274
0.060000 -1.380000 0.060000 29487993273
-0.240000 -1.680000 0.480000 29488018281
0.180000 -1.620000 0.420000 29488043292
0.180000 -1.440000 0.600000 29488068280
-0.120000 -1.320000 0.120000 29488093284
0.360000 -1.560000 0.480000 29488118481
-0.060000 -1.620000 0.300000 29488143283
0.480000 -1.560000 0.120000 29488168275
0.240000 -1.440000 0.240000 29488193276
-0.120000 -1.680000 0.240000 29488218729
0.060000 -1.500000 0.180000 29488243281
0.120000 -1.320000 0.240000 29488268286
-0.240000 -1.440000 0.240000 29488293290
0.120000 -1.440000 0.240000 29488318503
0.240000 -1.080000 0.480000 29488343282
-0.240000 -1.800000 0.480000 29488368290
-0.060000 -1.140000 0.540000 29488393288
0.060000 -1.260000 0.300000 29488418515
-0.180000 -1.260000 0.540000 29488443277
-0.180000 -1.560000 0.240000 29488468316
-0.180000 -1.380000 0.420000 29488493289
0.060000 -1.260000 0.420000 29488518470
-0.180000 -1.380000 0.180000 29488543273
0.300000 -1.260000 0.420000 29488568325
0.060000 -1.500000 0.660000 29488593276
0.120000 -1.440000 0.120000 29488618491
0.060000 -1.620000 0.060000 29488643278
0.060000 -1.740000 0.420000 29488668278
0.300000 -1.380000 0.180000 29488693271
-0.060000 -1.620000 0.420000 29488718537
0.360000 -1.560000 0.360000 29488743275
0.180000 -1.500000 0.540000 29488768307
0.060000 -1.380000 0.300000 29488793275
0.060000 -1.740000 0.540000 29488818523
0.300000 -1.500000 0.420000 29488843290
0.300000 -1.200000 0.360000 29488868266
0.360000 -1.320000 0.360000 29488893279
0.120000 -1.440000 0.240000 29488918463
0.120000 -1.560000 0.120000 29488943281
0.240000 -1.560000 0.240000 29488968280
-0.240000 -1.440000 0.120000 29488993284
-0.240000 -1.320000 0.120000 29489018484
-0.120000 -1.440000 0.120000 29489043289
0.060000 -1.620000 0.420000 29489068290
0.120000 -1.440000 0.480000 29489093279
0.180000 -1.380000 0.420000 29489118513
-0.240000 -1.200000 0.480000 29489143328
0.480000 -1.440000 0.360000 29489168286
0.480000 -1.560000 0.240000 29489193274
0.360000 -1.200000 0.360000 29489218470
0.240000 -1.080000 0.240000 29489243292
0.060000 -1.260000 0.540000 29489268274
0.060000 -1.440000 0.240000 29489293283
0.060000 -1.320000 0.360000 29489318457
0.240000 -1.680000 0.120000 29489343284
0.180000 -1.260000 0.180000 29489368281
0.360000 -1.800000 0.240000 29489393290
0.180000 -1.740000 0.420000 29489418454
0.060000 -1.620000 0.180000 29489443267
0.120000 -1.320000 0.180000 29489468253
0.180000 -1.380000 0.300000 29489493272
0.180000 -1.200000 0.600000 29489518440
0.060000 -1.380000 0.300000 29489543280
0.120000 -0.840000 0.720000 29489568257
0.120000 -1.440000 0.240000 29489593263
