-5.160000 -8.880000 2.280000 10478459962
-5.640000 -8.880000 2.280000 10478484813
-5.640000 -8.880000 2.640000 10478510086
-5.580000 -8.820000 2.460000 10478534810
-5.340000 -8.820000 2.580000 10478559920
-5.400000 -8.880000 2.520000 10478584814
-5.520000 -8.760000 2.640000 10478610085
-5.580000 -8.940000 2.700000 10478634817
-5.580000 -8.580000 2.580000 10478659924
-5.700000 -8.700000 2.460000 10478684809
-5.400000 -8.880000 2.520000 10478709860
-5.460000 -8.700000 2.940000 10478734822
-5.880000 -8.880000 2.760000 10478759937
-5.400000 -8.520000 2.760000 10478784811
-5.880000 -8.400000 2.640000 10478810090
-5.880000 -8.400000 2.640000 10478834820
-6.120000 -7.800000 3.000000 10478859909
-6.180000 -7.620000 2.820000 10478884819
-6.660000 -7.020000 3.060000 10478909999
-6.600000 -6.600000 3.240000 10478934806
-6.720000 -6.120000 3.720000 10478959921
-7.020000 -5.580000 3.180000 10478984837
-6.780000 -5.220000 3.300000 10479010199
-6.840000 -4.560000 3.120000 10479034817
-6.720000 -4.080000 3.600000 10479059925
-6.600000 -3.720000 3.720000 10479084794
-6.540000 -3.420000 3.420000 10479110092
-6.240000 -3.000000 3.600000 10479134814
-6.120000 -2.760000 3.600000 10479159915
-5.820000 -2.340000 3.540000 10479184812
-6.000000 -2.160000 3.480000 10479210087
-5.880000 -1.800000 3.120000 10479234804
-5.820000 -1.740000 3.420000 10479259923
-5.160000 -1.440000 3.240000 10479284817
-5.280000 -1.080000 3.480000 10479310095
-5.040000 -0.960000 3.120000 10479334808
-5.040000 -1.080000 3.240000 10479359915
-4.740000 -1.020000 3.180000 10479384810
-4.800000 -0.840000 2.880000 10479410083
-4.440000 -0.720000 3.120000 10479434813
-4.320000 -0.720000 3.000000 10479459922
-4.200000 -0.360000 3.000000 10479484813
-4.320000 -0.480000 3.000000 10479510098
-4.380000 -0.540000 3.060000 10479534808
-4.260000 -0.060000 2.820000 10479559920
-4.140000 -0.300000 2.820000 10479584819
-3.900000 -0.300000 2.820000 10479610007
-4.200000 -0.600000 3.120000 10479634808
-4.260000 -0.780000 3.180000 10479659917
-3.840000 -0.480000 3.000000 10479684807
