8.700000 5.100000 1.740000 22054161685
9.000000 4.800000 1.440000 22054186990
9.059999 5.460000 1.380000 22054211681
9.360000 5.280000 1.800000 22054236928
8.820000 5.340000 1.620000 22054261683
9.240000 5.160000 1.680000 22054286675
8.880000 5.280000 1.680000 22054311687
9.120000 5.040000 1.440000 22054336849
8.880000 5.280000 1.800000 22054361677
9.300000 5.220000 1.620000 22054386685
9.240000 5.400000 1.680000 22054411679
9.120000 5.160000 1.920000 22054436857
9.179999 5.340000 1.740000 22054461688
8.880000 5.160000 1.560000 22054486885
9.240000 5.160000 2.040000 22054511706
9.000000 5.400000 1.680000 22054536689
8.820000 5.220000 1.740000 22054561689
8.880000 5.280000 1.800000 22054586944
8.820000 5.100000 1.740000 22054612482
8.940000 4.860000 1.740000 22054636938
8.700000 5.100000 1.860000 22054661687
9.059999 5.220000 1.860000 22054686684
9.059999 5.100000 1.620000 22054711851
8.639999 4.920000 1.800000 22054736874
8.700000 5.100000 1.380000 22054761893
8.820000 4.980000 1.620000 22054786696
8.580000 4.860000 1.500000 22054811679
8.639999 4.920000 1.680000 22054836833
8.099999 4.980000 1.260000 22054861983
8.580000 5.100000 1.500000 22054886882
8.460000 4.620000 1.380000 22054911942
8.340000 5.100000 1.260000 22054936684
8.460000 4.860000 1.260000 22054961688
8.400000 5.040000 1.080000 22054987027
7.920000 5.040000 1.680000 22055011898
8.280000 4.920000 1.800000 22055036943
8.220000 4.860000 1.140000 22055061699
8.220000 4.500000 1.380000 22055086686
8.280000 4.920000 1.200000 22055111820
8.160000 5.040000 1.320000 22055137075
7.980000 4.620000 1.380000 22055162080
8.160000 4.680000 1.440000 22055186877
8.040000 4.800000 1.560000 22055211859
8.040000 4.920000 1.440000 22055236827
7.980000 4.500000 1.020000 22055262348
8.220000 4.740000 1.260000 22055287083
8.220000 4.500000 1.260000 22055312328
7.980000 4.620000 1.500000 22055337066
8.160000 4.560000 1.320000 22055362063
8.400000 4.440000 1.200000 22055387071
7.980000 4.620000 1.260000 22055412343
7.800000 4.440000 1.200000 22055437077
7.740000 4.380000 1.500000 22055462072
7.920000 4.440000 1.320000 22055487057
7.860000 4.020000 1.260000 22055512222
7.980000 4.500000 1.500000 22055537068
7.800000 4.200000 1.440000 22055562286
7.860000 4.620000 1.620000 22055587283
7.920000 4.320000 1.320000 22055612055
7.740000 4.620000 1.260000 22055637072
7.980000 4.620000 1.500000 22055662397
7.800000 4.080000 1.440000 22055687314
7.680000 4.680000 1.320000 22055712339
7.920000 4.200000 1.200000 22055737064
7.980000 4.500000 1.260000 22055762071
7.620000 4.380000 1.620000 22055787106
7.860000 4.260000 1.260000 22055812145
7.920000 4.200000 1.440000 22055837163
7.680000 4.320000 1.440000 22055862591
7.980000 4.500000 1.380000 22055889008
7.740000 4.140000 1.380000 22055913286
7.920000 4.080000 1.320000 22055937245
8.099999 4.380000 1.260000 22055962154
7.740000 4.260000 1.260000 22055987328
7.620000 4.380000 1.380000 22056011952
7.560000 4.440000 1.320000 22056036944
7.920000 4.200000 1.320000 22056062215
7.920000 4.200000 1.440000 22056087161
7.740000 4.380000 1.380000 22056111922
7.680000 4.080000 1.200000 22056136684
7.740000 4.140000 1.020000 22056161689
7.740000 4.020000 1.260000 22056186857
7.860000 4.260000 1.380000 22056211710
7.800000 4.560000 1.200000 22056236879
7.860000 4.260000 1.380000 22056261684
7.740000 4.380000 1.260000 22056286679
7.740000 3.900000 1.380000 22056311681
7.800000 4.200000 1.440000 22056336943
7.680000 4.200000 1.200000 22056361683
7.740000 4.020000 1.380000 22056386937
7.800000 4.320000 1.200000 22056411696
7.740000 4.140000 1.380000 22056436681
7.680000 4.320000 1.200000 22056461708
8.040000 4.320000 1.440000 22056486898
7.740000 4.380000 1.140000 22056511688
8.099999 4.500000 1.500000 22056536693
8.040000 4.680000 1.440000 22056561677
8.160000 4.560000 1.200000 22056586840
7.980000 4.620000 1.380000 22056611672
8.099999 4.860000 1.380000 22056636888
8.099999 4.740000 1.260000 22056661924
7.980000 4.860000 1.260000 22056686682
7.980000 4.620000 1.620000 22056711674
7.800000 4.560000 1.440000 22056736926
7.860000 5.100000 1.140000 22056761890
8.040000 4.800000 1.080000 22056786932
8.220000 4.860000 1.380000 22056811680
8.040000 5.040000 1.440000 22056836678
8.280000 4.680000 1.200000 22056861854
8.099999 4.860000 1.020000 22056886883
7.980000 4.980000 1.260000 22056911879
8.099999 4.980000 1.260000 22056936689
8.220000 4.860000 1.380000 22056961678
8.040000 4.920000 1.560000 22056986952
8.400000 5.160000 1.200000 22057011945
8.460000 5.460000 1.140000 22057036871
8.160000 5.280000 1.560000 22057061932
8.580000 5.100000 1.260000 22057086691
8.400000 5.400000 1.320000 22057111676
8.280000 5.640000 1.080000 22057136662
7.980000 5.700000 1.380000 22057161895
8.160000 5.640000 1.440000 22057186683
8.520000 5.640000 1.320000 22057211692
8.280000 5.520000 1.320000 22057236681
8.099999 5.820000 1.500000 22057261839
8.580000 5.580000 1.380000 22057286686
8.340000 5.820000 1.620000 22057311884
8.400000 5.880000 1.200000 22057336692
8.340000 6.060000 1.380000 22057361673
8.760000 6.120000 1.320000 22057386710
8.460000 5.820000 1.380000 22057411944
8.460000 6.060000 1.740000 22057436698
8.400000 6.240000 1.560000 22057461931
8.460000 5.820000 1.500000 22057486695
8.820000 6.540000 1.500000 22057511677
8.580000 6.300000 1.380000 22057536694
8.400000 6.000000 1.560000 22057561876
8.639999 6.360000 1.680000 22057587401
8.580000 6.420000 1.620000 22057611689
8.460000 6.420000 1.500000 22057636691
8.700000 6.780000 1.500000 22057661855
8.400000 6.720000 1.680000 22057686936
8.639999 6.840000 1.440000 22057711889
8.700000 6.900000 1.500000 22057736762
8.460000 6.780000 1.500000 22057761682
8.580000 7.260000 1.620000 22057786687
8.160000 7.200000 1.560000 22057812302
8.280000 7.440000 1.560000 22057836689
8.400000 7.560000 1.320000 22057861841
8.460000 7.140000 1.380000 22057886691
8.099999 7.620000 1.380000 22057911817
8.160000 7.320000 1.440000 22057936676
8.220000 7.500000 1.500000 22057961818
8.220000 7.380000 1.380000 22057986763
8.280000 7.440000 1.320000 22058011940
8.099999 7.380000 1.260000 22058036703
8.099999 7.500000 1.740000 22058061794
8.099999 7.500000 1.260000 22058086695
7.800000 7.680000 1.200000 22058111816
8.160000 7.560000 1.200000 22058136697
8.220000 7.500000 1.380000 22058161816
7.740000 7.620000 1.260000 22058186706
8.040000 7.560000 1.200000 22058211817
8.099999 7.500000 1.620000 22058236690
7.740000 7.740000 1.260000 22058261778
7.920000 7.560000 1.200000 22058286693
7.680000 7.920000 0.960000 22058311789
7.800000 7.680000 1.200000 22058336695
7.860000 7.740000 1.140000 22058361820
7.620000 7.740000 1.500000 22058386696
8.220000 7.860000 1.020000 22058411824
7.800000 7.680000 1.080000 22058436709
7.860000 7.620000 1.140000 22058461786
7.860000 7.860000 1.260000 22058486693
7.740000 7.860000 1.620000 22058511815
7.680000 8.040000 1.200000 22058536691
7.740000 7.740000 1.260000 22058561808
7.800000 8.040000 1.440000 22058586678
7.740000 7.980000 1.380000 22058611802
8.040000 7.560000 0.840000 22058636693
7.920000 7.800000 1.440000 22058661792
7.860000 7.380000 1.380000 22058686683
7.860000 7.980000 1.260000 22058711813
8.099999 7.500000 0.900000 22058736682
7.800000 7.560000 1.200000 22058761802
8.099999 7.380000 1.260000 22058786680
8.099999 7.740000 1.260000 22058811807
7.620000 7.740000 1.500000 22058836682
7.860000 7.380000 1.140000 22058861795
8.400000 7.680000 1.560000 22058886695
8.099999 7.500000 1.380000 22058912289
7.980000 7.380000 1.260000 22058936729
8.099999 7.140000 1.140000 22058961854
8.160000 7.200000 1.080000 22058986753
7.740000 6.900000 1.260000 22059011795
8.160000 6.720000 1.320000 22059036670
8.040000 6.600000 1.320000 22059061799
7.860000 6.780000 1.020000 22059086683
8.340000 6.660000 1.260000 22059111795
8.280000 6.480000 1.320000 22059136688
8.220000 6.540000 1.260000 22059161812
8.220000 6.540000 1.260000 22059186681
8.220000 6.780000 1.140000 22059211799
8.280000 6.240000 1.320000 22059236711
8.160000 6.120000 1.320000 22059261800
8.340000 6.420000 1.380000 22059286684
8.520000 6.360000 1.320000 22059313601
8.280000 6.240000 1.200000 22059336711
8.220000 5.940000 1.140000 22059361833
8.160000 5.880000 1.200000 22059386697
8.280000 6.000000 1.320000 22059411807
8.220000 5.940000 1.260000 22059436701
8.160000 6.120000 1.440000 22059461794
8.099999 5.700000 1.260000 22059486725
8.099999 5.820000 1.500000 22059511809
8.280000 6.000000 1.440000 22059536686
8.280000 6.000000 1.200000 22059561816
8.220000 6.060000 1.140000 22059586691
8.280000 5.520000 1.080000 22059611805
8.520000 6.120000 1.200000 22059636687
8.040000 5.760000 1.320000 22059661806
7.980000 5.820000 1.020000 22059686690
8.340000 6.180000 1.740000 22059711850
8.460000 6.300000 1.380000 22059736677
8.280000 6.000000 1.680000 22059761823
8.280000 6.240000 1.200000 22059786685
8.280000 6.120000 0.960000 22059811821
8.460000 6.300000 1.140000 22059836675
7.860000 6.300000 1.620000 22059861771
8.220000 6.420000 1.020000 22059886687
8.160000 6.720000 1.080000 22059911801
8.220000 6.420000 1.740000 22059936674
8.280000 6.720000 1.200000 22059961809
8.220000 6.780000 1.140000 22059986784
8.220000 6.780000 1.380000 22060011834
8.400000 6.840000 1.680000 22060036686
7.860000 6.780000 1.260000 22060061804
7.800000 6.840000 1.440000 22060086690
8.340000 6.900000 1.260000 22060111809
8.160000 7.200000 1.080000 22060136665
8.099999 6.900000 1.140000 22060161843
7.980000 7.260000 1.260000 22060186685
8.280000 7.080000 1.200000 22060211823
8.040000 7.080000 1.080000 22060236682
7.980000 7.260000 1.260000 22060261804
7.920000 7.320000 0.960000 22060286692
7.860000 6.780000 1.140000 22060311796
7.980000 7.140000 1.140000 22060336683
7.920000 7.560000 0.960000 22060361802
7.800000 7.200000 0.840000 22060386691
8.040000 7.200000 1.080000 22060411797
8.099999 7.380000 1.140000 22060436673
8.220000 7.380000 1.260000 22060461796
7.920000 7.440000 1.200000 22060486678
8.040000 7.320000 1.080000 22060511831
7.980000 7.380000 1.020000 22060536689
8.280000 7.440000 1.200000 22060561818
7.920000 7.440000 0.960000 22060586685
8.099999 7.380000 1.140000 22060611799
8.040000 7.680000 1.200000 22060636693
7.920000 7.800000 1.320000 22060661796
8.160000 7.680000 1.200000 22060686678
8.040000 7.320000 1.080000 22060711809
8.220000 7.260000 1.260000 22060736678
7.860000 7.500000 1.260000 22060761819
7.920000 7.560000 1.200000 22060786687
7.800000 7.560000 1.080000 22060811799
8.099999 7.260000 1.260000 22060836684
7.860000 7.380000 1.020000 22060861809
7.860000 7.380000 1.500000 22060886699
8.280000 7.320000 1.680000 22060911798
7.980000 7.260000 1.020000 22060936678
7.980000 7.380000 1.260000 22060961799
8.099999 7.620000 1.140000 22060986841
7.860000 7.260000 1.020000 22061011808
8.040000 7.200000 1.200000 22061036699
7.980000 7.380000 1.260000 22061061804
8.099999 6.780000 1.140000 22061086683
7.980000 7.140000 1.260000 22061111813
7.920000 6.840000 1.320000 22061136689
8.099999 6.660000 1.260000 22061161800
8.400000 6.720000 1.320000 22061186686
8.040000 6.840000 1.320000 22061211814
7.920000 6.600000 1.320000 22061236695
8.040000 6.600000 1.440000 22061261804
8.040000 6.480000 1.080000 22061286694
8.099999 6.660000 1.020000 22061311815
7.980000 6.540000 1.260000 22061336679
7.800000 6.240000 1.440000 22061361800
7.980000 6.060000 1.380000 22061386687
7.980000 6.060000 1.140000 22061411814
8.340000 5.820000 1.260000 22061436698
8.040000 5.880000 1.320000 22061461802
8.160000 5.880000 1.080000 22061486682
8.460000 5.940000 1.020000 22061511819
8.099999 5.820000 1.140000 22061536676
8.220000 5.340000 1.500000 22061561821
8.220000 5.460000 1.140000 22061586684
8.280000 5.280000 1.080000 22061611816
8.160000 5.400000 1.200000 22061636695
7.980000 5.220000 1.140000 22061661796
8.099999 5.220000 1.020000 22061686677
8.220000 5.100000 1.260000 22061711804
7.860000 5.100000 1.260000 22061736678
7.920000 4.920000 1.320000 22061761807
7.740000 4.620000 1.260000 22061786679
8.099999 4.740000 1.140000 22061811817
8.040000 4.920000 1.080000 22061836680
8.040000 5.160000 1.200000 22061861799
7.680000 4.920000 1.200000 22061886692
8.099999 4.860000 1.140000 22061911811
7.980000 4.980000 1.260000 22061936680
8.099999 4.980000 1.140000 22061961807
7.920000 4.560000 1.200000 22061986784
7.860000 4.980000 1.380000 22062011808
7.860000 4.860000 1.260000 22062036688
7.980000 4.740000 1.380000 22062061807
8.099999 5.100000 1.020000 22062086699
8.220000 5.100000 1.140000 22062111814
8.040000 4.680000 1.320000 22062136688
8.099999 5.100000 1.380000 22062161796
8.160000 5.160000 1.320000 22062186681
8.220000 4.980000 1.140000 22062211790
8.280000 5.160000 1.320000 22062236730
7.860000 4.980000 1.020000 22062261708
