0.000000 22054148437
0.000000 22054173483
0.000000 22054198463
0.000000 22054223463
0.000000 22054248465
0.000000 22054273465
0.000000 22054298461
0.000000 22054323467
0.000000 22054348451
0.000000 22054373475
0.000000 22054398465
0.000000 22054423469
0.000000 22054448449
0.000000 22054473471
0.000000 22054498461
0.000000 22054523465
0.000000 22054548468
0.000000 22054573469
0.000000 22054598471
0.000000 22054623460
0.000000 22054648459
0.000000 22054673463
0.000000 22054698461
0.000000 22054723461
0.000000 22054748444
0.000000 22054773457
0.000000 22054798460
0.000000 22054823452
0.000000 22054848456
0.000000 22054873459
0.000000 22054898468
0.000000 22054923460
0.000000 22054948463
0.000000 22054973464
0.000000 22054998465
0.000000 22055023453
0.000000 22055048456
0.000000 22055073470
0.000000 22055098453
0.000000 22055123460
0.000000 22055148452
0.000000 22055173463
0.000000 22055198462
0.000000 22055223459
0.000000 22055248467
0.000000 22055273463
0.000000 22055298458
0.000000 22055323463
0.000000 22055348452
0.000000 22055373451
0.000000 22055398461
0.000000 22055423455
0.000000 22055448430
0.000000 22055473468
0.000000 22055498459
0.000000 22055523444
0.000000 22055548457
0.000000 22055573453
0.000000 22055598453
0.000000 22055623469
0.000000 22055648446
0.000000 22055673477
0.000000 22055698463
0.000000 22055723466
0.000000 22055748458
0.000000 22055773472
0.000000 22055798462
0.000000 22055823467
0.000000 22055848539
0.000000 22055875730
0.000000 22055898495
0.000000 22055923419
0.000000 22055948412
0.000000 22055973437
0.000000 22055998431
0.000000 22056023450
0.000000 22056048459
0.000000 22056073408
0.000000 22056098453
0.000000 22056123473
0.000000 22056148456
0.000000 22056173440
0.000000 22056198456
0.000000 22056223468
0.000000 22056248445
0.000000 22056273436
0.000000 22056298460
0.000000 22056323467
0.000000 22056348450
0.000000 22056373433
0.000000 22056398468
0.000000 22056423462
0.000000 22056448448
0.000000 22056473445
0.000000 22056498462
0.000000 22056523451
0.000000 22056548454
0.000000 22056573443
0.000000 22056598431
0.000000 22056623453
0.000000 22056648447
0.000000 22056673439
0.000000 22056698449
0.000000 22056723456
0.000000 22056748443
0.000000 22056773441
0.000000 22056798447
0.000000 22056823461
0.000000 22056848437
0.000000 22056873441
0.000000 22056898440
0.000000 22056923459
0.000000 22056948445
0.000000 22056973443
0.000000 22056998454
0.000000 22057023468
0.000000 22057048450
0.000000 22057073437
0.000000 22057098444
0.000000 22057123422
0.000000 22057148445
0.000000 22057173429
0.000000 22057198445
0.000000 22057223458
0.000000 22057248449
0.000000 22057273431
0.000000 22057298447
0.000000 22057323448
0.000000 22057348450
0.000000 22057373434
0.000000 22057398478
0.000000 22057423466
0.000000 22057448494
0.000000 22057473444
0.000000 22057498488
0.000000 22057523459
0.000000 22057548574
0.000000 22057573441
0.000000 22057598446
0.000000 22057623458
0.000000 22057648458
0.000000 22057673444
0.000000 22057698464
0.000000 22057723462
0.000000 22057748462
0.000000 22057773441
0.000000 22057798468
0.000000 22057823458
0.000000 22057848458
0.000000 22057873443
0.000000 22057898464
0.000000 22057923470
0.000000 22057948463
0.000000 22057973425
0.000000 22057998457
0.000000 22058023462
0.000000 22058048461
0.000000 22058073447
0.000000 22058098454
0.000000 22058123462
0.000000 22058148466
0.000000 22058173444
0.000000 22058198453
0.000000 22058223463
0.000000 22058248441
0.000000 22058273440
0.000000 22058298465
0.000000 22058323456
0.000000 22058348468
0.000000 22058373445
0.000000 22058398454
0.000000 22058423464
0.000000 22058448461
0.000000 22058473447
0.000000 22058498463
0.000000 22058523454
0.000000 22058548463
0.000000 22058573442
0.000000 22058598465
0.000000 22058623465
0.000000 22058648453
0.000000 22058673446
0.000000 22058698453
0.000000 22058723460
0.000000 22058748467
0.000000 22058773443
0.000000 22058798465
0.000000 22058823464
0.000000 22058848455
0.000000 22058873440
0.000000 22058898466
0.000000 22058923452
0.000000 22058948414
0.000000 22058973416
0.000000 22058998422
0.000000 22059023420
0.000000 22059048413
0.000000 22059073414
0.000000 22059098464
0.000000 22059123458
0.000000 22059148472
0.000000 22059173434
0.000000 22059198452
0.000000 22059223473
0.000000 22059248466
0.000000 22059273435
0.000000 22059298472
0.000000 22059323518
0.000000 22059348477
0.000000 22059373437
0.000000 22059398474
0.000000 22059423467
0.000000 22059448475
0.000000 22059473431
0.000000 22059498469
0.000000 22059523462
0.000000 22059548470
0.000000 22059573436
0.000000 22059598478
0.000000 22059623470
0.000000 22059648470
0.000000 22059673434
0.000000 22059698475
0.000000 22059723466
0.000000 22059748463
0.000000 22059773436
0.000000 22059798472
0.000000 22059823462
0.000000 22059848471
0.000000 22059873434
0.000000 22059898470
0.000000 22059923462
0.000000 22059948476
0.000000 22059973439
0.000000 22059998468
0.000000 22060023473
0.000000 22060048462
0.000000 22060073413
0.000000 22060098456
0.000000 22060123423
0.000000 22060148460
0.000000 22060173450
0.000000 22060198469
0.000000 22060223463
0.000000 22060248473
0.000000 22060273441
0.000000 22060298468
0.000000 22060323477
0.000000 22060348464
0.000000 22060373456
0.000000 22060398462
0.000000 22060423475
0.000000 22060448466
0.000000 22060473450
0.000000 22060498470
0.000000 22060523461
0.000000 22060548461
0.000000 22060573449
0.000000 22060598464
0.000000 22060623474
0.000000 22060648466
0.000000 22060673445
0.000000 22060698464
0.000000 22060723470
0.000000 22060748463
0.000000 22060773450
0.000000 22060798474
0.000000 22060823473
0.000000 22060848462
0.000000 22060873457
0.000000 22060898474
0.000000 22060923477
0.000000 22060948461
0.000000 22060973450
0.000000 22060998463
0.000000 22061023476
0.000000 22061048471
0.000000 22061073439
0.000000 22061098482
0.000000 22061123482
0.000000 22061148474
0.000000 22061173442
0.000000 22061198473
0.000000 22061223469
0.000000 22061248475
0.000000 22061273447
0.000000 22061298475
0.000000 22061323465
0.000000 22061348464
0.000000 22061373447
0.000000 22061398470
0.000000 22061423460
0.000000 22061448474
0.000000 22061473444
0.000000 22061498474
0.000000 22061523469
0.000000 22061548472
0.000000 22061573442
0.000000 22061598463
0.000000 22061623468
0.000000 22061648467
0.000000 22061673440
0.000000 22061698456
0.000000 22061723470
0.000000 22061748458
0.000000 22061773432
0.000000 22061798462
0.000000 22061823458
0.000000 22061848467
0.000000 22061873437
0.000000 22061898467
0.000000 22061923471
0.000000 22061948462
0.000000 22061973444
0.000000 22061998469
0.000000 22062023448
0.000000 22062048455
0.000000 22062073440
0.000000 22062098465
0.000000 22062123463
0.000000 22062148463
0.000000 22062173434
0.000000 22062198464
0.000000 22062223481
0.000000 22062248471
