1.890000 0.472500 -0.472500 79401624.000000
-0.752500 6.947500 -31.867500 79500520.000000
-7.577500 -0.647500 2.712500 79600568.000000
-2.870000 -0.892500 1.785000 79700520.000000
-5.390000 -0.892500 3.010000 79800488.000000
-4.795000 0.437500 2.747500 79900520.000000
-6.527500 0.717500 3.185000 80000472.000000
-5.757500 0.367500 3.552500 80100512.000000
-4.270000 0.962500 3.412500 80200584.000000
-5.425000 0.367500 2.222500 80300520.000000
-4.480000 0.087500 2.677500 80400640.000000
-5.617500 0.612500 2.695000 80500560.000000
-7.595000 2.852500 0.332500 80600496.000000
-6.002500 -0.717500 1.767500 80700488.000000
-1.925000 -0.017500 4.095000 80800544.000000
-5.250000 -0.052500 4.480000 80900624.000000
-5.075000 3.027500 2.572500 81000464.000000
-6.912500 1.277500 2.222500 81100472.000000
-4.777500 -0.262500 3.640000 81200488.000000
-5.530000 -0.367500 4.410000 81300456.000000
-4.917500 -0.052500 3.272500 81400560.000000
-8.977500 -0.577500 4.497500 81500472.000000
-12.092500 6.387500 5.862500 81600528.000000
-15.400000 7.227500 16.887501 81700552.000000
-15.067500 -4.777500 40.302502 81800456.000000
-2.800000 0.927500 47.652500 81900448.000000
6.387500 4.042500 29.505001 82000520.000000
15.785000 5.757500 10.412500 82100480.000000
0.402500 -3.097500 6.615000 82200352.000000
-5.337500 -3.272500 -0.315000 82300576.000000
-7.577500 0.577500 -0.962500 82400544.000000
-6.737500 0.927500 2.310000 82500496.000000
-3.517500 6.037500 -1.802500 82600840.000000
-9.730000 -1.032500 -7.857500 82700696.000000
-15.312500 -11.917500 -15.697500 82800472.000000
-8.050000 -8.207500 -34.160000 82901168.000000
-14.910000 -7.472500 -45.500000 83000552.000000
7.997500 7.017500 -36.942501 83101192.000000
-8.225000 -5.442500 -15.995000 83200464.000000
1.050000 4.357500 -3.727500 83300520.000000
-12.740000 3.657500 0.962500 83400488.000000
-7.227500 2.502500 1.085000 83500480.000000
-7.402500 0.122500 0.997500 83600488.000000
-1.557500 0.507500 7.105000 83700456.000000
-4.060000 -1.102500 5.372500 83800456.000000
-11.515000 -0.472500 4.567500 83900696.000000
-3.745000 0.857500 1.575000 84000544.000000
-5.757500 0.262500 0.297500 84100472.000000
-10.780000 -3.622500 1.295000 84200512.000000
-3.640000 1.802500 3.220000 84300504.000000
-3.202500 0.052500 4.497500 84400464.000000
-4.217500 1.732500 5.687500 84500496.000000
-2.117500 1.802500 4.567500 84600632.000000
-7.787500 0.857500 4.007500 84700488.000000
-4.760000 1.242500 2.397500 84800504.000000
-5.845000 0.507500 3.290000 84900456.000000
-5.302500 0.227500 2.485000 85010784.000000
-3.832500 0.857500 1.330000 85111504.000000
-5.757500 0.437500 2.292500 85210320.000000
-5.495000 0.927500 3.780000 85310520.000000
-8.382500 3.657500 5.442500 85410712.000000
-6.422500 -3.762500 8.067500 85510520.000000
-6.212500 2.047500 3.045000 85610576.000000
-6.860000 1.487500 1.925000 85710528.000000
-4.847500 0.262500 2.100000 85810488.000000
-3.727500 1.522500 2.275000 85910584.000000
-3.902500 0.542500 4.217500 86010544.000000
-4.392500 0.682500 4.165000 86110472.000000
-8.837500 0.437500 2.992500 86210600.000000
-12.145000 7.752500 4.585000 86310544.000000
1.050000 6.282500 8.627500 86410496.000000
-16.957500 -18.007500 3.605000 86510536.000000
-18.725000 -38.027500 -21.717501 86610512.000000
-16.292500 -31.937500 -66.815002 86711120.000000
4.970000 -1.452500 -46.602501 86810448.000000
29.085001 16.047501 -5.005000 86910488.000000
-1.680000 13.982500 2.362500 87010520.000000
-5.950000 5.057500 5.967500 87110392.000000
-4.042500 8.347500 -3.657500 87210544.000000
-6.825000 0.157500 11.287500 87310536.000000
-10.797500 4.217500 0.507500 87410520.000000
-25.707500 0.332500 18.637501 87510448.000000
-25.637501 -5.057500 26.985001 87610408.000000
-1.645000 -19.897501 -7.752500 87710576.000000
9.957500 25.567499 26.582500 87810472.000000
25.059999 24.482500 29.977501 87910480.000000
-15.925000 9.082500 33.477501 88010496.000000
-3.937500 6.737500 5.792500 88110368.000000
-2.975000 -1.872500 2.502500 88210512.000000
-3.850000 -2.362500 0.367500 88310496.000000
-3.955000 0.507500 2.940000 88410712.000000
-9.205000 0.647500 5.530000 88510480.000000
-5.005000 2.572500 4.550000 88610544.000000
-7.752500 -0.297500 3.325000 88710504.000000
-10.027500 1.347500 5.267500 88810488.000000
-2.240000 0.787500 -0.192500 88910472.000000
-6.702500 -0.052500 2.397500 89010488.000000
-5.757500 -0.507500 3.937500 89110376.000000
-4.602500 0.017500 4.847500 89210480.000000
-4.830000 -0.507500 4.270000 89310496.000000
-4.847500 2.537500 2.730000 89410368.000000
-10.132500 0.227500 5.407500 89510480.000000
-7.945000 -1.662500 2.397500 89610544.000000
-10.360000 1.662500 3.990000 89710464.000000
-9.765000 0.227500 3.570000 89810456.000000
-5.145000 -0.122500 3.710000 89910696.000000
-5.600000 2.012500 4.340000 90010464.000000
-4.532500 0.192500 5.075000 90110464.000000
-8.592500 -1.137500 5.670000 90210536.000000
-7.875000 2.187500 5.495000 90310464.000000
-4.200000 2.502500 1.417500 90410464.000000
-5.495000 0.752500 1.592500 90510496.000000
-4.392500 -1.522500 4.357500 90610368.000000
-4.970000 2.502500 1.592500 90710464.000000
-5.075000 2.012500 2.940000 90810496.000000
-5.827500 -0.262500 3.115000 90910376.000000
-30.380001 -15.977500 18.252501 91010456.000000
20.072500 -26.267500 -2.187500 91110544.000000
9.712500 -23.537500 -30.344999 91210472.000000
19.512501 -35.332500 -14.945000 91310456.000000
14.315001 -22.767500 2.310000 91410672.000000
-5.722500 -16.852501 -5.845000 91510464.000000
1.172500 -4.882500 -5.705000 91610464.000000
0.997500 1.452500 1.190000 91710512.000000
-1.400000 7.017500 7.350000 91810480.000000
-5.180000 4.882500 4.620000 91910456.000000
-1.802500 -0.927500 3.552500 92010544.000000
-4.707500 0.052500 3.587500 92110472.000000
-7.717500 13.072500 9.957500 92210480.000000
-33.687500 32.182499 -5.670000 92310496.000000
-49.682499 35.367500 21.192499 92410464.000000
-32.357502 43.382500 14.822500 92510464.000000
-33.442501 16.327499 12.915000 92610520.000000
-12.722500 0.857500 -0.472500 92710480.000000
10.412500 -5.232500 -5.687500 92810464.000000
8.382500 -5.897500 -1.907500 92910712.000000
0.350000 -2.327500 0.087500 93010464.000000
-4.480000 2.957500 1.820000 93110584.000000
-7.420000 3.272500 7.525000 93210544.000000
-7.035000 5.967500 7.630000 93310512.000000
-7.367500 2.327500 3.972500 93410496.000000
-6.440000 3.062500 3.255000 93510536.000000
6.562500 8.662500 3.675000 93610504.000000
-1.365000 1.977500 2.380000 93710504.000000
-7.472500 3.657500 6.667500 93810600.000000
-10.885000 3.307500 9.117500 93910464.000000
-0.035000 4.952500 4.130000 94010408.000000
-7.507500 -0.752500 2.047500 94110528.000000
-3.535000 3.202500 2.905000 94210376.000000
-9.695000 -2.117500 0.980000 94310464.000000
-4.077500 -0.577500 0.997500 94410440.000000
-6.632500 2.397500 3.360000 94510504.000000
0.927500 3.202500 0.997500 94610408.000000
-7.787500 0.122500 1.050000 94710544.000000
-4.165000 -0.297500 0.717500 94810512.000000
-7.630000 -0.192500 2.835000 94910520.000000
-4.147500 1.277500 2.607500 95010512.000000
-10.885000 -0.647500 0.192500 95110544.000000
-4.882500 -0.647500 0.857500 95210496.000000
-7.157500 0.087500 2.765000 95310400.000000
-5.582500 0.052500 2.747500 95410544.000000
-5.862500 0.612500 4.042500 95510600.000000
-6.825000 -0.577500 2.345000 95610480.000000
-5.057500 0.437500 1.365000 95710520.000000
-5.250000 0.297500 2.800000 95910608.000000
-4.830000 1.172500 3.675000 96010536.000000
-6.580000 -1.137500 3.220000 96110512.000000
-5.285000 0.857500 3.237500 96210456.000000
-7.035000 -2.152500 2.170000 96311064.000000
-3.937500 -0.787500 1.977500 96410512.000000
-6.615000 0.052500 2.975000 96510488.000000
