-1.200000 -10.920000 4.080000 29365837597
-1.560000 -11.040000 3.840000 29365862536
-1.260000 -11.099999 4.020000 29365897485
-1.260000 -10.980000 3.900000 29365912783
-1.440000 -11.280000 4.080000 29365937665
-1.380000 -10.980000 4.020000 29365962568
-1.620000 -10.980000 4.140000 29365987670
-1.560000 -10.920000 4.080000 29366012793
-1.740000 -10.980000 4.020000 29366037657
-1.500000 -11.219999 4.260000 29366062562
-1.560000 -10.679999 3.960000 29366087696
-1.440000 -10.800000 4.440000 29366112753
-1.260000 -11.099999 4.020000 29366137664
-1.560000 -10.800000 3.960000 29366162585
-1.500000 -10.740000 4.140000 29366187668
-1.140000 -10.860000 3.900000 29366212753
-1.140000 -10.740000 4.380000 29366237683
-1.440000 -10.800000 4.440000 29366263111
-1.320000 -10.679999 4.320000 29366287675
-1.200000 -10.920000 4.440000 29366312782
-1.740000 -10.740000 4.380000 29366337672
-1.680000 -10.679999 3.960000 29366362554
-1.500000 -10.380000 4.260000 29366387689
-1.440000 -10.800000 4.440000 29366412777
-1.500000 -10.500000 4.500000 29366437662
-1.800000 -10.800000 4.440000 29366462585
-1.740000 -10.620000 4.620000 29366487666
-1.440000 -10.440000 4.680000 29366512760
-1.680000 -10.679999 4.680000 29366537685
-1.440000 -10.440000 4.800000 29366562562
-1.500000 -10.740000 4.380000 29366587679
-1.260000 -10.740000 4.620000 29366612783
-1.380000 -10.500000 4.740000 29366637668
-1.140000 -10.620000 5.100000 29366662570
-1.440000 -10.320000 5.160000 29366687676
-1.260000 -10.260000 5.100000 29366712754
-1.440000 -10.440000 5.640000 29366737668
-1.320000 -10.080000 5.520000 29366762587
-0.960000 -10.080000 5.520000 29366787679
-1.020000 -9.660000 5.700000 29366817087
-1.020000 -9.660000 5.700000 29366837716
-0.480000 -9.480000 5.760000 29366862564
0.300000 -9.660000 6.180000 29366887688
0.360000 -9.599999 5.400000 29366912799
0.900000 -9.660000 5.340000 29366937685
1.260000 -9.420000 5.340000 29366962569
1.740000 -9.540000 5.220000 29366987694
2.220000 -9.300000 5.100000 29367012777
2.940000 -8.820000 4.620000 29367037670
3.180000 -8.099999 5.100000 29367062571
3.660000 -7.260000 5.100000 29367087675
3.780000 -6.300000 5.220000 29367112807
3.780000 -5.100000 4.620000 29367137674
3.480000 -4.080000 4.560000 29367162526
3.360000 -3.360000 4.320000 29367187649
2.880000 -2.640000 3.960000 29367212781
2.700000 -1.740000 3.420000 29367237689
2.160000 -1.320000 2.760000 29367262552
1.260000 -0.660000 2.940000 29367287699
0.840000 -0.600000 2.640000 29367312752
-0.060000 -0.060000 2.460000 29367337673
-0.420000 -0.060000 2.100000 29367362574
-1.260000 0.060000 2.220000 29367387683
-1.680000 0.360000 1.680000 29367412749
-2.040000 -0.120000 1.560000 29367437695
-2.100000 -0.180000 1.380000 29367462544
-2.580000 -0.180000 1.740000 29367487666
-2.340000 -0.300000 1.740000 29367516983
-2.940000 -0.180000 1.260000 29367537712
-3.120000 -0.120000 0.960000 29367562572
-3.480000 -0.360000 0.960000 29367587719
-3.480000 -0.360000 0.960000 29367612769
-3.000000 -0.240000 0.960000 29367637551
-3.000000 -0.240000 1.440000 29367662556
-2.580000 0.180000 1.380000 29367687618
-2.100000 -0.300000 1.020000 29367712777
-1.800000 -0.120000 1.200000 29367737554
-1.500000 -0.300000 1.620000 29367762555
-1.380000 0.060000 1.980000 29367787980
-1.620000 0.180000 2.100000 29367812795
-1.680000 -0.120000 2.280000 29367837557
-1.200000 -0.360000 2.280000 29367862545
-1.200000 -0.360000 2.880000 29367887564
-1.380000 0.180000 3.060000 29367912748
-1.140000 -0.300000 2.940000 29367937549
-1.800000 0.240000 3.360000 29367962564
-1.440000 -0.120000 3.360000 29367987550
-2.220000 -0.300000 3.060000 29368012781
-1.980000 -0.420000 3.060000 29368037543
-2.160000 -0.420000 3.000000 29368065380
-2.160000 -0.240000 2.880000 29368087583
-1.680000 -0.240000 2.760000 29368113785
-1.860000 -0.180000 2.820000 29368137963
-2.100000 -0.180000 2.820000 29368162557
-1.920000 -0.240000 2.520000 29368187549
-1.680000 0.240000 3.000000 29368212764
-1.260000 0.180000 2.700000 29368239000
-1.440000 0.180000 2.880000 29368262560
-1.380000 -0.180000 2.820000 29368287559
-1.020000 0.180000 2.820000 29368312784
-0.960000 0.240000 3.000000 29368337537
-0.780000 0.060000 3.060000 29368362569
-1.140000 -0.060000 3.060000 29368387556
-1.200000 -0.060000 3.120000 29368412776
-1.320000 -0.120000 3.480000 29368439022
-1.560000 -0.120000 3.240000 29368462603
-1.320000 -0.120000 3.480000 29368487583
-1.500000 -0.180000 3.420000 29368512773
-1.560000 -0.120000 3.360000 29368537541
-1.200000 -0.120000 3.240000 29368562583
-1.440000 -0.120000 3.480000 29368587547
-1.500000 0.060000 3.540000 29368612799
-1.320000 -0.120000 3.480000 29368637613
-1.320000 -0.240000 3.600000 29368662559
-1.200000 -0.120000 3.240000 29368687551
-0.900000 -0.180000 3.300000 29368712778
-0.720000 -0.360000 3.120000 29368737539
-0.900000 -0.060000 3.540000 29368770584
-0.780000 -0.300000 3.180000 29368787778
-0.900000 -0.060000 3.180000 29368814908
-0.420000 -0.300000 3.180000 29368844534
-0.540000 -0.060000 3.300000 29368863024
-0.720000 -0.120000 2.880000 29368888140
-0.420000 0.300000 3.300000 29368911868
-0.480000 0.240000 3.600000 29368934605
-0.180000 -0.060000 3.420000 29368959510
0.360000 -0.360000 4.080000 29368984705
0.420000 -0.420000 3.900000 29369013943
0.420000 -0.240000 4.080000 29369034566
0.240000 -0.360000 4.080000 29369059517
0.060000 -0.300000 4.140000 29369084533
-0.180000 -0.420000 3.780000 29369111111
-0.600000 -0.480000 4.200000 29369134927
-0.960000 -0.480000 4.200000 29369160073
-1.080000 -0.360000 4.080000 29369185070
-1.680000 -0.240000 4.080000 29369210049
-2.520000 -0.240000 3.960000 29369234534
-2.700000 -0.060000 4.260000 29369259510
-2.940000 -0.420000 4.140000 29369286330
-2.640000 -0.120000 4.080000 29369311200
-3.060000 -0.300000 4.260000 29369334783
-2.880000 -0.240000 3.960000 29369359758
-3.000000 -0.480000 4.560000 29369384760
-2.100000 -0.420000 4.740000 29369409776
-2.160000 -0.720000 4.560000 29369446450
-2.160000 -0.480000 4.560000 29369472214
-1.860000 -0.420000 4.860000 29369497270
-1.800000 -0.480000 4.560000 29369522119
-2.100000 0.060000 4.980000 29369536372
-1.920000 -0.360000 4.920000 29369561296
-1.560000 -0.480000 4.680000 29369586308
-1.860000 0.060000 4.500000 29369637124
-1.860000 0.180000 4.140000 29369652308
-2.400000 0.240000 4.320000 29369665589
-1.800000 0.240000 3.840000 29369686417
-1.860000 0.060000 3.780000 29369712023
-2.160000 0.120000 4.200000 29369737543
-1.800000 0.120000 4.200000 29369768855
-2.040000 0.120000 4.680000 29369789762
-2.160000 -0.120000 4.680000 29369811991
-2.040000 0.120000 4.560000 29369841899
-1.860000 -0.060000 4.980000 29369861747
-1.800000 -0.060000 5.040000 29369886536
-1.620000 -0.180000 5.100000 29369912185
-1.800000 -0.120000 4.920000 29369939155
-1.980000 -0.420000 5.340000 29369959800
-1.740000 -0.420000 5.100000 29369984639
-1.800000 -0.120000 4.920000 29370009630
-1.740000 -0.180000 4.860000 29370034609
-1.740000 0.180000 4.860000 29370059923
-2.220000 -0.060000 4.860000 29370084931
-2.340000 0.540000 4.620000 29370109847
-2.400000 -0.240000 4.800000 29370134957
-2.340000 -0.060000 4.260000 29370159555
-2.400000 -0.240000 4.200000 29370185060
-2.700000 0.060000 4.260000 29370210949
-2.340000 -0.060000 4.260000 29370234865
-2.100000 0.060000 4.020000 29370265311
-1.800000 0.060000 3.960000 29370284837
-1.740000 -0.180000 4.260000 29370312112
-1.440000 0.120000 4.680000 29370338073
-1.560000 -0.120000 4.680000 29370359989
-1.500000 0.180000 4.740000 29370389953
-1.800000 -0.120000 4.560000 29370420472
-1.560000 0.120000 4.800000 29370436596
-1.860000 0.060000 4.500000 29370460480
-1.620000 0.060000 4.980000 29370490571
-1.980000 0.300000 4.500000 29370516014
-1.920000 -0.240000 4.800000 29370534530
-1.620000 -0.060000 4.380000 29370559461
-2.100000 0.300000 4.500000 29370585787
-2.040000 -0.120000 4.440000 29370609801
-2.100000 -0.180000 4.620000 29370634447
-2.340000 0.300000 4.620000 29370659506
-1.800000 0.120000 4.800000 29370684476
-2.220000 -0.180000 4.260000 29370710269
-2.100000 -0.060000 4.500000 29370734615
-2.220000 -0.060000 4.260000 29370759572
-2.100000 -0.180000 4.380000 29370784533
-2.280000 -0.120000 4.680000 29370811624
-2.100000 -0.180000 4.500000 29370835092
-2.040000 -0.240000 4.440000 29370863376
-2.220000 -0.180000 4.620000 29370887605
-2.040000 -0.120000 4.440000 29370913674
