0.039227 -0.058840 9.679165 26919501471
0.068647 -0.078453 9.787038 26919526468
-0.088260 -0.117680 9.963558 26919551462
0.088260 0.196133 9.875298 26919576487
0.078453 0.176520 9.806651 26919601455
0.049033 0.176520 9.865492 26919626473
0.068647 0.078453 9.934137 26919651456
0.019613 -0.029420 9.875298 26919676474
0.019613 0.196133 10.061625 26919701465
0.049033 0.196133 9.992978 26919726467
0.127486 0.049033 9.639938 26919751464
0.049033 0.049033 9.845878 26919776473
0.029420 0.078453 9.924331 26919801453
0.068647 -0.009807 10.012591 26919826469
0.049033 0.117680 10.198916 26919851454
0.078453 0.107873 9.943945 26919876475
0.156906 0.107873 9.649745 26919901440
0.264780 -0.127486 9.502645 26919926398
0.215746 0.196133 9.865492 26919951391
0.147100 0.235360 10.081238 26919976484
0.117680 0.058840 10.189111 26920001463
0.117680 0.088260 9.953751 26920026474
0.294200 0.117680 9.718391 26920051455
0.176520 -0.049033 10.002784 26920076474
0.127486 -0.098067 10.051817 26920101502
0.166713 -0.009807 10.042011 26920126471
0.225553 -0.117680 9.865492 26920151463
0.205940 -0.068647 9.777231 26920176477
0.235360 -0.068647 9.816459 26920201460
0.245166 -0.039227 9.953751 26920226463
0.137293 -0.333426 10.091044 26920251460
0.137293 -0.245166 10.149883 26920276477
0.196133 -0.088260 9.934137 26920301460
0.225553 0.009807 9.738005 26920326474
0.225553 -0.431493 9.738005 26920351473
0.147100 -0.519753 10.091044 26920376479
0.147100 -0.372653 10.159691 26920401468
0.147100 -0.225553 9.992978 26920426460
0.205940 -0.019613 9.718391 26920451463
0.333426 0.039227 9.610518 26920476469
0.323619 -0.058840 9.639938 26920501459
0.186326 -0.254973 10.002784 26920526463
0.186326 -0.166713 10.120463 26920551457
0.215746 -0.137293 10.002784 26920576470
0.215746 -0.107873 9.983171 26920601463
0.274586 -0.382459 9.826264 26920626468
0.196133 -0.343233 9.992978 26920651470
0.245166 -0.147100 10.051817 26920676478
0.313813 -0.078453 9.777231 26920701473
0.147100 -0.078453 9.855684 26920726495
0.313813 -0.068647 9.738005 26920751464
0.235360 -0.117680 9.796844 26920776476
0.186326 -0.215746 10.061625 26920801472
0.078453 -0.392266 10.336210 26920826472
0.137293 -0.156906 10.120463 26920851467
0.127486 -0.088260 9.983171 26920876476
-0.029420 0.009807 9.698778 26920901465
-0.176520 -0.049033 10.453890 26920926464
-0.107873 0.009807 10.375437 26920951466
-0.029420 -0.107873 10.091044 26920976478
0.029420 -0.284393 9.679165 26921001465
0.323619 -0.205940 9.483032 26921026484
0.362846 -0.460913 9.875298 26921051462
0.421686 -0.568786 9.914525 26921076482
0.460913 -0.529559 9.532065 26921101469
0.264780 0.362846 9.826264 26921126453
0.304006 0.264780 9.845878 26921151463
0.098067 -0.107873 9.826264 26921176477
-0.049033 -0.058840 9.806651 26921201458
-0.205940 0.107873 10.051817 26921226450
-0.235360 0.137293 10.806930 26921251442
-0.254973 -0.029420 10.777510 26921276479
0.147100 0.009807 9.571292 26921301459
0.421686 0.098067 9.541871 26921326465
0.254973 0.078453 9.777231 26921351508
0.215746 0.058840 9.836071 26921376478
0.264780 -0.264780 9.502645 26921401473
0.245166 -0.196133 9.777231 26921426463
0.078453 -0.294200 9.875298 26921451455
0.049033 -0.353039 9.836071 26921476476
0.068647 -0.068647 9.806651 26921501463
0.088260 -0.009807 9.894911 26921526461
0.019613 -0.127486 9.983171 26921551452
-0.127486 -0.382459 9.836071 26921576482
-0.098067 -0.294200 10.149883 26921601455
-0.019613 -0.362846 10.051817 26921626446
0.009807 -0.509946 9.934137 26921651457
0.009807 -0.637432 9.708585 26921676469
-0.039227 -0.490333 9.855684 26921701456
-0.304006 -0.764919 9.865492 26921726448
-0.666852 -0.912019 9.845878 26921751459
-0.627626 -0.598206 9.973364 26921776478
-0.186326 -0.509946 9.904717 26921801458
-0.500139 -0.382459 9.718391 26921826447
-0.156906 -0.441299 9.688972 26921851452
0.029420 -0.274586 9.806651 26921876468
0.049033 -0.137293 9.679165 26921901452
-0.127486 -0.490333 9.757618 26921926483
-0.245166 -0.804145 9.855684 26921951455
-0.176520 -0.431493 9.777231 26921976485
-0.166713 -0.470719 9.806651 26922001447
-0.166713 -0.617819 9.885104 26922026456
-0.078453 -0.539366 10.002784 26922051452
-0.362846 -0.441299 10.130271 26922076486
-0.137293 -0.441299 10.100850 26922101452
-0.058840 -0.382459 9.934137 26922126455
-0.068647 -0.392266 9.855684 26922151449
-0.284393 -0.598206 9.963558 26922176483
-0.029420 -0.509946 9.914525 26922201451
0.274586 -0.470719 9.865492 26922226452
0.137293 -0.421686 9.826264 26922251449
-0.019613 -0.127486 9.796844 26922276483
0.127486 -0.323619 9.581099 26922301450
-0.147100 -0.470719 9.806651 26922326453
-0.078453 -0.372653 9.924331 26922351445
0.009807 -0.294200 9.943945 26922376485
-0.274586 -0.509946 10.091044 26922401464
-0.411879 -0.735499 10.198916 26922426477
-0.568786 -0.990472 10.287177 26922451469
-0.529559 -0.764919 9.983171 26922476468
-0.313813 -0.382459 10.100850 26922501456
-0.107873 -0.235360 9.885104 26922526459
-0.049033 -0.107873 9.777231 26922551495
0.039227 0.098067 9.738005 26922576484
0.107873 -0.098067 9.698778 26922601460
0.088260 -0.274586 9.836071 26922626455
-0.039227 0.088260 9.934137 26922651457
-0.039227 0.156906 9.826264 26922676478
0.029420 0.245166 9.728198 26922701457
0.235360 0.470719 9.610518 26922726457
0.117680 0.127486 10.042011 26922751466
0.029420 0.049033 9.963558 26922776485
0.117680 0.117680 9.914525 26922801453
0.039227 0.088260 10.081238 26922826450
-0.147100 -0.068647 9.983171 26922851456
-0.049033 -0.009807 9.845878 26922876474
-0.147100 -0.127486 9.885104 26922901469
-0.264780 -0.333426 10.051817 26922926452
0.029420 -0.137293 9.845878 26922951432
-0.009807 -0.078453 9.816459 26922976428
-0.215746 -0.078453 9.953751 26923001469
-0.058840 -0.078453 9.836071 26923026467
0.353039 -0.117680 10.002784 26923051468
0.098067 -0.147100 9.767425 26923076476
-0.039227 0.088260 9.777231 26923101470
-0.029420 0.078453 9.738005 26923126462
-0.009807 -0.245166 9.943945 26923151466
0.137293 -0.166713 9.894911 26923176525
0.117680 0.049033 9.806651 26923201467
0.117680 0.205940 9.738005 26923226459
0.078453 -0.078453 10.042011 26923251468
-0.058840 -0.353039 10.022397 26923276483
0.029420 -0.392266 10.051817 26923301475
0.215746 -0.166713 9.659552 26923326470
0.137293 -0.088260 9.424192 26923351470
0.156906 -0.068647 9.669358 26923376484
0.372653 -0.058840 9.904717 26923401470
0.294200 -0.205940 9.708585 26923426467
0.225553 -0.264780 9.875298 26923451467
0.137293 -0.402073 10.061625 26923476484
0.254973 -0.029420 9.914525 26923501471
0.205940 -0.166713 10.032204 26923526469
0.274586 -0.294200 10.071430 26923551471
0.460913 -0.362846 10.051817 26923576483
0.431493 -0.264780 9.865492 26923601471
0.323619 -0.294200 9.914525 26923626473
0.245166 -0.441299 10.081238 26923651474
0.490333 -0.441299 9.904717 26923676482
0.598206 -0.382459 9.738005 26923701464
0.402073 -0.196133 9.767425 26923726468
0.588399 -0.333426 9.816459 26923751465
0.509946 -0.274586 10.012591 26923776489
0.578592 -0.196133 10.287177 26923801510
0.627626 -0.156906 9.875298 26923826465
0.647239 -0.029420 9.885104 26923851470
0.813952 0.068647 10.130271 26923876484
1.059118 -0.117680 10.228337 26923901472
0.745305 -0.205940 9.865492 26923926469
0.823759 0.068647 9.934137 26923951464
0.843372 -0.098067 9.963558 26923976485
0.823759 -0.353039 9.777231 26924001431
0.578592 -0.245166 9.728198 26924026480
0.794339 -0.127486 9.914525 26924051469
0.755112 -0.362846 9.806651 26924076480
0.617819 -0.245166 9.610518 26924101472
0.696272 -0.147100 9.708585 26924126473
0.608012 -0.245166 9.885104 26924151466
0.568786 -0.254973 9.963558 26924176472
0.549172 -0.166713 9.698778 26924201473
0.372653 -0.137293 9.659552 26924226474
0.402073 -0.058840 9.924331 26924251470
0.558979 0.049033 9.855684 26924276474
0.715886 0.049033 9.885104 26924301472
0.657046 0.156906 9.983171 26924326502
0.666852 0.166713 10.002784 26924351483
0.843372 0.147100 9.992978 26924376500
0.784532 0.127486 9.855684 26924401472
0.637432 0.068647 9.992978 26924426469
0.480526 0.049033 10.061625 26924451471
0.558979 0.068647 9.963558 26924476489
0.764919 0.225553 10.051817 26924501481
0.764919 0.264780 9.865492 26924526471
0.794339 0.225553 9.688972 26924551477
0.931632 0.137293 9.855684 26924576479
0.735499 -0.156906 9.973364 26924601465
0.470719 -0.225553 10.100850 26924626459
0.490333 -0.176520 10.277370 26924653089
0.715886 -0.176520 10.032204 26924676517
0.951245 0.127486 9.610518 26924701487
0.804145 -0.098067 9.630132 26924726134
0.853179 0.039227 9.649745 26924751099
0.902212 -0.019613 9.787038 26924776109
0.813952 -0.117680 9.826264 26924801115
0.804145 -0.147100 9.826264 26924826111
0.833565 -0.049033 9.865492 26924851105
0.941439 -0.117680 9.924331 26924876105
0.823759 -0.215746 9.816459 26924901135
0.804145 -0.215746 9.836071 26924926168
0.804145 -0.205940 9.796844 26924951196
1.039505 -0.176520 9.365352 26924976170
0.990472 -0.137293 9.708585 26925001143
1.019892 -0.009807 9.865492 26925026151
0.970859 0.029420 9.894911 26925051144
0.794339 0.147100 9.855684 26925076145
0.970859 0.176520 9.728198 26925101163
0.902212 0.107873 9.934137 26925126182
0.951245 0.098067 10.012591 26925151201
1.019892 0.421686 9.826264 26925176194
1.049312 0.470719 9.816459 26925201238
1.098345 0.558979 10.032204 26925226211
1.039505 0.558979 9.924331 26925251218
1.068925 0.490333 9.845878 26925276206
1.108152 0.549172 9.698778 26925301205
1.039505 0.568786 9.826264 26925326359
1.000278 0.637432 10.022397 26925351363
1.088538 0.715886 9.865492 26925376353
1.216025 0.608012 9.894911 26925401355
1.166991 0.588399 9.855684 26925426442
1.166991 0.578592 9.639938 26925451357
1.078732 0.706079 9.728198 26925476361
1.088538 0.813952 9.845878 26925501473
0.951245 0.696272 9.992978 26925526472
0.794339 0.500139 9.826264 26925551473
0.872792 0.460913 9.738005 26925576472
0.862985 0.392266 9.865492 26925601468
0.725692 0.333426 9.963558 26925626469
0.912019 0.509946 9.787038 26925651467
0.941439 0.539366 9.669358 26925676466
1.068925 0.696272 9.757618 26925701465
1.176798 0.882599 9.777231 26925726465
1.068925 1.068925 9.522259 26925751469
1.284671 1.333705 9.561485 26925776459
0.990472 1.186605 9.375159 26925801470
0.823759 1.117958 9.649745 26925826462
0.460913 1.637711 9.738005 26925851466
0.470719 1.971137 10.277370 26925876456
0.402073 2.206496 10.346016 26925901448
0.147100 2.039783 9.924331 26925926450
0.058840 1.108152 9.659552 26925951432
0.107873 1.755391 9.963558 26925976456
0.362846 2.020170 10.091044 26926001466
0.441299 1.931910 10.159691 26926026470
0.009807 1.461191 9.806651 26926051458
-0.156906 1.372931 9.630132 26926076459
-0.166713 1.676937 9.953751 26926101467
-0.098067 1.647517 9.914525 26926126471
-0.294200 1.559257 9.816459 26926151468
-0.411879 1.608291 9.718391 26926176450
-0.323619 1.500418 9.806651 26926201467
-0.137293 1.559257 10.100850 26926226469
-0.176520 1.451384 9.934137 26926251459
-0.313813 0.990472 9.581099 26926276457
-0.264780 1.059118 9.433999 26926301467
-0.147100 1.627904 9.855684 26926326487
-0.088260 1.578871 9.796844 26926351461
-0.137293 1.431771 9.738005 26926376465
-0.127486 1.559257 9.718391 26926401448
-0.274586 1.363124 9.639938 26926426449
-0.166713 1.078732 9.600712 26926451465
-0.254973 1.186605 9.688972 26926476469
-0.274586 1.529838 9.865492 26926501452
-0.588399 1.627904 9.973364 26926526436
-0.500139 1.441578 9.894911 26926551472
-0.333426 1.520031 9.934137 26926576465
-0.362846 1.382738 9.953751 26926601451
-0.402073 1.274865 9.816459 26926626437
-0.568786 1.412158 9.757618 26926651466
-0.598206 1.402351 9.845878 26926676463
-0.558979 1.412158 9.894911 26926701469
-0.745305 1.078732 9.777231 26926726459
-0.549172 1.088538 9.787038 26926751473
-0.686466 1.421964 10.002784 26926776457
-0.794339 1.461191 10.002784 26926801459
-0.519753 1.088538 9.865492 26926826450
-0.402073 1.088538 9.787038 26926851472
-0.608012 1.216025 9.806651 26926876453
-0.804145 1.098345 9.669358 26926901473
-0.578592 1.068925 9.787038 26926926460
-0.568786 1.166991 9.796844 26926951480
-0.784532 1.470998 9.767425 26926976462
-0.882599 1.216025 9.806651 26927001480
-0.823759 1.402351 9.855684 26927026474
-0.813952 1.274865 9.894911 26927051472
-0.853179 1.108152 9.875298 26927076462
-0.833565 1.333705 9.738005 26927101463
-0.951245 1.421964 9.757618 26927126459
-1.029698 1.402351 9.679165 26927151467
-1.088538 1.157185 9.639938 26927176466
-1.137571 1.500418 9.728198 26927201466
-1.098345 1.353318 9.796844 26927226456
-1.157185 1.304285 9.826264 26927251470
-1.255251 1.255251 9.806651 26927276470
-1.461191 1.049312 9.669358 26927301470
-1.412158 1.108152 9.757618 26927326448
-1.206218 1.078732 9.708585 26927351468
-1.284671 1.108152 9.698778 26927376462
-1.559257 1.019892 9.728198 26927401467
-1.725971 1.039505 9.649745 26927426459
-1.598484 0.745305 9.639938 26927451466
-1.382738 0.578592 9.620325 26927476462
-1.402351 0.862985 9.581099 26927501470
-1.451384 0.892405 9.561485 26927526458
-1.637711 0.853179 9.483032 26927551466
-1.363124 0.715886 9.541871 26927576469
-1.245445 0.647239 9.600712 26927601466
-1.461191 0.696272 9.473226 26927626459
-1.657324 0.872792 9.620325 26927651468
-1.676937 0.902212 9.728198 26927676457
-1.539644 0.509946 9.855684 26927701470
-1.255251 0.490333 9.728198 26927726452
-1.127765 0.578592 9.826264 26927751474
-1.284671 0.696272 9.659552 26927776448
-1.490611 0.500139 9.728198 26927801466
-1.431771 0.598206 9.669358 26927826448
-1.147378 0.657046 9.630132 26927851466
-1.441578 0.706079 9.738005 26927876510
-1.588677 0.725692 9.826264 26927901469
-1.696550 0.539366 9.777231 26927926453
-1.431771 0.215746 9.757618 26927951466
-1.206218 0.500139 9.708585 26927976454
-1.451384 0.823759 9.836071 26928001456
-1.539644 0.843372 9.934137 26928026400
-1.539644 0.647239 9.934137 26928051471
-1.265058 0.196133 9.443805 26928076460
-1.323898 0.186326 9.483032 26928101470
-1.412158 0.451106 9.806651 26928126466
-1.569064 0.853179 10.012591 26928151468
-1.029698 0.245166 9.787038 26928176454
-1.382738 0.343233 9.787038 26928201472
-1.578871 0.245166 9.855684 26928226464
-1.490611 0.274586 9.855684 26928251470
-1.372931 0.333426 9.698778 26928276463
-1.539644 0.245166 9.914525 26928301472
-1.461191 0.441299 9.953751 26928326461
-1.059118 0.264780 9.581099 26928351470
-1.294478 0.490333 9.698778 26928376471
-1.216025 0.764919 9.718391 26928401468
-1.431771 1.137571 9.826264 26928426465
-1.078732 0.735499 9.600712 26928451469
-1.147378 0.451106 9.590905 26928476462
-1.108152 0.441299 9.679165 26928501465
-1.225831 0.637432 9.747811 26928526466
-1.353318 1.706357 9.335932 26928551462
-1.059118 1.725971 9.728198 26928576476
-1.196411 1.039505 9.590905 26928601473
-1.353318 0.539366 9.630132 26928626461
-1.578871 0.186326 9.904717 26928651455
-1.480804 0.578592 9.679165 26928676466
-1.000278 1.147378 9.747811 26928701468
-1.255251 0.970859 9.992978 26928726460
-1.372931 0.098067 10.189111 26928751459
-1.274865 0.411879 10.022397 26928776470
-1.049312 0.990472 9.728198 26928801464
-0.774725 0.961052 9.728198 26928826459
-0.745305 0.813952 9.816459 26928851460
-0.598206 0.755112 9.845878 26928876464
-0.402073 0.882599 9.679165 26928901466
-0.313813 0.666852 9.943945 26928926413
-0.794339 0.539366 10.061625 26928951426
-0.755112 0.706079 10.042011 26928976433
-0.921825 0.549172 9.757618 26929001435
-1.019892 0.186326 9.502645 26929026476
-1.480804 0.039227 9.767425 26929051457
-1.353318 0.058840 9.787038 26929076470
-1.245445 0.402073 9.816459 26929101484
-1.245445 0.205940 9.787038 26929126474
-1.176798 0.431493 9.943945 26929151470
-1.333705 0.460913 10.012591 26929176463
-1.294478 0.215746 9.826264 26929201478
-1.255251 0.529559 10.208724 26929226450
-1.147378 0.480526 9.757618 26929251424
-0.980665 0.313813 9.747811 26929278429
-1.108152 0.205940 9.728198 26929301557
-1.304285 0.186326 9.757618 26929326149
-1.294478 0.313813 9.708585 26929351142
-1.402351 0.147100 9.483032 26929376118
-1.421964 -0.029420 9.787038 26929401130
-1.696550 0.313813 10.012591 26929426190
-1.647517 0.392266 10.071430 26929451190
-1.784810 0.009807 9.708585 26929476189
-1.922104 -0.451106 9.532065 26929501198
-1.647517 -0.392266 9.600712 26929526192
-1.569064 -0.294200 9.463418 26929551194
-1.588677 -0.166713 9.463418 26929576191
-1.598484 -0.098067 9.532065 26929601258
-1.814230 -0.127486 9.885104 26929626359
-1.667131 0.019613 9.943945 26929651353
-1.755391 -0.078453 9.855684 26929676351
-1.941717 -0.215746 10.002784 26929701357
-1.912297 -0.313813 9.747811 26929726352
-1.784810 -0.127486 9.669358 26929751349
-1.667131 -0.245166 9.375159 26929776356
-2.128043 -0.657046 9.865492 26929801461
-1.990750 -0.353039 9.630132 26929826459
-2.069203 -0.509946 9.551678 26929851440
-2.098624 -0.421686 9.953751 26929876433
-1.902490 0.068647 9.688972 26929901432
-2.049590 -0.353039 9.973364 26929926454
-2.147657 -0.313813 9.787038 26929951452
-2.098624 -0.117680 9.787038 26929976459
-2.245723 -0.558979 9.826264 26930001477
-2.098624 -0.500139 9.708585 26930026474
-1.971137 -0.784532 9.306512 26930051452
-2.128043 -0.902212 9.277092 26930076469
-2.333983 -0.274586 8.708306 26930101480
-2.167270 -0.725692 9.502645 26930126479
-1.853457 -1.010085 9.630132 26930151467
-2.088817 -0.588399 9.335932 26930176471
-2.363403 -0.049033 9.757618 26930201464
-2.147657 -0.333426 9.836071 26930226448
-2.481083 -0.862985 9.688972 26930251441
-2.500696 -0.961052 9.414385 26930276488
-2.961608 -0.333426 10.042011 26930301456
-2.520309 -0.480526 10.042011 26930326497
-2.579149 -0.627626 9.610518 26930351479
-3.177355 0.039227 8.757339 26930376468
-2.461469 0.176520 9.316319 26930401447
-2.235916 -0.156906 9.394772 26930426478
-2.539923 -0.343233 9.433999 26930451466
-2.520309 -0.608012 9.600712 26930476465
-2.422243 -0.706079 9.767425 26930501455
-2.235916 -0.666852 9.541871 26930526472
-2.167270 -0.813952 9.679165 26930551466
-1.863264 0.156906 9.767425 26930576467
-1.696550 -0.156906 9.375159 26930601448
-1.765197 -0.500139 9.404578 26930626473
-2.177077 -0.372653 9.806651 26930651475
-2.304563 -0.284393 9.473226 26930676467
-2.147657 -0.362846 9.492838 26930701448
-2.206496 -0.529559 9.492838 26930726477
-2.402630 -0.480526 9.708585 26930751478
-2.500696 -0.578592 9.865492 26930776461
-2.088817 -0.784532 9.620325 26930801447
-2.167270 -1.206218 9.492838 26930826472
-2.353596 -0.980665 9.826264 26930851366
-2.304563 -0.843372 9.718391 26930876459
-2.049590 -0.764919 9.816459 26930901425
-1.765197 -0.794339 9.639938 26930926480
-1.873070 -0.921825 9.355545 26930951481
-1.794617 -0.421686 9.218252 26930976463
-1.470998 -0.274586 9.208446 26931001452
-1.314091 -0.470719 9.404578 26931026471
-1.706357 -1.019892 9.787038 26931051459
-1.902490 -0.872792 9.639938 26931076456
-1.598484 -0.755112 9.953751 26931101468
-1.304285 -0.843372 10.120463 26931126479
-1.490611 -0.980665 9.679165 26931151464
-1.206218 -1.088538 9.394772 26931176466
-1.108152 -0.951245 9.796844 26931201444
-1.029698 -0.764919 9.865492 26931226478
-1.294478 -0.637432 9.757618 26931251482
-1.078732 -0.353039 9.777231 26931276468
-1.255251 -0.519753 9.787038 26931301522
-1.304285 -0.588399 9.698778 26931326485
-1.029698 -0.755112 10.081238 26931351511
-1.137571 -0.990472 9.983171 26931376463
-1.382738 -0.882599 9.816459 26931401477
-1.255251 -0.392266 9.728198 26931426473
-0.784532 -0.715886 9.865492 26931451474
-0.627626 -0.598206 9.845878 26931476460
-0.627626 -0.519753 9.836071 26931501459
-0.637432 -0.696272 9.963558 26931526481
-0.578592 -0.107873 9.904717 26931551464
-0.745305 -0.245166 9.855684 26931576469
-0.657046 -0.617819 9.865492 26931601452
-0.676659 -0.666852 10.257757 26931626479
-0.245166 0.009807 10.169497 26931651469
-0.333426 0.058840 9.767425 26931676472
-0.529559 -0.058840 9.738005 26931701450
-0.402073 -0.196133 9.796844 26931726467
-0.058840 -0.264780 9.845878 26931751468
-0.058840 -0.245166 9.787038 26931776467
-0.058840 -0.127486 10.022397 26931801439
-0.009807 0.500139 9.669358 26931826484
0.058840 0.411879 9.806651 26931851460
0.186326 0.117680 9.943945 26931876475
0.529559 0.127486 10.238144 26931901467
0.460913 0.764919 10.179304 26931926460
0.392266 0.480526 9.875298 26931951442
0.294200 0.304006 9.943945 26931976473
0.107873 0.019613 9.679165 26932001447
0.019613 0.205940 9.953751 26932026470
0.107873 0.539366 9.679165 26932051478
0.274586 0.460913 9.463418 26932076458
0.353039 0.323619 9.865492 26932101461
0.147100 0.970859 9.806651 26932126471
0.058840 1.186605 9.600712 26932151468
0.323619 1.206218 9.424192 26932176469
0.411879 1.000278 9.630132 26932201462
0.608012 1.245445 9.885104 26932226469
0.608012 1.225831 9.639938 26932251469
0.480526 1.049312 9.463418 26932276472
0.745305 1.176798 9.806651 26932301461
0.392266 1.598484 9.855684 26932326696
0.274586 1.284671 9.551678 26932351479
0.205940 1.441578 10.159691 26932376476
0.313813 1.588677 9.845878 26932401479
0.421686 1.480804 9.816459 26932426868
0.451106 1.353318 9.738005 26932451482
0.451106 1.431771 9.865492 26932476467
0.451106 1.363124 9.894911 26932501465
0.451106 1.382738 10.228337 26932526467
0.470719 1.431771 10.002784 26932551476
0.529559 1.323898 9.826264 26932576471
0.460913 1.470998 9.894911 26932601454
0.568786 1.255251 9.894911 26932626465
0.539366 0.902212 9.738005 26932651473
0.490333 1.068925 9.943945 26932676473
0.205940 1.245445 9.590905 26932701449
0.254973 1.127765 9.747811 26932726462
0.421686 0.843372 9.885104 26932751471
0.519753 0.519753 9.738005 26932776470
0.441299 1.245445 9.787038 26932801448
0.666852 1.010085 9.669358 26932826449
0.666852 0.823759 9.669358 26932851478
0.519753 0.745305 9.688972 26932876469
0.774725 0.882599 9.973364 26932901448
0.460913 0.882599 9.875298 26932926465
0.578592 0.686466 9.914525 26932951462
0.735499 0.686466 9.943945 26932976464
0.755112 0.853179 10.071430 26933001464
0.647239 1.019892 10.120463 26933026471
0.205940 1.029698 9.894911 26933051463
0.137293 0.725692 9.816459 26933076467
0.421686 0.755112 10.002784 26933101455
0.215746 0.431493 9.806651 26933126478
0.480526 0.568786 9.826264 26933151484
0.441299 0.833565 9.688972 26933176472
0.460913 0.529559 9.845878 26933201466
0.725692 0.617819 9.865492 26933226463
0.588399 0.892405 9.806651 26933251483
0.568786 0.892405 9.796844 26933276477
0.353039 1.010085 9.767425 26933301464
0.215746 0.902212 9.738005 26933326478
0.343233 0.823759 9.698778 26933351461
0.784532 0.843372 9.747811 26933376470
0.764919 0.970859 9.983171 26933401470
0.539366 1.088538 10.022397 26933426470
0.372653 0.892405 9.865492 26933451462
0.539366 0.843372 9.885104 26933476472
0.657046 0.862985 9.806651 26933501496
0.254973 1.108152 9.924331 26933526472
-0.058840 1.029698 9.836071 26933551523
0.598206 0.931632 9.669358 26933576472
0.774725 1.068925 9.875298 26933601497
0.568786 1.137571 9.963558 26933626471
0.362846 1.000278 10.032204 26933651470
0.225553 0.902212 9.983171 26933676456
0.568786 0.794339 9.963558 26933701455
0.509946 0.970859 9.855684 26933726473
0.490333 1.176798 10.169497 26933751459
0.549172 1.088538 9.718391 26933776452
0.676659 1.098345 9.649745 26933801457
0.343233 1.108152 9.590905 26933826474
0.343233 1.451384 9.630132 26933851446
0.392266 0.931632 9.502645 26933876448
0.205940 1.314091 9.659552 26933901452
0.156906 1.294478 9.424192 26933926465
0.264780 1.500418 9.698778 26933951443
0.049033 1.500418 9.826264 26933976464
-0.402073 1.196411 9.787038 26942651467
