-2.220000 -6.780000 1.500000 26919521578
-2.040000 -6.840000 1.440000 26919546413
-2.760000 -6.720000 1.560000 26919571388
-2.340000 -7.020000 1.260000 26919596396
-2.040000 -6.480000 1.440000 26919621547
-2.280000 -6.840000 1.560000 26919646397
-2.340000 -6.900000 1.500000 26919671353
-2.520000 -6.720000 1.320000 26919696402
-2.280000 -6.720000 1.440000 26919721552
-2.700000 -6.300000 1.620000 26919746395
-1.980000 -6.300000 1.260000 26919771356
-2.280000 -6.720000 1.560000 26919796345
-2.160000 -6.720000 1.440000 26919821551
-2.280000 -6.840000 1.440000 26919846369
-2.280000 -6.840000 1.320000 26919871354
-2.280000 -6.480000 1.200000 26919896346
-2.220000 -6.420000 1.380000 26919924288
-2.580000 -7.020000 1.260000 26919946422
-2.520000 -6.480000 1.320000 26919971404
-2.280000 -6.840000 1.560000 26919996370
-2.040000 -6.600000 1.080000 26920021645
-2.160000 -6.600000 1.080000 26920046373
-2.100000 -6.540000 1.380000 26920071504
-2.400000 -6.480000 1.200000 26920096360
-2.160000 -6.720000 1.440000 26920121604
-2.040000 -6.120000 1.200000 26920146362
-1.680000 -6.240000 1.200000 26920171326
-1.920000 -6.000000 1.200000 26920196373
-2.040000 -5.880000 1.320000 26920221550
-2.160000 -6.360000 1.200000 26920246360
-2.160000 -6.120000 0.960000 26920271325
-2.160000 -6.120000 1.200000 26920296363
-2.100000 -6.060000 1.140000 26920321577
-2.160000 -6.000000 1.080000 26920346390
-1.980000 -5.820000 0.780000 26920371332
-2.040000 -6.240000 0.840000 26920396354
-1.800000 -5.880000 0.840000 26920421523
-1.800000 -6.480000 0.720000 26920446359
-1.920000 -6.000000 0.840000 26920471326
-2.220000 -6.060000 0.660000 26920496351
-2.040000 -6.240000 0.360000 26920521328
-1.800000 -5.760000 0.720000 26920546579
-2.160000 -6.360000 0.600000 26920571327
-1.860000 -6.300000 0.300000 26920596408
-1.980000 -6.060000 0.540000 26920621512
-1.860000 -6.540000 0.420000 26920646415
-1.740000 -6.300000 -0.060000 26920671429
-2.040000 -6.600000 -0.060000 26920694483
-1.740000 -6.420000 -0.060000 26920721199
-1.800000 -6.480000 -0.240000 26920744490
-1.680000 -6.600000 -0.240000 26920769527
-1.980000 -6.420000 0.180000 26920794504
-1.680000 -6.360000 -0.120000 26920820798
-2.340000 -6.540000 0.060000 26920844468
-1.920000 -6.720000 -0.120000 26920870500
-1.980000 -6.300000 -0.300000 26920894477
-1.560000 -6.360000 -0.120000 26920920706
-1.920000 -6.120000 -0.720000 26920944515
-2.160000 -5.760000 -0.240000 26920970512
-1.620000 -5.340000 -0.660000 26920994568
-1.500000 -5.220000 -0.780000 26921020891
-1.800000 -5.520000 -0.600000 26921044509
-1.200000 -5.160000 -0.720000 26921070545
-1.620000 -5.220000 -1.260000 26921094512
-1.560000 -5.640000 -1.200000 26921120737
-1.560000 -6.000000 -1.440000 26921144507
-1.560000 -5.640000 -1.560000 26921169657
-1.320000 -5.520000 -1.800000 26921194457
-1.260000 -5.580000 -1.980000 26921220751
-1.200000 -5.280000 -1.920000 26921244464
-1.860000 -5.700000 -2.220000 26921269618
-1.320000 -5.520000 -2.160000 26921294465
-1.140000 -4.860000 -1.740000 26921320863
-1.320000 -5.040000 -2.400000 26921344518
-1.680000 -4.800000 -2.520000 26921370653
-1.740000 -4.620000 -2.220000 26921394461
-1.500000 -4.260000 -2.460000 26921420805
-1.560000 -4.320000 -1.920000 26921444457
-1.740000 -4.140000 -2.220000 26921470551
-1.680000 -3.960000 -2.160000 26921494465
-1.740000 -3.900000 -2.580000 26921519570
-1.380000 -4.140000 -2.220000 26921544514
-1.320000 -4.200000 -2.280000 26921570519
-1.500000 -3.780000 -2.700000 26921594459
-1.620000 -3.540000 -2.460000 26921620719
-1.380000 -3.540000 -2.460000 26921644518
-1.500000 -3.780000 -2.340000 26921669533
-1.680000 -3.360000 -2.280000 26921694456
-1.680000 -3.000000 -2.520000 26921720701
-1.260000 -3.420000 -2.700000 26921744523
-1.200000 -3.240000 -2.520000 26921769536
-1.200000 -2.880000 -2.760000 26921794481
-1.320000 -2.760000 -2.520000 26921819664
-1.020000 -2.820000 -2.580000 26921844467
-1.380000 -2.580000 -2.940000 26921870505
-1.380000 -2.460000 -2.580000 26921894449
-1.380000 -2.700000 -2.940000 26921920704
-1.500000 -2.700000 -2.940000 26921944520
-1.320000 -2.880000 -3.000000 26921970508
-1.560000 -2.640000 -3.000000 26921994629
-1.440000 -2.520000 -3.120000 26922021168
-1.320000 -2.400000 -3.120000 26922044466
-1.320000 -2.520000 -3.240000 26922070537
-1.500000 -2.580000 -2.940000 26922094460
-1.740000 -2.580000 -2.940000 26922120703
-1.560000 -2.400000 -3.120000 26922144461
-1.440000 -2.400000 -3.000000 26922170507
-1.920000 -2.400000 -3.000000 26922194459
-1.440000 -2.280000 -3.000000 26922220754
-1.800000 -2.160000 -3.120000 26922244521
-1.800000 -2.160000 -3.000000 26922270948
-2.040000 -2.160000 -3.000000 26922294513
-1.800000 -2.040000 -2.880000 26922320745
-1.800000 -2.280000 -3.000000 26922344449
-1.680000 -2.280000 -3.120000 26922370573
-1.740000 -2.100000 -3.060000 26922394519
-1.860000 -1.980000 -3.180000 26922419574
-1.440000 -2.040000 -3.120000 26922445515
-1.680000 -2.040000 -3.240000 26922469555
-1.800000 -1.680000 -3.000000 26922494542
-2.280000 -1.680000 -2.400000 26922521215
-2.100000 -1.860000 -2.820000 26922545771
-1.980000 -1.980000 -2.700000 26922569592
-2.100000 -1.740000 -2.940000 26922594464
-2.220000 -1.860000 -2.820000 26922619569
-2.400000 -1.680000 -2.520000 26922644459
-2.220000 -1.500000 -2.340000 26922670567
-2.100000 -1.740000 -2.460000 26922694445
-2.460000 -1.620000 -2.340000 26922720751
-2.460000 -1.500000 -2.220000 26922744466
-2.520000 -1.440000 -2.400000 26922770655
-2.400000 -1.560000 -2.040000 26922794453
-2.940000 -1.500000 -2.220000 26922820729
-2.580000 -1.620000 -1.860000 26922844522
-3.060000 -1.620000 -2.100000 26922870527
-3.000000 -1.560000 -1.680000 26922894483
-3.000000 -1.560000 -2.040000 26922919556
-3.180000 -1.620000 -1.260000 26922944458
-3.540000 -1.380000 -1.380000 26922969571
-3.600000 -1.560000 -1.440000 26922995282
-3.600000 -1.440000 -1.320000 26923019584
-3.540000 -1.380000 -1.260000 26923044471
-3.600000 -1.680000 -0.960000 26923069574
-4.080000 -1.320000 -1.320000 26923094632
-4.020000 -1.620000 -1.140000 26923119751
-3.780000 -1.380000 -1.140000 26923144682
-4.140000 -1.380000 -1.140000 26923169749
-4.380000 -1.620000 -0.660000 26923194638
-4.260000 -1.500000 -0.900000 26923219743
-4.140000 -1.380000 -1.020000 26923244698
-4.260000 -1.860000 -0.900000 26923269750
-4.620000 -1.740000 -0.900000 26923294637
-4.800000 -1.680000 -0.840000 26923319695
-4.920000 -1.560000 -0.720000 26923344635
-4.680000 -1.800000 -0.360000 26923369626
-4.500000 -1.740000 -0.900000 26923394630
-5.100000 -1.980000 -0.660000 26923419704
-4.800000 -1.920000 -0.720000 26923444633
-4.920000 -2.040000 -0.840000 26923469689
-4.920000 -1.680000 -0.360000 26923494685
-4.860000 -1.980000 -0.540000 26923519692
-5.340000 -2.220000 -0.660000 26923544683
-4.980000 -2.340000 -0.420000 26923569692
-4.980000 -2.340000 -0.540000 26923594675
-5.100000 -2.100000 -0.300000 26923619689
-5.100000 -2.220000 -0.300000 26923644629
-5.100000 -2.340000 -0.420000 26923669688
-5.520000 -2.400000 -0.240000 26923694630
-5.220000 -2.580000 -0.300000 26923719689
-5.280000 -2.400000 -0.120000 26923744628
-5.160000 -2.520000 -0.120000 26923769737
-5.400000 -2.040000 -0.240000 26923794644
-5.280000 -2.520000 -0.120000 26923819839
-5.520000 -2.760000 -0.120000 26923844628
-6.120000 -2.880000 0.120000 26923869696
-5.640000 -2.880000 0.120000 26923894611
-5.760000 -2.760000 -0.240000 26923919629
-5.700000 -3.060000 0.060000 26923944725
-5.640000 -3.120000 0.360000 26923969657
-5.580000 -3.060000 -0.060000 26923994798
-5.280000 -3.240000 -0.120000 26924019653
-5.940000 -3.180000 0.060000 26924044697
-5.640000 -3.240000 -0.120000 26924069688
-5.880000 -3.240000 -0.120000 26924094635
-5.700000 -2.820000 0.180000 26924119683
-5.820000 -3.180000 0.060000 26924144690
-5.520000 -3.240000 0.060000 26924169674
-5.940000 -3.300000 0.060000 26924194688
-5.760000 -3.240000 -0.240000 26924219679
-5.880000 -3.240000 -0.240000 26924244687
-5.760000 -3.480000 -0.240000 26924269682
-5.700000 -3.540000 -0.060000 26924294689
-5.820000 -3.540000 0.060000 26924320920
-5.760000 -3.600000 -0.120000 26924344996
-6.240000 -3.720000 0.240000 26924369846
-5.700000 -3.540000 0.060000 26924394858
-5.520000 -3.840000 0.060000 26924419831
-5.640000 -3.720000 0.060000 26924444891
-5.760000 -3.960000 -0.120000 26924469912
-5.820000 -4.020000 0.180000 26924494863
-5.820000 -3.780000 -0.180000 26924519820
-5.940000 -3.780000 -0.180000 26924545092
-5.880000 -3.840000 0.240000 26924570139
-6.000000 -3.840000 0.240000 26924595133
-5.640000 -3.960000 0.240000 26924620067
-5.820000 -4.020000 0.300000 26924650473
-5.760000 -4.200000 0.240000 26924670475
-6.120000 -4.080000 0.240000 26924702110
-6.000000 -3.840000 0.600000 26924719852
-6.360000 -3.960000 0.720000 26924743301
-6.420000 -3.900000 0.300000 26924768259
-6.420000 -4.140000 0.060000 26924793562
-6.060000 -4.020000 0.180000 26924818534
-6.420000 -4.020000 0.180000 26924843447
-6.600000 -4.440000 0.360000 26924868425
-6.240000 -4.080000 0.480000 26924893871
-6.300000 -4.260000 0.540000 26924919015
-6.060000 -4.260000 0.780000 26924950065
-6.300000 -4.260000 0.420000 26924968611
-6.180000 -4.980000 0.420000 26924993962
-6.360000 -4.800000 0.240000 26925018579
-6.240000 -4.800000 0.240000 26925043459
-6.180000 -4.500000 0.300000 26925069144
-6.180000 -4.380000 0.180000 26925094127
-6.480000 -4.560000 0.240000 26925119739
-6.240000 -5.040000 0.480000 26925144001
-6.480000 -4.680000 0.360000 26925168888
-6.180000 -4.860000 0.060000 26925193948
-6.180000 -4.980000 0.180000 26925219004
-5.940000 -4.860000 0.420000 26925243524
-6.360000 -5.040000 0.360000 26925269037
-6.360000 -5.280000 0.360000 26925293982
-5.940000 -4.860000 0.180000 26925321692
-6.060000 -5.100000 0.180000 26925344141
-6.480000 -5.040000 0.480000 26925369149
-6.000000 -4.920000 0.120000 26925394102
-6.120000 -5.280000 0.480000 26925419132
-6.300000 -5.580000 0.180000 26925444198
-6.120000 -5.280000 0.600000 26925469163
-6.300000 -5.220000 0.180000 26925494350
-6.180000 -5.460000 0.420000 26925519626
-6.240000 -5.520000 0.360000 26925544689
-6.240000 -5.640000 0.120000 26925569634
-6.720000 -5.640000 0.360000 26925594685
-6.360000 -5.400000 0.240000 26925619678
-6.120000 -5.760000 0.120000 26925644673
-5.880000 -5.760000 0.360000 26925669632
-6.660000 -5.820000 0.180000 26925694669
-6.240000 -6.000000 0.360000 26925719673
-5.880000 -5.760000 0.240000 26925744684
-5.880000 -6.120000 0.600000 26925769631
-5.940000 -6.180000 0.540000 26925794679
-5.760000 -6.240000 0.480000 26925819758
-5.700000 -6.540000 0.180000 26925844680
-5.760000 -6.480000 0.240000 26925869686
-5.760000 -6.480000 0.600000 26925894674
-5.760000 -6.480000 0.480000 26925919675
-5.820000 -6.660000 0.300000 26925944634
-5.940000 -6.780000 -0.060000 26925969640
-5.580000 -6.780000 0.420000 26925996035
-5.700000 -7.020000 0.060000 26926019623
-5.580000 -6.900000 -0.060000 26926044680
-5.460000 -7.020000 0.300000 26926069676
-5.700000 -7.140000 0.180000 26926094695
-5.460000 -7.020000 0.300000 26926119673
-5.400000 -6.840000 0.240000 26926144679
-5.460000 -7.020000 0.060000 26926169646
-5.580000 -7.140000 0.300000 26926194679
-5.640000 -6.960000 0.240000 26926219665
-5.220000 -7.140000 -0.060000 26926244678
-5.580000 -7.500000 0.060000 26926269635
-5.520000 -7.200000 -0.120000 26926294679
-5.520000 -7.200000 0.120000 26926319673
-5.340000 -7.260000 0.300000 26926344672
-5.280000 -7.200000 0.120000 26926369631
-5.340000 -7.380000 0.060000 26926394668
-5.280000 -7.560000 0.360000 26926419674
-5.400000 -7.680000 0.120000 26926444676
-5.460000 -7.380000 0.300000 26926469634
-5.220000 -7.260000 0.060000 26926494675
-5.340000 -7.620000 -0.060000 26926519682
-5.400000 -7.560000 0.240000 26926544672
-5.280000 -7.440000 0.240000 26926569632
-5.220000 -7.620000 -0.060000 26926594670
-5.100000 -7.620000 0.420000 26926619669
-5.040000 -7.800000 -0.120000 26926644625
-5.100000 -7.740000 0.060000 26926669731
-5.160000 -7.800000 0.360000 26926694670
-5.160000 -7.920000 0.360000 26926719667
-5.160000 -7.920000 -0.120000 26926744684
-5.280000 -7.800000 0.120000 26926769700
-4.980000 -7.980000 -0.180000 26926794668
-5.400000 -8.040000 -0.240000 26926819828
-5.280000 -7.800000 0.120000 26926844674
-5.220000 -8.099999 0.180000 26926869677
-4.680000 -7.920000 0.180000 26926894619
-5.040000 -8.160000 -0.240000 26926919613
-5.220000 -8.220000 0.060000 26926944621
-4.740000 -8.460000 0.300000 26926969678
-4.680000 -8.520000 0.120000 26926995855
-4.620000 -8.220000 -0.180000 26927019667
-4.620000 -8.220000 0.180000 26927044645
-4.920000 -8.760000 0.180000 26927069673
-4.740000 -8.460000 0.180000 26927094687
-4.560000 -8.280000 0.240000 26927119675
-4.560000 -8.880000 -0.240000 26927144681
-4.440000 -8.760000 0.120000 26927169720
-4.380000 -8.700000 0.180000 26927194701
-4.260000 -8.580000 0.060000 26927219671
-4.560000 -8.760000 -0.120000 26927244633
-4.320000 -8.880000 -0.120000 26927269679
-4.080000 -9.000000 -0.120000 26927295116
-4.380000 -8.820000 -0.060000 26927320083
-4.320000 -8.880000 -0.060000 26927344962
-4.080000 -9.000000 -0.240000 26927370102
-3.840000 -9.000000 -0.240000 26927395261
-4.020000 -8.820000 -0.180000 26927420305
-3.660000 -8.940000 -0.420000 26927445490
-4.080000 -9.000000 -0.360000 26927470300
-3.720000 -8.880000 -0.240000 26927495284
-3.900000 -9.300000 -0.540000 26927520483
-3.660000 -9.179999 -0.060000 26927545540
-3.960000 -9.120000 0.120000 26927570122
-3.480000 -9.120000 0.120000 26927594999
-3.600000 -9.360000 -0.120000 26927620101
-3.780000 -9.420000 -0.420000 26927645097
-3.360000 -9.480000 -0.360000 26927670097
-3.600000 -9.480000 -0.480000 26927695007
-3.720000 -9.240000 -0.360000 26927719982
-3.480000 -9.360000 -0.240000 26927744989
-3.300000 -9.420000 -0.420000 26927770109
-3.420000 -9.300000 0.060000 26927795075
-3.420000 -9.540000 -0.300000 26927820231
-3.420000 -9.540000 -0.300000 26927845292
-3.480000 -9.719999 -0.120000 26927870101
-3.540000 -9.780000 -0.420000 26927895071
-3.480000 -9.360000 -0.240000 26927920095
-3.180000 -9.900000 -0.060000 26927945343
-3.360000 -9.599999 -0.120000 26927970224
-3.180000 -9.660000 -0.180000 26927995089
-3.180000 -9.540000 -0.540000 26928020173
-3.000000 -9.599999 -0.120000 26928045103
-3.000000 -9.480000 -0.240000 26928070124
-3.060000 -9.660000 -0.300000 26928095109
-2.880000 -9.719999 -0.480000 26928120119
-2.820000 -10.020000 -0.420000 26928145096
-2.880000 -9.719999 -0.120000 26928170106
-2.760000 -9.719999 -0.360000 26928195139
-2.760000 -9.960000 -0.120000 26928220120
-2.280000 -9.719999 -0.480000 26928245115
-2.760000 -9.960000 -0.480000 26928270108
-2.400000 -10.080000 -0.360000 26928295090
-2.700000 -9.780000 -0.060000 26928320120
-2.400000 -10.080000 -0.360000 26928345116
-2.160000 -10.080000 -0.120000 26928370112
-2.400000 -10.200000 -0.240000 26928395113
-2.340000 -9.900000 -0.300000 26928420116
-2.460000 -10.380000 -0.180000 26928445279
-2.220000 -10.020000 -0.060000 26928470119
-2.280000 -9.840000 -0.360000 26928495286
-2.280000 -10.320000 0.120000 26928520120
-2.280000 -9.719999 -0.120000 26928545173
-2.160000 -10.200000 0.120000 26928569981
-2.160000 -10.200000 -0.120000 26928595193
-1.620000 -10.260000 -0.180000 26928620100
-2.220000 -10.260000 -0.060000 26928645347
-2.160000 -10.320000 -0.060000 26928670093
-2.100000 -10.260000 -0.180000 26928695291
-1.860000 -10.260000 0.180000 26928720104
-2.100000 -10.620000 0.180000 26928745360
-1.980000 -10.260000 0.180000 26928770261
-2.040000 -10.320000 0.180000 26928795249
-2.040000 -10.679999 0.180000 26928820114
-1.980000 -10.380000 -0.180000 26928845356
-1.560000 -10.440000 0.240000 26928870113
-1.980000 -10.380000 -0.060000 26928895399
-1.560000 -10.440000 -0.240000 26928920098
-1.980000 -10.380000 -0.060000 26928945136
-1.860000 -10.380000 -0.420000 26928970209
-1.620000 -10.500000 -0.300000 26928995658
-1.800000 -10.080000 -0.240000 26929020118
-1.980000 -10.020000 -0.060000 26929044991
-1.920000 -10.080000 -0.240000 26929070098
-1.680000 -10.200000 -0.240000 26929095423
-1.560000 -10.320000 -0.120000 26929120103
-1.380000 -10.500000 -0.300000 26929145090
-1.500000 -10.500000 -0.180000 26929170083
-1.800000 -10.320000 -0.360000 26929195575
-1.620000 -10.260000 -0.060000 26929221603
-1.740000 -10.500000 -0.060000 26929245508
-1.500000 -10.260000 -0.300000 26929270881
-1.380000 -10.260000 0.060000 26929296248
-1.560000 -10.080000 0.060000 26929318631
-1.500000 -10.020000 -0.060000 26929343661
-1.140000 -10.380000 0.180000 26929368360
-1.020000 -10.139999 0.060000 26929393521
-0.840000 -9.840000 0.060000 26929419445
-0.960000 -10.200000 -0.120000 26929443641
-0.540000 -10.139999 -0.300000 26929468645
-0.900000 -10.380000 0.060000 26929493770
-0.780000 -10.260000 -0.060000 26929518715
-0.660000 -10.260000 -0.420000 26929543628
-0.480000 -10.320000 -0.120000 26929568654
-0.360000 -10.559999 0.120000 26929594091
-0.240000 -10.679999 -0.120000 26929621231
-0.240000 -10.200000 -0.240000 26929644573
-0.180000 -10.139999 -0.060000 26929669557
-0.660000 -10.380000 -0.180000 26929694797
-0.600000 -10.320000 -0.120000 26929719504
-0.120000 -10.080000 -0.120000 26929744575
-0.180000 -10.500000 -0.300000 26929769362
-0.060000 -10.020000 -0.180000 26929794740
0.120000 -9.840000 -0.180000 26929819901
0.120000 -10.080000 -0.480000 26929845146
0.420000 -10.020000 -0.180000 26929870285
0.300000 -10.020000 -0.300000 26929894977
0.360000 -10.200000 -0.120000 26929919887
0.120000 -10.320000 -0.120000 26929945102
0.540000 -9.900000 -0.180000 26929970905
0.300000 -10.380000 -0.180000 26929995108
0.480000 -10.200000 -0.240000 26930020088
0.600000 -10.200000 -0.120000 26930045079
0.720000 -10.200000 -0.120000 26930070228
0.540000 -10.139999 -0.300000 26930094867
0.660000 -9.780000 -0.180000 26930119712
0.600000 -10.200000 0.240000 26930144841
0.540000 -10.020000 -0.060000 26930169931
0.600000 -9.840000 -0.120000 26930194667
0.600000 -10.200000 -0.120000 26930219539
0.840000 -10.200000 -0.120000 26930244690
0.900000 -10.260000 0.180000 26930269743
1.140000 -10.020000 0.060000 26930294639
1.080000 -9.960000 0.120000 26930319470
1.620000 -9.780000 0.060000 26930344640
1.200000 -9.960000 0.120000 26930369717
1.380000 -10.260000 0.420000 26930394640
1.380000 -10.260000 0.300000 26930419476
1.620000 -10.020000 0.300000 26930444597
1.200000 -10.200000 -0.360000 26930469693
1.440000 -9.960000 -0.360000 26930494571
1.800000 -9.840000 -0.360000 26930519543
1.440000 -9.840000 -0.360000 26930544634
1.500000 -9.660000 0.180000 26930569463
1.680000 -9.719999 0.120000 26930594594
1.500000 -10.139999 0.180000 26930619525
1.500000 -9.660000 -0.180000 26930644593
1.560000 -9.719999 -0.120000 26930669517
1.620000 -9.780000 0.300000 26930694640
1.860000 -9.780000 -0.060000 26930719529
1.800000 -9.840000 -0.120000 26930744587
1.980000 -9.540000 0.060000 26930769521
1.620000 -9.660000 0.060000 26930794663
2.160000 -9.599999 0.060000 26930819464
2.280000 -9.360000 -0.240000 26930844686
2.400000 -9.360000 0.120000 26930869515
2.340000 -9.179999 -0.060000 26930894657
2.340000 -9.300000 0.060000 26930920215
2.340000 -8.940000 -0.180000 26930944643
2.640000 -9.120000 -0.480000 26930969519
2.520000 -9.360000 -0.240000 26930995921
2.280000 -9.240000 -0.120000 26931021036
2.580000 -8.940000 -0.060000 26931044599
2.580000 -8.700000 0.060000 26931069522
2.400000 -8.880000 -0.120000 26931094639
2.640000 -8.400000 -0.120000 26931119807
2.760000 -9.000000 -0.480000 26931144647
2.400000 -8.880000 -0.120000 26931169539
2.520000 -8.639999 -0.360000 26931194640
2.880000 -8.520000 -0.120000 26931220093
2.880000 -8.520000 -0.600000 26931244590
2.880000 -8.160000 -0.360000 26931269523
3.000000 -8.400000 -0.240000 26931294634
3.060000 -8.460000 0.060000 26931319908
2.820000 -8.340000 -0.300000 26931344644
3.060000 -8.460000 -0.420000 26931369524
2.940000 -8.700000 -0.420000 26931394626
2.820000 -8.460000 -0.540000 26931420006
2.760000 -8.520000 -0.240000 26931444669
2.940000 -7.860000 -0.300000 26931469520
2.820000 -8.220000 -0.180000 26931494902
3.240000 -8.040000 -0.360000 26931519853
3.000000 -7.440000 -0.480000 26931544645
3.420000 -8.099999 -0.660000 26931569521
3.480000 -7.680000 -0.360000 26931594776
3.180000 -7.260000 -0.660000 26931619976
3.360000 -7.560000 -0.360000 26931644650
3.300000 -7.140000 -0.420000 26931669461
3.060000 -7.380000 -0.420000 26931694802
3.300000 -7.380000 -0.420000 26931719859
3.180000 -7.380000 -0.660000 26931744643
3.180000 -7.380000 -0.780000 26931769467
3.360000 -7.200000 -0.720000 26931794804
3.180000 -7.020000 -0.780000 26931819940
3.300000 -7.020000 -0.780000 26931844599
3.300000 -7.140000 -0.540000 26931869461
3.120000 -6.600000 -0.840000 26931894788
3.180000 -7.140000 -0.780000 26931919458
3.420000 -7.020000 -0.900000 26931944617
3.240000 -6.600000 -0.600000 26931969448
3.180000 -6.900000 -0.660000 26931995807
3.240000 -6.480000 -0.720000 26932019473
3.120000 -6.720000 -0.960000 26932044607
3.240000 -6.720000 -0.960000 26932069519
3.660000 -6.900000 -0.540000 26932094881
3.180000 -6.660000 -0.900000 26932119463
3.120000 -6.480000 -0.840000 26932144477
2.760000 -6.360000 -0.960000 26932169459
2.820000 -6.780000 -0.900000 26932194718
3.000000 -6.480000 -0.720000 26932219461
3.000000 -6.360000 -0.600000 26932244500
2.940000 -6.300000 -1.020000 26932269464
2.880000 -6.120000 -0.840000 26932294742
3.060000 -6.060000 -0.660000 26932319519
3.120000 -5.880000 -0.840000 26932344514
2.880000 -5.760000 -1.080000 26932369494
2.640000 -5.760000 -0.840000 26932394753
2.580000 -5.940000 -1.140000 26932419528
3.000000 -5.640000 -1.200000 26932444463
2.880000 -5.640000 -1.200000 26932469462
2.460000 -5.460000 -1.020000 26932494714
2.700000 -5.700000 -1.140000 26932519520
2.700000 -5.460000 -1.500000 26932544495
2.820000 -5.460000 -0.900000 26932569513
2.640000 -5.160000 -1.320000 26932594752
2.520000 -5.520000 -1.200000 26932619514
2.640000 -5.040000 -1.080000 26932644457
2.520000 -5.280000 -1.320000 26932669520
2.460000 -4.980000 -1.380000 26932694521
2.580000 -4.740000 -1.500000 26932719517
2.820000 -4.980000 -1.380000 26932744474
2.640000 -4.680000 -1.560000 26932769517
2.520000 -4.680000 -1.440000 26932794519
2.700000 -4.740000 -1.500000 26932819532
2.520000 -4.560000 -1.440000 26932844522
2.280000 -5.040000 -1.680000 26932869516
2.520000 -4.320000 -1.680000 26932894517
2.460000 -4.620000 -1.380000 26932919512
2.340000 -4.620000 -1.500000 26932944522
2.820000 -4.500000 -1.860000 26932969462
2.580000 -4.620000 -1.620000 26932994544
2.460000 -4.500000 -1.860000 26933019470
2.460000 -4.500000 -1.860000 26933046627
2.160000 -4.440000 -1.560000 26933069446
2.160000 -4.320000 -1.560000 26933094456
2.160000 -4.080000 -1.440000 26933119463
2.280000 -4.320000 -1.680000 26933144809
2.340000 -4.260000 -1.740000 26933169458
2.280000 -4.080000 -1.800000 26933194520
2.280000 -4.320000 -1.800000 26933219510
2.100000 -4.380000 -1.860000 26933244888
2.100000 -4.140000 -2.100000 26933269513
2.040000 -4.200000 -2.040000 26933294528
2.220000 -4.020000 -1.860000 26933319467
2.040000 -4.080000 -1.920000 26933344841
1.980000 -4.500000 -1.980000 26933369466
2.160000 -4.320000 -1.680000 26933394517
2.040000 -4.080000 -1.920000 26933419518
2.160000 -4.200000 -1.800000 26933446454
2.160000 -3.840000 -1.680000 26933469468
2.040000 -4.080000 -1.680000 26933494520
1.860000 -4.140000 -1.980000 26933519515
1.980000 -4.260000 -1.740000 26933544820
2.040000 -4.560000 -2.040000 26933569459
2.280000 -4.320000 -2.040000 26933594509
1.980000 -4.020000 -1.980000 26933619530
2.160000 -4.320000 -1.680000 26933644808
2.040000 -4.080000 -1.680000 26933669455
1.680000 -4.200000 -1.800000 26933694516
1.680000 -4.200000 -1.920000 26933719501
2.160000 -3.960000 -2.040000 26933744517
1.860000 -4.140000 -1.860000 26933769451
1.920000 -3.960000 -1.560000 26933794513
1.680000 -4.080000 -2.040000 26933819547
1.320000 -4.080000 -2.040000 26933844518
1.620000 -4.020000 -1.980000 26933869456
1.920000 -4.200000 -2.040000 26933894514
1.500000 -4.260000 -1.980000 26933919448
1.860000 -4.260000 -2.100000 26933944512
1.920000 -4.080000 -2.160000 26933969464
