0.000000 26919501471
0.000000 26919526468
0.000000 26919551462
0.000000 26919576487
0.000000 26919601455
0.000000 26919626473
0.000000 26919651456
0.000000 26919676474
0.000000 26919701465
0.000000 26919726467
0.000000 26919751464
0.000000 26919776473
0.000000 26919801453
0.000000 26919826469
0.000000 26919851454
0.000000 26919876475
0.000000 26919901440
0.000000 26919926398
0.000000 26919951391
0.000000 26919976484
0.000000 26920001463
0.000000 26920026474
0.000000 26920051455
0.000000 26920076474
0.000000 26920101502
0.000000 26920126471
0.000000 26920151463
0.000000 26920176477
0.000000 26920201460
0.000000 26920226463
0.000000 26920251460
0.000000 26920276477
0.000000 26920301460
0.000000 26920326474
0.000000 26920351473
0.000000 26920376479
0.000000 26920401468
0.000000 26920426460
0.000000 26920451463
0.000000 26920476469
0.000000 26920501459
0.000000 26920526463
0.000000 26920551457
0.000000 26920576470
0.000000 26920601463
0.000000 26920626468
0.000000 26920651470
0.000000 26920676478
0.000000 26920701473
0.000000 26920726495
0.000000 26920751464
0.000000 26920776476
0.000000 26920801472
0.000000 26920826472
0.000000 26920851467
0.000000 26920876476
0.000000 26920901465
0.000000 26920926464
0.000000 26920951466
0.000000 26920976478
0.000000 26921001465
0.000000 26921026484
0.000000 26921051462
0.000000 26921076482
0.000000 26921101469
0.000000 26921126453
0.000000 26921151463
0.000000 26921176477
0.000000 26921201458
0.000000 26921226450
0.000000 26921251442
0.000000 26921276479
0.000000 26921301459
0.000000 26921326465
0.000000 26921351508
0.000000 26921376478
0.000000 26921401473
0.000000 26921426463
0.000000 26921451455
0.000000 26921476476
0.000000 26921501463
0.000000 26921526461
0.000000 26921551452
0.000000 26921576482
0.000000 26921601455
0.000000 26921626446
0.000000 26921651457
0.000000 26921676469
0.000000 26921701456
0.000000 26921726448
0.000000 26921751459
0.000000 26921776478
0.000000 26921801458
0.000000 26921826447
0.000000 26921851452
0.000000 26921876468
0.000000 26921901452
0.000000 26921926483
0.000000 26921951455
0.000000 26921976485
0.000000 26922001447
0.000000 26922026456
0.000000 26922051452
0.000000 26922076486
0.000000 26922101452
0.000000 26922126455
0.000000 26922151449
0.000000 26922176483
0.000000 26922201451
0.000000 26922226452
0.000000 26922251449
0.000000 26922276483
0.000000 26922301450
0.000000 26922326453
0.000000 26922351445
0.000000 26922376485
0.000000 26922401464
0.000000 26922426477
0.000000 26922451469
0.000000 26922476468
0.000000 26922501456
0.000000 26922526459
0.000000 26922551495
0.000000 26922576484
0.000000 26922601460
0.000000 26922626455
0.000000 26922651457
0.000000 26922676478
0.000000 26922701457
0.000000 26922726457
0.000000 26922751466
0.000000 26922776485
0.000000 26922801453
0.000000 26922826450
0.000000 26922851456
0.000000 26922876474
0.000000 26922901469
0.000000 26922926452
0.000000 26922951432
0.000000 26922976428
0.000000 26923001469
0.000000 26923026467
0.000000 26923051468
0.000000 26923076476
0.000000 26923101470
0.000000 26923126462
0.000000 26923151466
0.000000 26923176525
0.000000 26923201467
0.000000 26923226459
0.000000 26923251468
0.000000 26923276483
0.000000 26923301475
0.000000 26923326470
0.000000 26923351470
0.000000 26923376484
0.000000 26923401470
0.000000 26923426467
0.000000 26923451467
0.000000 26923476484
0.000000 26923501471
0.000000 26923526469
0.000000 26923551471
0.000000 26923576483
0.000000 26923601471
0.000000 26923626473
0.000000 26923651474
0.000000 26923676482
0.000000 26923701464
0.000000 26923726468
0.000000 26923751465
0.000000 26923776489
0.000000 26923801510
0.000000 26923826465
0.000000 26923851470
0.000000 26923876484
0.000000 26923901472
0.000000 26923926469
0.000000 26923951464
0.000000 26923976485
0.000000 26924001431
0.000000 26924026480
0.000000 26924051469
0.000000 26924076480
0.000000 26924101472
0.000000 26924126473
0.000000 26924151466
0.000000 26924176472
0.000000 26924201473
0.000000 26924226474
0.000000 26924251470
0.000000 26924276474
0.000000 26924301472
0.000000 26924326502
0.000000 26924351483
0.000000 26924376500
0.000000 26924401472
0.000000 26924426469
0.000000 26924451471
0.000000 26924476489
0.000000 26924501481
0.000000 26924526471
0.000000 26924551477
0.000000 26924576479
0.000000 26924601465
0.000000 26924626459
0.000000 26924653089
0.000000 26924676517
0.000000 26924701487
0.000000 26924726134
0.000000 26924751099
0.000000 26924776109
0.000000 26924801115
0.000000 26924826111
0.000000 26924851105
0.000000 26924876105
0.000000 26924901135
0.000000 26924926168
0.000000 26924951196
0.000000 26924976170
0.000000 26925001143
0.000000 26925026151
0.000000 26925051144
0.000000 26925076145
0.000000 26925101163
0.000000 26925126182
0.000000 26925151201
0.000000 26925176194
0.000000 26925201238
0.000000 26925226211
0.000000 26925251218
0.000000 26925276206
0.000000 26925301205
0.000000 26925326359
0.000000 26925351363
0.000000 26925376353
0.000000 26925401355
0.000000 26925426442
0.000000 26925451357
0.000000 26925476361
0.000000 26925501473
0.000000 26925526472
0.000000 26925551473
0.000000 26925576472
0.000000 26925601468
0.000000 26925626469
0.000000 26925651467
0.000000 26925676466
0.000000 26925701465
0.000000 26925726465
0.000000 26925751469
0.000000 26925776459
0.000000 26925801470
0.000000 26925826462
0.000000 26925851466
0.000000 26925876456
0.000000 26925901448
0.000000 26925926450
0.000000 26925951432
0.000000 26925976456
0.000000 26926001466
0.000000 26926026470
0.000000 26926051458
0.000000 26926076459
0.000000 26926101467
0.000000 26926126471
0.000000 26926151468
0.000000 26926176450
0.000000 26926201467
0.000000 26926226469
0.000000 26926251459
0.000000 26926276457
0.000000 26926301467
0.000000 26926326487
0.000000 26926351461
0.000000 26926376465
0.000000 26926401448
0.000000 26926426449
0.000000 26926451465
0.000000 26926476469
0.000000 26926501452
0.000000 26926526436
0.000000 26926551472
0.000000 26926576465
0.000000 26926601451
0.000000 26926626437
0.000000 26926651466
0.000000 26926676463
0.000000 26926701469
0.000000 26926726459
0.000000 26926751473
0.000000 26926776457
0.000000 26926801459
0.000000 26926826450
0.000000 26926851472
0.000000 26926876453
0.000000 26926901473
0.000000 26926926460
0.000000 26926951480
0.000000 26926976462
0.000000 26927001480
0.000000 26927026474
0.000000 26927051472
0.000000 26927076462
0.000000 26927101463
0.000000 26927126459
0.000000 26927151467
0.000000 26927176466
0.000000 26927201466
0.000000 26927226456
0.000000 26927251470
0.000000 26927276470
0.000000 26927301470
0.000000 26927326448
0.000000 26927351468
0.000000 26927376462
0.000000 26927401467
0.000000 26927426459
0.000000 26927451466
0.000000 26927476462
0.000000 26927501470
0.000000 26927526458
0.000000 26927551466
0.000000 26927576469
0.000000 26927601466
0.000000 26927626459
0.000000 26927651468
0.000000 26927676457
0.000000 26927701470
0.000000 26927726452
0.000000 26927751474
0.000000 26927776448
0.000000 26927801466
0.000000 26927826448
0.000000 26927851466
0.000000 26927876510
0.000000 26927901469
0.000000 26927926453
0.000000 26927951466
0.000000 26927976454
0.000000 26928001456
0.000000 26928026400
0.000000 26928051471
0.000000 26928076460
0.000000 26928101470
0.000000 26928126466
0.000000 26928151468
0.000000 26928176454
0.000000 26928201472
0.000000 26928226464
0.000000 26928251470
0.000000 26928276463
0.000000 26928301472
0.000000 26928326461
0.000000 26928351470
0.000000 26928376471
0.000000 26928401468
0.000000 26928426465
0.000000 26928451469
0.000000 26928476462
0.000000 26928501465
0.000000 26928526466
0.000000 26928551462
0.000000 26928576476
0.000000 26928601473
0.000000 26928626461
0.000000 26928651455
0.000000 26928676466
0.000000 26928701468
0.000000 26928726460
0.000000 26928751459
0.000000 26928776470
0.000000 26928801464
0.000000 26928826459
0.000000 26928851460
0.000000 26928876464
0.000000 26928901466
0.000000 26928926413
0.000000 26928951426
0.000000 26928976433
0.000000 26929001435
0.000000 26929026476
0.000000 26929051457
0.000000 26929076470
0.000000 26929101484
0.000000 26929126474
0.000000 26929151470
0.000000 26929176463
0.000000 26929201478
0.000000 26929226450
0.000000 26929251424
0.000000 26929278429
0.000000 26929301557
0.000000 26929326149
0.000000 26929351142
0.000000 26929376118
0.000000 26929401130
0.000000 26929426190
0.000000 26929451190
0.000000 26929476189
0.000000 26929501198
0.000000 26929526192
0.000000 26929551194
0.000000 26929576191
0.000000 26929601258
0.000000 26929626359
0.000000 26929651353
0.000000 26929676351
0.000000 26929701357
0.000000 26929726352
0.000000 26929751349
0.000000 26929776356
0.000000 26929801461
0.000000 26929826459
0.000000 26929851440
0.000000 26929876433
0.000000 26929901432
0.000000 26929926454
0.000000 26929951452
0.000000 26929976459
0.000000 26930001477
0.000000 26930026474
0.000000 26930051452
0.000000 26930076469
0.000000 26930101480
0.000000 26930126479
0.000000 26930151467
0.000000 26930176471
0.000000 26930201464
0.000000 26930226448
0.000000 26930251441
0.000000 26930276488
0.000000 26930301456
0.000000 26930326497
0.000000 26930351479
0.000000 26930376468
0.000000 26930401447
0.000000 26930426478
0.000000 26930451466
0.000000 26930476465
0.000000 26930501455
0.000000 26930526472
0.000000 26930551466
0.000000 26930576467
0.000000 26930601448
0.000000 26930626473
0.000000 26930651475
0.000000 26930676467
0.000000 26930701448
0.000000 26930726477
0.000000 26930751478
0.000000 26930776461
0.000000 26930801447
0.000000 26930826472
0.000000 26930851366
0.000000 26930876459
0.000000 26930901425
0.000000 26930926480
0.000000 26930951481
0.000000 26930976463
0.000000 26931001452
0.000000 26931026471
0.000000 26931051459
0.000000 26931076456
0.000000 26931101468
0.000000 26931126479
0.000000 26931151464
0.000000 26931176466
0.000000 26931201444
0.000000 26931226478
0.000000 26931251482
0.000000 26931276468
0.000000 26931301522
0.000000 26931326485
0.000000 26931351511
0.000000 26931376463
0.000000 26931401477
0.000000 26931426473
0.000000 26931451474
0.000000 26931476460
0.000000 26931501459
0.000000 26931526481
0.000000 26931551464
0.000000 26931576469
0.000000 26931601452
0.000000 26931626479
0.000000 26931651469
0.000000 26931676472
0.000000 26931701450
0.000000 26931726467
0.000000 26931751468
0.000000 26931776467
0.000000 26931801439
0.000000 26931826484
0.000000 26931851460
0.000000 26931876475
0.000000 26931901467
0.000000 26931926460
0.000000 26931951442
0.000000 26931976473
0.000000 26932001447
0.000000 26932026470
0.000000 26932051478
0.000000 26932076458
0.000000 26932101461
0.000000 26932126471
0.000000 26932151468
0.000000 26932176469
0.000000 26932201462
0.000000 26932226469
0.000000 26932251469
0.000000 26932276472
0.000000 26932301461
0.000000 26932326696
0.000000 26932351479
0.000000 26932376476
0.000000 26932401479
0.000000 26932426868
0.000000 26932451482
0.000000 26932476467
0.000000 26932501465
0.000000 26932526467
0.000000 26932551476
0.000000 26932576471
0.000000 26932601454
0.000000 26932626465
0.000000 26932651473
0.000000 26932676473
0.000000 26932701449
0.000000 26932726462
0.000000 26932751471
0.000000 26932776470
0.000000 26932801448
0.000000 26932826449
0.000000 26932851478
0.000000 26932876469
0.000000 26932901448
0.000000 26932926465
0.000000 26932951462
0.000000 26932976464
0.000000 26933001464
0.000000 26933026471
0.000000 26933051463
0.000000 26933076467
0.000000 26933101455
0.000000 26933126478
0.000000 26933151484
0.000000 26933176472
0.000000 26933201466
0.000000 26933226463
0.000000 26933251483
0.000000 26933276477
0.000000 26933301464
0.000000 26933326478
0.000000 26933351461
0.000000 26933376470
0.000000 26933401470
0.000000 26933426470
0.000000 26933451462
0.000000 26933476472
0.000000 26933501496
0.000000 26933526472
0.000000 26933551523
0.000000 26933576472
0.000000 26933601497
0.000000 26933626471
0.000000 26933651470
0.000000 26933676456
0.000000 26933701455
0.000000 26933726473
0.000000 26933751459
0.000000 26933776452
0.000000 26933801457
0.000000 26933826474
0.000000 26933851446
0.000000 26933876448
0.000000 26933901452
0.000000 26933926465
0.000000 26933951443
0.000000 26933976464

