-3.540000 -2.580000 5.820000 10718262662
-3.300000 -2.340000 5.820000 10718287666
-3.420000 -2.340000 5.940000 10718312664
-3.300000 -2.100000 6.180000 10718337653
-3.480000 -2.400000 6.120000 10718362644
-3.600000 -1.920000 6.000000 10718387638
-3.540000 -2.220000 5.820000 10718412664
-3.600000 -2.640000 5.880000 10718437641
-3.240000 -2.640000 6.000000 10718462610
-2.880000 -2.160000 6.120000 10718487657
-3.240000 -2.400000 6.000000 10718512672
-3.420000 -2.220000 5.820000 10718537653
-3.240000 -2.640000 6.000000 10718562652
-3.420000 -2.340000 6.060000 10718587609
-3.180000 -2.220000 6.060000 10718612661
-3.000000 -2.040000 6.000000 10718637661
-3.120000 -2.280000 6.240000 10718662673
-2.940000 -2.340000 6.300000 10718687642
-3.120000 -2.160000 6.000000 10718712636
-2.880000 -2.160000 6.120000 10718737670
-2.760000 -2.400000 6.240000 10718762631
-2.880000 -2.400000 6.000000 10718787654
-2.820000 -2.340000 6.180000 10718812677
-2.760000 -2.520000 6.120000 10718837619
-2.760000 -2.400000 6.360000 10718862662
-2.820000 -2.340000 6.420000 10718887637
-2.940000 -2.340000 6.180000 10718912663
-2.940000 -2.100000 6.540000 10718937677
-2.820000 -2.820000 6.660000 10718962655
-2.940000 -2.340000 6.300000 10718987662
-2.640000 -2.280000 6.480000 10719012642
-3.180000 -2.700000 6.300000 10719037681
-3.060000 -2.220000 6.300000 10719062661
-3.120000 -2.400000 6.240000 10719087631
-3.360000 -2.880000 6.240000 10719112650
-3.360000 -2.760000 6.360000 10719137664
-3.360000 -2.520000 6.480000 10719162612
-3.180000 -2.340000 6.060000 10719187610
-3.300000 -2.580000 6.180000 10719212616
-3.660000 -2.220000 5.940000 10719237659
-3.540000 -2.340000 5.820000 10719262638
-3.600000 -2.280000 6.000000 10719287697
-3.780000 -2.460000 6.300000 10719312675
-3.720000 -2.520000 6.120000 10719337679
-3.480000 -2.400000 6.000000 10719362671
-3.660000 -2.460000 6.180000 10719387615
-3.900000 -1.980000 6.060000 10719412662
-3.900000 -2.220000 5.940000 10719437648
-3.540000 -2.460000 5.940000 10719462660
-3.900000 -1.860000 6.300000 10719487683
-3.900000 -2.460000 5.820000 10719512670
-3.840000 -2.640000 5.640000 10719537654
-3.840000 -2.520000 6.120000 10719562667
-3.900000 -2.220000 5.820000 10719587640
-4.080000 -2.280000 6.000000 10719612655
-3.780000 -1.980000 5.820000 10719637619
-3.720000 -2.160000 5.760000 10719662661
-3.960000 -2.040000 5.880000 10719687623
-4.140000 -2.100000 5.820000 10719712689
-4.020000 -2.220000 5.700000 10719737681
-3.780000 -1.980000 5.820000 10719762668
-3.720000 -2.280000 5.640000 10719787651
-3.780000 -1.860000 5.820000 10719812687
-3.900000 -2.220000 6.180000 10719837637
-3.780000 -2.220000 5.940000 10719862657
-3.840000 -2.040000 6.000000 10719887628
-3.660000 -2.100000 5.940000 10719913064
-3.840000 -2.160000 6.000000 10719937712
-3.840000 -2.040000 6.000000 10719962653
-3.780000 -2.220000 5.820000 10719987680
-3.420000 -2.340000 5.820000 10720012656
-3.660000 -2.340000 5.820000 10720037651
-3.300000 -2.100000 5.700000 10720062678
-3.780000 -2.220000 5.940000 10720087652
-3.420000 -2.340000 6.180000 10720112651
-3.600000 -2.280000 6.120000 10720137655
-3.480000 -2.160000 5.880000 10720162656
-3.600000 -2.160000 5.760000 10720187652
-3.420000 -2.340000 5.700000 10720212649
-3.600000 -2.160000 6.000000 10720237725
-3.360000 -2.280000 6.240000 10720262644
-3.360000 -2.160000 5.880000 10720287639
-3.600000 -2.160000 6.120000 10720312639
-3.420000 -2.580000 5.940000 10720337694
-3.480000 -1.920000 6.120000 10720362636
-3.420000 -2.340000 5.940000 10720387645
-3.720000 -2.520000 6.000000 10720412738
-3.420000 -2.100000 6.180000 10720437640
-3.120000 -2.160000 6.000000 10720462652
-3.300000 -2.460000 6.180000 10720487686
-3.300000 -2.460000 6.180000 10720512658
-3.300000 -2.460000 5.940000 10720537663
-2.880000 -2.160000 6.000000 10720562651
-3.180000 -2.460000 6.060000 10720587617
-3.480000 -2.640000 6.240000 10720612648
-3.420000 -2.340000 5.940000 10720637659
-3.240000 -2.160000 5.880000 10720662650
-3.300000 -2.340000 6.180000 10720687677
-3.420000 -1.980000 5.700000 10720712644
-3.420000 -2.340000 5.820000 10720737660
-3.000000 -2.520000 6.120000 10720762649
-3.360000 -2.280000 6.240000 10720787646
-3.360000 -2.160000 6.000000 10720812639
-3.180000 -2.100000 6.060000 10720837659
-3.540000 -2.460000 5.940000 10720862647
-3.300000 -2.220000 5.940000 10720887641
-3.420000 -1.860000 5.940000 10720912652
-3.360000 -2.280000 5.760000 10720937634
-3.540000 -2.340000 6.060000 10720962676
-3.540000 -2.220000 5.820000 10720987687
