0.000000 10718247383
0.000000 10718272387
0.000000 10718297427
0.000000 10718322420
0.000000 10718347422
0.000000 10718372413
0.000000 10718397414
0.000000 10718422414
0.000000 10718447414
0.000000 10718472416
0.000000 10718497409
0.000000 10718522412
0.000000 10718547415
0.000000 10718572410
0.000000 10718597419
0.000000 10718622417
0.000000 10718647414
0.000000 10718672406
0.000000 10718697423
0.000000 10718722418
0.000000 10718747418
0.000000 10718772399
0.000000 10718797417
0.000000 10718822415
0.000000 10718847413
0.000000 10718872404
0.000000 10718897415
0.000000 10718922418
0.000000 10718947422
0.000000 10718972405
0.000000 10718997420
0.000000 10719022411
0.000000 10719047416
0.000000 10719072398
0.000000 10719097416
0.000000 10719122414
0.000000 10719147408
0.000000 10719172407
0.000000 10719197412
0.000000 10719222409
0.000000 10719247415
0.000000 10719272408
0.000000 10719297427
0.000000 10719322413
0.000000 10719347410
0.000000 10719372399
0.000000 10719397422
0.000000 10719422402
0.000000 10719447416
0.000000 10719472399
0.000000 10719497409
0.000000 10719522404
0.000000 10719547417
0.000000 10719572389
0.000000 10719597419
0.000000 10719622404
0.000000 10719647421
0.000000 10719672401
0.000000 10719697418
0.000000 10719722406
0.000000 10719747427
0.000000 10719772424
0.000000 10719797429
0.000000 10719822412
0.000000 10719847418
0.000000 10719872412
0.000000 10719897428
0.000000 10719922429
0.000000 10719947423
0.000000 10719972419
0.000000 10719997424
0.000000 10720022425
0.000000 10720047410
0.000000 10720072392
0.000000 10720097427
0.000000 10720122422
0.000000 10720147423
0.000000 10720172420
0.000000 10720197427
0.000000 10720222435
0.000000 10720247415
0.000000 10720272420
0.000000 10720297424
0.000000 10720322422
0.000000 10720347426
0.000000 10720372407
0.000000 10720397428
0.000000 10720422431
0.000000 10720447424
0.000000 10720472413
0.000000 10720497405
0.000000 10720522427
0.000000 10720547424
0.000000 10720572404
0.000000 10720597427
0.000000 10720622422
0.000000 10720647426
0.000000 10720672412
0.000000 10720697426
0.000000 10720722419
0.000000 10720747421
0.000000 10720772411
0.000000 10720797426
0.000000 10720822416
0.000000 10720847431
0.000000 10720872412
0.000000 10720897424
0.000000 10720922428
0.000000 10720947421
0.000000 10720972413
