0.794339 -1.304285 9.639938 15895702713
0.872792 -1.382738 9.561485 15895727702
0.951245 -1.598484 9.718391 15895752715
0.990472 -1.667131 9.757618 15895777723
1.019892 -1.804424 9.551678 15895802718
1.019892 -1.971137 9.414385 15895827717
1.039505 -2.098624 9.492838 15895852718
1.098345 -2.137850 9.384965 15895877722
1.098345 -2.314370 9.169219 15895902711
1.108152 -2.824315 9.198639 15895927695
1.108152 -3.138128 9.237865 15895952713
1.196411 -3.295035 9.100572 15895977712
1.216025 -3.432328 9.051538 15896002693
1.284671 -4.030534 8.835793 15896027713
1.363124 -4.305120 8.453333 15896052692
1.314091 -4.638546 8.276814 15896077706
1.343511 -4.942552 8.296427 15896102728
1.412158 -5.423078 7.904161 15896127709
1.431771 -5.599597 7.560929 15896152730
1.451384 -5.834958 7.364795 15896177721
1.578871 -6.374323 6.903882 15896202719
1.618097 -6.590069 6.707749 15896227711
1.608291 -6.825429 6.364516 15896252725
1.588677 -7.119628 6.246837 15896277709
1.569064 -7.413828 5.844764 15896302721
1.588677 -7.649189 5.589791 15896327714
1.637711 -7.776674 5.344625 15896352704
1.608291 -8.012034 5.168105 15896377723
1.647517 -8.384687 4.736613 15896402724
1.608291 -8.571013 4.501253 15896427716
1.529838 -8.796566 4.403186 15896452724
1.500418 -9.022120 4.256087 15896477722
1.451384 -9.110379 3.746140 15896502720
1.441578 -9.267285 3.657881 15896527716
1.363124 -9.345738 3.599041 15896552731
1.176798 -9.169219 3.226388 15896577717
1.157185 -9.188832 3.079288 15896602706
1.127765 -9.257479 2.991029 15896627712
1.039505 -9.257479 2.941995 15896652725
0.872792 -9.404578 2.569343 15896677716
0.784532 -9.404578 2.432050 15896702719
0.735499 -9.335932 2.422243 15896727709
0.706079 -9.326125 2.255530 15896752724
0.529559 -9.600712 1.873070 15896777715
0.490333 -9.541871 1.922104 15896802720
0.284393 -9.688972 2.000557 15896827711
0.098067 -9.953751 1.882877 15896852724
0.098067 -9.963558 1.569064 15896877710
-0.078453 -10.042011 1.588677 15896902719
-0.147100 -10.100850 1.686744 15896927703
-0.323619 -10.022397 1.696550 15896952717
-0.323619 -10.120463 1.647517 15896977722
-0.470719 -10.169497 1.549451 15897002706
-0.451106 -10.169497 1.490611 15897027712
-0.490333 -10.189111 1.461191 15897052714
-0.480526 -10.179304 1.255251 15897077722
-0.519753 -10.149883 1.235638 15897102723
-0.558979 -10.228337 1.245445 15897127703
-0.608012 -10.169497 1.304285 15897152718
-0.598206 -10.061625 1.274865 15897177727
-0.637432 -10.061625 1.186605 15897202717
-0.588399 -10.012591 1.206218 15897227714
-0.558979 -10.022397 1.166991 15897252714
-0.598206 -9.983171 1.127765 15897277720
-0.627626 -9.992978 1.176798 15897302719
-0.666852 -10.120463 1.078732 15897327711
-0.706079 -10.091044 1.059118 15897352724
-0.647239 -10.100850 0.980665 15897377716
-0.647239 -10.208724 0.921825 15897402716
-0.696272 -10.316597 1.029698 15897427712
-0.706079 -10.306790 1.186605 15897452724
-0.676659 -10.385243 1.166991 15897477722
-0.608012 -10.375437 1.343511 15897502724
-0.637432 -10.228337 1.520031 15897527702
-0.617819 -10.042011 1.490611 15897552722
-0.529559 -10.051817 1.539644 15897577724
-0.382459 -9.845878 2.177077 15897602709
-0.304006 -9.669358 2.265337 15897627713
-0.245166 -9.610518 2.451663 15897652720
-0.205940 -9.698778 2.520309 15897677717
-0.078453 -9.816459 3.226388 15897702723
-0.009807 -9.747811 3.530394 15897727709
0.117680 -9.679165 3.589234 15897752722
0.156906 -9.247672 3.863821 15897777717
0.333426 -8.904439 4.158020 15897802715
0.480526 -8.698500 4.305120 15897827702
0.666852 -8.482754 4.246280 15897852722
0.725692 -8.325847 4.638546 15897877706
0.794339 -8.306233 5.040619 15897902715
0.843372 -8.208167 5.413271 15897927701
0.882599 -8.110101 5.638824 15897952698
0.961052 -7.590348 5.746698 15897977717
1.039505 -7.423635 5.933024 15898002705
1.098345 -7.364795 6.001670 15898027735
1.166991 -6.707749 6.178190 15898052711
1.176798 -6.560650 6.393937 15898077714
1.147378 -6.609683 6.835236 15898102712
1.108152 -6.668523 7.276535 15898127696
1.137571 -6.207610 7.345181 15898152724
1.166991 -5.883991 7.345181 15898177710
1.216025 -5.766311 7.600155 15898202710
1.196411 -5.727084 7.757061 15898227696
1.166991 -5.374044 7.757061 15898252714
1.127765 -5.109265 7.717835 15898277711
1.166991 -4.932746 7.874741 15898302717
1.157185 -4.599319 8.139521 15898327690
1.078732 -4.511060 8.188554 15898352712
1.049312 -4.560093 8.531787 15898377710
1.078732 -4.344347 8.561207 15898402713
1.225831 -3.814787 8.433721 15898427702
1.000278 -3.785367 8.492560 15898452713
0.853179 -3.520588 8.992700 15898477721
0.706079 -3.147935 9.012313 15898502732
0.608012 -2.716442 8.992700 15898527703
0.843372 -2.304563 9.002505 15898552712
0.490333 -2.343790 9.492838 15898577713
0.480526 -2.108430 9.502645 15898602699
0.313813 -1.637711 9.433999 15898627706
0.294200 -1.441578 9.728198 15898652732
0.343233 -1.039505 9.777231 15898677704
0.323619 -0.657046 10.022397 15898702718
0.333426 -0.657046 9.767425 15898727716
0.353039 -0.637432 9.845878 15898752728
0.323619 -0.500139 9.983171 15898777718
0.421686 -0.372653 9.787038 15898802710
0.451106 -0.421686 9.639938 15898827709
0.470719 -0.509946 9.688972 15898852715
0.441299 -0.588399 9.757618 15898877721
0.549172 -0.578592 9.453611 15898902717
0.490333 -0.578592 9.541871 15898927726
0.500139 -0.549172 9.541871 15898952729
0.431493 -0.362846 9.630132 15898977721
0.451106 -0.147100 9.375159 15899002723
0.480526 -0.009807 9.463418 15899027719
0.529559 0.127486 9.620325 15899052876
0.568786 0.608012 9.639938 15899077724
0.637432 0.696272 9.561485 15899102712
0.657046 0.853179 9.630132 15899127712
0.676659 1.068925 9.796844 15899152715
0.696272 1.647517 9.512452 15899177722
0.725692 1.971137 9.473226 15899202716
0.696272 2.461469 9.257479 15899227716
0.725692 3.079288 8.708306 15899252721
0.715886 3.255808 8.875020 15899277717
0.676659 3.540201 8.786759 15899302717
0.666852 3.795174 8.531787 15899327719
0.696272 4.393380 8.345461 15899352723
0.715886 4.717000 8.306233 15899377720
0.706079 4.971972 7.943388 15899402721
0.666852 5.226945 7.590348 15899427717
0.657046 5.933024 7.266728 15899452721
0.676659 6.227223 7.070595 15899477712
0.578592 6.442970 6.825429 15899502722
0.411879 7.070595 7.041175 15899527719
0.333426 7.384408 6.707749 15899552701
0.362846 7.551122 6.511616 15899577723
0.402073 7.609962 6.825429 15899602720
0.441299 7.688415 6.207610 15899627714
0.411879 8.021841 5.727084 15899652743
0.372653 8.345461 5.560371 15899677726
0.529559 8.384687 5.707471 15899702721
0.558979 8.345461 5.099458 15899727715
0.608012 8.531787 4.658159 15899752727
0.235360 8.198360 5.648631 15899777728
0.519753 8.678886 4.579706 15899802735
0.647239 9.061346 4.246280 15899827725
0.912019 9.022120 4.020727 15899852740
0.961052 9.002505 4.030534 15899877725
1.078732 8.845599 3.648074 15899902733
1.176798 9.012313 3.491168 15899927722
1.186605 9.110379 3.246001 15899952734
1.225831 9.071153 3.177355 15899977737
1.274865 9.080959 2.902769 15900002708
1.284671 9.218252 2.834122 15900027705
1.323898 9.159412 2.657602 15900052733
1.363124 9.228059 2.441856 15900077712
1.353318 9.532065 2.353596 15900102730
1.314091 9.541871 2.275143 15900127728
1.284671 9.551678 2.098624 15900152728
1.196411 9.669358 1.804424 15900177730
1.216025 9.738005 1.725971 15900202726
1.225831 9.718391 1.696550 15900227711
1.363124 9.649745 1.431771 15900252729
1.333705 9.787038 1.166991 15900277737
1.353318 9.718391 0.902212 15900302720
1.304285 9.679165 0.941439 15900327727
1.343511 9.836071 0.931632 15900352726
1.304285 9.992978 0.833565 15900377730
1.343511 9.953751 0.794339 15900402738
1.333705 9.934137 0.676659 15900427702
1.441578 9.943945 0.568786 15900452732
1.412158 9.914525 0.421686 15900477731
1.470998 9.875298 0.294200 15900502726
1.470998 9.983171 0.274586 15900527724
1.421964 10.002784 -0.117680 15900552724
1.333705 9.894911 -0.039227 15900577735
1.421964 9.934137 -0.019613 15900602732
1.470998 9.845878 -0.176520 15900627714
1.392545 9.924331 -0.205940 15900652732
1.353318 9.924331 -0.068647 15900677731
1.392545 9.826264 -0.392266 15900702716
1.382738 10.042011 -0.539366 15900727718
1.392545 10.120463 -0.588399 15900752732
1.402351 10.189111 -0.529559 15900777729
1.441578 10.208724 -0.588399 15900802729
1.461191 10.071430 -0.549172 15900827730
1.441578 10.042011 -0.558979 15900852731
1.461191 10.042011 -0.470719 15900877726
1.441578 10.002784 -0.480526 15900902729
1.363124 9.806651 -0.568786 15900927723
1.372931 9.855684 -0.411879 15900952728
1.441578 10.022397 -0.392266 15900977719
1.480804 10.091044 -0.254973 15901002714
1.520031 10.061625 -0.068647 15901027723
1.559257 9.973364 0.049033 15901052733
1.569064 9.914525 0.323619 15901077729
1.539644 9.914525 1.019892 15901102722
1.441578 9.943945 1.206218 15901127721
1.333705 9.865492 1.363124 15901152730
1.314091 9.953751 1.735777 15901177731
1.294478 9.826264 1.559257 15901202725
1.235638 9.600712 1.853457 15901227725
1.255251 9.620325 2.137850 15901252728
1.245445 9.708585 2.618376 15901277724
1.294478 9.532065 2.726249 15901302725
1.363124 9.316319 3.069482 15901327722
1.353318 9.247672 3.716721 15901352733
1.392545 8.875020 3.608848 15901377717
1.431771 8.796566 3.667687 15901402668
1.529838 8.561207 3.961887 15901427732
1.480804 8.404300 4.589513 15901452722
1.510224 8.159134 4.805259 15901477741
1.490611 8.021841 4.844486 15901502721
1.510224 7.943388 5.197526 15901527724
1.441578 7.835515 5.589791 15901552722
1.441578 7.511894 5.913410 15901577725
1.490611 7.404021 6.217417 15901602722
1.500418 7.286342 6.325290 15901627695
1.490611 6.874462 6.903882 15901652723
1.539644 6.648909 6.943109 15901677726
1.578871 6.442970 7.188275 15901702719
1.627904 6.207610 7.227501 15901727706
1.725971 5.834958 7.090209 15901752729
1.765197 5.638824 7.021562 15901777728
1.775004 5.364238 7.090209 15901802725
1.696550 5.060232 7.423635 15901827721
1.569064 4.952359 7.325568 15901852717
1.520031 4.844486 7.570735 15901877733
1.539644 4.736613 7.972808 15901902721
1.470998 4.511060 8.492560 15901927720
1.451384 4.344347 8.835793 15901952703
1.421964 4.285507 8.973086 15901977727
1.451384 4.216860 8.982893 15902002711
1.421964 4.089374 8.688693 15902027705
1.510224 3.854014 8.757339 15902052722
1.529838 3.638267 8.855406 15902077735
1.569064 3.559814 8.904439 15902102728
1.392545 3.059675 8.865212 15902127725
1.421964 2.775282 8.992700 15902152713
1.372931 2.628183 9.179026 15902177731
1.343511 2.569343 9.149606 15902202726
1.314091 2.235916 9.139799 15902227723
1.314091 2.000557 9.159412 15902252721
1.363124 1.775004 9.228059 15902277731
1.451384 1.569064 9.129992 15902302713
1.451384 1.520031 9.267285 15902327722
1.421964 1.372931 9.306512 15902352722
1.461191 1.265058 9.394772 15902377728
1.588677 0.941439 9.277092 15902402727
1.539644 0.774725 9.326125 15902427719
1.510224 0.696272 9.198639 15902452726
1.490611 0.666852 9.188832 15902477734
1.441578 0.362846 9.159412 15902502720
1.402351 0.323619 9.326125 15902527717
1.363124 0.196133 9.326125 15902552730
1.441578 0.205940 9.286899 15902577724
1.372931 0.196133 9.355545 15902602731
1.225831 0.039227 9.904717 15902627700
1.186605 0.107873 10.120463 15902652735
1.127765 -0.039227 9.934137 15902677732
1.147378 -0.088260 9.953751 15902702720
1.147378 -0.107873 10.012591 15902727718
1.196411 -0.235360 10.002784 15902752732
1.225831 -0.235360 9.237865 15902777648
1.333705 -0.480526 9.012313 15902802709
1.225831 0.451106 11.542429 15902827716
1.216025 0.304006 7.815901 15902852708
1.235638 -0.117680 9.080959 15902877735
1.176798 0.019613 10.620603 15902902715
1.157185 0.019613 10.561764 15902927705
1.274865 -0.431493 9.237865 15902952729
1.461191 -0.264780 9.179026 15902977729
1.588677 -0.176520 9.100572 15903002715
1.500418 -0.176520 9.071153 15903027718
1.470998 -0.313813 9.502645 15903052700
1.421964 -0.362846 9.433999 15903077730
1.412158 -0.431493 9.433999 15903102717
1.382738 -0.372653 9.659552 15903127727
1.314091 -0.392266 9.688972 15903152712
1.304285 -0.382459 9.610518 15903177733
1.265058 -0.421686 9.581099 15903202707
1.392545 -0.264780 9.630132 15903227715
1.412158 -0.225553 9.473226 15903252736
1.461191 -0.205940 9.365352 15903277719
1.490611 -0.147100 9.335932 15903302718
1.500418 -0.029420 9.326125 15903327720
1.441578 -0.029420 9.443805 15903352716
1.412158 0.039227 9.404578 15903377719
1.392545 0.009807 9.345738 15903402730

