-0.078453 -0.039227 9.492838 876942700
-0.098067 -0.039227 9.483032 876954701
-0.107873 0.009807 9.424192 876966693
-0.205940 0.068647 9.581099 876978702
-0.245166 0.107873 9.679165 876990730
-0.225553 0.098067 9.757618 877002732
-0.254973 0.058840 9.708585 877014702
-0.196133 -0.009807 9.639938 877026693
-0.107873 -0.107873 9.492838 877038701
-0.078453 -0.098067 9.433999 877050693
-0.039227 -0.039227 9.433999 877062694
-0.058840 -0.029420 9.541871 877074701
-0.049033 -0.088260 9.708585 877086698
-0.078453 -0.117680 9.757618 877098700
-0.117680 -0.127486 9.747811 877110733
-0.127486 -0.088260 9.698778 877122695
-0.088260 -0.049033 9.639938 877134702
-0.019613 -0.058840 9.424192 877146693
-0.049033 -0.117680 9.326125 877158701
-0.039227 -0.107873 9.247672 877170698
-0.019613 -0.107873 9.306512 877182692
-0.009807 -0.058840 9.277092 877194703
-0.078453 -0.107873 9.326125 877206694
-0.117680 -0.107873 9.375159 877218704
-0.147100 -0.029420 9.365352 877230734
-0.147100 -0.029420 9.394772 877242692
-0.166713 -0.156906 9.443805 877254700
-0.166713 -0.284393 9.561485 877266717
-0.127486 -0.451106 9.581099 877278705
-0.049033 -0.539366 9.561485 877290697
-0.107873 -0.764919 9.600712 877302693
-0.107873 -1.196411 9.698778 877314703
-0.127486 -1.431771 9.679165 877326697
-0.147100 -1.588677 9.688972 877338732
-0.186326 -1.706357 9.757618 877350694
-0.058840 -1.931910 9.973364 877362694
-0.058840 -2.118237 9.885104 877374701
0.078453 -2.245723 9.767425 877386692
0.215746 -2.314370 9.649745 877398737
0.294200 -2.471276 9.483032 877410692
0.362846 -2.824315 9.384965 877422692
0.382459 -2.863542 9.424192 877434709
0.402073 -2.814509 9.433999 877446692
0.421686 -2.824315 9.424192 877458732
0.421686 -2.883155 9.345738 877470693
0.421686 -2.824315 9.228059 877482692
0.509946 -2.804702 9.080959 877494701
0.549172 -2.824315 9.002505 877507032
0.608012 -2.843929 9.022120 877518706
0.686466 -2.843929 8.894632 877530697
0.617819 -2.775282 8.796566 877542693
0.539366 -2.549729 8.698500 877554700
0.480526 -2.128043 8.482754 877566693
0.362846 -1.647517 8.561207 877578701
0.274586 -0.961052 8.914246 877590695
0.205940 -0.715886 9.041733 877602695
0.147100 -0.549172 8.845599 877614707
-0.029420 -0.451106 8.816179 877626694
-0.225553 0.009807 8.845599 877638701
-0.323619 0.166713 9.090766 877650693
-0.343233 0.176520 9.443805 877662691
-0.156906 0.235360 9.414385 877674700
-0.117680 0.313813 9.659552 877686693
-0.029420 0.735499 9.767425 877698701
-0.147100 0.990472 9.836071 877710692
-0.137293 1.235638 9.561485 877722692
-0.107873 1.382738 9.384965 877734685
-0.147100 1.382738 10.002784 877746683
-0.264780 1.510224 10.032204 877758684
-0.284393 1.725971 10.395051 877770683
-0.137293 1.892684 10.561764 877782684
0.147100 2.079010 10.218531 877794685
0.519753 1.863264 10.002784 877806694
0.558979 1.686744 9.777231 877818705
0.509946 1.529838 9.630132 877830692
0.480526 1.598484 9.590905 877844386
0.529559 1.775004 9.541871 877854693
0.372653 1.686744 9.688972 877866695
0.343233 1.412158 9.728198 877880382
0.441299 1.225831 9.698778 877890693
0.627626 1.029698 9.708585 877902711
0.755112 0.480526 9.973364 877914737
0.774725 0.215746 10.071430 877926725
0.735499 0.019613 10.061625 877938749
0.745305 -0.107873 10.042011 877950724
0.686466 -0.127486 9.924331 877962710
0.706079 0.117680 9.806651 877974712
0.676659 0.264780 9.796844 877986711
0.676659 0.235360 9.796844 877998709
0.706079 0.127486 9.757618 878010751
0.686466 0.019613 9.796844 878022744
0.657046 0.019613 9.718391 878034780
0.627626 0.088260 9.669358 878046746
0.627626 0.176520 9.463418 878058770
0.647239 0.215746 9.355545 878070747
0.578592 0.196133 9.345738 878082782
0.598206 0.205940 9.306512 878094781
0.588399 0.245166 9.335932 878106768
0.578592 0.245166 9.326125 878118790
0.608012 0.235360 9.345738 878130774
