3.990000 -6.965000 -1.470000 876968340
3.500000 -6.527500 -1.942500 876980368
2.905000 -6.230000 -2.170000 876992328
0.962500 -7.700000 -1.942500 877004374
0.245000 -9.957500 -1.417500 877016407
0.332500 -11.987500 -0.717500 877028340
0.787500 -12.442500 -0.595000 877040353
1.365000 -11.357500 -0.805000 877052339
2.135000 -9.397500 -1.225000 877064340
3.447500 -5.827500 -0.717500 877076345
5.652500 -5.600000 0.070000 877088342
5.250000 -6.230000 -0.052500 877100357
5.530000 -6.912500 -0.490000 877112326
5.687500 -8.680000 -2.030000 877124409
5.530000 -10.937500 -3.412500 877136363
4.812500 -11.865000 -3.815000 877148339
4.305000 -9.187500 -2.800000 877160353
4.707500 -7.595000 -2.450000 877172340
6.020000 -5.477500 -2.677500 877184354
7.997500 -4.445000 -2.380000 877196340
8.715000 -4.515000 -2.502500 877208340
9.170000 -4.410000 -3.342500 877220341
8.662500 -5.005000 -3.972500 877232366
7.315000 -5.985000 -3.850000 877244407
6.072500 -7.927500 -1.977500 877256339
3.850000 -9.117500 -0.822500 877268362
2.467500 -10.937500 -0.122500 877280355
0.840000 -12.267500 0.367500 877292342
0.297500 -11.917500 1.417500 877304346
1.347500 -10.902500 2.380000 877316348
2.957500 -10.220000 3.552500 877328342
4.900000 -11.322500 3.902500 877340342
6.650000 -11.322500 4.007500 877352408
5.355000 -13.265000 5.040000 877364381
3.745000 -16.327499 6.895000 877376341
2.450000 -19.022501 8.295000 877388339
1.225000 -21.052500 9.047500 877400358
0.682500 -21.629999 9.852500 877412352
-1.242500 -16.397501 8.995000 877424340
-6.265000 -14.280000 6.317500 877436343
-6.737500 -14.840000 4.410000 877448327
-6.177500 -16.607500 3.167500 877460342
-4.987500 -18.270000 1.960000 877472387
-4.217500 -20.527500 -0.035000 877484339
-4.375000 -21.822500 -2.642500 877496340
-6.055000 -21.385000 -5.617500 877508365
-12.565000 -21.192499 -7.595000 877520356
-13.562500 -20.947500 -12.040000 877532343
-12.145000 -19.862499 -18.987499 877544347
-9.590000 -18.200001 -26.530001 877556340
-6.667500 -15.785000 -33.232502 877568339
-3.780000 -14.035000 -36.942501 877580372
-3.010000 -11.865000 -37.029999 877592343
-5.092500 -9.782500 -33.337502 877604340
-9.205000 -7.892500 -30.205000 877616345
-9.922500 -4.777500 -26.967501 877628342
-10.517500 -0.875000 -23.275000 877640355
-11.462500 3.587500 -18.812500 877652340
-13.212500 6.737500 -14.227500 877664341
-15.575000 6.177500 -10.027500 877676342
-18.900000 5.565000 -7.157500 877688341
-21.437500 7.700000 -7.070000 877700360
-17.219999 8.260000 -6.072500 877712341
-10.762500 5.355000 -2.520000 877724360
-5.057500 3.657500 1.417500 877736346
-3.430000 5.705000 3.430000 877748347
-3.237500 8.155000 1.382500 877760363
-1.750000 -3.307500 -7.192500 877772338
5.040000 -11.795000 -6.965000 877784347
3.727500 -16.432501 -4.497500 877796350
1.557500 -18.322500 -2.275000 877808342
1.085000 -19.424999 -1.207500 877820358
3.552500 -19.757500 -1.942500 877832354
4.777500 -18.795000 -4.287500 877844890
2.397500 -19.827499 -0.927500 877856343
-1.417500 -19.582500 5.267500 877868350
-3.587500 -19.022501 10.797500 877880882
-4.882500 -18.462500 14.437500 877892344
-3.797500 -15.312500 15.942500 877904368
-0.437500 -11.900000 16.275000 877916392
3.972500 -10.500000 16.502501 877928389
8.435000 -11.707500 14.752501 877940436
10.815000 -16.520000 5.635000 877952390
10.342500 -16.502501 0.210000 877964369
9.467500 -15.715000 -3.780000 877976370
8.540000 -14.210000 -5.460000 877988368
7.472500 -12.512500 -4.812500 878000574
8.190000 -10.885000 -3.115000 878012420
11.112500 -9.275000 -2.835000 878024415
16.170000 -9.765000 -6.177500 878036475
24.395000 -11.532500 -7.245000 878048417
24.517500 -11.165000 -7.367500 878060482
21.139999 -9.380000 -6.580000 878072418
18.025000 -6.965000 -5.320000 878084487
18.094999 -5.110000 -4.025000 878096480
18.847500 -2.940000 -2.257500 878108441
19.460001 -1.750000 2.327500 878120478
19.600000 -2.397500 2.905000 878132442
19.162500 -3.692500 2.677500 878144443
18.497499 -5.110000 2.030000 878156441
