12.355000 -3.990000 -2.170000 30585080886
12.355000 -1.872500 -2.782500 30585105866
7.787500 1.837500 -3.325000 30585130837
-4.480000 1.750000 -0.612500 30585155847
-5.320000 -0.245000 -0.892500 30585180874
-1.610000 2.992500 -0.770000 30585205946
-1.435000 1.575000 -1.085000 30585230943
0.700000 2.887500 -2.135000 30585255945
-0.245000 7.822500 3.080000 30585281038
-7.437500 0.962500 1.890000 30585306061
-12.740000 3.395000 3.902500 30585330942
-17.622499 9.485000 6.457500 30585355955
-17.062500 1.890000 2.975000 30585380857
-14.052500 -6.562500 2.240000 30585405957
-13.055000 2.905000 11.025000 30585430947
-21.840000 0.910000 10.202500 30585455946
-22.522501 1.330000 3.395000 30585480857
-22.610001 6.335000 1.750000 30585505949
-22.889999 6.755000 -0.262500 30585531042
-21.192499 4.707500 0.542500 30585555944
-19.582500 8.435000 4.585000 30585580843
-18.637501 2.310000 3.552500 30585605942
-18.042500 2.537500 1.417500 30585630943
-17.500000 -2.432500 0.070000 30585655925
-18.340000 -2.117500 2.800000 30585680856
-27.440001 1.120000 4.900000 30585705943
-28.945000 1.120000 2.747500 30585730937
-29.907499 6.597500 0.595000 30585755943
-36.172501 14.140000 0.980000 30585781018
-38.622501 7.052500 -0.647500 30585806031
-37.257500 3.657500 -1.435000 30585830882
-39.900002 10.237500 -2.642500 30585855947
-42.945000 11.427500 0.140000 30585880858
-43.889999 14.472500 3.325000 30585905947
-48.002499 18.375000 3.815000 30585930935
-55.860001 22.067499 3.640000 30585955945
-58.257500 19.145000 2.765000 30585980868
-54.845001 7.017500 2.712500 30586005940
-50.452499 11.235000 6.807500 30586031079
-50.872501 9.992500 7.997500 30586055971
-50.102501 7.945000 3.570000 30586080833
-50.487499 10.587500 0.857500 30586106079
-48.090000 5.617500 -0.122500 30586130901
-38.237499 -1.452500 1.977500 30586155887
-40.372501 4.567500 7.560000 30586180842
-45.587502 4.707500 9.257500 30586206047
-47.827499 -2.555000 8.802500 30586230921
-48.632500 4.462500 10.587500 30586255893
-56.770000 17.272501 14.175000 30586280855
-60.724998 17.552500 18.795000 30586306069
-60.270000 11.305000 19.932501 30586330893
-52.360001 -9.012500 13.527500 30586355935
-50.049999 -16.485001 6.107500 30586380866
-41.125000 -7.770000 1.452500 30586405949
-32.322498 -0.140000 1.575000 30586430947
-36.137501 4.130000 5.302500 30586455948
-43.610001 -3.745000 6.247500 30586480858
-44.134998 -10.535000 3.132500 30586505948
-47.424999 -8.435000 -7.332500 30586530952
-60.410000 -3.255000 -10.937500 30586556042
-67.550003 -4.865000 -15.662500 30586580846
-85.802498 1.505000 -8.470000 30586605948
-85.697502 6.440000 0.875000 30586630955
-72.852501 10.815000 1.015000 30586655944
-52.500000 6.825000 -0.332500 30586680859
-42.805000 5.880000 -1.382500 30586705948
-38.570000 4.480000 -3.885000 30586730942
-41.930000 10.097500 -1.225000 30586755931
-47.092499 13.702500 2.905000 30586780849
-44.029999 8.225000 2.205000 30586806021
-49.035000 7.875000 1.435000 30586830876
-55.545002 2.170000 -3.920000 30586855930
-57.557499 3.150000 -4.322500 30586880840
-63.770000 7.070000 1.767500 30586905927
-69.037498 13.597500 4.042500 30586930921
-68.459999 15.872500 3.552500 30586955934
-64.382500 12.512500 1.417500 30586980857
-57.487499 15.942500 1.837500 30587005935
-51.257500 13.510000 3.185000 30587030934
-45.167500 3.517500 -1.452500 30587056106
-44.660000 2.222500 1.242500 30587080829
-47.337502 2.607500 1.715000 30587105931
-41.212502 6.020000 1.977500 30587130928
-34.877499 6.790000 1.260000 30587155924
-32.392502 2.835000 4.270000 30587180894
-40.075001 7.805000 7.367500 30587205931
-44.747501 10.692500 4.935000 30587230941
-54.740002 16.870001 2.275000 30587255917
-77.000000 12.565000 -3.675000 30587280841
-98.139999 15.050000 -1.102500 30587306034
-99.487503 6.282500 -3.640000 30587330863
-85.995003 1.295000 -7.735000 30587355930
-67.340004 4.865000 4.655000 30587380841
-35.122501 11.060000 12.127500 30587405929
-21.629999 4.847500 7.822500 30587430927
-15.155000 -3.727500 -1.085000 30587455938
-16.764999 -6.055000 -5.057500 30587480840
-27.895000 3.570000 0.542500 30587505930
-55.090000 13.317500 8.120000 30587530940
-66.570000 9.502500 4.077500 30587556050
-75.180000 -4.742500 -8.505000 30587580836
-84.840004 -1.172500 -11.270000 30587605938
-91.717499 3.832500 -1.435000 30587630936
-83.422501 3.097500 3.465000 30587655930
-76.160004 3.325000 1.697500 30587680840
-71.627502 -2.625000 -4.847500 30587705930
-63.000000 -3.850000 -5.985000 30587730932
-60.445000 -2.450000 1.872500 30587755929
-59.990002 0.350000 9.257500 30587780847
-60.760002 2.765000 14.087500 30587805938
-65.345001 4.602500 13.720000 30587830896
-75.110001 0.980000 6.580000 30587855941
-78.487503 -0.035000 0.945000 30587880854
-75.967499 2.467500 -5.705000 30587905944
-70.805000 4.742500 -5.162500 30587930928
-66.867500 8.312500 0.630000 30587955924
-57.855000 8.942500 -0.805000 30587980855
-50.295002 6.772500 1.102500 30588005921
-40.337502 2.782500 6.335000 30588031059
-32.865002 4.147500 1.855000 30588055890
-36.347500 13.755000 -4.340000 30588080838
-46.567501 19.950001 -4.672500 30588105923
-54.512501 11.830000 -2.030000 30588130928
-59.342499 8.785000 0.910000 30588155912
-61.897499 13.685000 -3.290000 30588180838
-64.627502 17.762501 -10.605000 30588205930
-65.152504 17.517500 -17.132500 30588230944
-58.292500 16.660000 -12.145000 30588255896
-54.215000 9.957500 -6.825000 30588280846
-43.872501 8.522500 -6.265000 30588306005
-29.750000 2.730000 0.507500 30588330884
-8.207500 -7.945000 0.315000 30588355932
17.080000 -1.487500 -7.630000 30588380836
11.602500 0.367500 -4.900000 30588405894
-5.547500 -0.507500 -0.840000 30588430925
-7.402500 -6.002500 5.845000 30588455930
-8.365000 -10.202500 8.540000 30588480840
-9.345000 -12.285000 8.575000 30588505930
-7.385000 -13.177500 2.152500 30588530923
-1.995000 -13.055000 -14.997500 30588555844
-2.047500 -12.827500 -23.030001 30588580833
-3.622500 -10.920000 -13.912500 30588605931
0.192500 -6.912500 -6.317500 30588630927
-2.292500 -13.860000 1.487500 30588655895
-16.152500 -11.585000 -18.690001 30588680832
-35.525002 4.672500 -12.407500 30588705931
-46.602501 5.285000 26.652500 30588730936
-55.160000 14.280000 -3.605000 30588755933
-34.037498 12.267500 -4.007500 30588780845
-11.357500 11.830000 -10.132500 30588806038
-13.090000 13.965000 5.355000 30588830857
-32.392502 8.085000 22.680000 30588855921
-33.355000 -0.770000 42.875000 30588880841
-15.662500 -10.237500 77.105003 30588905935
-22.032499 29.889999 54.705002 30588930935
-41.387501 33.634998 18.059999 30588955939
-70.052498 47.862499 -21.577499 30588980865
-102.900002 32.812500 -29.487499 30589006129
-126.857498 28.840000 -1.767500 30589030927
-122.762497 13.982500 25.777500 30589055880
-88.445000 15.960000 14.700000 30589080834
-70.105003 23.642500 -5.565000 30589106040
-61.092499 32.077499 -1.750000 30589130879
-65.345001 31.255001 -5.320000 30589155863
-62.982502 18.392500 -1.172500 30589180910
-60.200001 11.812500 6.247500 30589206048
-47.389999 12.407500 0.962500 30589230886
-39.252499 8.470000 4.112500 30589255875
-31.727501 2.660000 1.382500 30589280848
-28.525000 0.962500 -1.557500 30589306052
-19.967501 -6.475000 9.240000 30589330866
-6.842500 -13.597500 17.395000 30589355930
-9.152500 -8.487500 14.262500 30589380831
-19.442499 -3.832500 7.455000 30589405938
-19.582500 -7.192500 7.157500 30589430928
-17.132500 2.345000 11.532500 30589455936
-19.582500 5.127500 13.195000 30589480836
-20.457500 7.210000 21.787500 30589505930
-37.450001 7.402500 0.980000 30589530928
-38.342499 3.710000 -1.417500 30589556039
-29.330000 -14.875000 19.687500 30589580831
-17.692499 -10.325000 16.135000 30589605929
-12.057500 -6.020000 15.365000 30589630902
-10.517500 -2.765000 20.982500 30589655921
2.397500 -7.700000 25.480000 30589680844
14.822500 -10.220000 30.870001 30589705926
1.522500 -0.787500 32.584999 30589730905
-2.152500 -4.602500 33.477501 30589755926
-2.712500 4.672500 3.552500 30589780828
-11.200000 6.020000 -0.787500 30589805879
-2.975000 -0.122500 8.610000 30589830883
14.052500 -0.752500 17.622499 30589855931
21.647501 -0.367500 28.525000 30589880846
-8.715000 17.885000 18.112499 30589905920
-53.987499 17.184999 14.070000 30589931132
-50.102501 15.837500 6.877500 30589955934
-41.072498 17.150000 0.105000 30589980866
-48.877499 11.410000 -4.532500 30590006088
-47.810001 7.175000 5.110000 30590030880
-31.727501 1.610000 5.057500 30590056126
-16.905001 2.450000 8.295000 30590080834
-10.815000 5.810000 -2.345000 30590105935
-28.332500 3.972500 -0.315000 30590130928
-28.472500 2.747500 7.087500 30590155917
-30.642500 5.985000 -3.867500 30590180838
-42.349998 2.572500 6.055000 30590205934
-47.792500 13.720000 0.245000 30590230857
-65.712502 15.487500 -1.120000 30590255843
-69.125000 18.567499 4.917500 30590280827
-75.232498 22.049999 3.272500 30590305940
-72.205002 13.317500 -7.647500 30590330890
-48.702499 8.662500 -15.452500 30590355932
-14.595000 -1.295000 -18.305000 30590380840
10.395000 3.412500 -11.987500 30590405931
6.090000 7.210000 -4.462500 30590430934
-34.807499 14.577500 3.745000 30590455935
-60.112499 15.890000 7.840000 30590480844
-69.860001 16.257500 5.022500 30590505935
-70.279999 17.097500 -5.110000 30590530941
-46.392502 -0.700000 -17.955000 30590556051
-11.952500 -13.195000 -27.527500 30590580838
3.132500 -22.889999 -36.330002 30590605936
8.067500 -15.767500 -31.552500 30590630932
0.980000 -1.837500 -26.512501 30590655933
-10.605000 0.822500 -19.932501 30590680844
-1.715000 1.872500 -16.205000 30590705931
-0.630000 -3.185000 -13.002500 30590730934
0.087500 5.110000 0.280000 30590755930
-4.357500 7.472500 -1.067500 30590780851
-6.685000 2.695000 1.610000 30590806016
-11.585000 7.000000 12.040000 30590830865
-40.215000 6.720000 2.625000 30590855917
-45.552502 12.425000 14.472500 30590880839
-75.897499 13.195000 10.517500 30590905927
-107.065002 9.940000 3.185000 30590930988
-118.965004 9.607500 0.612500 30590955936
-113.662498 15.032500 -3.360000 30590980861
-101.657501 -0.017500 -10.395000 30591005959
-41.002499 3.220000 -27.930000 30591030898
-45.045002 13.702500 -43.907501 30591055885
-51.099998 14.717500 -32.165001 30591080840
-58.362499 16.852501 -24.552500 30591105933
-50.610001 16.905001 -16.835001 30591130952
-47.424999 20.719999 -9.082500 30591155931
-50.295002 18.514999 -22.942499 30591180841
-47.110001 3.885000 -24.062500 30591205937
-44.712502 1.522500 -14.332500 30591230931
-48.387501 0.612500 -9.502500 30591255933
-50.277500 -7.840000 -18.007500 30591280846
-43.785000 -0.525000 -17.832500 30591306027
-39.392502 3.657500 -11.777500 30591330875
-39.654999 12.530000 -14.000000 30591355933
-42.682499 5.232500 -13.440001 30591380837
-41.842499 8.137500 -9.555000 30591405932
-42.209999 3.902500 -8.330000 30591430929
-51.817501 9.572500 -7.577500 30591455932
-64.907501 11.567500 -2.625000 30591480848
-81.724998 5.722500 -3.010000 30591505926
-83.562500 0.787500 -8.137500 30591530930
-78.120003 -2.520000 1.242500 30591556047
-65.852501 -0.227500 10.727500 30591580822
-65.764999 3.377500 3.045000 30591605936
-81.252502 11.025000 -3.815000 30591630936
-81.620003 14.227500 -0.577500 30591655935
-66.500000 5.880000 -1.015000 30591680842
-49.297501 -4.077500 -2.117500 30591705933
-41.212502 -6.300000 -2.240000 30591730929
-40.617500 -0.175000 -4.252500 30591755931
-40.705002 -4.742500 -3.220000 30591780840
-40.145000 -2.625000 -2.047500 30591806019
-50.522499 0.437500 1.225000 30591830862
-58.485001 1.067500 -6.737500 30591855929
-59.797501 2.467500 -7.105000 30591880840
-55.807499 1.452500 -1.977500 30591905936
-52.062500 2.432500 3.850000 30591930901
-56.717499 -2.065000 12.040000 30591955936
-60.567501 2.047500 5.582500 30591980851
-64.364998 -0.682500 -1.732500 30592005938
-61.705002 3.167500 -9.275000 30592030943
-53.077499 -3.797500 0.385000 30592056048
-51.117500 -4.830000 10.080000 30592080832
-57.032501 -10.220000 18.952499 30592105927
-65.065002 -7.822500 19.775000 30592130926
-62.107502 -7.315000 14.595000 30592155975
-51.047501 -3.797500 11.795000 30592180854
-50.942501 -1.400000 13.667500 30592205932
-51.082500 1.260000 12.075000 30592231065
-48.615002 -2.660000 9.292500 30592255940
-47.459999 0.052500 9.240000 30592280832
-53.689999 -1.732500 1.872500 30592306042
-62.072502 7.857500 0.070000 30592330867
-63.857502 13.195000 1.277500 30592355928
-59.290001 11.707500 1.732500 30592380845
-53.707500 12.460000 -3.430000 30592405935
-54.564999 12.740000 -6.090000 30592430904
-52.482502 19.162500 -2.555000 30592455936
-54.915001 17.219999 3.745000 30592480832
-56.000000 6.580000 4.130000 30592505926
-44.607502 4.305000 5.425000 30592531021
-37.590000 8.295000 1.837500 30592555887
-27.422501 10.482500 3.535000 30592580822
-22.434999 10.150000 4.707500 30592605925
-30.152500 7.367500 2.187500 30592630921
-33.389999 1.067500 3.430000 30592655936
-41.177502 0.507500 -5.477500 30592680855
-55.474998 10.062500 -5.495000 30592705930
-69.842499 -0.017500 1.890000 30592730906
-65.047501 -4.655000 -0.507500 30592755940
-53.619999 -24.377501 10.937500 30592780836
-50.224998 -28.647501 20.352501 30592806022
-51.974998 -18.270000 7.210000 30592830855
-43.522499 -12.180000 9.835000 30592855937
-39.935001 -6.545000 6.195000 30592880847
-38.307499 -3.325000 4.480000 30592905930
-38.447498 -9.502500 10.150000 30592930888
-36.802502 -14.087500 10.465000 30592955934
-52.115002 -13.177500 10.902500 30592980851
-67.917503 -23.590000 10.692500 30593006157
-68.459999 11.147500 0.385000 30593030818
-77.000000 12.932500 -9.082500 30593055879
-49.507500 -3.150000 -4.182500 30593080828
-33.302502 -14.087500 4.672500 30593105939
-5.775000 -13.912500 20.107500 30593130900
-17.360001 -0.962500 16.432501 30593155939
-34.404999 2.887500 11.270000 30593180838
-33.529999 -0.437500 11.532500 30593205936
-19.145000 -9.310000 15.750000 30593230902
-8.102500 -13.475000 9.730000 30593255936
-21.332500 -7.227500 0.227500 30593280839
-35.455002 6.160000 0.227500 30593306024
-43.767502 8.627500 4.882500 30593330927
-38.132500 2.065000 10.902500 30593355879
-22.907499 5.477500 11.217500 30593380840
-21.210001 -0.280000 3.115000 30593405936
-24.447500 -8.330000 8.085000 30593430904
-41.947498 -21.472500 6.195000 30593455935
-52.517502 -45.972500 23.205000 30593480832
-85.120003 -11.095000 6.142500 30593505940
-110.477501 1.067500 -8.662500 30593530906
-81.514999 -2.992500 11.585000 30593556052
-15.942500 2.117500 20.930000 30593580823
-3.237500 6.615000 20.282499 30593605935
-8.015000 14.420000 3.587500 30593630905
-10.027500 13.300000 -0.735000 30593655925
-9.327500 8.120000 5.127500 30593680832
-15.365000 5.792500 7.455000 30593705939
-21.665001 3.202500 5.757500 30593730905
-37.012501 0.542500 7.490000 30593755928
-51.222500 -1.750000 7.210000 30593780849
-49.349998 3.412500 4.515000 30593806032
-32.689999 -0.595000 0.542500 30593830853
-29.907499 -4.672500 9.940000 30593855938
-31.797501 11.777500 -8.120000 30593880840
-18.760000 19.844999 -23.030001 30593905927
-9.170000 7.822500 -13.195000 30593930896
-13.107500 -6.037500 19.110001 30593955933
-72.660004 -6.947500 20.230000 30593980862
-57.785000 2.100000 12.652500 30594005931
-60.672501 -1.277500 9.712500 30594030897
-84.209999 -5.635000 10.255000 30594056068
-84.017502 11.637500 12.530000 30594080822
-73.272499 14.280000 -1.260000 30594105932
-31.307501 1.697500 -1.750000 30594130897
19.827499 -0.227500 7.857500 30594155933
15.207500 0.262500 11.060000 30594180840
1.785000 2.660000 -3.360000 30594205927
-12.372500 0.507500 -9.870000 30594230928
-17.027500 -2.975000 -12.302500 30594255926
-18.182501 -9.502500 9.257500 30594280846
-20.335001 -5.512500 7.472500 30594306027
-9.362500 -12.915000 -2.345000 30594330867
12.040000 -13.702500 3.692500 30594355929
-3.307500 -7.507500 1.470000 30594380842
-18.270000 0.787500 -0.210000 30594405923
-11.410000 -5.232500 -1.435000 30594430926
-2.835000 -7.455000 -0.822500 30594455928
-12.232500 -7.192500 4.567500 30594480836
-8.610000 -8.365000 3.552500 30594505934
-11.130000 0.455000 -2.152500 30594530931
-23.485001 6.842500 -3.010000 30594556039
-15.872500 8.137500 -4.270000 30594580823
-18.812500 12.530000 -5.477500 30594605929
-28.542500 6.300000 -0.420000 30594630929
-12.845000 2.467500 11.270000 30594655929
-17.360001 4.742500 10.885000 30594680848
-16.205000 9.257500 8.995000 30594705928
-16.292500 8.645000 4.252500 30594730933
-12.442500 8.470000 -2.275000 30594755930
-6.492500 14.210000 9.642500 30594780846
-29.260000 12.057500 9.485000 30594806028
-30.520000 6.300000 7.577500 30594830892
-19.442499 10.255000 14.962500 30594855934
-7.052500 11.252500 10.430000 30594880839
-4.147500 11.077500 10.972500 30594905972
-8.050000 6.510000 11.935000 30594931028
-4.042500 7.070000 -0.787500 30594955875
-0.385000 9.047500 6.037500 30594980829
5.250000 4.900000 9.135000 30595006087
11.812500 0.805000 7.122500 30595030874
9.677500 -7.280000 16.555000 30595055882
