0.000000 30585048599
0.000000 30585070359
0.000000 30585095946
0.000000 30585120311
0.000000 30585145308
0.000000 30585170335
0.000000 30585195348
0.000000 30585220362
0.000000 30585245343
0.000000 30585270346
0.000000 30585295351
0.000000 30585320356
0.000000 30585345352
0.000000 30585370351
0.000000 30585395355
0.000000 30585420352
0.000000 30585445341
0.000000 30585470338
0.000000 30585495351
0.000000 30585520332
0.000000 30585545352
0.000000 30585570345
0.000000 30585595351
0.000000 30585620347
0.000000 30585645349
0.000000 30585670354
0.000000 30585695355
0.000000 30585720353
0.000000 30585745354
0.000000 30585770352
0.000000 30585795352
0.000000 30585820345
0.000000 30585845347
0.000000 30585870344
0.000000 30585895357
0.000000 30585920348
0.000000 30585945357
0.000000 30585970333
0.000000 30585995343
0.000000 30586020323
0.000000 30586045366
0.000000 30586070363
0.000000 30586095361
0.000000 30586120341
0.000000 30586145336
0.000000 30586170353
0.000000 30586195357
0.000000 30586220356
0.000000 30586245348
0.000000 30586270345
0.000000 30586295336
0.000000 30586320354
0.000000 30586345356
0.000000 30586370352
0.000000 30586395342
0.000000 30586420342
0.000000 30586445350
0.000000 30586470349
0.000000 30586495352
0.000000 30586520346
0.000000 30586545340
0.000000 30586570353
0.000000 30586595351
0.000000 30586620347
0.000000 30586645350
0.000000 30586670348
0.000000 30586695345
0.000000 30586720351
0.000000 30586745349
0.000000 30586770330
0.000000 30586795334
0.000000 30586820335
0.000000 30586845333
0.000000 30586870334
0.000000 30586895328
0.000000 30586920314
0.000000 30586945318
0.000000 30586970332
0.000000 30586995338
0.000000 30587020333
0.000000 30587045328
0.000000 30587070327
0.000000 30587095331
0.000000 30587120323
0.000000 30587145330
0.000000 30587170326
0.000000 30587195333
0.000000 30587220333
0.000000 30587245335
0.000000 30587270324
0.000000 30587295334
0.000000 30587320351
0.000000 30587345334
0.000000 30587370329
0.000000 30587395331
0.000000 30587420340
0.000000 30587445340
0.000000 30587470319
0.000000 30587495339
0.000000 30587520330
0.000000 30587545351
0.000000 30587570339
0.000000 30587595340
0.000000 30587620325
0.000000 30587645332
0.000000 30587670318
0.000000 30587695337
0.000000 30587720338
0.000000 30587745332
0.000000 30587770315
0.000000 30587796453
0.000000 30587820344
0.000000 30587845349
0.000000 30587870316
0.000000 30587895330
0.000000 30587920316
0.000000 30587945327
0.000000 30587970483
0.000000 30587995340
0.000000 30588020321
0.000000 30588045338
0.000000 30588070407
0.000000 30588095340
0.000000 30588120325
0.000000 30588145330
0.000000 30588170312
0.000000 30588195339
0.000000 30588220339
0.000000 30588245336
0.000000 30588270325
0.000000 30588295324
0.000000 30588320342
0.000000 30588345336
0.000000 30588370332
0.000000 30588395322
0.000000 30588420320
0.000000 30588445321
0.000000 30588470316
0.000000 30588495332
0.000000 30588520320
0.000000 30588545326
0.000000 30588570329
0.000000 30588595328
0.000000 30588620330
0.000000 30588645316
0.000000 30588670324
0.000000 30588695310
0.000000 30588720317
0.000000 30588745333
0.000000 30588770315
0.000000 30588795324
0.000000 30588820333
0.000000 30588845559
0.000000 30588870313
0.000000 30588895335
0.000000 30588920339
0.000000 30588945522
0.000000 30588970330
0.000000 30588995328
0.000000 30589020339
0.000000 30589045321
0.000000 30589070411
0.000000 30589095329
0.000000 30589120334
0.000000 30589145322
0.000000 30589170318
0.000000 30589195313
0.000000 30589220352
0.000000 30589245314
0.000000 30589270334
0.000000 30589295336
0.000000 30589320311
0.000000 30589345322
0.000000 30589370322
0.000000 30589395337
0.000000 30589420331
0.000000 30589445334
0.000000 30589470325
0.000000 30589495321
0.000000 30589520314
0.000000 30589545337
0.000000 30589570327
0.000000 30589595329
0.000000 30589620312
0.000000 30589645324
0.000000 30589670319
0.000000 30589695332
0.000000 30589720314
0.000000 30589745330
0.000000 30589770308
0.000000 30589795321
0.000000 30589820335
0.000000 30589845339
0.000000 30589870345
0.000000 30589895334
0.000000 30589920323
0.000000 30589945335
0.000000 30589970326
0.000000 30589995324
0.000000 30590020325
0.000000 30590045328
0.000000 30590070330
0.000000 30590095332
0.000000 30590120333
0.000000 30590145338
0.000000 30590170318
0.000000 30590195327
0.000000 30590220476
0.000000 30590245293
0.000000 30590270285
0.000000 30590295286
0.000000 30590320344
0.000000 30590345335
0.000000 30590370323
0.000000 30590395342
0.000000 30590420337
0.000000 30590445327
0.000000 30590470324
0.000000 30590495340
0.000000 30590520333
0.000000 30590545331
0.000000 30590570325
0.000000 30590595331
0.000000 30590620334
0.000000 30590645331
0.000000 30590670332
0.000000 30590695337
0.000000 30590720320
0.000000 30590745332
0.000000 30590770320
0.000000 30590795325
0.000000 30590820332
0.000000 30590845335
0.000000 30590870321
0.000000 30590895338
0.000000 30590920331
0.000000 30590945333
0.000000 30590970325
0.000000 30590995333
0.000000 30591020305
0.000000 30591045337
0.000000 30591070339
0.000000 30591095338
0.000000 30591120335
0.000000 30591145320
0.000000 30591170325
0.000000 30591195329
0.000000 30591220335
0.000000 30591245328
0.000000 30591270323
0.000000 30591295330
0.000000 30591320338
0.000000 30591345346
0.000000 30591370319
0.000000 30591395334
0.000000 30591420333
0.000000 30591445334
0.000000 30591470317
0.000000 30591495337
0.000000 30591520327
0.000000 30591545333
0.000000 30591570320
0.000000 30591595345
0.000000 30591620327
0.000000 30591645337
0.000000 30591670312
0.000000 30591695324
0.000000 30591720330
0.000000 30591745332
0.000000 30591770322
0.000000 30591795334
0.000000 30591820332
0.000000 30591845333
0.000000 30591870321
0.000000 30591895336
0.000000 30591920316
0.000000 30591945340
0.000000 30591970335
0.000000 30591995343
0.000000 30592020338
0.000000 30592045327
0.000000 30592070438
0.000000 30592095331
0.000000 30592120332
0.000000 30592145322
0.000000 30592170327
0.000000 30592195329
0.000000 30592220350
0.000000 30592245330
0.000000 30592270322
0.000000 30592295328
0.000000 30592320339
0.000000 30592345329
0.000000 30592370338
0.000000 30592395324
0.000000 30592420325
0.000000 30592445321
0.000000 30592470329
0.000000 30592495332
0.000000 30592520321
0.000000 30592545331
0.000000 30592570336
0.000000 30592595329
0.000000 30592620318
0.000000 30592645326
0.000000 30592670321
0.000000 30592695324
0.000000 30592720316
0.000000 30592745314
0.000000 30592770333
0.000000 30592795337
0.000000 30592820334
0.000000 30592845323
0.000000 30592870333
0.000000 30592895336
0.000000 30592920324
0.000000 30592945344
0.000000 30592970335
0.000000 30592995319
0.000000 30593020324
0.000000 30593045286
0.000000 30593070334
0.000000 30593095327
0.000000 30593120329
0.000000 30593145322
0.000000 30593170333
0.000000 30593195325
0.000000 30593220330
0.000000 30593245322
0.000000 30593270326
0.000000 30593295328
0.000000 30593320335
0.000000 30593345326
0.000000 30593370319
0.000000 30593395330
0.000000 30593420326
0.000000 30593445327
0.000000 30593470329
0.000000 30593495328
0.000000 30593520324
0.000000 30593545331
0.000000 30593570335
0.000000 30593595324
0.000000 30593620319
0.000000 30593645329
0.000000 30593670335
0.000000 30593695329
0.000000 30593720332
0.000000 30593745333
0.000000 30593770331
0.000000 30593795324
0.000000 30593820335
0.000000 30593845330
0.000000 30593870332
0.000000 30593895329
0.000000 30593920323
0.000000 30593945336
0.000000 30593970332
0.000000 30593995335
0.000000 30594020326
0.000000 30594045323
0.000000 30594070338
0.000000 30594095324
0.000000 30594120329
0.000000 30594145332
0.000000 30594170323
0.000000 30594195335
0.000000 30594220332
0.000000 30594245338
0.000000 30594270325
0.000000 30594295332
0.000000 30594320326
0.000000 30594345316
0.000000 30594370325
0.000000 30594395337
0.000000 30594420326
0.000000 30594445332
0.000000 30594470327
0.000000 30594495318
0.000000 30594520322
0.000000 30594545348
0.000000 30594570325
0.000000 30594595335
0.000000 30594620325
0.000000 30594645331
0.000000 30594670328
0.000000 30594695334
0.000000 30594720318
0.000000 30594745332
0.000000 30594770326
0.000000 30594795338
0.000000 30594820326
0.000000 30594845327
0.000000 30594870324
0.000000 30594895319
0.000000 30594920317
0.000000 30594945321
0.000000 30594970329
0.000000 30594995329
0.000000 30595020348
