7.080000 3.480000 1.080000 19868315008
7.200000 3.720000 0.960000 19868339774
7.140000 3.660000 0.660000 19868364772
7.020000 3.540000 0.780000 19868389762
7.080000 3.840000 0.960000 19868414979
7.140000 3.540000 0.900000 19868439769
7.020000 3.660000 0.660000 19868464792
7.140000 3.660000 0.660000 19868489773
7.140000 3.780000 0.780000 19868514983
6.960000 3.600000 0.840000 19868539785
7.080000 3.960000 0.720000 19868564794
7.140000 3.660000 0.780000 19868589774
7.140000 4.140000 0.660000 19868614989
6.960000 3.720000 0.840000 19868639776
7.080000 3.720000 0.720000 19868664766
6.840000 4.080000 0.840000 19868689761
7.140000 3.780000 0.540000 19868714973
7.020000 3.900000 0.660000 19868739774
7.320000 4.200000 0.720000 19868764775
6.840000 3.960000 0.600000 19868789800
7.080000 4.320000 0.600000 19868815006
7.140000 4.140000 0.540000 19868839776
7.020000 4.380000 0.540000 19868864775
7.080000 4.440000 0.480000 19868889765
7.140000 4.140000 0.660000 19868915132
7.080000 4.200000 0.600000 19868939779
7.080000 4.800000 0.720000 19868964787
6.960000 4.800000 0.600000 19868989771
7.080000 4.560000 0.120000 19869014791
6.900000 4.980000 0.180000 19869039778
7.200000 4.920000 0.480000 19869064785
7.260000 5.100000 0.180000 19869089770
7.200000 5.040000 0.480000 19869114785
6.900000 4.860000 0.300000 19869139778
7.020000 5.100000 0.300000 19869164779
6.840000 5.400000 0.480000 19869189769
6.960000 5.400000 0.480000 19869214775
7.200000 5.520000 0.360000 19869239791
6.780000 5.820000 0.300000 19869264785
6.900000 5.820000 0.180000 19869289802
7.080000 6.120000 0.120000 19869314978
6.900000 6.300000 0.180000 19869339775
6.720000 5.880000 0.120000 19869364788
7.020000 6.300000 0.180000 19869389835
6.660000 6.420000 -0.180000 19869415114
6.720000 6.480000 -0.180000 19869439793
6.360000 6.480000 -0.120000 19869464786
6.420000 6.780000 0.060000 19869489771
6.720000 7.080000 -0.120000 19869514991
6.300000 7.140000 -0.060000 19869539787
6.600000 7.200000 -0.120000 19869564796
6.540000 7.380000 0.180000 19869589774
6.480000 7.680000 -0.240000 19869614978
6.180000 7.500000 0.060000 19869639778
6.360000 7.560000 -0.120000 19869664752
6.300000 7.620000 0.180000 19869689789
6.360000 7.560000 0.180000 19869715939
6.180000 7.860000 -0.060000 19869739818
6.300000 7.740000 -0.300000 19869764823
6.600000 7.800000 0.120000 19869789792
6.180000 7.980000 0.180000 19869814789
6.480000 7.920000 0.180000 19869839835
6.120000 8.160000 -0.120000 19869864781
6.120000 8.040000 0.240000 19869889782
6.360000 8.160000 0.240000 19869914989
6.420000 8.580000 0.180000 19869939785
6.120000 8.280000 -0.120000 19869964784
6.300000 8.580000 0.180000 19869989775
6.240000 8.520000 0.360000 19870015002
6.300000 8.820000 0.180000 19870039789
6.120000 8.520000 0.360000 19870064790
6.480000 8.520000 0.240000 19870089777
6.420000 8.580000 0.660000 19870115083
6.360000 9.000000 0.240000 19870139784
6.360000 8.880000 0.480000 19870164781
6.240000 9.000000 0.480000 19870189786
6.420000 9.059999 0.660000 19870214972
6.240000 9.000000 0.480000 19870239788
6.480000 9.240000 0.840000 19870264782
6.660000 9.300000 0.660000 19870289768
6.300000 9.420000 0.780000 19870314971
6.480000 9.360000 0.720000 19870339780
6.540000 9.300000 0.900000 19870364778
6.540000 9.300000 0.900000 19870389779
6.420000 9.420000 0.540000 19870414984
6.720000 9.480000 0.960000 19870439782
6.540000 9.540000 0.780000 19870464793
6.660000 9.660000 1.020000 19870489781
6.900000 9.660000 1.020000 19870515083
6.540000 9.900000 1.140000 19870539789
6.720000 9.840000 1.440000 19870564781
6.660000 9.900000 1.620000 19870589793
6.960000 9.599999 1.320000 19870614985
6.720000 9.840000 1.320000 19870639794
7.140000 10.020000 1.380000 19870664806
6.840000 10.200000 1.680000 19870689773
6.840000 10.080000 1.560000 19870715592
7.200000 10.440000 1.320000 19870739813
6.960000 10.440000 1.560000 19870764897
7.020000 10.139999 1.860000 19870789772
6.900000 10.380000 1.860000 19870815183
7.020000 10.139999 1.980000 19870839780
7.020000 10.500000 1.860000 19870864912
6.780000 10.500000 2.100000 19870890627
6.900000 10.020000 1.740000 19870915317
7.200000 10.320000 2.280000 19870939791
7.500000 10.380000 2.220000 19870964784
7.020000 10.500000 2.340000 19870989763
7.140000 10.620000 2.220000 19871015680
7.440000 10.440000 2.520000 19871039795
7.560000 10.559999 2.400000 19871064778
7.140000 10.860000 2.340000 19871089777
7.320000 10.440000 2.040000 19871114974
7.260000 10.380000 2.580000 19871139790
7.560000 10.559999 2.520000 19871164788
7.020000 10.380000 2.340000 19871189782
7.320000 10.200000 2.160000 19871214781
7.920000 10.679999 2.400000 19871239785
7.140000 10.260000 2.580000 19871264777
7.320000 10.800000 2.400000 19871289772
7.320000 10.920000 2.520000 19871314786
7.500000 10.620000 2.460000 19871339797
7.440000 10.559999 2.520000 19871364791
7.560000 10.679999 2.640000 19871389796
7.320000 10.679999 2.640000 19871414793
7.080000 10.800000 2.520000 19871439787
7.440000 10.679999 2.160000 19871464782
7.500000 10.860000 2.940000 19871489781
7.200000 10.679999 2.640000 19871514789
7.560000 10.320000 2.400000 19871539805
7.440000 10.679999 2.520000 19871564786
7.620000 10.500000 2.820000 19871589796
7.080000 10.440000 2.400000 19871614785
7.260000 10.620000 2.580000 19871639803
7.320000 10.800000 2.400000 19871664837
7.080000 10.679999 2.640000 19871689787
7.440000 10.679999 2.400000 19871714849
7.260000 10.860000 2.220000 19871739800
6.960000 10.440000 2.280000 19871764902
7.260000 10.500000 2.100000 19871789807
7.080000 10.440000 2.160000 19871814913
7.260000 10.380000 2.220000 19871839793
7.260000 10.500000 2.220000 19871864897
7.200000 10.440000 2.040000 19871889784
7.020000 10.260000 2.100000 19871914788
7.140000 10.260000 2.340000 19871939795
7.260000 10.620000 1.860000 19871964795
7.140000 10.260000 2.100000 19871989783
6.960000 10.440000 1.800000 19872014773
7.200000 10.080000 1.800000 19872039788
7.140000 10.380000 1.620000 19872064795
6.660000 10.020000 1.860000 19872089801
7.020000 10.139999 1.380000 19872114771
7.200000 9.840000 1.080000 19872139796
6.840000 9.960000 1.200000 19872164774
6.600000 9.480000 1.080000 19872189813
6.840000 9.360000 1.080000 19872215542
6.900000 9.420000 0.540000 19872239784
6.720000 9.360000 0.600000 19872264779
6.540000 9.179999 0.660000 19872289793
6.660000 9.179999 0.780000 19872314812
6.420000 9.179999 0.660000 19872339915
6.600000 9.000000 0.480000 19872364778
6.720000 8.760000 0.360000 19872389797
6.780000 8.820000 0.300000 19872414781
6.000000 8.639999 0.360000 19872439808
6.300000 8.580000 0.060000 19872464765
6.180000 8.340000 0.300000 19872489778
6.120000 8.400000 -0.120000 19872514760
6.180000 8.220000 0.180000 19872539802
6.540000 7.860000 0.060000 19872564776
6.360000 8.280000 -0.120000 19872589788
6.060000 7.860000 -0.180000 19872614777
6.360000 7.680000 -0.180000 19872639780
6.180000 7.500000 0.060000 19872664784
6.300000 7.260000 0.180000 19872689788
6.720000 7.320000 -0.240000 19872714772
6.240000 7.320000 -0.240000 19872739825
6.420000 7.380000 0.060000 19872764758
6.540000 7.140000 -0.300000 19872789788
6.540000 7.020000 -0.060000 19872814776
6.360000 6.840000 -0.120000 19872839792
6.540000 6.780000 0.060000 19872864777
6.540000 6.540000 0.180000 19872889791
6.600000 6.240000 -0.240000 19872914779
6.540000 6.180000 0.180000 19872939796
6.660000 6.660000 0.180000 19872964776
6.660000 6.180000 -0.060000 19872989798
6.660000 6.180000 -0.060000 19873014891
7.020000 5.940000 0.060000 19873039805
6.840000 6.120000 -0.120000 19873064885
6.660000 5.940000 0.060000 19873089789
6.900000 5.820000 0.300000 19873114901
6.780000 5.460000 0.060000 19873139800
6.540000 5.700000 0.300000 19873164907
7.020000 5.580000 0.180000 19873189787
7.020000 5.460000 0.180000 19873214895
7.080000 5.400000 0.240000 19873239789
7.380000 5.700000 0.300000 19873264907
7.140000 5.460000 0.300000 19873289778
7.260000 5.340000 0.180000 19873314893
7.200000 5.400000 0.360000 19873339804
7.020000 5.340000 0.420000 19873364894
7.080000 5.760000 0.120000 19873389775
7.080000 5.160000 0.480000 19873414924
7.320000 5.280000 0.360000 19873439790
7.260000 5.220000 0.300000 19873464889
7.140000 4.980000 0.540000 19873489778
7.320000 5.160000 0.240000 19873515153
7.440000 4.920000 0.360000 19873539795
7.320000 4.920000 0.600000 19873564902
7.500000 4.500000 0.540000 19873589771
7.140000 4.500000 0.660000 19873615160
7.320000 4.800000 0.600000 19873639786
7.080000 5.040000 0.600000 19873664892
7.440000 4.440000 0.600000 19873689781
7.440000 4.920000 0.840000 19873715151
7.560000 4.200000 0.840000 19873739774
7.740000 4.380000 0.660000 19873764891
7.440000 4.440000 0.600000 19873789780
7.260000 4.020000 1.140000 19873815193
7.080000 4.080000 0.960000 19873839789
7.380000 4.020000 1.020000 19873864907
7.620000 3.900000 0.780000 19873889782
7.560000 4.080000 0.840000 19873915175
7.140000 3.780000 1.380000 19873939779
7.680000 3.840000 1.200000 19873964891
7.680000 3.960000 0.840000 19873989782
7.440000 3.720000 1.320000 19874015196
7.260000 3.420000 0.900000 19874039796
7.140000 3.780000 1.140000 19874064891
7.260000 3.660000 0.900000 19874089781
7.260000 3.300000 1.260000 19874115235
7.320000 3.120000 1.200000 19874139795
7.440000 3.240000 1.080000 19874164900
7.080000 2.880000 1.440000 19874189776
7.320000 3.240000 1.680000 19874215176
7.080000 3.000000 1.560000 19874239787
7.380000 2.700000 1.620000 19874264899
7.320000 2.640000 1.440000 19874289803
7.260000 2.820000 1.860000 19874315175
7.200000 2.520000 1.920000 19874339788
7.080000 2.400000 1.920000 19874364890
7.140000 2.700000 1.980000 19874389771
7.320000 2.520000 2.280000 19874415167
7.440000 2.280000 2.040000 19874439798
7.380000 2.340000 2.340000 19874464892
7.500000 2.220000 1.980000 19874489777
7.260000 2.220000 2.340000 19874515165
7.200000 2.520000 2.520000 19874540718
7.320000 1.920000 2.400000 19874564911
7.260000 1.980000 2.220000 19874589778
7.200000 1.920000 2.640000 19874615160
7.260000 1.980000 2.940000 19874639776
7.440000 1.920000 2.760000 19874664894
7.260000 1.740000 2.700000 19874689777
7.380000 1.740000 2.700000 19874715175
7.440000 1.800000 2.880000 19874739782
7.380000 1.620000 3.060000 19874764902
7.440000 1.800000 3.240000 19874789774
7.440000 1.560000 3.480000 19874815156
7.500000 1.500000 3.300000 19874839787
7.320000 1.560000 3.720000 19874864894
7.140000 1.500000 3.900000 19874889786
7.020000 1.380000 3.900000 19874915166
7.380000 1.620000 4.020000 19874939786
7.500000 1.140000 4.140000 19874964894
7.440000 1.080000 3.960000 19874989787
7.320000 1.320000 4.200000 19875015237
7.260000 1.140000 4.380000 19875039790
7.200000 0.960000 4.560000 19875064909
7.320000 1.440000 4.680000 19875089766
7.620000 1.260000 4.740000 19875115175
6.960000 1.320000 4.920000 19875139777
7.380000 1.140000 4.980000 19875164909
7.380000 1.140000 5.220000 19875189785
7.740000 1.260000 5.220000 19875215717
7.620000 1.260000 5.460000 19875239799
7.620000 1.500000 5.580000 19875264777
7.500000 1.260000 5.580000 19875289794
7.620000 1.380000 5.700000 19875314977
7.800000 1.080000 5.400000 19875339795
7.680000 1.440000 5.760000 19875364765
7.680000 1.560000 5.880000 19875389772
7.680000 1.680000 5.760000 19875414964
7.980000 1.620000 6.180000 19875439788
7.860000 1.500000 5.940000 19875464785
7.680000 1.680000 6.000000 19875489775
7.680000 1.320000 6.000000 19875514985
7.980000 1.500000 5.700000 19875539784
7.800000 1.560000 6.120000 19875564904
7.500000 1.620000 6.060000 19875589776
7.740000 1.380000 6.060000 19875614976
7.740000 1.500000 6.420000 19875639844
7.620000 1.740000 6.300000 19875664799
7.620000 1.860000 6.300000 19875689784
7.500000 1.740000 6.420000 19875715118
7.680000 1.920000 6.240000 19875739793
8.099999 1.860000 6.180000 19875764900
7.380000 1.860000 6.540000 19875789785
7.800000 1.800000 6.360000 19875815188
7.860000 1.860000 6.300000 19875839797
7.920000 1.800000 6.360000 19875864892
7.740000 1.860000 6.660000 19875889802
7.560000 1.920000 6.720000 19875915919
7.620000 1.740000 6.660000 19875939799
7.620000 1.860000 6.180000 19875964854
7.800000 1.920000 6.720000 19875989782
7.500000 1.860000 6.540000 19876014994
7.500000 1.860000 6.660000 19876039783
7.800000 1.680000 6.600000 19876064852
7.680000 1.680000 6.600000 19876089835
7.740000 1.740000 6.540000 19876115001
7.560000 1.920000 6.480000 19876139792
7.740000 1.860000 6.420000 19876164782
7.680000 1.680000 6.480000 19876189770
7.620000 1.620000 6.660000 19876214968
7.740000 1.740000 6.540000 19876239954
7.560000 1.680000 6.840000 19876264770
7.920000 1.680000 6.840000 19876289775
7.740000 1.860000 6.540000 19876314987
7.560000 1.920000 6.600000 19876339779
7.860000 1.740000 6.660000 19876364793
7.680000 1.680000 6.480000 19876389781
7.500000 1.860000 6.540000 19876414995
7.920000 1.680000 6.480000 19876439781
7.500000 1.620000 6.180000 19876464782
7.680000 1.560000 6.840000 19876489785
7.860000 1.620000 6.300000 19876515003
7.980000 1.860000 6.900000 19876539784
7.320000 1.920000 6.600000 19876564779
7.680000 1.800000 6.720000 19876589784
7.740000 1.620000 6.420000 19876614982
7.740000 1.740000 6.300000 19876639802
7.860000 1.740000 6.060000 19876664782
7.380000 1.740000 6.300000 19876689772
7.920000 1.560000 6.120000 19876714969
7.860000 1.740000 6.180000 19876739790
7.980000 1.980000 5.820000 19876764785
7.920000 1.680000 5.760000 19876789794
7.620000 1.380000 5.220000 19876814976
7.920000 1.680000 5.400000 19876839784
7.680000 1.680000 5.520000 19876864783
7.860000 1.740000 5.340000 19876889785
8.099999 1.620000 4.860000 19876914980
7.800000 1.560000 4.920000 19876939818
7.440000 1.560000 4.800000 19876965651
7.920000 1.560000 4.800000 19876989828
7.560000 1.920000 4.320000 19877015112
7.620000 1.740000 4.260000 19877040768
7.740000 1.860000 4.020000 19877064827
7.740000 1.740000 4.140000 19877089772
7.560000 1.680000 3.960000 19877114784
7.620000 1.620000 3.540000 19877139823
7.680000 1.920000 3.360000 19877164773
7.740000 1.620000 3.180000 19877190576
7.860000 1.860000 3.540000 19877215309
7.800000 2.040000 3.240000 19877239781
7.620000 2.220000 2.940000 19877264779
7.440000 2.280000 2.760000 19877289782
7.680000 2.280000 2.640000 19877315105
7.620000 2.340000 2.700000 19877339785
7.800000 2.160000 2.520000 19877364782
7.680000 2.520000 2.400000 19877390656
7.680000 2.520000 2.520000 19877415097
7.740000 2.700000 2.220000 19877439793
7.740000 2.820000 2.340000 19877464781
7.680000 3.000000 2.040000 19877489790
7.740000 3.180000 1.980000 19877514984
7.800000 3.000000 1.920000 19877539795
7.740000 3.180000 1.980000 19877564769
7.740000 3.300000 2.100000 19877589782
7.620000 3.300000 1.500000 19877615000
7.980000 3.300000 1.620000 19877639795
7.980000 3.180000 1.620000 19877664777
7.800000 3.360000 1.560000 19877689798
7.680000 3.600000 1.440000 19877714973
7.680000 3.840000 1.800000 19877739785
8.099999 3.780000 1.620000 19877764780
7.740000 4.140000 1.260000 19877789783
7.620000 4.020000 1.380000 19877814977
7.860000 3.540000 1.620000 19877839795
7.560000 4.080000 1.200000 19877864763
7.920000 4.200000 1.320000 19877889771
7.920000 4.080000 1.200000 19877914978
7.680000 4.440000 1.080000 19877940563
8.160000 3.840000 0.960000 19877964783
7.800000 4.320000 1.200000 19877989795
7.680000 4.200000 0.960000 19878014783
7.920000 4.320000 0.840000 19878039796
7.920000 4.680000 1.080000 19878064905
7.800000 4.560000 1.080000 19878089802
8.040000 4.440000 0.960000 19878115176
7.980000 4.380000 0.900000 19878139797
7.860000 4.740000 0.660000 19878164926
7.560000 4.680000 1.080000 19878189822
7.740000 4.740000 0.780000 19878215666
7.920000 4.800000 1.080000 19878239831
7.680000 4.920000 0.960000 19878264902
7.980000 4.860000 1.140000 19878289849
7.860000 4.740000 0.900000 19878315426
7.980000 4.860000 1.260000 19878339785
7.800000 5.040000 0.840000 19878364895
7.980000 4.740000 0.780000 19878389771
7.860000 4.860000 0.660000 19878415144
7.740000 5.100000 0.780000 19878439781
7.560000 4.560000 0.720000 19878464884
7.860000 4.980000 0.900000 19878489772
7.680000 4.920000 0.960000 19878515151
7.800000 4.680000 0.840000 19878539775
7.920000 4.560000 0.840000 19878564917
7.860000 4.740000 1.140000 19878589782
7.740000 4.620000 1.020000 19878615148
7.980000 4.740000 1.140000 19878639789
7.440000 4.680000 1.200000 19878664904
7.980000 4.620000 1.140000 19878689790
7.920000 4.920000 1.080000 19878715162
7.680000 4.800000 0.600000 19878739786
7.740000 4.620000 0.660000 19878764929
8.099999 4.740000 1.140000 19878789779
