1.294478 5.599597 8.090487 10238349202
1.372931 5.530951 8.168941 10238374202
1.549451 5.413271 8.345461 10238399187
1.627904 5.374044 8.355267 10238424213
1.657324 5.315205 8.247394 10238449196
1.657324 5.305398 8.178747 10238474205
1.765197 5.236752 8.070874 10238499193
1.784810 5.060232 8.070874 10238524201
1.725971 4.834679 7.884548 10238549191
1.814230 4.687580 7.806095 10238574200
2.128043 4.079567 7.286342 10238599191
2.059397 3.834401 7.276535 10238624200
2.677216 3.844207 6.707749 10238649087
2.941995 3.236195 6.825429 10238674213
4.893519 2.745862 6.168384 10238699198
5.805537 2.951802 6.089930 10238724213
6.433163 2.902769 5.834958 10238749188
7.080402 2.579149 5.717278 10238774186
8.492560 2.363403 4.942552 10238799292
9.316319 2.314370 4.324733 10238824206
9.728198 1.873070 3.451941 10238849186
10.434277 1.382738 2.490890 10238874201
10.944223 1.059118 1.647517 10238899207
11.189389 0.519753 0.990472 10238924208
10.954029 -0.304006 0.764919 10238949187
10.757896 -0.931632 0.156906 10238974203
10.816736 -0.715886 -0.284393 10238999187
10.512731 -0.362846 -0.862985 10239024208
10.189111 -0.921825 -1.255251 10239049205
9.728198 -2.539923 -3.383295 10239074198
9.610518 -2.559536 -3.628461 10239099199
9.326125 -2.294756 -3.363681 10239124199
8.757339 -3.775561 -3.608848 10239149203
8.776953 -4.736613 -3.746140 10239174212
8.551400 -4.628739 -4.138407 10239199198
8.061068 -4.736613 -4.471833 10239224197
7.296148 -4.618933 -2.804702 10239249202
7.639381 -3.785367 -7.109822 10239274211
8.286621 -3.814787 -10.532343 10239299202
8.335654 -4.648353 -8.404300 10239324196
7.963001 -4.913132 -5.903604 10239349226
8.374881 -4.511060 -6.129157 10239374214
7.658995 -4.707192 -6.403743 10239399199
6.854849 -4.717000 -6.178190 10239424207
6.374323 -4.422800 -6.717556 10239449206
6.570456 -4.471833 -7.188275 10239474204
6.992142 -4.815066 -7.041175 10239499200
7.511894 -5.119072 -6.894075 10239524201
7.570735 -5.001392 -7.570735 10239549201
6.972529 -4.589513 -7.570735 10239574209
6.433163 -4.824872 -7.453054 10239599207
6.276257 -4.334540 -6.766589 10239624210
7.423635 -4.883712 -7.188275 10239649206
6.805816 -4.256087 -6.776396 10239674198
5.972251 -3.500974 -6.854849 10239699210
6.129157 -3.540201 -6.050704 10239724206
5.403465 -2.451663 -5.099458 10239749210
6.256643 -2.363403 -6.511616 10239774191
7.149048 -2.069203 -6.805816 10239799205
7.472668 -1.059118 -7.433442 10239826054
7.845321 -4.501253 -3.903047 10239849198
6.462583 -4.197247 -1.461191 10239874202
6.266450 -0.578592 -4.285507 10239899204
4.540480 -2.294756 -10.767703 10239924200
3.491168 -6.492003 -11.336489 10239949195
4.344347 -5.854571 -9.022120 10239974188
5.383852 -4.775839 -9.983171 10239999199
6.001670 -5.168105 -10.091044 10240024188
6.766589 -4.952359 -9.836071 10240049197
6.335097 -3.638267 -9.414385 10240074179
5.393658 -2.637989 -9.492838 10240099198
4.207053 -1.696550 -10.581376 10240124189
5.844764 -0.049033 -9.845878 10240149198
6.168384 -1.559257 -8.472947 10240174184
6.962722 -1.931910 -8.070874 10240199197
6.962722 -3.108708 -7.757061 10240224184
7.198082 -3.255808 -8.041454 10240249204
6.884269 -2.637989 -8.404300 10240274190
6.570456 -2.481083 -8.502367 10240299194
5.501531 -3.844207 -7.256922 10240324189
