-2.065000 -5.652500 1.942500 10238376276
-0.770000 -6.685000 3.132500 10238401250
-0.665000 -11.655000 5.932500 10238426290
1.557500 -12.215000 7.017500 10238451204
2.205000 -13.335000 9.222500 10238476298
3.360000 -23.799999 12.057500 10238501294
6.702500 -32.917500 16.135000 10238526290
9.362500 -41.299999 24.867500 10238551204
17.395000 -55.825001 54.477501 10238576320
21.035000 -63.105000 68.669998 10238601295
27.212500 -95.042503 96.425003 10238626760
38.867500 -113.785004 121.642502 10238651334
36.907501 -129.412506 152.845001 10238676300
38.657501 -120.417503 155.242508 10238701295
14.945000 -122.290001 147.770004 10238726287
18.077499 -153.264999 159.880005 10238751204
13.877501 -166.529999 178.202499 10238776294
-0.087500 -195.002502 180.687500 10238801253
-5.600000 -200.882507 172.410004 10238826309
-30.782499 -209.755005 169.032501 10238851210
-46.480000 -206.779999 164.587494 10238876292
-56.962502 -207.707504 162.014999 10238901285
-80.184998 -187.949997 163.100006 10238926290
-94.360001 -171.167496 141.820007 10238951199
-78.190002 -173.022507 120.977501 10238976274
-37.625000 -158.270004 116.340004 10239001283
-11.637500 -129.482498 135.047501 10239026288
-7.122500 -104.824997 162.645004 10239051200
-14.542500 -64.032501 150.044998 10239076300
-5.600000 -18.410000 147.070007 10239101285
-4.375000 -6.545000 154.000000 10239126286
-20.684999 -17.115000 128.555008 10239151200
-40.075001 -3.675000 79.239998 10239176297
-25.445000 0.752500 58.292500 10239201283
2.485000 33.862499 51.852501 10239226288
12.565000 -74.794998 40.057499 10239251205
-62.299999 -203.717499 -48.965000 10239276283
-72.974998 -113.820000 -65.642502 10239301099
-62.317501 -21.805000 -67.794998 10239326299
-3.307500 -76.527504 -67.077499 10239351220
17.115000 -114.572502 -63.385002 10239376297
12.092500 -51.310001 -32.410000 10239401289
10.360000 -46.182499 -34.404999 10239426289
9.117500 -54.337502 -27.177500 10239451217
17.325001 -63.630001 -28.227501 10239476290
37.922501 -64.557503 -34.982502 10239501296
39.567501 -52.990002 -41.685001 10239526286
30.730000 -26.407499 -46.724998 10239551233
12.337500 18.392500 -34.492500 10239576319
6.527500 1.400000 -38.920002 10239601297
16.187500 -27.440001 -7.892500 10239626299
25.305000 -17.570000 -35.752499 10239651203
14.840000 -16.537500 -34.247501 10239676288
-2.922500 -25.322500 -19.652500 10239701291
11.287500 22.995001 -15.015000 10239726290
82.792503 2.345000 -18.882500 10239751202
31.010000 -0.577500 -14.840000 10239776290
-4.847500 16.379999 26.792500 10239801299
-45.605000 60.112499 50.994999 10239826980
-84.157501 101.797501 83.894997 10239851206
-129.237503 -16.747499 74.934998 10239876285
-121.187500 -153.737503 -35.665001 10239901286
-131.180008 -126.980003 -77.647499 10239926278
-67.567497 -107.012497 -109.287498 10239951206
-65.239998 -56.209999 -148.697495 10239976284
-101.132500 -52.814999 -115.587502 10240001284
-32.130001 -30.747499 -66.132500 10240026286
-7.192500 -2.152500 -5.670000 10240051199
7.000000 -21.752501 0.945000 10240076296
15.190001 -24.815001 1.365000 10240101284
21.980000 104.247498 -16.835001 10240126283
-18.707500 80.657501 3.885000 10240151194
-5.180000 63.139999 26.862499 10240176286
-4.952500 28.910000 26.880001 10240201279
-11.917500 9.467500 20.877501 10240226283
-12.337500 -2.590000 10.815000 10240251194
-7.945000 0.805000 9.537500 10240276281
-7.035000 4.952500 10.640000 10240301285
-8.557500 -17.342501 2.957500 10240326311
-17.254999 -49.384998 -9.240000 10240351202
