-6.300000 -5.700000 -0.780000 10238364239
-6.000000 -5.640000 -0.960000 10238389243
-6.060000 -5.940000 -0.540000 10238414232
-6.060000 -5.820000 -0.660000 10238439267
-6.600000 -5.760000 -1.080000 10238464248
-6.300000 -5.940000 -0.780000 10238489244
-6.000000 -5.640000 -0.720000 10238514427
-6.480000 -5.760000 -0.480000 10238539241
-6.360000 -5.520000 -0.480000 10238564233
-6.600000 -5.400000 -0.240000 10238589250
-6.540000 -5.700000 -0.420000 10238614418
-6.900000 -5.100000 0.180000 10238649697
-6.840000 -4.920000 0.240000 10238664276
-6.540000 -5.100000 0.300000 10238689253
-7.020000 -4.380000 0.660000 10238714447
-6.960000 -3.840000 1.080000 10238739271
-6.780000 -3.420000 1.260000 10238764226
-6.420000 -3.060000 1.500000 10238789280
-6.420000 -2.700000 2.340000 10238814433
-6.420000 -2.220000 2.460000 10238839256
-6.060000 -1.860000 2.940000 10238864252
-5.700000 -1.620000 3.420000 10238889260
-5.040000 -1.440000 4.080000 10238914443
-4.620000 -1.140000 4.500000 10238939250
-4.200000 -1.200000 4.800000 10238964322
-3.540000 -0.660000 5.100000 10238989339
-3.540000 -0.900000 4.980000 10239014478
-2.880000 -0.480000 5.160000 10239039253
-1.920000 -0.360000 5.400000 10239064232
-1.920000 -0.840000 5.280000 10239089256
-1.440000 -0.480000 5.160000 10239114431
-1.380000 -0.540000 5.340000 10239139245
-0.600000 -0.600000 5.640000 10239164228
-0.720000 -0.600000 5.520000 10239189245
-0.780000 -0.660000 5.460000 10239214540
-0.360000 -0.240000 5.640000 10239239243
-0.480000 -0.960000 5.640000 10239264348
-0.240000 -0.720000 5.400000 10239289250
-0.360000 -0.720000 5.880000 10239315079
-0.420000 -0.780000 5.580000 10239341190
-0.420000 -0.660000 5.700000 10239364507
-0.360000 -0.600000 5.400000 10239389255
-0.060000 -0.540000 5.580000 10239414709
-0.060000 -0.660000 5.100000 10239439248
0.180000 -0.420000 5.220000 10239464486
-0.120000 -0.600000 5.160000 10239489265
0.420000 -0.420000 4.860000 10239514580
0.120000 -0.360000 4.920000 10239539269
-0.300000 0.180000 5.100000 10239564360
-0.600000 -0.240000 5.160000 10239589261
-0.420000 -0.180000 4.980000 10239621626
-0.540000 -0.060000 4.860000 10239639269
-0.420000 -0.060000 5.100000 10239664236
-0.480000 -0.120000 4.920000 10239689249
-0.120000 -0.120000 5.040000 10239714450
-1.020000 -0.060000 4.500000 10239739249
-0.780000 0.180000 4.860000 10239764238
-0.840000 0.360000 4.920000 10239789256
-0.780000 -0.180000 4.860000 10239820696
-0.300000 -0.420000 5.100000 10239840196
-0.720000 -0.600000 5.280000 10239864275
-0.300000 -0.780000 5.580000 10239889267
-0.240000 -0.600000 5.760000 10239914466
0.060000 -1.020000 6.060000 10239939246
-0.600000 -0.960000 5.880000 10239964246
-0.600000 -1.080000 6.480000 10239989245
-0.600000 -1.560000 6.720000 10240014498
-0.540000 -1.620000 6.300000 10240039249
-0.480000 -2.040000 7.200000 10240064236
-0.600000 -1.800000 6.960000 10240089269
-0.480000 -1.680000 6.960000 10240114445
-0.600000 -1.680000 6.720000 10240139268
-0.600000 -1.920000 6.600000 10240164234
-0.720000 -1.680000 6.600000 10240189244
-0.840000 -1.800000 6.480000 10240214435
-0.780000 -1.500000 6.540000 10240239250
-0.600000 -1.680000 6.480000 10240264231
-0.480000 -1.800000 6.480000 10240289244
-0.720000 -1.560000 6.840000 10240314424
-0.660000 -1.740000 6.900000 10240339254
