0.000000 10238349202
0.000000 10238374202
0.000000 10238399187
0.000000 10238424213
0.000000 10238449196
0.000000 10238474205
0.000000 10238499193
0.000000 10238524201
0.000000 10238549191
0.000000 10238574200
0.000000 10238599191
0.000000 10238624200
0.000000 10238649087
0.000000 10238674213
0.000000 10238699198
0.000000 10238724213
0.000000 10238749188
0.000000 10238774186
0.000000 10238799292
0.000000 10238824206
0.000000 10238849186
0.000000 10238874201
0.000000 10238899207
0.000000 10238924208
0.000000 10238949187
0.000000 10238974203
0.000000 10238999187
0.000000 10239024208
0.000000 10239049205
0.000000 10239074198
0.000000 10239099199
0.000000 10239124199
0.000000 10239149203
0.000000 10239174212
0.000000 10239199198
0.000000 10239224197
0.000000 10239249202
0.000000 10239274211
0.000000 10239299202
0.000000 10239324196
5.000000 10239349226
5.000000 10239374214
5.000000 10239399199
5.000000 10239424207
5.000000 10239449206
5.000000 10239474204
5.000000 10239499200
5.000000 10239524201
5.000000 10239549201
5.000000 10239574209
5.000000 10239599207
0.000000 10239624210
0.000000 10239649206
0.000000 10239674198
0.000000 10239699210
0.000000 10239724206
0.000000 10239749210
0.000000 10239774191
0.000000 10239799205
0.000000 10239826054
0.000000 10239849198
0.000000 10239874202
0.000000 10239899204
0.000000 10239924200
0.000000 10239949195
0.000000 10239974188
0.000000 10239999199
0.000000 10240024188
0.000000 10240049197
0.000000 10240074179
0.000000 10240099198
0.000000 10240124189
0.000000 10240149198
0.000000 10240174184
0.000000 10240199197
0.000000 10240224184
0.000000 10240249204
0.000000 10240274190
0.000000 10240299194
0.000000 10240324189
