2.206496 9.277092 3.226388 20561499004
2.520309 9.394772 3.128322 20561524226
2.647796 9.424192 3.049868 20561549218
2.745862 9.483032 2.951802 20561574239
2.824315 9.541871 2.824315 20561599187
2.775282 9.473226 2.696829 20561624220
2.628183 9.316319 2.569343 20561649218
2.235916 9.159412 2.383016 20561674206
0.755112 8.757339 2.275143 20561699175
-0.274586 8.865212 2.569343 20561724248
-1.098345 8.924053 2.804702 20561749200
-1.578871 8.904439 2.961608 20561774209
-0.813952 8.845599 2.598763 20561799167
0.353039 8.649467 2.461469 20561824291
1.441578 8.580820 2.196690 20561849224
2.422243 8.669080 2.000557 20561874184
5.168105 8.590627 2.059397 20561899189
6.462583 8.531787 2.039783 20561924189
7.796288 8.512174 1.843650 20561949213
10.032204 8.492560 1.049312 20561974181
10.610797 8.423914 0.500139 20561999200
10.816736 8.247394 0.147100 20562024189
10.414664 8.129714 -0.009807 20562049228
8.404300 7.845321 0.333426 20562074217
7.011755 7.855128 0.519753 20562099189
5.648631 7.815901 0.666852 20562124217
4.324733 7.864934 0.843372 20562149238
1.775004 8.227780 1.265058 20562174219
0.862985 8.365073 1.588677 20562199180
0.029420 8.482754 1.941717 20562224263
-0.764919 8.669080 2.206496 20562249239
-2.088817 8.933860 2.716442 20562274233
-2.677216 8.943666 2.873349 20562299167
-3.069482 8.894632 2.971415 20562324254
-2.912575 8.924053 3.098902 20562349241
-2.441856 9.061346 3.177355 20562374227
-1.745584 9.041733 3.147935 20562399204
-0.774725 8.875020 3.098902 20562424214
0.961052 8.620047 2.628183 20562449242
1.775004 8.414106 2.304563 20562474228
2.765476 8.051261 2.098624 20562499208
3.804981 7.943388 1.961330 20562524228
6.001670 7.757061 1.882877 20562549236
6.952915 7.815901 2.049590 20562574250
7.874741 8.168941 2.079010 20562599204
9.512452 8.776953 2.343790 20562624217
10.179304 8.747533 2.432050 20562649237
10.444084 8.600433 2.294756 20562674202
10.238144 8.453333 2.147657 20562699184
8.963279 8.149327 2.275143 20562724231
8.012034 8.031648 2.353596 20562749221
6.815622 7.933581 2.451663 20562774227
5.540758 7.913968 2.471276 20562799193
3.010642 8.090487 2.618376 20562824232
2.029977 8.198360 2.883155 20562849225
1.147378 8.384687 3.167548 20562874217
0.480526 8.531787 3.275421 20562899194
-0.225553 8.786759 3.412714 20562924219
-0.392266 8.953472 3.373488 20562949228
-0.225553 9.080959 3.334261 20562974208
0.304006 9.267285 3.098902 20562999196
0.588399 9.257479 2.912575 20563024224
0.882599 9.306512 2.804702 20563049219
1.216025 9.316319 2.696829 20563074217
1.627904 9.277092 2.412436 20563099188
1.804424 9.218252 2.265337 20563124228
1.941717 9.228059 2.177077 20563149213
2.128043 9.198639 2.128043 20563174229
2.383016 9.247672 2.157463 20563199177
2.471276 9.306512 2.177077 20563224222
2.559536 9.414385 2.245723 20563249216
2.598763 9.532065 2.304563 20563274222
2.618376 9.522259 2.304563 20563299185
2.559536 9.541871 2.275143 20563324215
2.539923 9.522259 2.265337 20563349221
