14.945000 -18.410000 3.237500 20561526294
14.385000 -18.410000 -0.140000 20561551280
14.332500 -16.397501 -8.680000 20561576286
15.715000 -15.715000 -10.062500 20561601279
15.190001 -18.725000 -11.952500 20561626298
13.842500 -17.797501 -19.617500 20561651287
12.985000 -14.122500 -26.792500 20561676266
10.727500 -4.357500 -30.240000 20561701292
8.137500 5.740000 -17.080000 20561726300
4.760000 5.145000 12.547500 20561751297
10.465000 3.885000 67.952499 20561776298
26.600000 14.122500 95.672501 20561801305
32.235001 20.912500 112.489998 20561826281
36.942501 21.612499 119.070000 20561851332
28.437500 31.062500 122.237503 20561876294
28.787500 25.742500 121.904999 20561901294
31.832500 7.997500 109.252502 20561926290
33.250000 -7.175000 95.427498 20561951298
37.485001 -26.985001 54.564999 20561976295
35.017502 -30.520000 16.747499 20562001345
27.020000 -27.457500 -25.182501 20562026294
15.242500 -33.547501 -79.519997 20562051287
-2.572500 -39.777500 -104.264999 20562076287
-14.507500 -44.520000 -122.587502 20562101283
-24.377501 -37.432499 -143.220001 20562126384
-32.987499 -30.152500 -149.065002 20562151282
-35.805000 -24.027500 -136.884995 20562176336
-42.017502 -13.930000 -119.980003 20562201285
-42.349998 -17.237499 -103.495003 20562226357
-36.277500 -19.355000 -76.580002 20562251311
-26.424999 -16.782499 -53.812500 20562276332
-19.460001 -11.830000 -29.067501 20562301373
-12.057500 7.402500 10.010000 20562326268
-0.647500 15.557500 34.125000 20562351357
0.070000 22.330000 62.072502 20562376305
-2.240000 27.702499 99.487503 20562401327
2.940000 28.717501 114.520004 20562426302
12.792500 29.557501 126.035004 20562451312
23.520000 38.937500 130.322495 20562476321
25.129999 41.404999 134.172501 20562501325
22.434999 36.470001 128.432495 20562526315
2.450000 40.197498 116.794998 20562551310
-6.335000 42.945000 91.262497 20562576367
-6.492500 39.340000 57.032501 20562601405
-3.482500 22.347500 46.795002 20562626299
-4.585000 -14.245000 25.059999 20562651290
3.132500 -34.090000 -5.425000 20562676304
4.620000 -39.182499 -39.357502 20562701311
-0.560000 -43.820000 -85.312500 20562726322
-15.452500 -45.062500 -109.514999 20562751291
-22.102501 -51.887501 -129.447495 20562776384
-23.975000 -54.617500 -140.104996 20562801292
-28.227501 -43.137501 -132.720001 20562826342
-27.107500 -37.834999 -112.980003 20562851293
-25.375000 -38.360001 -95.672501 20562876303
-20.510000 -35.717499 -77.157501 20562901291
-10.307500 -37.520000 -50.330002 20562926378
-0.787500 -34.702499 -32.340000 20562951291
3.325000 -32.007500 -16.152500 20562976301
6.527500 -27.020000 -2.625000 20563001333
9.992500 -20.667500 0.787500 20563026248
12.040000 -16.240000 4.742500 20563051296
14.420000 -15.487500 8.995000 20563076311
14.367500 -15.137500 10.237500 20563101315
14.140000 -13.160000 10.815000 20563126239
14.227500 -13.352500 11.410000 20563151284
11.165000 -13.125000 11.777500 20563176246
7.595000 -9.362500 8.960000 20563201285
3.780000 -5.267500 5.215000 20563226242
3.132500 -4.200000 3.237500 20563251286
1.505000 -5.740000 3.010000 20563276259
3.745000 -6.055000 1.435000 20563301292
4.585000 -4.865000 -0.315000 20563326237
4.042500 -4.900000 0.385000 20563351288
3.710000 -5.967500 1.032500 20563376258
