5.400000 2.760000 0.240000 20561512578
5.040000 2.640000 0.360000 20561537577
5.100000 2.940000 0.300000 20561562569
5.040000 2.760000 0.300000 20561587602
5.160000 2.640000 0.240000 20561612603
5.100000 2.820000 -0.180000 20561637580
5.220000 2.820000 -0.180000 20561662566
5.160000 2.400000 0.120000 20561687571
5.220000 2.700000 0.060000 20561712584
5.520000 2.640000 0.120000 20561737565
5.220000 2.820000 0.420000 20561762576
4.920000 2.520000 0.120000 20561787588
5.040000 2.400000 0.240000 20561812573
4.980000 1.980000 0.420000 20561837576
4.620000 1.980000 0.420000 20561862742
4.320000 2.040000 0.600000 20561887583
4.380000 1.980000 0.780000 20561912564
4.320000 1.800000 0.960000 20561937573
4.140000 1.740000 0.420000 20561962572
3.660000 1.260000 0.780000 20561987684
3.960000 1.560000 0.600000 20562012612
3.660000 1.860000 0.660000 20562037572
4.080000 1.320000 0.720000 20562062569
4.200000 1.680000 0.600000 20562087585
4.200000 1.800000 0.600000 20562112571
4.680000 1.680000 0.360000 20562137578
4.920000 2.040000 0.360000 20562162569
4.860000 2.100000 0.300000 20562187558
5.160000 2.520000 0.600000 20562212558
5.220000 2.580000 0.660000 20562237632
5.100000 2.940000 0.300000 20562262588
5.160000 2.640000 0.120000 20562287562
5.100000 2.940000 -0.060000 20562312583
5.640000 2.400000 0.120000 20562337563
5.280000 2.760000 -0.120000 20562362569
5.460000 2.580000 0.180000 20562387568
5.400000 2.640000 0.360000 20562412574
5.100000 2.340000 0.180000 20562437583
4.740000 2.220000 0.660000 20562462567
4.920000 2.280000 0.480000 20562487608
5.100000 2.100000 0.300000 20562512543
4.440000 1.920000 0.360000 20562537581
4.620000 1.860000 0.900000 20562562636
4.500000 1.500000 0.660000 20562587572
4.560000 1.680000 0.960000 20562612748
4.620000 1.740000 0.540000 20562637625
4.260000 1.860000 0.540000 20562662578
4.380000 1.980000 0.660000 20562687575
4.560000 1.920000 0.360000 20562712584
4.320000 2.040000 0.600000 20562737569
4.560000 2.040000 0.360000 20562762568
4.800000 2.280000 0.120000 20562787614
4.680000 2.400000 0.600000 20562812617
4.920000 2.400000 0.120000 20562837596
5.040000 2.640000 0.120000 20562862731
4.740000 2.940000 -0.180000 20562887583
4.860000 2.940000 0.060000 20562912587
5.220000 2.940000 -0.180000 20562937587
5.280000 2.880000 -0.180000 20562962570
4.740000 3.180000 -0.060000 20562987673
4.980000 3.180000 0.060000 20563012598
5.100000 3.060000 0.180000 20563037600
4.920000 2.760000 -0.120000 20563062591
4.860000 2.940000 0.060000 20563087583
4.800000 3.000000 0.060000 20563112580
4.740000 2.820000 0.060000 20563137574
4.920000 2.640000 -0.360000 20563162566
4.680000 2.760000 0.240000 20563187567
4.740000 2.700000 0.180000 20563212571
4.680000 2.640000 -0.120000 20563238071
4.560000 2.880000 0.120000 20563262567
4.740000 2.940000 0.300000 20563287563
4.860000 2.820000 0.060000 20563312574
4.740000 2.580000 -0.300000 20563337555
4.680000 2.400000 0.240000 20563362571
