0.000000 20561499004
0.000000 20561524226
0.000000 20561549218
0.000000 20561574239
0.000000 20561599187
0.000000 20561624220
0.000000 20561649218
0.000000 20561674206
0.000000 20561699175
0.000000 20561724248
0.000000 20561749200
0.000000 20561774209
0.000000 20561799167
0.000000 20561824291
0.000000 20561849224
0.000000 20561874184
0.000000 20561899189
0.000000 20561924189
0.000000 20561949213
0.000000 20561974181
0.000000 20561999200
0.000000 20562024189
0.000000 20562049228
0.000000 20562074217
0.000000 20562099189
0.000000 20562124217
0.000000 20562149238
0.000000 20562174219
0.000000 20562199180
0.000000 20562224263
0.000000 20562249239
0.000000 20562274233
0.000000 20562299167
0.000000 20562324254
0.000000 20562349241
0.000000 20562374227
0.000000 20562399204
0.000000 20562424214
0.000000 20562449242
0.000000 20562474228
0.000000 20562499208
0.000000 20562524228
0.000000 20562549236
0.000000 20562574250
0.000000 20562599204
0.000000 20562624217
0.000000 20562649237
0.000000 20562674202
0.000000 20562699184
0.000000 20562724231
0.000000 20562749221
0.000000 20562774227
0.000000 20562799193
0.000000 20562824232
0.000000 20562849225
0.000000 20562874217
0.000000 20562899194
0.000000 20562924219
0.000000 20562949228
0.000000 20562974208
0.000000 20562999196
0.000000 20563024224
0.000000 20563049219
0.000000 20563074217
0.000000 20563099188
0.000000 20563124228
0.000000 20563149213
0.000000 20563174229
0.000000 20563199177
0.000000 20563224222
0.000000 20563249216
0.000000 20563274222
0.000000 20563299185
0.000000 20563324215
0.000000 20563349221
