-0.382459 -0.353039 9.414385 168967406168
-0.353039 -0.372653 9.512452 168967418167
-0.392266 -0.392266 9.541871 168967430178
-0.411879 -0.392266 9.532065 168967442166
-0.402073 -0.382459 9.512452 168967454166
-0.402073 -0.353039 9.492838 168967466166
-0.382459 -0.372653 9.532065 168967478166
-0.343233 -0.392266 9.512452 168967490177
-0.294200 -0.392266 9.443805 168967502166
-0.333426 -0.392266 9.463418 168967514166
-0.254973 -0.294200 9.443805 168967526183
-0.215746 -0.304006 9.424192 168967538171
-0.186326 -0.284393 9.463418 168967550187
-0.196133 -0.254973 9.492838 168967562168
-0.254973 -0.245166 9.532065 168967574169
-0.254973 -0.274586 9.502645 168967586169
-0.264780 -0.274586 9.502645 168967598167
-0.245166 -0.304006 9.512452 168967610177
-0.284393 -0.313813 9.532065 168967622166
-0.274586 -0.353039 9.561485 168967634165
-0.313813 -0.372653 9.590905 168967646166
-0.343233 -0.323619 9.581099 168967658165
-0.323619 -0.323619 9.659552 168967670179
-0.274586 -0.343233 9.679165 168967682167
-0.205940 -0.382459 9.679165 168967694166
-0.196133 -0.353039 9.669358 168967706172
-0.225553 -0.333426 9.620325 168967718167
-0.274586 -0.284393 9.541871 168967730179
-0.274586 -0.264780 9.522259 168967742167
-0.235360 -0.245166 9.532065 168967754165
-0.186326 -0.323619 9.473226 168967766166
-0.156906 -0.323619 9.453611 168967778167
-0.156906 -0.353039 9.473226 168967790176
-0.225553 -0.333426 9.404578 168967802168
-0.304006 -0.323619 9.394772 168967814166
-0.362846 -0.333426 9.384965 168967826166
-0.421686 -0.411879 9.414385 168967838165
-0.441299 -0.411879 9.424192 168967850176
-0.323619 -0.431493 9.463418 168967862165
-0.323619 -0.372653 9.473226 168967874165
-0.264780 -0.353039 9.492838 168967886166
-0.264780 -0.372653 9.512452 168967898165
-0.186326 -0.372653 9.502645 168967910176
-0.225553 -0.362846 9.512452 168967922165
-0.264780 -0.372653 9.473226 168967934167
-0.254973 -0.343233 9.394772 168967946166
-0.176520 -0.382459 9.424192 168967958165
-0.058840 -0.362846 9.571292 168967970177
-0.039227 -0.362846 9.649745 168967982167
-0.058840 -0.372653 9.698778 168967994167
-0.058840 -0.372653 9.708585 168968006167
-0.058840 -0.392266 9.728198 168968018167
-0.019613 -0.421686 9.738005 168968030179
0.009807 -0.421686 9.757618 168968042168
0.068647 -0.392266 9.777231 168968054166
0.068647 -0.421686 9.767425 168968066169
0.107873 -0.431493 9.718391 168968078168
0.137293 -0.421686 9.718391 168968090177
0.196133 -0.402073 9.698778 168968102167
0.235360 -0.372653 9.669358 168968114166
0.264780 -0.372653 9.590905 168968126175
0.313813 -0.323619 9.620325 168968138167
0.323619 -0.323619 9.522259 168968150179
0.323619 -0.353039 9.512452 168968162166
0.362846 -0.411879 9.512452 168968174167
0.411879 -0.431493 9.541871 168968186167
0.392266 -0.480526 9.483032 168968198166
0.372653 -0.460913 9.453611 168968210178
0.392266 -0.441299 9.424192 168968222167
0.382459 -0.441299 9.463418 168968234167
0.392266 -0.431493 9.443805 168968246168
0.353039 -0.431493 9.424192 168968258166
0.333426 -0.372653 9.394772 168968270178
0.323619 -0.382459 9.414385 168968282165
0.353039 -0.441299 9.365352 168968294166
0.392266 -0.460913 9.404578 168968306167
0.392266 -0.421686 9.424192 168968318166
0.343233 -0.402073 9.492838 168968330176
0.274586 -0.382459 9.414385 168968342166
0.156906 -0.372653 9.453611 168968354166
0.088260 -0.392266 9.512452 168968366166
0.078453 -0.362846 9.483032 168968378166
-0.019613 -0.294200 9.453611 168968390177
-0.029420 -0.323619 9.453611 168968402166
-0.068647 -0.470719 9.443805 168968414165
-0.078453 -0.421686 9.443805 168968426165
-0.107873 -0.372653 9.522259 168968438166
-0.137293 -0.382459 9.512452 168968450177
-0.245166 -0.353039 9.551678 168968462166
-0.362846 -0.382459 9.502645 168968474166
-0.333426 -0.441299 9.492838 168968486165
-0.343233 -0.431493 9.551678 168968498166
-0.441299 -0.421686 9.571292 168968510178
-0.608012 -0.333426 9.610518 168968522174
-0.568786 -0.382459 9.571292 168968534168
-0.500139 -0.490333 9.571292 168968546170
-0.421686 -0.529559 9.600712 168968558167
-0.372653 -0.500139 9.679165 168968570177
-0.353039 -0.431493 9.669358 168968582166
-0.402073 -0.353039 9.600712 168968594166
-0.431493 -0.411879 9.581099 168968606168
-0.460913 -0.392266 9.541871 168968618165
-0.509946 -0.421686 9.483032 168968630177
-0.470719 -0.411879 9.384965 168968642166
-0.480526 -0.402073 9.453611 168968654166
-0.509946 -0.362846 9.492838 168968666167
-0.480526 -0.421686 9.492838 168968678166
-0.549172 -0.480526 9.473226 168968690177
-0.578592 -0.421686 9.502645 168968702172
-0.608012 -0.392266 9.463418 168968714168
-0.617819 -0.392266 9.512452 168968726166
-0.637432 -0.392266 9.522259 168968738166
-0.657046 -0.333426 9.502645 168968750177
-0.637432 -0.323619 9.512452 168968762169
-0.647239 -0.343233 9.473226 168968774166
-0.627626 -0.353039 9.492838 168968786169
-0.657046 -0.362846 9.502645 168968798167
-0.774725 -0.353039 9.443805 168968810176
-0.764919 -0.343233 9.483032 168968822166
-0.735499 -0.343233 9.532065 168968834167
-0.725692 -0.353039 9.561485 168968846166
-0.647239 -0.333426 9.512452 168968858166
-0.549172 -0.313813 9.512452 168968870180
-0.431493 -0.313813 9.512452 168968882167
-0.313813 -0.343233 9.492838 168968894167
-0.274586 -0.304006 9.512452 168968906169
-0.186326 -0.294200 9.502645 168968918166
-0.156906 -0.313813 9.512452 168968930176
-0.137293 -0.333426 9.551678 168968942166
-0.117680 -0.294200 9.561485 168968954165
-0.098067 -0.353039 9.522259 168968966166
-0.078453 -0.353039 9.473226 168968978167
-0.029420 -0.362846 9.483032 168968990185
-0.049033 -0.333426 9.512452 168969002170
-0.039227 -0.343233 9.532065 168969014168
-0.039227 -0.353039 9.424192 168969026170
0.019613 -0.372653 9.453611 168969038169
-0.019613 -0.353039 9.473226 168969050178
-0.019613 -0.343233 9.492838 168969062166
0.058840 -0.333426 9.463418 168969074166
0.137293 -0.392266 9.483032 168969086167
0.117680 -0.441299 9.463418 168969098166
0.117680 -0.421686 9.483032 168969110177
0.156906 -0.392266 9.502645 168969122166
0.205940 -0.441299 9.600712 168969134165
0.254973 -0.470719 9.571292 168969146166
0.264780 -0.500139 9.502645 168969158167
0.245166 -0.451106 9.512452 168969170177
0.205940 -0.411879 9.502645 168969182167
0.156906 -0.402073 9.522259 168969194166
0.176520 -0.392266 9.512452 168969206172
0.215746 -0.460913 9.551678 168969218169
0.284393 -0.480526 9.581099 168969230178
0.304006 -0.480526 9.581099 168969242166
0.264780 -0.480526 9.463418 168969254165
0.274586 -0.519753 9.424192 168969266169
0.264780 -0.509946 9.453611 168969278166
0.304006 -0.509946 9.483032 168969290176
0.362846 -0.509946 9.512452 168969302167
0.333426 -0.578592 9.581099 168969314166
0.313813 -0.627626 9.610518 168969326166
0.333426 -0.657046 9.669358 168969338166
0.411879 -0.666852 9.728198 168969350176
0.441299 -0.686466 9.688972 168969362166
0.382459 -0.647239 9.698778 168969374166
0.392266 -0.666852 9.698778 168969386166
0.402073 -0.666852 9.630132 168969398166
0.392266 -0.608012 9.600712 168969410176
0.441299 -0.588399 9.610518 168969422166
0.451106 -0.539366 9.581099 168969434166
0.490333 -0.490333 9.541871 168969446166
0.470719 -0.490333 9.532065 168969458166
0.480526 -0.451106 9.463418 168969470178
0.441299 -0.441299 9.453611 168969482166
0.411879 -0.372653 9.453611 168969494166
0.343233 -0.392266 9.453611 168969506167
0.274586 -0.382459 9.483032 168969518166
0.196133 -0.333426 9.433999 168969530178
0.107873 -0.362846 9.463418 168969542166
0.107873 -0.362846 9.502645 168969554166
0.078453 -0.362846 9.453611 168969566166
0.019613 -0.411879 9.453611 168969578166
-0.019613 -0.470719 9.424192 168969590177
-0.068647 -0.480526 9.404578 168969602167
-0.068647 -0.431493 9.433999 168969614166
-0.117680 -0.470719 9.433999 168969626166
-0.127486 -0.470719 9.522259 168969638167
-0.117680 -0.441299 9.551678 168969650176
-0.137293 -0.441299 9.532065 168969662166
-0.156906 -0.421686 9.502645 168969674166
-0.196133 -0.421686 9.453611 168969686166
-0.215746 -0.431493 9.473226 168969698165
-0.225553 -0.480526 9.502645 168969710180
-0.254973 -0.441299 9.541871 168969722167
-0.264780 -0.470719 9.502645 168969734167
-0.264780 -0.441299 9.541871 168969746166
-0.323619 -0.451106 9.522259 168969758167
-0.353039 -0.402073 9.561485 168969770177
-0.343233 -0.411879 9.571292 168969782166
-0.294200 -0.451106 9.522259 168969794166
-0.333426 -0.441299 9.492838 168969806166
-0.313813 -0.402073 9.483032 168969818166
-0.294200 -0.372653 9.492838 168969830177
-0.294200 -0.372653 9.463418 168969842167
-0.245166 -0.343233 9.522259 168969854166
-0.264780 -0.353039 9.541871 168969866167
-0.333426 -0.353039 9.522259 168969880135
-0.372653 -0.372653 9.463418 168969890201
-0.421686 -0.421686 9.443805 168969902186
-0.460913 -0.441299 9.512452 168969914169
-0.421686 -0.470719 9.512452 168969926170
-0.362846 -0.480526 9.571292 168969938166
-0.333426 -0.460913 9.639938 168969950184
-0.313813 -0.441299 9.561485 168969962167
-0.382459 -0.490333 9.463418 168969974169
-0.362846 -0.490333 9.463418 168969986167
-0.411879 -0.500139 9.502645 168969998166
-0.451106 -0.529559 9.463418 168970010177
-0.549172 -0.519753 9.551678 168970022178
-0.647239 -0.529559 9.600712 168970034169
-0.676659 -0.539366 9.649745 168970046169
-0.666852 -0.500139 9.669358 168970058166
-0.657046 -0.519753 9.669358 168970070181
-0.676659 -0.558979 9.659552 168970082166
-0.715886 -0.568786 9.669358 168970094166
-0.764919 -0.539366 9.659552 168970106168
-0.715886 -0.519753 9.669358 168970118166
-0.676659 -0.470719 9.669358 168970130176
-0.696272 -0.500139 9.561485 168970142166
-0.696272 -0.411879 9.532065 168970154165
-0.666852 -0.382459 9.512452 168970166166
-0.666852 -0.343233 9.463418 168970178167
-0.509946 -0.343233 9.473226 168970190176
-0.441299 -0.333426 9.502645 168970202170
-0.431493 -0.323619 9.512452 168970214168
-0.382459 -0.294200 9.512452 168970226167
-0.372653 -0.304006 9.473226 168970238166
-0.441299 -0.304006 9.384965 168970250177
-0.441299 -0.274586 9.345738 168970262173
-0.441299 -0.294200 9.335932 168970274166
-0.402073 -0.304006 9.335932 168970286166
-0.372653 -0.323619 9.345738 168970298166
-0.304006 -0.313813 9.365352 168970310176
-0.235360 -0.323619 9.424192 168970322169
-0.225553 -0.304006 9.463418 168970334165
-0.186326 -0.294200 9.483032 168970346166
-0.029420 -0.372653 9.512452 168970358166
0.068647 -0.431493 9.492838 168970370178
0.107873 -0.441299 9.512452 168970382166
0.176520 -0.402073 9.551678 168970394166
0.274586 -0.441299 9.541871 168970406166
0.362846 -0.441299 9.561485 168970418166
0.411879 -0.451106 9.581099 168970430177
0.490333 -0.451106 9.620325 168970442166
0.519753 -0.490333 9.600712 168970454166
0.588399 -0.509946 9.512452 168970466169
0.588399 -0.500139 9.502645 168970478167
0.608012 -0.470719 9.561485 168970490176
0.598206 -0.509946 9.581099 168970502166
0.558979 -0.500139 9.581099 168970514166
0.578592 -0.490333 9.502645 168970526170
0.608012 -0.451106 9.483032 168970538171
0.549172 -0.460913 9.532065 168970550182
0.558979 -0.490333 9.512452 168970562169
0.539366 -0.519753 9.532065 168970574169
0.529559 -0.509946 9.571292 168970586167
0.480526 -0.509946 9.630132 168970598166
0.421686 -0.509946 9.630132 168970610178
0.402073 -0.519753 9.551678 168970622167
0.392266 -0.598206 9.561485 168970634166
0.411879 -0.608012 9.581099 168970646166
0.431493 -0.608012 9.581099 168970658166
0.480526 -0.608012 9.502645 168970670179
0.500139 -0.617819 9.483032 168970682166
0.470719 -0.509946 9.453611 168970694166
0.441299 -0.460913 9.473226 168970706170
0.402073 -0.451106 9.424192 168970718167
0.392266 -0.441299 9.424192 168970730179
0.343233 -0.460913 9.394772 168970742167
0.274586 -0.470719 9.404578 168970754167
0.264780 -0.441299 9.414385 168970766165
0.235360 -0.460913 9.463418 168970778166
0.254973 -0.470719 9.512452 168970790180
0.196133 -0.421686 9.561485 168970802170
0.166713 -0.470719 9.561485 168970814167
0.137293 -0.460913 9.512452 168970826167
0.088260 -0.500139 9.532065 168970838166
0.088260 -0.558979 9.453611 168970850176
0.098067 -0.588399 9.483032 168970862166
0.088260 -0.549172 9.551678 168970874166
0.088260 -0.529559 9.551678 168970886167
0.049033 -0.509946 9.590905 168970898166
0.068647 -0.509946 9.639938 168970910176
0.078453 -0.490333 9.639938 168970922167
0.078453 -0.470719 9.659552 168970934165
0.156906 -0.509946 9.669358 168970946166
0.156906 -0.509946 9.561485 168970958166
0.009807 -0.431493 9.590905 168970970178
0.009807 -0.431493 9.522259 168970982164
0.029420 -0.480526 9.551678 168970994166
0.049033 -0.480526 9.581099 168971006167
0.019613 -0.480526 9.610518 168971018166
-0.088260 -0.470719 9.630132 168971030180
-0.137293 -0.451106 9.532065 168971042167
-0.098067 -0.460913 9.522259 168971054166
-0.147100 -0.490333 9.532065 168971066166
-0.166713 -0.490333 9.551678 168971078166
-0.176520 -0.500139 9.541871 168971090177
-0.215746 -0.431493 9.512452 168971102166
-0.284393 -0.372653 9.551678 168971114166
-0.333426 -0.323619 9.541871 168971126166
-0.411879 -0.392266 9.414385 168971138166
-0.460913 -0.431493 9.394772 168971150176
-0.470719 -0.480526 9.414385 168971162166
-0.500139 -0.480526 9.424192 168971174166
-0.519753 -0.519753 9.473226 168971186166
-0.568786 -0.549172 9.620325 168971198167
-0.627626 -0.509946 9.630132 168971210181
-0.676659 -0.529559 9.551678 168971222167
-0.676659 -0.509946 9.512452 168971234166
-0.627626 -0.421686 9.433999 168971246167
-0.598206 -0.441299 9.453611 168971258165
-0.539366 -0.480526 9.414385 168971270180
-0.568786 -0.480526 9.414385 168971282166
-0.608012 -0.451106 9.404578 168971294166
-0.696272 -0.470719 9.345738 168971306166
-0.686466 -0.460913 9.384965 168971318165
-0.666852 -0.500139 9.473226 168971330176
-0.637432 -0.500139 9.561485 168971342166
-0.627626 -0.460913 9.541871 168971354167
-0.647239 -0.509946 9.581099 168971366166
-0.647239 -0.549172 9.590905 168971378167
-0.647239 -0.470719 9.590905 168971390176
-0.686466 -0.460913 9.610518 168971402166
-0.813952 -0.421686 9.551678 168971414166
-0.833565 -0.353039 9.463418 168971426166
-0.823759 -0.333426 9.453611 168971438166
-0.794339 -0.304006 9.443805 168971450176
-0.715886 -0.313813 9.453611 168971462166
-0.657046 -0.264780 9.532065 168971474166
-0.598206 -0.264780 9.483032 168971486168
-0.588399 -0.264780 9.532065 168971498167
-0.608012 -0.274586 9.502645 168971510177
-0.480526 -0.264780 9.502645 168971522172
-0.402073 -0.304006 9.483032 168971534166
-0.372653 -0.333426 9.522259 168971546169
-0.323619 -0.362846 9.571292 168971558166
-0.264780 -0.353039 9.630132 168971570177
-0.205940 -0.392266 9.600712 168971582166
-0.196133 -0.411879 9.600712 168971594166
-0.166713 -0.382459 9.620325 168971606167
-0.137293 -0.362846 9.639938 168971618166
-0.078453 -0.353039 9.610518 168971630176
0.009807 -0.343233 9.473226 168971642166
0.049033 -0.304006 9.443805 168971654165
0.117680 -0.245166 9.453611 168971666167
0.147100 -0.333426 9.384965 168971678166
0.284393 -0.313813 9.335932 168971690176
0.294200 -0.353039 9.326125 168971702170
0.353039 -0.343233 9.326125 168971714167
0.353039 -0.353039 9.345738 168971726167
0.392266 -0.392266 9.365352 168971738166
0.500139 -0.382459 9.492838 168971750178
0.568786 -0.382459 9.492838 168971762213
0.608012 -0.382459 9.473226 168971774205
0.657046 -0.411879 9.463418 168971786211
0.647239 -0.451106 9.502645 168971798206
0.657046 -0.480526 9.483032 168971810206
0.686466 -0.529559 9.473226 168971822194
0.706079 -0.549172 9.502645 168971834195
0.715886 -0.558979 9.551678 168971846187
0.647239 -0.549172 9.581099 168971858196
0.666852 -0.558979 9.659552 168971870200
0.666852 -0.509946 9.688972 168971882190
0.617819 -0.549172 9.659552 168971894192
0.578592 -0.558979 9.639938 168971906191
0.431493 -0.519753 9.512452 168971918190
0.392266 -0.480526 9.561485 168971930192
0.421686 -0.529559 9.532065 168971942192
0.451106 -0.519753 9.541871 168971954192
0.509946 -0.529559 9.620325 168971966211
0.470719 -0.519753 9.610518 168971978197
0.392266 -0.519753 9.630132 168971990199
0.333426 -0.568786 9.541871 168972002203
0.323619 -0.598206 9.522259 168972014186
0.323619 -0.539366 9.404578 168972026187
0.304006 -0.480526 9.384965 168972038181
0.333426 -0.470719 9.384965 168972050186
0.313813 -0.451106 9.394772 168972062182
0.343233 -0.421686 9.394772 168972074183
0.294200 -0.382459 9.384965 168972086181
0.245166 -0.343233 9.414385 168972098182
0.225553 -0.323619 9.453611 168972110186
0.225553 -0.284393 9.424192 168972122180
0.225553 -0.353039 9.424192 168972134181
0.205940 -0.402073 9.424192 168972146181
0.245166 -0.411879 9.492838 168972158181
0.284393 -0.392266 9.522259 168972170188
0.186326 -0.431493 9.571292 168972182182
0.117680 -0.402073 9.571292 168972194180
0.078453 -0.402073 9.639938 168972206174
0.029420 -0.411879 9.649745 168972218168
0.039227 -0.431493 9.679165 168972230181
0.058840 -0.451106 9.708585 168972242184
0.019613 -0.411879 9.708585 168972254182
-0.049033 -0.421686 9.688972 168972266182
-0.078453 -0.421686 9.620325 168972278183
-0.078453 -0.411879 9.571292 168972290184
-0.235360 -0.382459 9.590905 168972302183
-0.304006 -0.372653 9.522259 168972314181
-0.382459 -0.333426 9.502645 168972326182
-0.392266 -0.392266 9.502645 168972338182
-0.451106 -0.392266 9.483032 168972350185
-0.480526 -0.392266 9.581099 168972362182
-0.529559 -0.411879 9.561485 168972374182
-0.549172 -0.411879 9.532065 168972386182
-0.588399 -0.451106 9.483032 168972398182
-0.598206 -0.480526 9.512452 168972410185
-0.617819 -0.431493 9.590905 168972422182
-0.657046 -0.470719 9.541871 168972434181
-0.647239 -0.470719 9.571292 168972446181
-0.666852 -0.441299 9.600712 168972458182
-0.686466 -0.451106 9.590905 168972470185
-0.706079 -0.451106 9.473226 168972482182
-0.686466 -0.441299 9.502645 168972494181
-0.725692 -0.431493 9.473226 168972506182
-0.686466 -0.382459 9.443805 168972518181
-0.480526 -0.392266 9.463418 168972530187
-0.421686 -0.382459 9.473226 168972542182
-0.382459 -0.343233 9.424192 168972554180
-0.402073 -0.304006 9.433999 168972566180
-0.470719 -0.343233 9.296705 168972578183
-0.431493 -0.333426 9.286899 168972590185
-0.451106 -0.343233 9.355545 168972602183
-0.411879 -0.343233 9.326125 168972614181
-0.411879 -0.411879 9.404578 168972626182
-0.568786 -0.421686 9.551678 168972638181
-0.637432 -0.431493 9.571292 168972650186
-0.627626 -0.470719 9.571292 168972662182
-0.676659 -0.470719 9.610518 168972674182
-0.666852 -0.451106 9.639938 168972686182
-0.735499 -0.411879 9.679165 168972698183
-0.706079 -0.372653 9.698778 168972710182
-0.755112 -0.372653 9.708585 168972722168
-0.764919 -0.392266 9.738005 168972734168
-0.735499 -0.323619 9.649745 168972746183
-0.804145 -0.254973 9.581099 168972758183
-0.764919 -0.264780 9.581099 168972770194
-0.774725 -0.245166 9.630132 168972782183
-0.686466 -0.264780 9.620325 168972794182
-0.608012 -0.274586 9.620325 168972806183
-0.558979 -0.313813 9.561485 168972818181
-0.490333 -0.333426 9.463418 168972830186
-0.441299 -0.304006 9.424192 168972842181
-0.411879 -0.284393 9.443805 168972854180
-0.215746 -0.313813 9.414385 168972866186
-0.098067 -0.304006 9.384965 168972878188
-0.039227 -0.294200 9.404578 168972890186
-0.039227 -0.264780 9.394772 168972902182
0.088260 -0.274586 9.365352 168972914183
0.176520 -0.264780 9.335932 168972926183
0.245166 -0.245166 9.375159 168972938183
0.313813 -0.254973 9.394772 168972950185
0.353039 -0.254973 9.365352 168972962181
0.470719 -0.254973 9.375159 168972974183
0.529559 -0.274586 9.375159 168972986185
0.608012 -0.362846 9.424192 168972998183
0.657046 -0.353039 9.463418 168973010185
0.676659 -0.353039 9.453611 168973022191
0.598206 -0.362846 9.463418 168973034183
0.568786 -0.323619 9.433999 168973046183
0.568786 -0.372653 9.473226 168973058185
0.588399 -0.382459 9.473226 168973070190
0.598206 -0.411879 9.483032 168973082183
0.549172 -0.392266 9.502645 168973094182
0.539366 -0.431493 9.512452 168973106184
0.470719 -0.411879 9.433999 168973118184
0.392266 -0.323619 9.443805 168973130187
0.353039 -0.362846 9.414385 168973142183
0.362846 -0.372653 9.443805 168973154182
0.431493 -0.392266 9.502645 168973166184
0.411879 -0.372653 9.512452 168973178183
0.166713 -0.284393 9.453611 168973190185
0.078453 -0.274586 9.355545 168973202176
0.058840 -0.333426 9.335932 168973214169
0.088260 -0.402073 9.394772 168973226169
0.156906 -0.431493 9.522259 168973238169
0.225553 -0.490333 9.679165 168973250185
0.245166 -0.529559 9.659552 168973262183
0.304006 -0.568786 9.649745 168973274184
0.264780 -0.578592 9.698778 168973286183
0.313813 -0.568786 9.718391 168973298183
0.392266 -0.598206 9.747811 168973310185
0.460913 -0.549172 9.659552 168973322182
0.500139 -0.558979 9.688972 168973334184
0.558979 -0.549172 9.659552 168973346184
0.627626 -0.500139 9.581099 168973358183
0.608012 -0.470719 9.551678 168973370187
0.637432 -0.480526 9.502645 168973382183
0.617819 -0.431493 9.512452 168973394182
0.578592 -0.362846 9.483032 168973406183
0.568786 -0.372653 9.424192 168973418182
0.558979 -0.353039 9.375159 168973430186
0.558979 -0.343233 9.424192 168973442183
0.519753 -0.294200 9.404578 168973454183
0.421686 -0.294200 9.414385 168973466183
0.362846 -0.323619 9.433999 168973478184
0.294200 -0.313813 9.502645 168973490185
0.225553 -0.323619 9.541871 168973502183
0.186326 -0.362846 9.551678 168973514182
0.068647 -0.441299 9.571292 168973526188
0.019613 -0.421686 9.551678 168973538187
0.019613 -0.431493 9.571292 168973550192
-0.019613 -0.421686 9.571292 168973562183
-0.009807 -0.421686 9.551678 168973574184
-0.088260 -0.402073 9.551678 168973586186
-0.156906 -0.421686 9.561485 168973598184
-0.176520 -0.451106 9.551678 168973610187
-0.176520 -0.490333 9.502645 168973622183
-0.245166 -0.402073 9.522259 168973634184
-0.274586 -0.343233 9.541871 168973646183
-0.313813 -0.333426 9.532065 168973658183
-0.323619 -0.392266 9.502645 168973670189
-0.294200 -0.411879 9.502645 168973682183
-0.333426 -0.372653 9.522259 168973694183
-0.353039 -0.411879 9.483032 168973706175
-0.362846 -0.382459 9.502645 168973718170
-0.402073 -0.402073 9.502645 168973730182
-0.460913 -0.343233 9.532065 168973742183
-0.529559 -0.353039 9.581099 168973754183
-0.647239 -0.402073 9.571292 168973766184
-0.686466 -0.353039 9.532065 168973778184
-0.706079 -0.392266 9.522259 168973790184
-0.657046 -0.343233 9.483032 168973802183
-0.637432 -0.382459 9.463418 168973814187
-0.598206 -0.392266 9.453611 168973826200
-0.627626 -0.421686 9.522259 168973838184
-0.647239 -0.402073 9.522259 168973850186
-0.529559 -0.402073 9.483032 168973862183
-0.549172 -0.431493 9.502645 168973874185
-0.519753 -0.392266 9.483032 168973886184
-0.558979 -0.392266 9.492838 168973898184
-0.666852 -0.421686 9.473226 168973910185
-0.676659 -0.343233 9.483032 168973922183
-0.676659 -0.372653 9.541871 168973934182
-0.578592 -0.392266 9.541871 168973946183
-0.519753 -0.411879 9.639938 168973958181
-0.490333 -0.382459 9.698778 168973970189
-0.568786 -0.382459 9.590905 168973982184
-0.617819 -0.411879 9.483032 168973994183
-0.715886 -0.362846 9.522259 168974006183
-0.745305 -0.343233 9.502645 168974018184
-0.735499 -0.382459 9.492838 168974030189
-0.715886 -0.402073 9.502645 168974042183
-0.657046 -0.392266 9.522259 168974054184
-0.647239 -0.411879 9.492838 168974066187
-0.617819 -0.431493 9.522259 168974078184
-0.617819 -0.421686 9.473226 168974090185
-0.617819 -0.411879 9.453611 168974102183
-0.666852 -0.353039 9.404578 168974114181
-0.637432 -0.323619 9.394772 168974126182
-0.578592 -0.353039 9.375159 168974138183
-0.519753 -0.313813 9.384965 168974150185
-0.441299 -0.294200 9.453611 168974162183
-0.372653 -0.333426 9.473226 168974174182
-0.245166 -0.382459 9.463418 168974186182
-0.107873 -0.372653 9.463418 168974198182
-0.058840 -0.333426 9.502645 168974210182
-0.009807 -0.323619 9.473226 168974222170
-0.009807 -0.304006 9.453611 168974234167
-0.019613 -0.264780 9.414385 168974246185
0.009807 -0.294200 9.433999 168974258183
0.068647 -0.353039 9.473226 168974270186
0.137293 -0.353039 9.512452 168974282182
0.117680 -0.333426 9.600712 168974294182
0.117680 -0.333426 9.620325 168974306184
0.137293 -0.362846 9.571292 168974318182
0.186326 -0.343233 9.541871 168974330185
0.235360 -0.343233 9.551678 168974342182
0.284393 -0.431493 9.512452 168974354181
0.353039 -0.431493 9.463418 168974366183
0.382459 -0.431493 9.453611 168974378183
0.411879 -0.451106 9.463418 168974390186
0.392266 -0.431493 9.541871 168974402182
0.421686 -0.441299 9.541871 168974414182
0.402073 -0.392266 9.541871 168974426184
0.431493 -0.382459 9.502645 168974438183
0.411879 -0.372653 9.502645 168974450185
0.343233 -0.392266 9.492838 168974462183
0.274586 -0.411879 9.561485 168974474183
0.215746 -0.392266 9.551678 168974486183
0.166713 -0.411879 9.551678 168974498183
0.225553 -0.451106 9.541871 168974510185
0.245166 -0.392266 9.610518 168974522190
0.235360 -0.411879 9.600712 168974534184
0.147100 -0.460913 9.541871 168974546184
0.058840 -0.441299 9.463418 168974558182
0.039227 -0.333426 9.414385 168974570188
0.078453 -0.323619 9.453611 168974582183
0.117680 -0.382459 9.483032 168974594181
0.098067 -0.353039 9.492838 168974606182
0.098067 -0.353039 9.473226 168974618182
0.117680 -0.372653 9.433999 168974630184
0.127486 -0.382459 9.492838 168974642182
0.098067 -0.392266 9.424192 168974654182
0.078453 -0.411879 9.453611 168974666182
0.049033 -0.421686 9.384965 168974678183
-0.019613 -0.421686 9.384965 168974690185
-0.019613 -0.451106 9.424192 168974702172
-0.029420 -0.460913 9.443805 168974714171
0.009807 -0.431493 9.453611 168974726169
0.009807 -0.451106 9.453611 168974738169
0.009807 -0.421686 9.433999 168974750184
0.009807 -0.402073 9.433999 168974762182
-0.009807 -0.411879 9.473226 168974774182
-0.009807 -0.402073 9.492838 168974786182
0.029420 -0.431493 9.541871 168974798185
0.039227 -0.490333 9.581099 168974810184
0.039227 -0.549172 9.649745 168974822182
0.058840 -0.578592 9.688972 168974834183
-0.058840 -0.480526 9.659552 168974846182
-0.098067 -0.460913 9.659552 168974858183
-0.068647 -0.500139 9.659552 168974870186
-0.019613 -0.470719 9.649745 168974882182
0.009807 -0.509946 9.649745 168974894183
-0.039227 -0.500139 9.610518 168974906182
-0.039227 -0.460913 9.620325 168974918182
-0.019613 -0.470719 9.620325 168974930185
0.009807 -0.451106 9.571292 168974942182
0.058840 -0.431493 9.610518 168974954182
0.088260 -0.470719 9.581099 168974966182
0.098067 -0.451106 9.551678 168974978183
0.098067 -0.431493 9.551678 168974990185
0.088260 -0.411879 9.551678 168975002183
0.049033 -0.411879 9.443805 168975014183
0.049033 -0.392266 9.433999 168975026185
-0.068647 -0.362846 9.384965 168975038183
-0.088260 -0.313813 9.375159 168975050188
-0.039227 -0.323619 9.394772 168975062182
0.049033 -0.382459 9.404578 168975074183
0.049033 -0.362846 9.463418 168975086183
0.049033 -0.402073 9.414385 168975098183
0.029420 -0.411879 9.433999 168975110186
-0.019613 -0.382459 9.492838 168975122182
-0.009807 -0.353039 9.424192 168975134182
0.009807 -0.372653 9.414385 168975146181
-0.019613 -0.392266 9.384965 168975158182
-0.029420 -0.431493 9.404578 168975170186
-0.058840 -0.421686 9.365352 168975182182
-0.029420 -0.441299 9.404578 168975194182
