3.395000 -5.547500 -1.837500 168967433885
3.412500 -6.895000 -1.837500 168967445886
3.395000 -8.050000 -1.522500 168967457885
3.027500 -7.770000 -1.050000 168967469885
3.325000 -6.562500 -0.245000 168967481885
4.287500 -5.757500 -0.087500 168967493885
5.460000 -5.617500 -0.525000 168967505886
5.267500 -5.390000 -1.102500 168967517887
4.795000 -5.932500 -1.155000 168967529898
4.900000 -6.545000 -0.787500 168967541890
3.902500 -7.560000 -1.295000 168967553887
3.115000 -7.787500 -1.820000 168967565886
3.342500 -9.712500 -1.680000 168967577886
2.940000 -9.222500 -1.575000 168967589885
3.062500 -7.735000 -1.575000 168967601889
3.290000 -7.210000 -2.222500 168967613885
3.255000 -6.877500 -1.907500 168967625885
2.695000 -6.720000 -1.295000 168967637886
2.100000 -6.632500 -0.892500 168967649885
1.295000 -6.370000 -0.192500 168967661886
0.647500 -6.230000 0.262500 168967673886
1.102500 -6.072500 0.157500 168967685886
2.835000 -6.195000 -0.682500 168967697886
3.850000 -6.755000 -1.382500 168967709888
3.867500 -7.717500 -1.417500 168967721887
4.112500 -7.402500 -1.085000 168967733886
4.025000 -4.147500 0.140000 168967745887
4.077500 -3.062500 0.035000 168967757886
4.200000 -3.150000 -0.262500 168967769886
4.322500 -4.077500 -0.997500 168967781886
4.532500 -6.090000 -1.872500 168967793885
4.567500 -7.875000 -2.800000 168967805887
4.602500 -8.960000 -2.992500 168967817886
4.165000 -8.417500 -2.782500 168967829886
3.692500 -4.620000 -1.522500 168967841885
3.062500 -3.517500 -0.175000 168967853885
2.975000 -3.675000 0.367500 168967865886
2.835000 -4.515000 0.630000 168967877885
2.170000 -5.145000 0.350000 168967889885
2.257500 -5.127500 0.140000 168967901886
2.537500 -5.565000 -0.402500 168967913886
2.887500 -7.385000 -0.367500 168967925886
2.485000 -7.105000 -0.122500 168967937885
2.415000 -5.302500 0.192500 168967949886
2.345000 -3.220000 0.455000 168967961885
2.292500 -2.852500 0.350000 168967973890
1.627500 -4.672500 -0.262500 168967985886
0.630000 -7.612500 -0.367500 168967997890
-0.280000 -8.907500 -0.700000 168968009886
-0.525000 -8.452500 -0.612500 168968021892
0.157500 -9.012500 -0.612500 168968033885
0.017500 -7.892500 -0.262500 168968045888
-0.122500 -6.667500 -0.927500 168968057886
0.822500 -6.282500 -1.120000 168968069885
1.890000 -6.912500 -0.980000 168968081887
2.450000 -9.152500 -0.752500 168968093886
2.782500 -10.010000 -0.577500 168968105886
2.310000 -10.920000 -0.700000 168968117887
3.045000 -11.130000 -1.907500 168968129889
3.657500 -11.812500 -2.817500 168968141887
3.920000 -12.565000 -3.850000 168968153886
3.885000 -11.847500 -3.587500 168968165886
4.847500 -9.887500 -3.937500 168968177886
5.827500 -10.045000 -5.320000 168968189886
5.897500 -10.500000 -6.230000 168968201891
5.215000 -11.340000 -7.822500 168968213885
4.095000 -13.002500 -8.837500 168968225885
3.010000 -13.965000 -9.327500 168968237886
2.240000 -13.597500 -9.835000 168968249885
2.257500 -12.652500 -10.902500 168968261885
2.730000 -10.797500 -11.795000 168968273888
3.640000 -10.657500 -12.162500 168968285886
3.920000 -9.835000 -12.407500 168968297886
2.817500 -9.100000 -13.720000 168968309885
2.730000 -9.450000 -15.277500 168968321886
2.187500 -10.272500 -16.695000 168968333885
1.872500 -10.972500 -17.254999 168968345885
1.767500 -11.025000 -16.957500 168968357887
1.785000 -10.622500 -17.430000 168968369893
1.855000 -10.097500 -17.465000 168968381886
2.327500 -9.835000 -16.799999 168968393886
2.590000 -8.540000 -16.170000 168968405885
3.342500 -7.385000 -15.960000 168968417886
3.097500 -6.282500 -16.625000 168968429885
2.782500 -6.982500 -17.657499 168968441886
3.185000 -7.437500 -17.097500 168968453885
3.080000 -8.102500 -16.309999 168968465885
2.817500 -8.295000 -14.945000 168968477886
2.310000 -7.682500 -13.842500 168968489886
1.627500 -6.965000 -13.457500 168968501887
1.715000 -7.175000 -13.720000 168968513887
1.960000 -7.805000 -13.230000 168968525887
1.995000 -8.732500 -9.642500 168968537886
2.187500 -7.122500 -7.787500 168968549887
2.905000 -5.477500 -7.857500 168968561886
3.482500 -4.812500 -8.417500 168968573886
3.990000 -6.335000 -8.715000 168968585885
4.480000 -7.997500 -8.715000 168968597886
4.777500 -9.152500 -7.910000 168968609886
4.532500 -8.715000 -5.722500 168968621886
3.867500 -6.895000 -4.270000 168968633885
3.885000 -4.935000 -2.975000 168968645885
4.077500 -3.220000 -2.537500 168968657886
4.830000 -3.027500 -2.082500 168968669886
5.180000 -4.375000 -1.645000 168968681886
4.410000 -5.757500 -1.085000 168968693886
3.220000 -6.335000 -1.085000 168968705886
2.257500 -5.425000 1.417500 168968717887
2.065000 -3.972500 2.520000 168968729886
2.677500 -3.062500 3.657500 168968741887
3.570000 -2.450000 4.725000 168968753885
3.850000 -2.432500 5.810000 168968765887
3.552500 -2.642500 6.737500 168968777887
3.762500 -2.222500 7.437500 168968789887
4.672500 -2.922500 7.857500 168968801888
4.602500 -3.657500 9.152500 168968813885
3.850000 -4.130000 10.972500 168968825886
2.362500 -3.482500 12.897500 168968837887
1.715000 -2.187500 14.297500 168968849885
2.520000 0.087500 15.487500 168968861886
4.060000 1.592500 16.152500 168968873886
4.690000 2.660000 16.799999 168968885886
5.530000 1.855000 16.782499 168968897885
5.232500 0.210000 16.677500 168968909888
4.112500 -1.610000 16.555000 168968921886
3.080000 -1.102500 16.660000 168968933885
2.537500 -0.105000 16.309999 168968945886
2.782500 -0.315000 16.117500 168968957889
2.940000 -2.800000 16.205000 168968969885
4.392500 -2.537500 16.065001 168968981887
4.252500 -0.350000 15.732500 168968993892
4.410000 1.155000 15.505000 168969005889
4.287500 0.665000 16.082500 168969017886
3.535000 -0.542500 15.872500 168969029888
2.765000 -1.452500 15.330000 168969041888
2.415000 -2.957500 13.580000 168969053886
2.520000 -3.482500 13.510000 168969065888
2.135000 -3.202500 13.352500 168969077886
1.645000 -3.167500 13.090000 168969089886
2.257500 -3.535000 12.845000 168969101887
2.100000 -3.937500 12.110000 168969113886
1.050000 -3.657500 11.427500 168969125885
0.052500 -4.760000 10.080000 168969137886
0.805000 -5.495000 9.695000 168969149889
1.120000 -4.760000 8.522500 168969161886
1.820000 -3.675000 7.350000 168969173886
2.100000 -3.325000 6.580000 168969185886
2.065000 -3.395000 6.457500 168969197886
1.645000 -3.167500 6.877500 168969209887
1.802500 -3.447500 6.475000 168969221887
2.100000 -4.410000 3.937500 168969233885
3.465000 -5.617500 2.887500 168969245886
4.007500 -6.422500 1.942500 168969257886
3.850000 -7.070000 0.997500 168969269885
2.852500 -7.542500 0.805000 168969281894
1.802500 -8.032500 0.437500 168969293885
0.980000 -8.207500 0.192500 168969305886
0.735000 -7.857500 0.017500 168969317887
0.665000 -6.597500 -0.350000 168969329886
0.350000 -6.370000 -1.330000 168969341886
1.137500 -6.615000 -2.467500 168969353885
1.470000 -6.860000 -3.255000 168969365885
2.747500 -7.525000 -4.725000 168969377886
3.937500 -8.242500 -5.670000 168969389885
4.602500 -9.240000 -6.212500 168969401887
3.797500 -8.575000 -6.860000 168969413885
3.325000 -7.682500 -7.647500 168969425887
3.377500 -6.632500 -8.592500 168969437887
4.322500 -6.475000 -9.607500 168969449885
4.935000 -6.965000 -10.657500 168969461886
5.162500 -7.857500 -12.407500 168969473886
5.495000 -9.135000 -14.507500 168969485887
3.745000 -9.572500 -15.190001 168969497885
3.027500 -9.590000 -15.942500 168969509886
3.027500 -10.080000 -16.572500 168969521892
3.185000 -10.500000 -17.342501 168969533886
2.887500 -9.800000 -17.937500 168969545887
2.835000 -8.820000 -18.287500 168969557886
2.975000 -8.785000 -18.235001 168969569887
4.095000 -8.347500 -18.847500 168969581886
4.847500 -8.522500 -19.075001 168969593885
4.340000 -8.680000 -19.547501 168969605886
3.465000 -9.012500 -19.670000 168969617886
2.642500 -10.342500 -19.407499 168969629886
1.697500 -11.532500 -19.145000 168969641885
0.840000 -11.322500 -19.022501 168969653893
0.787500 -8.505000 -18.847500 168969665885
2.415000 -7.175000 -18.217501 168969677886
3.290000 -6.352500 -17.674999 168969689886
3.605000 -6.002500 -17.360001 168969701888
2.747500 -7.490000 -17.254999 168969713887
2.082500 -9.397500 -16.940001 168969725888
1.015000 -9.852500 -16.870001 168969737886
0.980000 -7.420000 -16.590000 168969749885
3.762500 -5.967500 -16.450001 168969761888
4.655000 -5.355000 -15.995000 168969773886
4.830000 -6.090000 -14.665000 168969785885
4.147500 -7.945000 -13.947500 168969797885
3.272500 -8.802500 -13.720000 168969809886
2.677500 -9.117500 -13.632500 168969821885
2.852500 -7.770000 -13.142500 168969833885
2.940000 -6.300000 -13.317500 168969845886
3.727500 -6.107500 -12.932500 168969857886
4.112500 -6.947500 -12.460000 168969869887
4.287500 -8.435000 -12.092500 168969881975
3.517500 -8.977500 -11.112500 168969893916
2.782500 -8.417500 -10.290000 168969905888
2.590000 -6.685000 -9.012500 168969917889
2.975000 -3.797500 -6.177500 168969929886
3.097500 -3.692500 -5.880000 168969941886
3.272500 -4.935000 -6.072500 168969953889
3.867500 -6.440000 -6.335000 168969965886
4.497500 -7.262500 -6.755000 168969977885
5.232500 -7.665000 -6.352500 168969989885
4.830000 -7.437500 -5.197500 168970001889
3.482500 -7.192500 -2.922500 168970013885
2.117500 -7.087500 -1.697500 168970025891
1.505000 -6.720000 -0.157500 168970037889
1.662500 -5.075000 1.435000 168970049886
2.222500 -4.427500 2.730000 168970061886
3.080000 -3.955000 3.780000 168970073887
3.482500 -3.780000 4.357500 168970085886
4.042500 -4.462500 5.757500 168970097885
4.987500 -4.847500 6.860000 168970109886
4.655000 -5.285000 8.487500 168970121886
5.005000 -5.355000 9.415000 168970133885
5.022500 -4.777500 10.307500 168970145886
5.390000 -3.517500 11.515000 168970157885
5.302500 -2.327500 12.967500 168970169885
5.407500 -0.210000 15.820000 168970181886
5.372500 -0.402500 17.010000 168970193886
5.250000 -1.137500 17.395000 168970205888
4.900000 -0.980000 17.447500 168970217886
4.952500 -1.067500 16.887501 168970229887
5.705000 -2.450000 17.027500 168970241886
6.055000 -3.815000 17.097500 168970253885
5.005000 -4.830000 17.342501 168970265886
3.727500 -2.835000 18.952499 168970277886
3.377500 -2.292500 19.617500 168970289886
4.095000 -2.170000 20.142500 168970301885
3.832500 -2.012500 20.037500 168970313886
3.780000 -2.397500 20.142500 168970325887
3.325000 -2.922500 21.087500 168970337887
2.940000 -3.517500 21.612499 168970349886
2.415000 -2.502500 22.014999 168970361886
2.257500 -1.417500 21.629999 168970373888
2.065000 -1.295000 21.000000 168970385885
1.907500 -2.275000 20.212500 168970397886
1.977500 -4.532500 19.407499 168970409885
1.557500 -5.145000 18.322500 168970421885
1.610000 -5.600000 17.115000 168970433886
1.487500 -6.055000 14.875000 168970445886
2.117500 -6.160000 14.070000 168970457886
2.957500 -6.317500 12.757500 168970469885
2.310000 -6.177500 11.462500 168970481890
1.610000 -6.317500 10.377500 168970493886
1.487500 -6.020000 8.785000 168970505886
1.925000 -5.897500 7.927500 168970517887
2.572500 -5.582500 6.002500 168970529903
3.762500 -4.900000 4.760000 168970541887
3.412500 -4.795000 3.832500 168970553887
3.342500 -5.740000 2.817500 168970565887
2.922500 -7.035000 1.680000 168970577886
2.397500 -7.735000 0.350000 168970589885
1.925000 -7.962500 -1.190000 168970601888
1.820000 -7.665000 -1.820000 168970613886
2.327500 -5.757500 -2.397500 168970625886
3.955000 -4.427500 -2.572500 168970637886
4.742500 -4.217500 -2.485000 168970649885
4.462500 -5.005000 -3.010000 168970661885
3.815000 -5.792500 -3.675000 168970673885
3.622500 -6.177500 -4.847500 168970685886
3.377500 -5.915000 -6.125000 168970697885
3.115000 -6.405000 -8.120000 168970709886
2.905000 -7.542500 -8.785000 168970721887
3.080000 -7.752500 -9.362500 168970733886
3.535000 -7.787500 -9.922500 168970745886
3.080000 -7.035000 -10.657500 168970757886
2.432500 -6.230000 -11.375000 168970769886
1.907500 -6.982500 -11.620000 168970781885
0.892500 -8.960000 -12.915000 168970793889
0.560000 -9.537500 -13.632500 168970805886
0.822500 -10.115000 -13.527500 168970817886
1.435000 -9.905000 -13.825000 168970829886
2.170000 -9.537500 -14.070000 168970841887
2.660000 -9.100000 -14.332500 168970853887
2.957500 -8.820000 -14.332500 168970865885
2.467500 -8.802500 -14.577500 168970877885
0.682500 -11.865000 -14.752501 168970889885
0.210000 -12.057500 -14.980000 168970901887
0.630000 -10.762500 -14.927500 168970913886
1.627500 -8.627500 -14.735000 168970925886
2.765000 -7.192500 -15.067500 168970937887
4.042500 -6.842500 -15.645000 168970949886
4.322500 -7.997500 -16.695000 168970961886
4.077500 -10.552500 -18.549999 168970973885
2.327500 -11.007500 -18.025000 168970985886
1.522500 -9.520000 -18.147501 168970997886
2.222500 -7.402500 -18.514999 168971009885
3.762500 -5.845000 -18.620001 168971021892
4.655000 -6.107500 -18.567499 168971033886
4.917500 -7.332500 -18.217501 168971045886
4.235000 -7.315000 -17.727501 168971057887
4.427500 -6.457500 -17.990000 168971069885
5.390000 -5.950000 -18.077499 168971081886
5.372500 -6.020000 -17.657499 168971093885
5.145000 -6.615000 -17.692499 168971105886
4.322500 -6.685000 -17.692499 168971117886
4.550000 -6.597500 -16.590000 168971129886
4.777500 -5.425000 -14.700000 168971141886
5.180000 -4.095000 -14.280000 168971153885
5.582500 -4.602500 -13.632500 168971165886
5.495000 -5.775000 -12.880000 168971177886
4.655000 -6.282500 -11.742500 168971189886
3.902500 -7.402500 -11.777500 168971201892
3.850000 -8.680000 -11.235000 168971213887
3.535000 -8.995000 -9.082500 168971225886
4.795000 -5.635000 -7.612500 168971237885
5.985000 -3.447500 -6.177500 168971249886
6.370000 -2.852500 -4.847500 168971261886
6.527500 -4.042500 -4.497500 168971273886
5.915000 -5.845000 -4.235000 168971285886
5.407500 -7.385000 -3.465000 168971297886
4.445000 -7.770000 -2.012500 168971309894
3.587500 -4.970000 0.857500 168971321885
3.097500 -3.605000 1.627500 168971333885
3.290000 -4.077500 2.222500 168971345886
3.342500 -4.795000 3.202500 168971357886
3.255000 -4.847500 4.672500 168971369885
3.535000 -4.095000 5.355000 168971381887
3.535000 -3.675000 5.670000 168971393885
3.657500 -5.092500 6.807500 168971405886
4.217500 -5.600000 7.962500 168971417886
3.972500 -4.742500 9.222500 168971429886
4.112500 -3.500000 10.797500 168971441887
4.200000 -2.537500 12.390000 168971453886
4.130000 -2.240000 13.615000 168971465886
3.500000 -2.222500 14.700000 168971477886
3.202500 -1.610000 15.610000 168971489887
3.237500 -2.135000 16.100000 168971501886
3.762500 -3.290000 16.852501 168971513887
3.762500 -3.920000 17.937500 168971525889
3.202500 -3.710000 18.795000 168971537886
2.695000 -2.992500 19.337500 168971549886
2.922500 -2.275000 19.670000 168971561886
3.115000 -2.502500 19.757500 168971573887
3.027500 -4.252500 19.844999 168971585886
3.097500 -3.797500 19.879999 168971597887
3.727500 -3.447500 19.967501 168971609885
3.797500 -2.800000 20.037500 168971621885
3.990000 -2.170000 20.282499 168971633886
4.725000 -1.505000 19.950001 168971645885
5.792500 -0.682500 19.477501 168971657885
6.160000 -3.920000 19.004999 168971669886
4.917500 -5.075000 18.795000 168971681887
4.165000 -4.707500 17.885000 168971693886
3.640000 -3.412500 16.677500 168971705889
3.325000 -3.360000 16.012501 168971717889
3.500000 -4.077500 15.557500 168971729885
2.800000 -4.707500 15.155000 168971741887
1.645000 -5.512500 13.142500 168971753885
0.507500 -6.055000 11.847500 168971765966
0.770000 -6.737500 10.080000 168971777949
1.645000 -6.562500 8.417500 168971789947
2.432500 -6.247500 6.790000 168971801944
2.712500 -6.982500 5.705000 168971813928
2.852500 -7.245000 5.232500 168971825928
2.187500 -6.930000 2.817500 168971837905
0.840000 -6.597500 1.540000 168971849941
0.875000 -6.440000 0.122500 168971861927
1.155000 -6.317500 -0.945000 168971873927
2.450000 -7.192500 -2.240000 168971885928
2.730000 -7.997500 -3.570000 168971897925
3.132500 -8.242500 -4.602500 168971909926
3.535000 -8.137500 -5.547500 168971921926
3.605000 -7.577500 -5.285000 168971933925
3.045000 -7.420000 -5.057500 168971945926
2.887500 -6.650000 -5.967500 168971957903
2.415000 -6.667500 -7.105000 168971969936
2.292500 -7.297500 -8.172500 168971981934
2.572500 -7.647500 -9.310000 168971993940
3.290000 -7.665000 -9.870000 168972005936
4.130000 -6.580000 -10.605000 168972017914
4.935000 -6.405000 -11.130000 168972029914
4.830000 -6.002500 -11.357500 168972041913
4.515000 -5.127500 -11.690000 168972053911
4.182500 -5.477500 -12.512500 168972065913
4.270000 -6.072500 -13.457500 168972077913
3.500000 -8.172500 -14.595000 168972089910
2.730000 -9.485000 -16.047501 168972101914
2.362500 -8.837500 -16.327499 168972113912
2.695000 -7.945000 -16.450001 168972125911
2.817500 -6.912500 -16.152500 168972137911
3.150000 -6.895000 -16.607500 168972149911
2.712500 -7.367500 -16.975000 168972161913
1.925000 -8.697500 -17.780001 168972173910
0.647500 -10.570000 -19.530001 168972185910
0.262500 -10.062500 -19.879999 168972197913
1.032500 -8.295000 -19.512501 168972209893
1.277500 -6.650000 -19.040001 168972221892
2.520000 -5.967500 -19.302500 168972233890
4.007500 -5.337500 -19.775000 168972245912
4.585000 -5.565000 -20.125000 168972257911
5.477500 -6.037500 -20.562500 168972269911
5.670000 -7.472500 -20.754999 168972281911
5.180000 -7.332500 -20.930000 168972293910
5.565000 -6.527500 -20.947500 168972305910
6.037500 -5.880000 -20.370001 168972317912
5.757500 -5.705000 -19.110001 168972329911
5.127500 -5.337500 -18.042500 168972341910
4.672500 -4.672500 -17.517500 168972353911
4.847500 -5.127500 -16.607500 168972365911
4.742500 -6.300000 -15.505000 168972377910
4.497500 -6.790000 -14.087500 168972389910
4.217500 -5.845000 -13.562500 168972401913
4.007500 -4.567500 -12.880000 168972413911
3.815000 -4.742500 -12.145000 168972425911
3.517500 -5.897500 -11.340000 168972437911
3.850000 -6.265000 -9.537500 168972449910
5.057500 -5.617500 -8.575000 168972461912
5.285000 -5.022500 -7.140000 168972473911
5.442500 -5.145000 -5.915000 168972485912
5.617500 -4.970000 -5.320000 168972497911
5.722500 -4.567500 -3.832500 168972509911
5.285000 -4.130000 -2.380000 168972521920
5.057500 -4.042500 -1.137500 168972533912
4.742500 -4.970000 -1.085000 168972545912
5.302500 -6.597500 -1.172500 168972557911
5.407500 -7.402500 -0.927500 168972569911
5.320000 -8.172500 -0.245000 168972581912
4.760000 -8.190000 0.910000 168972593912
4.480000 -7.385000 1.802500 168972605911
3.465000 -6.282500 2.222500 168972617911
2.607500 -6.825000 2.030000 168972629911
2.275000 -7.035000 2.695000 168972641911
2.117500 -7.490000 3.412500 168972653911
1.470000 -7.735000 5.110000 168972665913
1.330000 -6.702500 6.317500 168972677912
2.170000 -5.635000 7.245000 168972689912
3.202500 -4.707500 8.120000 168972701897
4.060000 -5.565000 9.677500 168972713892
5.232500 -6.562500 10.412500 168972725892
5.285000 -7.577500 10.955000 168972737893
4.462500 -8.522500 12.162500 168972749911
3.570000 -8.102500 13.125000 168972761937
3.587500 -5.967500 14.262500 168972773914
4.305000 -3.727500 15.505000 168972785914
5.285000 -2.905000 18.042500 168972797912
6.195000 -3.150000 18.620001 168972809912
6.702500 -4.025000 18.917500 168972821911
7.245000 -5.355000 19.582500 168972833914
6.912500 -5.967500 20.615000 168972845912
6.212500 -5.705000 21.945000 168972857911
5.425000 -5.442500 23.187500 168972869913
4.952500 -4.427500 23.852501 168972881913
5.092500 -4.375000 23.799999 168972893914
5.127500 -5.337500 23.607500 168972905914
4.707500 -6.475000 23.344999 168972917914
3.587500 -6.790000 23.065001 168972929915
3.447500 -7.017500 22.504999 168972941912
3.377500 -6.737500 21.594999 168972953912
3.395000 -6.597500 20.650000 168972965914
3.535000 -6.142500 18.812500 168972977915
3.517500 -5.512500 17.850000 168972989913
3.010000 -6.020000 16.379999 168973001913
2.502500 -7.070000 14.717500 168973013915
1.662500 -7.997500 12.600000 168973025916
1.050000 -8.470000 10.797500 168973037914
0.997500 -8.050000 9.642500 168973049914
1.190000 -6.247500 8.627500 168973061913
1.487500 -5.635000 7.875000 168973073912
2.152500 -4.882500 6.562500 168973085913
3.237500 -4.987500 5.215000 168973097912
3.220000 -4.917500 4.550000 168973109913
2.817500 -4.252500 3.780000 168973121920
1.855000 -3.797500 3.447500 168973133913
1.137500 -4.042500 3.622500 168973145912
0.542500 -4.392500 2.590000 168973157914
0.455000 -5.442500 0.717500 168973169912
1.592500 -6.702500 -1.330000 168973181914
2.362500 -7.927500 -2.712500 168973193912
2.625000 -8.750000 -2.380000 168973205895
1.855000 -8.435000 -1.557500 168973217891
0.927500 -2.800000 -0.245000 168973229893
0.700000 -3.062500 -0.577500 168973241914
0.752500 -5.600000 -1.575000 168973253911
0.612500 -7.735000 -2.380000 168973265913
-0.052500 -8.277500 -3.132500 168973277913
-0.035000 -7.472500 -3.395000 168973289913
0.770000 -5.915000 -3.447500 168973301914
2.030000 -5.215000 -3.500000 168973313915
3.640000 -2.730000 -4.550000 168973325914
4.217500 -2.065000 -4.795000 168973337913
4.042500 -1.627500 -5.337500 168973349913
4.165000 -2.257500 -6.580000 168973361912
4.392500 -3.202500 -7.962500 168973373913
4.392500 -4.095000 -9.695000 168973385912
4.882500 -5.110000 -10.867500 168973397914
5.215000 -5.722500 -12.932500 168973409915
4.707500 -6.335000 -13.387500 168973421918
3.797500 -6.422500 -13.947500 168973433911
3.080000 -6.562500 -15.382500 168973445913
2.730000 -6.492500 -16.695000 168973457913
2.782500 -6.825000 -17.902500 168973469915
2.205000 -7.332500 -18.602501 168973481913
1.662500 -7.910000 -19.792500 168973493916
1.050000 -8.277500 -20.545000 168973505913
1.137500 -8.242500 -21.245001 168973517913
1.487500 -8.540000 -21.752501 168973529931
1.715000 -8.312500 -21.945000 168973541917
1.505000 -7.840000 -21.857500 168973553917
2.222500 -7.035000 -21.262501 168973565915
2.835000 -5.600000 -22.032499 168973577915
4.025000 -6.212500 -22.469999 168973589915
4.060000 -7.770000 -22.137501 168973601914
3.132500 -8.802500 -21.385000 168973613914
2.100000 -8.487500 -21.139999 168973625913
2.222500 -7.262500 -21.490000 168973637914
2.975000 -5.740000 -21.507500 168973649913
4.077500 -4.550000 -21.052500 168973661913
4.095000 -3.710000 -19.215000 168973673914
3.745000 -4.392500 -18.672501 168973685914
3.342500 -5.530000 -18.620001 168973697913
2.730000 -6.142500 -18.042500 168973709895
2.607500 -5.810000 -17.762501 168973721892
2.485000 -3.990000 -17.850000 168973733893
3.220000 -3.325000 -17.639999 168973745913
4.112500 -5.950000 -15.680000 168973757914
4.480000 -6.632500 -14.997500 168973769912
4.322500 -6.667500 -13.877501 168973781912
4.217500 -5.285000 -12.512500 168973793912
4.235000 -3.430000 -11.095000 168973805915
4.270000 -2.677500 -9.730000 168973817914
4.812500 -3.412500 -8.872500 168973829916
4.585000 -6.947500 -7.647500 168973841913
2.905000 -8.662500 -6.685000 168973853913
2.485000 -8.312500 -5.827500 168973865911
2.870000 -6.720000 -5.425000 168973877915
3.937500 -6.125000 -5.145000 168973889917
4.987500 -6.982500 -4.375000 168973901917
4.200000 -7.595000 -3.045000 168973913912
3.325000 -5.687500 0.700000 168973925913
1.137500 -3.500000 1.995000 168973937912
1.067500 -2.275000 2.747500 168973949913
1.890000 -2.817500 2.537500 168973961911
3.430000 -5.040000 1.802500 168973973913
4.235000 -7.577500 1.820000 168973985913
5.145000 -8.102500 2.415000 168973997912
5.302500 -6.982500 3.500000 168974009914
5.495000 -5.617500 6.965000 168974021925
5.250000 -4.655000 8.750000 168974033912
4.235000 -3.377500 10.202500 168974045913
4.445000 -2.380000 11.410000 168974057914
4.462500 -2.415000 12.302500 168974069914
4.357500 -3.185000 12.670000 168974081914
4.585000 -4.287500 13.107500 168974093911
4.830000 -6.177500 13.702500 168974105914
4.847500 -6.947500 15.242500 168974117913
4.147500 -7.070000 16.940001 168974129913
3.377500 -6.282500 18.410000 168974141911
2.625000 -4.812500 19.512501 168974153912
2.922500 -4.165000 20.492500 168974165912
2.362500 -3.797500 21.350000 168974177913
2.240000 -4.182500 21.542500 168974189914
2.590000 -4.707500 20.790001 168974201898
2.730000 -6.020000 19.915001 168974213893
3.185000 -7.525000 19.337500 168974225892
2.677500 -7.717500 18.812500 168974237894
2.730000 -7.280000 18.655001 168974249915
2.887500 -6.335000 18.812500 168974261912
3.150000 -4.165000 18.427500 168974273913
3.255000 -4.935000 17.674999 168974285913
2.572500 -6.527500 16.677500 168974297912
1.872500 -8.260000 16.222500 168974309912
1.645000 -8.767500 15.995000 168974321913
1.697500 -7.507500 15.557500 168974333912
3.115000 -5.372500 14.910000 168974345912
4.060000 -4.515000 14.437500 168974357913
4.112500 -5.810000 13.545000 168974369913
3.430000 -6.107500 12.670000 168974381913
2.747500 -6.125000 11.410000 168974393914
2.310000 -6.510000 9.835000 168974405915
2.205000 -7.630000 8.907500 168974417912
2.012500 -7.665000 8.085000 168974429912
2.082500 -7.770000 7.262500 168974441914
2.432500 -6.755000 5.460000 168974453913
3.500000 -6.562500 4.340000 168974465913
2.747500 -7.000000 3.920000 168974477911
2.135000 -7.857500 4.147500 168974489914
1.085000 -8.172500 4.252500 168974501914
0.945000 -7.735000 4.095000 168974513914
1.820000 -6.737500 3.062500 168974525914
3.465000 -7.052500 0.017500 168974537914
4.707500 -8.312500 -0.367500 168974549913
3.902500 -8.575000 -0.227500 168974561913
3.220000 -7.770000 0.682500 168974573913
2.257500 -6.930000 0.927500 168974585914
2.415000 -6.072500 0.927500 168974597913
2.940000 -6.177500 0.157500 168974609913
3.167500 -7.927500 -1.067500 168974621912
2.012500 -8.400000 -1.102500 168974633912
1.837500 -8.715000 -1.435000 168974645912
2.642500 -8.452500 -1.400000 168974657913
3.080000 -7.927500 -1.907500 168974669913
3.395000 -7.805000 -2.065000 168974681912
3.237500 -7.367500 -1.662500 168974693912
2.397500 -6.930000 -1.295000 168974705903
1.295000 -6.282500 -1.102500 168974717893
1.995000 -7.122500 -1.382500 168974729892
2.537500 -7.542500 -1.750000 168974741912
2.345000 -7.175000 -1.960000 168974753912
1.487500 -7.437500 -2.030000 168974765914
1.242500 -7.770000 -1.890000 168974777912
0.910000 -8.137500 -2.012500 168974789913
0.752500 -7.385000 -2.905000 168974801914
1.610000 -6.825000 -2.905000 168974813911
1.890000 -6.895000 -2.940000 168974825912
1.942500 -7.717500 -3.115000 168974837914
1.977500 -7.962500 -2.747500 168974849915
1.855000 -7.402500 -2.100000 168974861912
2.012500 -6.930000 -1.312500 168974873913
2.030000 -5.145000 -0.210000 168974885913
2.957500 -5.722500 -0.840000 168974897913
3.447500 -5.827500 -0.997500 168974909913
3.535000 -6.632500 -0.840000 168974921912
3.657500 -5.932500 -0.350000 168974933913
4.025000 -5.022500 0.210000 168974945912
4.375000 -3.885000 0.087500 168974957913
4.847500 -3.972500 -0.070000 168974969914
6.247500 -4.970000 -0.962500 168974981913
6.405000 -5.792500 -1.365000 168974993912
5.740000 -6.387500 -2.065000 168975005915
5.565000 -6.562500 -2.642500 168975017913
5.775000 -6.877500 -2.975000 168975029915
5.757500 -6.562500 -2.975000 168975041913
5.530000 -6.527500 -2.415000 168975053911
5.005000 -5.355000 -0.822500 168975065913
4.340000 -5.215000 -0.857500 168975077915
4.707500 -5.250000 -1.225000 168975089913
5.075000 -6.020000 -1.767500 168975101912
4.760000 -6.212500 -2.292500 168975113913
4.322500 -6.405000 -2.327500 168975125912
3.797500 -6.860000 -1.645000 168975137912
3.272500 -5.477500 -1.260000 168975149913
4.305000 -4.952500 -1.050000 168975161913
4.637500 -4.707500 -0.892500 168975173914
3.692500 -4.795000 -0.857500 168975185914
3.062500 -5.075000 -0.682500 168975197912
2.572500 -5.302500 -0.665000 168975209894
2.415000 -6.002500 -0.490000 168975221892
