-1.020000 8.940000 1.380000 168967473204
-0.780000 9.300000 1.500000 168967485191
-0.780000 9.179999 1.620000 168967497167
-0.900000 8.940000 1.500000 168967509221
-0.960000 9.240000 1.560000 168967521195
-1.020000 9.179999 1.500000 168967533235
-0.840000 8.760000 1.560000 168967545228
-0.540000 9.059999 1.620000 168967557191
-0.660000 9.059999 1.500000 168967569186
-0.960000 8.880000 1.320000 168967581240
-0.840000 8.880000 1.680000 168967593183
-0.600000 8.880000 1.320000 168967605250
-0.840000 9.240000 1.560000 168967617172
-1.080000 8.760000 1.680000 168967629173
-0.600000 8.760000 1.680000 168967641183
-0.600000 9.360000 1.560000 168967653172
-0.840000 9.120000 1.200000 168967665190
-0.960000 9.000000 1.320000 168967677206
-0.660000 8.940000 1.500000 168967689165
-0.660000 9.300000 1.620000 168967701252
-0.540000 8.820000 1.740000 168967713199
-0.540000 9.179999 1.620000 168967725193
-0.600000 8.880000 1.560000 168967737173
-0.600000 9.000000 1.680000 168967749176
-0.720000 8.880000 1.680000 168967761193
-0.840000 9.000000 1.680000 168967773205
-0.900000 8.820000 1.500000 168967785196
-1.020000 9.059999 1.500000 168967797167
-0.780000 8.940000 1.260000 168967809213
-0.780000 9.059999 1.500000 168967821189
-0.780000 9.300000 1.620000 168967833173
-0.660000 8.940000 1.620000 168967845178
-0.660000 9.059999 1.620000 168967857160
-0.540000 9.059999 1.620000 168967869169
-0.660000 8.940000 1.380000 168967881213
-0.900000 8.820000 1.380000 168967893165
-0.660000 8.940000 1.380000 168967905234
-0.900000 9.179999 1.740000 168967917170
-0.840000 9.120000 1.560000 168967929161
-0.780000 9.179999 1.620000 168967941190
-1.020000 9.059999 1.740000 168967953174
-1.020000 9.300000 1.740000 168967965188
-0.600000 9.000000 1.560000 168967977206
-0.540000 9.300000 1.620000 168967989179
-0.600000 9.000000 1.680000 168968001258
-0.720000 8.880000 1.560000 168968013166
-1.020000 9.420000 1.500000 168968025220
-0.840000 9.240000 1.440000 168968037184
-0.540000 9.059999 1.260000 168968049180
-0.660000 8.940000 1.620000 168968061188
-0.780000 9.179999 1.620000 168968073256
-0.900000 8.820000 1.620000 168968085199
-0.960000 9.000000 1.800000 168968097161
-0.720000 9.000000 1.560000 168968109238
-0.960000 9.000000 1.320000 168968121194
-0.780000 9.059999 1.620000 168968133207
-0.780000 8.940000 1.500000 168968145198
-1.260000 8.940000 1.500000 168968157175
-0.900000 9.059999 1.500000 168968169173
-0.900000 9.660000 1.740000 168968181219
-0.900000 8.940000 1.500000 168968193177
-0.360000 9.120000 1.560000 168968205268
-0.720000 9.000000 1.560000 168968217172
-0.660000 9.420000 1.380000 168968229168
-0.840000 9.240000 1.800000 168968241203
-0.780000 8.940000 1.740000 168968253178
-0.900000 9.179999 1.500000 168968265183
-1.020000 8.700000 1.620000 168968277211
-0.660000 9.059999 1.740000 168968289171
-0.900000 8.940000 1.740000 168968301232
-0.900000 8.820000 1.500000 168968313178
-1.140000 9.059999 1.620000 168968325191
-1.320000 8.880000 1.680000 168968337168
-0.900000 8.820000 1.620000 168968349160
-0.960000 9.120000 1.560000 168968361190
-1.020000 8.700000 1.380000 168968373212
-0.960000 8.880000 1.440000 168968385182
-1.200000 8.760000 1.800000 168968397169
-0.900000 8.940000 1.500000 168968409216
-1.020000 8.700000 1.740000 168968421189
-1.440000 9.000000 1.560000 168968433165
-0.960000 8.639999 1.800000 168968445189
-0.720000 9.000000 1.800000 168968457166
-1.140000 9.059999 1.620000 168968469163
-0.900000 8.820000 1.740000 168968481214
-1.080000 9.120000 1.560000 168968493172
-0.900000 8.580000 1.860000 168968505239
-1.260000 8.820000 1.620000 168968517166
-1.440000 8.880000 1.560000 168968529197
-1.140000 8.580000 1.860000 168968541199
-1.200000 8.760000 1.800000 168968553173
-1.020000 8.700000 1.500000 168968565204
-1.140000 8.820000 1.500000 168968577206
-1.080000 8.760000 1.800000 168968589170
-0.960000 8.639999 1.440000 168968601234
-0.720000 8.520000 1.800000 168968613174
-1.020000 8.700000 1.860000 168968625193
-0.960000 8.880000 1.680000 168968637167
-1.080000 8.639999 1.800000 168968649172
-1.080000 8.639999 1.800000 168968661193
-1.260000 8.820000 1.740000 168968673208
-1.020000 8.940000 1.500000 168968685185
-1.140000 8.820000 1.380000 168968697172
-1.200000 8.639999 2.040000 168968709232
-1.080000 8.400000 1.680000 168968721196
-1.140000 8.700000 1.860000 168968733178
-1.200000 8.880000 1.560000 168968745198
-1.380000 8.700000 1.620000 168968757164
-0.960000 8.639999 1.560000 168968769179
-1.020000 8.700000 1.740000 168968781222
-1.200000 8.760000 1.680000 168968793181
-1.140000 8.460000 1.620000 168968805233
-1.080000 8.639999 1.440000 168968817170
-1.080000 9.000000 1.680000 168968829171
-1.080000 8.760000 1.560000 168968841185
-1.320000 8.880000 1.440000 168968853174
-1.200000 8.520000 1.560000 168968865193
-0.720000 8.520000 1.440000 168968877206
-1.260000 8.820000 1.500000 168968889165
-1.020000 8.940000 1.740000 168968901233
-0.900000 8.940000 1.500000 168968913184
-0.840000 9.000000 1.560000 168968925182
-1.020000 8.700000 1.620000 168968937167
-1.080000 8.760000 1.800000 168968949171
-0.960000 9.000000 1.560000 168968961199
-0.720000 8.880000 1.800000 168968973204
-0.720000 9.240000 1.680000 168968985218
-0.720000 8.880000 1.440000 168968997205
-0.960000 8.880000 1.680000 168969009241
-0.780000 9.059999 1.260000 168969021205
-0.840000 8.880000 1.560000 168969033200
-1.020000 9.179999 1.740000 168969045196
-0.840000 9.240000 1.560000 168969057166
-0.780000 9.300000 1.620000 168969069177
-1.080000 9.240000 1.560000 168969081234
-0.720000 8.760000 1.560000 168969093166
-0.840000 9.120000 1.440000 168969105245
-0.720000 9.000000 1.440000 168969117173
-0.960000 9.120000 1.560000 168969129163
-0.540000 9.059999 1.740000 168969141190
-0.540000 9.300000 1.740000 168969153188
-0.780000 9.300000 1.380000 168969165193
-0.780000 9.179999 1.380000 168969177197
-0.720000 9.120000 1.680000 168969189173
-0.900000 9.059999 1.740000 168969201260
-0.960000 9.360000 1.320000 168969213185
-0.840000 9.360000 1.440000 168969225204
-0.720000 9.000000 1.320000 168969237171
-0.600000 9.360000 1.440000 168969249175
-0.780000 9.059999 1.380000 168969261182
-0.660000 8.820000 1.500000 168969273218
-0.540000 8.820000 1.500000 168969285194
-1.020000 9.059999 1.620000 168969297160
-0.960000 9.240000 1.680000 168969309223
-0.900000 9.179999 1.740000 168969321194
-0.780000 9.179999 1.620000 168969333174
-1.140000 9.179999 1.620000 168969345185
-0.960000 9.360000 1.560000 168969357170
-0.720000 9.120000 1.680000 168969369170
-0.960000 9.120000 1.440000 168969381207
-0.600000 9.480000 1.440000 168969393178
-0.900000 8.820000 1.500000 168969405239
-0.660000 9.179999 1.620000 168969417167
-0.840000 9.120000 1.680000 168969429162
-0.780000 9.059999 1.500000 168969441191
-0.720000 9.120000 1.920000 168969453172
-0.840000 9.120000 1.680000 168969465184
-0.780000 9.059999 1.620000 168969477201
-0.600000 9.360000 1.440000 168969489172
-0.720000 8.880000 1.560000 168969501224
-1.020000 9.179999 1.500000 168969513166
-0.900000 9.179999 1.260000 168969525209
-0.660000 8.940000 1.620000 168969537180
-0.540000 9.179999 1.500000 168969549169
-0.960000 9.120000 1.680000 168969561197
-1.020000 9.179999 1.500000 168969573218
-0.900000 9.300000 1.500000 168969585186
-0.900000 8.820000 1.500000 168969597173
-1.320000 9.240000 1.440000 168969609223
-0.900000 8.940000 1.380000 168969621190
-0.780000 8.700000 1.740000 168969633167
-1.020000 9.059999 1.260000 168969645190
-0.660000 8.940000 1.620000 168969657167
-0.960000 9.000000 1.680000 168969669161
-1.140000 8.940000 1.620000 168969681215
-0.840000 8.880000 1.560000 168969693172
-0.900000 9.059999 1.620000 168969705252
-0.900000 8.700000 1.620000 168969717170
-0.900000 8.820000 1.260000 168969729182
-0.840000 8.639999 1.800000 168969741195
-0.960000 9.000000 1.680000 168969753166
-0.900000 8.820000 1.620000 168969765193
-0.960000 8.880000 1.680000 168969777201
-0.900000 8.820000 1.500000 168969789171
-1.260000 8.820000 1.620000 168969801227
-0.840000 8.880000 1.680000 168969813173
-1.080000 8.639999 2.040000 168969825189
-0.900000 8.580000 1.620000 168969837158
-1.020000 9.059999 1.620000 168969849194
-0.780000 8.820000 1.740000 168969861193
-0.900000 8.700000 1.500000 168969873201
-0.840000 8.760000 1.920000 168969887352
-1.140000 8.820000 1.620000 168969898558
-1.320000 8.639999 1.800000 168969909998
-1.140000 8.700000 1.740000 168969921521
-1.200000 8.639999 1.680000 168969933184
-1.020000 8.700000 1.740000 168969945192
-1.020000 8.340000 1.500000 168969957432
-1.320000 8.280000 1.920000 168969969185
-1.200000 9.000000 1.560000 168969981242
-0.900000 8.460000 1.380000 168969993179
-0.840000 8.639999 1.920000 168970005250
-1.260000 8.700000 1.500000 168970017252
-1.140000 8.580000 1.620000 168970029218
-1.260000 8.580000 1.380000 168970041199
-1.020000 8.460000 1.620000 168970053184
-1.020000 8.700000 1.740000 168970065196
-1.200000 8.760000 1.800000 168970077217
-1.080000 8.760000 1.560000 168970089166
-1.140000 8.580000 1.860000 168970101246
-1.260000 8.940000 1.380000 168970113179
-1.320000 8.400000 1.680000 168970125185
-1.140000 8.580000 1.620000 168970137170
-1.560000 8.639999 1.680000 168970149171
-0.840000 8.520000 1.560000 168970161189
-1.320000 9.000000 1.800000 168970173196
-0.900000 8.700000 1.740000 168970185192
-1.080000 8.639999 1.440000 168970197169
-1.020000 8.820000 1.500000 168970209237
-0.840000 8.639999 1.680000 168970221203
-0.840000 8.760000 1.560000 168970233177
-0.900000 8.700000 1.500000 168970245197
-1.080000 8.760000 1.560000 168970257163
-1.020000 8.820000 1.620000 168970269169
-1.020000 8.580000 1.740000 168970281220
-0.960000 9.000000 1.800000 168970293163
-0.600000 9.000000 1.680000 168970305235
-1.020000 8.940000 1.500000 168970317177
-0.900000 9.059999 1.740000 168970329173
-1.020000 8.940000 1.860000 168970341187
-1.020000 8.700000 1.500000 168970353176
-0.900000 8.940000 1.620000 168970365191
-0.660000 9.059999 1.500000 168970377203
-0.900000 9.420000 1.500000 168970389172
-0.720000 9.000000 1.800000 168970401238
-1.140000 9.059999 1.620000 168970413169
-1.020000 9.059999 1.620000 168970425191
-0.660000 9.179999 1.740000 168970437169
-0.660000 8.820000 1.740000 168970449171
-0.900000 8.820000 1.500000 168970461179
-0.840000 8.880000 1.200000 168970473212
-0.900000 8.820000 1.620000 168970485196
-0.660000 8.940000 1.740000 168970497159
-0.600000 8.880000 1.560000 168970509216
-0.900000 9.059999 1.740000 168970521200
-0.780000 9.420000 1.740000 168970533224
-0.600000 9.120000 1.680000 168970545213
-0.720000 9.480000 1.680000 168970557187
-1.020000 9.179999 1.860000 168970569190
-0.660000 9.179999 1.620000 168970581229
-0.600000 9.000000 1.800000 168970593180
-0.600000 9.240000 1.560000 168970605258
-0.660000 9.059999 1.740000 168970617171
-0.660000 9.420000 1.740000 168970629164
-0.720000 9.120000 1.560000 168970641198
-0.720000 9.240000 1.320000 168970653174
-0.840000 9.000000 1.440000 168970665180
-0.840000 9.120000 1.560000 168970677204
-0.720000 9.240000 1.560000 168970689169
-0.900000 9.300000 1.500000 168970701254
-0.480000 9.599999 1.800000 168970713180
-0.660000 8.940000 1.740000 168970725199
-1.020000 9.059999 1.500000 168970737173
-0.840000 9.000000 1.680000 168970749171
-0.960000 9.120000 1.560000 168970761195
-0.660000 9.300000 1.740000 168970773216
-0.780000 8.700000 1.500000 168970785197
-0.840000 9.000000 1.320000 168970797179
-0.900000 9.179999 1.380000 168970809240
-0.900000 8.700000 1.620000 168970821194
-0.720000 9.120000 1.560000 168970833172
-0.780000 9.059999 1.740000 168970845191
-0.720000 9.120000 1.560000 168970857168
-0.840000 9.000000 1.560000 168970869164
-0.840000 9.120000 1.560000 168970881222
-1.140000 9.059999 1.740000 168970893173
-0.900000 8.820000 1.860000 168970905246
-1.200000 8.880000 1.560000 168970917161
-0.900000 8.940000 1.620000 168970929173
-1.020000 8.940000 1.620000 168970941189
-1.140000 9.059999 1.860000 168970953164
-0.960000 8.880000 1.320000 168970965191
-0.960000 9.000000 1.440000 168970977199
-0.660000 8.940000 1.500000 168970989168
-1.020000 9.059999 1.620000 168971001229
-0.960000 8.639999 1.560000 168971013175
-0.960000 9.000000 1.560000 168971025217
-0.840000 9.000000 1.680000 168971037171
-1.200000 8.760000 1.440000 168971049178
-1.320000 9.000000 1.680000 168971061194
-1.200000 8.880000 1.680000 168971073218
-1.140000 8.940000 1.740000 168971085185
-1.140000 8.820000 1.620000 168971097169
-1.140000 8.820000 1.620000 168971109222
-1.080000 8.639999 1.560000 168971121183
-1.080000 9.000000 1.680000 168971133174
-0.960000 8.639999 1.560000 168971145192
-1.020000 8.820000 1.260000 168971157162
-1.080000 9.000000 1.320000 168971169162
-1.140000 8.580000 1.380000 168971181216
-0.900000 8.820000 1.620000 168971193174
-1.140000 8.580000 1.740000 168971205249
-1.020000 8.940000 1.620000 168971217182
-0.960000 8.520000 1.680000 168971229179
-1.080000 8.520000 1.440000 168971241190
-1.260000 8.340000 1.500000 168971253180
-0.900000 8.340000 1.380000 168971265190
-1.200000 8.760000 1.560000 168971277205
-0.960000 8.639999 1.440000 168971289166
-0.540000 8.580000 1.620000 168971301235
-0.840000 8.880000 1.800000 168971313176
-0.840000 8.639999 1.680000 168971325181
-0.840000 8.520000 1.560000 168971337169
-1.080000 8.760000 1.320000 168971349172
-1.200000 8.639999 1.680000 168971361190
-0.900000 8.580000 1.380000 168971373198
-1.260000 8.340000 1.620000 168971385193
-1.260000 8.580000 1.500000 168971397168
-1.140000 8.580000 1.620000 168971409209
-1.140000 8.220000 1.740000 168971421195
-1.200000 8.760000 1.680000 168971433172
-0.780000 8.580000 1.740000 168971445190
-1.080000 8.639999 1.320000 168971457159
-0.780000 8.580000 1.620000 168971469171
-1.200000 8.639999 1.560000 168971481223
-1.140000 8.820000 1.500000 168971493171
-0.960000 8.760000 1.560000 168971505238
-1.140000 8.700000 1.620000 168971517173
-0.960000 8.400000 1.680000 168971529196
-1.020000 8.820000 1.620000 168971541190
-0.900000 8.820000 1.620000 168971553183
-0.840000 8.639999 1.800000 168971565197
-1.260000 9.059999 1.380000 168971577197
-0.960000 9.000000 1.560000 168971589171
-0.780000 8.820000 1.260000 168971601240
-0.840000 9.000000 1.680000 168971613168
-0.360000 9.000000 1.440000 168971625180
-0.840000 8.760000 1.440000 168971637168
-1.020000 8.940000 1.500000 168971649169
-0.960000 8.520000 1.320000 168971661179
-0.720000 9.000000 1.560000 168971673209
-0.720000 9.120000 1.440000 168971685196
-0.960000 8.639999 1.320000 168971697160
-0.720000 9.000000 1.560000 168971709243
-0.540000 9.059999 1.620000 168971721203
-1.020000 9.300000 1.380000 168971733173
-0.840000 8.880000 1.440000 168971745187
-0.780000 9.059999 1.500000 168971757173
-1.020000 8.940000 1.500000 168971769196
-0.540000 8.940000 1.500000 168971781316
-0.600000 9.240000 1.800000 168971793507
-0.780000 9.179999 1.740000 168971805308
-0.960000 9.240000 1.680000 168971817151
-0.540000 8.940000 1.620000 168971829069
-1.020000 8.940000 1.500000 168971843712
-0.900000 8.940000 1.740000 168971855241
-0.780000 9.059999 1.620000 168971866652
-0.660000 9.179999 1.380000 168971878109
-0.900000 9.059999 1.500000 168971889491
-0.900000 8.820000 1.620000 168971901158
-1.020000 9.059999 1.500000 168971913069
-1.020000 9.300000 1.860000 168971925090
-0.840000 9.000000 1.440000 168971937074
-0.660000 9.059999 1.500000 168971949062
-0.660000 9.179999 1.620000 168971961607
-0.720000 9.120000 1.680000 168971978988
-1.020000 9.300000 1.500000 168971990580
-0.720000 9.240000 1.920000 168972002231
-0.780000 8.820000 1.500000 168972013671
-1.020000 9.059999 1.500000 168972025116
-0.660000 9.179999 1.380000 168972036544
-0.780000 9.179999 1.500000 168972047945
-0.780000 8.940000 1.740000 168972059346
-0.960000 9.000000 1.800000 168972070840
-0.960000 9.120000 1.680000 168972082239
-0.600000 8.639999 1.560000 168972093621
-0.840000 8.639999 1.440000 168972105154
-0.480000 9.000000 1.800000 168972117062
-0.660000 9.300000 1.740000 168972129075
-0.960000 9.000000 1.560000 168972141092
-0.960000 8.880000 1.920000 168972153069
-1.080000 9.000000 1.680000 168972165091
-1.320000 9.000000 1.080000 168972177104
-0.960000 8.760000 1.560000 168972189072
-0.960000 9.000000 2.040000 168972201151
-0.900000 9.059999 1.740000 168972213085
-0.840000 9.000000 1.440000 168972225102
-1.140000 8.580000 1.740000 168972237065
-1.020000 8.820000 1.620000 168972249079
-0.480000 8.760000 1.440000 168972261088
-0.900000 8.580000 1.740000 168972273111
-1.020000 8.700000 1.500000 168972285084
-0.900000 8.700000 1.620000 168972297066
-0.720000 8.520000 1.560000 168972309121
-0.900000 8.580000 1.380000 168972321082
-1.080000 8.760000 1.440000 168972333074
-0.900000 8.940000 1.500000 168972345089
-1.200000 8.639999 1.440000 168972357071
-0.960000 8.520000 1.800000 168972369064
-0.780000 8.580000 1.620000 168972381117
-1.080000 8.400000 1.680000 168972393071
-1.020000 8.820000 1.620000 168972405126
-1.200000 8.639999 1.680000 168972417069
-1.260000 8.700000 1.500000 168972429073
-1.140000 8.460000 1.500000 168972441079
-1.020000 8.340000 1.500000 168972453065
-1.140000 8.580000 1.620000 168972465091
-0.960000 8.639999 1.560000 168972477099
-1.320000 8.520000 1.560000 168972489064
-1.260000 8.220000 1.500000 168972501132
-0.840000 8.400000 1.440000 168972513077
-1.080000 8.639999 1.560000 168972525094
-1.260000 8.820000 1.380000 168972537077
-1.020000 8.700000 1.620000 168972549078
-0.840000 8.400000 1.680000 168972561097
-1.260000 8.580000 1.740000 168972573107
-0.780000 8.580000 1.500000 168972585092
-1.140000 8.700000 1.620000 168972597062
-1.020000 9.059999 1.380000 168972609113
-0.900000 8.580000 1.380000 168972621089
-1.080000 8.639999 1.560000 168972633071
-1.080000 8.639999 1.800000 168972645097
-0.840000 8.520000 1.440000 168972657060
-1.020000 8.700000 1.740000 168972669072
-1.200000 8.400000 1.560000 168972681124
-0.720000 8.400000 1.560000 168972693066
-0.720000 8.760000 1.680000 168972705154
-1.080000 8.400000 1.560000 168972717079
-0.900000 8.940000 1.740000 168972729077
-1.080000 8.880000 1.800000 168972741086
-0.840000 8.520000 1.680000 168972753074
-1.020000 8.940000 1.500000 168972765137
-1.140000 8.700000 1.380000 168972777127
-0.900000 8.700000 1.620000 168972789082
-0.840000 8.520000 1.800000 168972801166
-1.140000 8.340000 1.380000 168972813067
-1.020000 8.820000 1.260000 168972825082
-1.020000 8.820000 1.620000 168972837069
-0.900000 8.580000 1.620000 168972849070
-1.320000 8.880000 1.440000 168972861079
-0.900000 8.700000 1.740000 168972873129
-0.960000 8.880000 1.680000 168972885098
-0.660000 8.580000 1.620000 168972897063
-1.140000 8.820000 1.500000 168972909127
-0.840000 9.000000 1.440000 168972921091
-1.140000 8.940000 1.740000 168972933073
-0.900000 8.940000 1.620000 168972945081
-0.900000 9.059999 1.620000 168972957067
-1.140000 8.940000 1.500000 168972969071
-0.960000 8.880000 1.440000 168972981113
-0.720000 8.760000 1.680000 168972993076
-0.840000 8.760000 1.440000 168973005149
-0.960000 8.639999 1.800000 168973017069
-0.900000 8.940000 1.500000 168973029083
-0.900000 8.940000 1.500000 168973041099
-1.020000 8.940000 1.500000 168973053077
-0.660000 9.300000 1.500000 168973065094
-0.600000 9.120000 1.560000 168973077112
-0.720000 9.240000 1.560000 168973089075
-0.960000 9.000000 1.440000 168973101148
-0.900000 9.300000 1.380000 168973113070
-1.020000 8.820000 1.500000 168973125099
-0.960000 9.120000 1.680000 168973137075
-0.660000 8.940000 1.500000 168973149065
-0.720000 9.000000 1.560000 168973161092
-0.780000 9.300000 1.380000 168973173111
-0.720000 9.120000 1.440000 168973185090
-1.080000 9.120000 1.320000 168973197060
-0.840000 9.000000 1.800000 168973209148
-0.900000 9.179999 1.620000 168973221100
-0.720000 9.120000 1.680000 168973233070
-0.780000 9.300000 1.860000 168973245099
-0.900000 9.179999 1.740000 168973257069
-0.780000 9.179999 1.500000 168973269064
-0.960000 8.880000 1.560000 168973281113
-0.660000 8.940000 1.500000 168973293073
-0.660000 9.300000 1.620000 168973305136
-0.900000 9.059999 1.620000 168973317059
-0.660000 9.179999 1.500000 168973329073
-0.780000 9.179999 1.500000 168973341089
-0.780000 9.179999 1.380000 168973353069
-0.840000 9.000000 1.560000 168973365089
-0.780000 8.940000 1.500000 168973377100
-0.720000 8.880000 1.560000 168973389074
-0.540000 9.059999 1.620000 168973401127
-0.900000 8.940000 1.500000 168973413072
-0.840000 9.240000 1.800000 168973425092
-0.840000 8.880000 1.320000 168973437061
-1.020000 9.300000 1.740000 168973449073
-0.960000 9.240000 1.560000 168973461087
-0.780000 9.179999 1.740000 168973473114
-0.660000 8.940000 1.620000 168973485081
-0.600000 9.000000 1.440000 168973497069
-0.840000 8.880000 1.800000 168973509118
-0.720000 9.000000 1.680000 168973521094
-0.720000 9.120000 1.800000 168973533101
-1.020000 8.820000 1.860000 168973545120
-1.140000 8.700000 1.500000 168973557085
-1.200000 9.000000 1.320000 168973569070
-1.020000 8.700000 1.740000 168973581133
-0.840000 8.760000 1.560000 168973593080
-1.080000 8.639999 1.680000 168973605146
-1.260000 8.820000 1.500000 168973617068
-1.080000 8.880000 1.560000 168973629071
-1.080000 8.520000 1.440000 168973641084
-0.840000 8.639999 1.920000 168973653063
-0.960000 8.520000 1.440000 168973665087
-1.020000 8.820000 1.860000 168973677106
-0.960000 8.639999 1.320000 168973689062
-1.200000 8.760000 1.320000 168973701152
-1.380000 8.700000 1.380000 168973713093
-1.140000 8.820000 1.500000 168973725085
-1.320000 8.400000 1.800000 168973737061
-1.260000 8.820000 1.620000 168973749075
-1.020000 8.700000 1.620000 168973761102
-1.140000 8.580000 1.620000 168973773108
-1.200000 8.520000 1.440000 168973785091
-1.500000 8.460000 1.740000 168973797068
-0.840000 8.760000 1.440000 168973809116
-1.080000 8.520000 1.560000 168973821093
-1.380000 8.460000 1.500000 168973833105
-1.080000 8.520000 1.320000 168973845091
-1.200000 8.639999 1.680000 168973857060
-0.960000 8.400000 1.680000 168973869072
-0.960000 8.639999 1.440000 168973881129
-1.260000 8.580000 1.500000 168973893080
-0.960000 8.639999 1.680000 168973905154
-1.020000 8.340000 1.380000 168973917069
-1.080000 8.160000 1.680000 168973929073
-1.020000 8.700000 1.380000 168973941082
-1.020000 8.700000 1.620000 168973953073
-1.260000 8.580000 1.500000 168973965089
-1.140000 8.460000 1.500000 168973977095
-1.140000 8.580000 1.500000 168973989072
-0.900000 8.700000 1.500000 168974001143
-1.200000 8.520000 1.440000 168974013073
-0.960000 8.520000 1.560000 168974025102
-1.320000 8.400000 1.080000 168974037084
-1.140000 8.580000 1.380000 168974049079
-0.900000 8.340000 1.740000 168974061089
-0.840000 8.400000 1.200000 168974073131
-0.840000 8.639999 1.320000 168974085095
-0.900000 8.460000 1.380000 168974097059
-1.080000 8.520000 1.440000 168974109114
-0.840000 8.520000 1.440000 168974121090
-1.080000 8.760000 1.440000 168974133073
-1.440000 8.639999 1.440000 168974145083
-1.260000 8.700000 1.740000 168974157066
-1.320000 8.880000 1.440000 168974169071
-1.080000 8.639999 1.680000 168974181109
-1.260000 8.820000 1.500000 168974193073
-0.960000 8.639999 1.800000 168974205164
-0.840000 8.880000 1.440000 168974217077
-0.780000 8.580000 1.500000 168974229069
-1.080000 8.400000 1.560000 168974241097
-1.020000 8.940000 1.620000 168974253075
-1.140000 8.820000 1.380000 168974265082
-0.780000 8.700000 1.500000 168974277108
-0.960000 9.120000 1.800000 168974289072
-0.780000 8.820000 1.980000 168974301130
-1.020000 8.940000 1.620000 168974313065
-0.780000 9.179999 1.740000 168974325090
-0.900000 8.940000 1.980000 168974337068
-0.960000 9.000000 1.800000 168974349062
-0.840000 9.120000 1.800000 168974361088
-0.600000 9.120000 1.560000 168974373107
-0.780000 9.059999 1.260000 168974385089
-0.660000 9.179999 1.740000 168974397059
-0.840000 9.120000 1.560000 168974409115
-0.960000 8.760000 1.560000 168974421088
-0.660000 8.940000 1.860000 168974433063
-0.900000 8.940000 1.380000 168974445088
-1.080000 9.120000 1.800000 168974457067
-0.960000 9.000000 1.440000 168974469061
-0.540000 9.300000 1.380000 168974481103
-0.900000 8.940000 1.140000 168974493070
-0.840000 9.120000 1.560000 168974505131
-0.780000 9.059999 1.500000 168974517060
-1.140000 9.300000 1.740000 168974529085
-0.840000 9.120000 1.800000 168974541101
-0.660000 9.059999 1.500000 168974553071
-0.960000 9.000000 1.560000 168974565087
-0.960000 9.000000 1.560000 168974577103
-1.020000 9.179999 1.620000 168974589073
-0.780000 8.940000 1.380000 168974601127
-0.900000 9.300000 1.260000 168974613073
-0.780000 9.179999 1.620000 168974625089
-0.660000 9.059999 1.620000 168974637059
-0.960000 9.120000 1.560000 168974649070
-0.780000 8.940000 1.860000 168974661086
-0.780000 8.820000 2.100000 168974673106
-0.660000 9.059999 1.500000 168974685081
-1.080000 9.120000 1.560000 168974697065
-0.780000 9.179999 1.380000 168974709129
-1.140000 9.059999 1.380000 168974721090
-0.960000 9.120000 1.680000 168974733075
-1.020000 9.300000 1.380000 168974745095
-0.660000 8.820000 1.740000 168974757066
-0.960000 9.000000 1.560000 168974769064
-0.840000 9.240000 1.560000 168974781120
-0.720000 9.240000 1.320000 168974793075
-0.780000 9.179999 1.500000 168974805133
-0.600000 9.000000 1.560000 168974817067
-1.080000 8.760000 1.680000 168974829072
-1.020000 8.940000 1.500000 168974841089
-0.720000 9.360000 1.560000 168974853063
-0.900000 9.179999 1.500000 168974865089
-1.140000 9.179999 1.500000 168974877101
-1.140000 9.179999 1.620000 168974889063
-0.720000 9.240000 1.680000 168974901130
-0.720000 9.000000 1.440000 168974913072
-1.080000 8.760000 1.680000 168974925080
-0.780000 9.179999 1.500000 168974937059
-1.080000 8.880000 1.440000 168974949069
-0.960000 9.120000 1.920000 168974961087
-0.660000 8.940000 1.380000 168974973099
-0.840000 9.000000 1.560000 168974985094
-0.720000 9.120000 1.560000 168974997068
-0.960000 9.360000 1.800000 168975009116
-0.840000 9.480000 1.800000 168975021099
-0.600000 9.120000 1.680000 168975033082
-0.900000 8.700000 1.740000 168975045096
-0.960000 8.880000 1.560000 168975057063
-0.600000 9.120000 1.680000 168975069077
-1.020000 9.059999 1.740000 168975081123
-0.960000 9.000000 1.320000 168975093063
-1.080000 9.120000 1.320000 168975105139
-0.660000 9.179999 1.500000 168975117069
-0.840000 9.240000 1.800000 168975129070
-0.900000 9.059999 1.500000 168975141082
-0.960000 9.360000 1.560000 168975153073
-0.600000 9.000000 1.680000 168975165090
-0.780000 8.940000 1.740000 168975177091
-1.140000 9.059999 1.500000 168975189070
-0.840000 8.880000 1.560000 168975201151
-0.780000 8.940000 1.500000 168975213083
-0.780000 8.820000 1.500000 168975225088
-0.720000 9.240000 1.560000 168975237074
-0.840000 9.000000 1.440000 168975249076
-0.900000 9.059999 1.620000 168975261083
