0.087500 1.890000 1.435000 13442391703
-0.332500 1.435000 0.945000 13442416736
0.227500 0.420000 0.280000 13442441690
2.555000 -6.702500 7.315000 13442466729
9.922500 3.465000 20.230000 13442491695
10.622500 28.612499 66.307503 13442516741
-13.160000 47.459999 96.617500 13442541709
-42.157501 60.182499 120.715004 13442566737
-54.494999 38.097500 146.440002 13442591708
-42.087502 33.459999 164.307495 13442616750
-16.555000 52.779999 186.567505 13442641770
5.197500 66.587502 199.167496 13442666737
16.747499 73.184998 210.000000 13442691699
30.344999 96.809998 231.945007 13442716751
68.004997 104.877502 247.169998 13442741694
82.809998 103.757500 272.825012 13442766735
115.027504 109.847504 288.172516 13442791694
122.395004 111.614998 298.934998 13442816741
120.172501 81.480003 302.487488 13442841700
117.739998 64.487503 316.592499 13442866743
129.744995 59.132500 324.082489 13442891701
137.095001 39.410000 334.670013 13442916743
136.867508 24.570000 336.630005 13442941698
140.262497 25.969999 349.334991 13442966736
136.762497 36.365002 343.489990 13442991696
126.419998 47.162498 324.677490 13443016757
110.932503 61.372501 293.772491 13443041700
97.457497 76.807503 261.380005 13443066729
86.187500 76.650002 208.180008 13443091707
58.135002 78.644997 182.279999 13443116753
36.435001 85.627502 162.925003 13443141705
29.557501 83.404999 136.867508 13443166747
47.705002 62.387501 99.137497 13443191742
54.582500 52.342499 58.537498 13443216741
47.529999 36.400002 27.282499 13443241736
-77.035004 50.312500 13.842500 13443266743
-97.492500 -66.605003 -22.750000 13443291735
-45.202499 -127.102501 -37.992500 13443316723
19.809999 -132.300003 -20.965000 13443341718
27.370001 -85.154999 30.922501 13443366721
14.385000 -33.897499 42.035000 13443391722
12.005000 -16.344999 32.917500 13443416727
32.567501 -18.375000 24.885000 13443441720
39.322498 -21.822500 22.365000 13443466717
35.279999 15.277500 28.647501 13443491721
5.057500 75.267502 34.982502 13443516729
-29.732500 123.165001 34.492500 13443541738
-62.264999 133.192505 7.542500 13443566714
-105.209999 111.754997 -20.352501 13443591733
-127.732498 12.495000 -41.439999 13443616735
-104.334999 47.687500 -42.857502 13443641721
-113.347504 63.174999 -57.592499 13443666721
-103.355003 -20.142500 -68.862503 13443691721
-78.942497 -54.110001 -61.477501 13443716534
-89.040001 -43.032501 -85.277504 13443741734
-109.462502 -36.994999 -84.227501 13443766727
-134.732498 -30.590000 -74.287498 13443791723
-130.007507 -5.442500 -40.057499 13443816746
-49.822498 11.812500 17.412500 13443841725
-7.122500 11.497500 61.740002 13443866734
4.900000 2.275000 66.342499 13443891704
-14.612500 9.695000 51.957500 13443916726
-5.460000 21.402500 31.219999 13443941727
-3.587500 22.504999 20.299999 13443966720
-7.630000 13.212500 21.629999 13443991726
-4.952500 23.940001 9.205000 13444016723
-11.007500 33.862499 -3.622500 13444041720
-9.117500 19.180000 -5.110000 13444066722
-8.820000 5.197500 0.735000 13444091729
-15.575000 5.547500 -5.180000 13444116732
4.182500 8.365000 -5.495000 13444141725
0.770000 7.560000 -2.625000 13444166722
0.350000 4.777500 -0.315000 13444191725
0.735000 3.307500 1.102500 13444216728
0.892500 2.450000 1.347500 13444241724
