0.598206 -0.549172 9.522259 22323485153
0.647239 -0.558979 9.532065 22323510134
0.637432 -0.549172 9.502645 22323535146
0.588399 -0.568786 9.532065 22323560149
0.578592 -0.519753 9.639938 22323585145
0.598206 -0.509946 9.620325 22323610147
0.588399 -0.519753 9.551678 22323635138
0.578592 -0.490333 9.345738 22323660150
0.588399 -0.617819 9.296705 22323685151
0.588399 -0.774725 9.394772 22323710144
0.451106 -0.725692 9.473226 22323735144
0.323619 -0.745305 9.551678 22323760144
0.372653 -0.862985 9.610518 22323785153
0.333426 -0.961052 9.669358 22323810149
0.333426 -1.049312 9.630132 22323835146
0.284393 -1.186605 9.532065 22323860144
0.264780 -1.235638 9.630132 22323885159
0.235360 -1.255251 9.659552 22323910144
0.176520 -1.304285 9.600712 22323935137
0.127486 -1.490611 9.532065 22323960150
0.068647 -1.510224 9.502645 22323985138
0.029420 -1.539644 9.404578 22324010152
0.068647 -1.765197 9.355545 22324035145
0.039227 -2.304563 9.306512 22324060135
0.009807 -2.471276 9.404578 22324085150
-0.039227 -2.706636 9.453611 22324110139
-0.019613 -3.020448 9.620325 22324135129
-0.049033 -3.059675 9.473226 22324160154
-0.019613 -3.118515 9.159412 22324185150
0.039227 -3.265615 9.149606 22324210126
0.039227 -3.589234 9.179026 22324235152
0.078453 -3.706914 8.933860 22324260167
0.127486 -3.932467 8.835793 22324285155
0.156906 -4.128600 8.718113 22324310147
0.186326 -4.628739 8.492560 22324335136
0.196133 -4.864099 8.335654 22324360147
0.245166 -5.021006 8.188554 22324385149
0.245166 -5.236752 7.923775 22324410132
0.166713 -5.432885 7.825707 22324435141
0.137293 -5.727084 7.639381 22324460142
0.176520 -5.972251 7.443248 22324485163
0.196133 -6.462583 7.188275 22324510145
0.156906 -6.639102 7.080402 22324535125
0.137293 -6.737169 6.952915 22324560142
0.117680 -6.737169 6.766589 22324585151
0.147100 -7.060789 6.433163 22324610153
0.176520 -7.217695 6.207610 22324635136
0.225553 -7.345181 6.040897 22324660148
0.294200 -7.462861 5.521145 22324685154
0.333426 -7.933581 5.423078 22324710140
0.343233 -8.110101 5.177912 22324735141
0.343233 -8.365073 4.873906 22324760141
0.196133 -8.796566 4.344347 22324785153
0.117680 -9.071153 4.108987 22324810143
0.068647 -9.257479 3.952080 22324835143
0.029420 -9.414385 3.824594 22324860143
-0.068647 -9.600712 3.559814 22324885156
-0.068647 -9.639938 3.471555 22324910150
-0.049033 -9.610518 3.334261 22324935141
-0.058840 -9.463418 3.089095 22324960141
-0.029420 -9.414385 2.892962 22324985153
-0.029420 -9.463418 2.824315 22325010143
-0.039227 -9.483032 2.804702 22325035131
-0.029420 -9.483032 2.579149 22325060147
-0.009807 -9.610518 2.392823 22325085152
-0.009807 -9.708585 2.304563 22325110134
-0.009807 -9.718391 2.147657 22325135126
-0.049033 -9.816459 1.941717 22325160142
-0.088260 -9.865492 1.765197 22325185147
-0.147100 -9.983171 1.716164 22325210145
-0.196133 -10.042011 1.716164 22325235128
-0.392266 -10.100850 1.451384 22325260129
-0.431493 -10.257757 1.363124 22325285139
-0.451106 -10.355824 1.392545 22325310144
-0.392266 -10.316597 1.274865 22325335142
-0.343233 -10.110658 0.970859 22325360144
-0.362846 -10.120463 0.862985 22325385149
-0.362846 -10.130271 0.755112 22325410141
-0.343233 -10.051817 0.519753 22325435139
-0.333426 -10.032204 0.411879 22325460158
-0.353039 -10.100850 0.284393 22325485143
-0.402073 -10.120463 0.068647 22325510149
-0.421686 -10.247950 -0.127486 22325535136
-0.411879 -10.287177 -0.147100 22325560155
-0.421686 -10.257757 -0.215746 22325585137
-0.402073 -10.218531 -0.382459 22325610128
-0.382459 -10.081238 -0.166713 22325635130
-0.372653 -10.081238 -0.186326 22325660146
-0.411879 -10.071430 -0.274586 22325685142
-0.539366 -10.179304 -0.284393 22325710151
-0.549172 -10.306790 -0.313813 22325735135
-0.529559 -10.346016 -0.313813 22325760154
-0.549172 -10.346016 -0.304006 22325785147
-0.539366 -10.375437 -0.372653 22325810146
-0.549172 -10.424470 -0.323619 22325835140
-0.578592 -10.493117 -0.343233 22325860153
-0.568786 -10.522536 -0.304006 22325885147
-0.490333 -10.463697 0.058840 22325910151
-0.480526 -10.287177 0.196133 22325935133
-0.490333 -10.110658 0.284393 22325960150
-0.568786 -10.032204 0.245166 22325985145
-0.588399 -10.247950 0.323619 22326010135
-0.588399 -10.375437 0.706079 22326035148
-0.608012 -10.316597 1.137571 22326060161
-0.578592 -9.992978 1.667131 22326085145
-0.519753 -9.914525 1.843650 22326110158
-0.431493 -9.885104 2.039783 22326135140
-0.333426 -9.914525 2.265337 22326160155
-0.323619 -9.659552 2.637989 22326185156
-0.235360 -9.463418 2.902769 22326210162
-0.215746 -9.355545 3.177355 22326235139
-0.176520 -9.375159 3.422521 22326260159
-0.039227 -9.443805 3.726527 22326285147
-0.039227 -9.247672 4.001114 22326310150
0.088260 -8.933860 4.334540 22326335138
0.245166 -8.482754 4.638546 22326360151
0.323619 -8.306233 4.766033 22326385152
0.431493 -8.012034 5.089652 22326410145
0.539366 -7.639381 5.364238 22326435145
0.696272 -6.903882 5.658438 22326460153
0.745305 -6.796009 5.795731 22326485158
0.706079 -7.070595 6.129157 22326510155
0.666852 -7.158855 6.541036 22326535144
0.598206 -7.070595 7.139242 22326560158
0.647239 -7.031369 7.227501 22326585152
0.627626 -6.825429 7.256922 22326610152
0.735499 -6.550843 7.404021 22326635146
0.735499 -6.256643 7.570735 22326660149
0.657046 -5.942831 7.786481 22326685150
0.637432 -5.727084 7.923775 22326710151
0.617819 -5.236752 8.159134 22326735144
0.804145 -4.707192 9.110379 22326760150
0.696272 -4.452219 8.512174 22326785151
0.735499 -4.285507 8.629853 22326810144
0.774725 -3.765754 8.845599 22326835130
0.794339 -3.500974 9.159412 22326860152
0.823759 -3.118515 9.120186 22326885128
0.931632 -2.736056 8.904439 22326910153
1.294478 -2.265337 9.110379 22326935136
1.343511 -2.265337 9.179026 22326960149
1.294478 -2.324176 9.129992 22326985148
1.441578 -2.255530 9.228059 22327010150
1.421964 -2.108430 9.228059 22327035143
1.392545 -1.843650 9.267285 22327060142
1.372931 -1.598484 9.277092 22327085153
1.343511 -1.490611 9.169219 22327110152
1.304285 -1.480804 9.139799 22327135143
1.314091 -1.304285 9.041733 22327160135
1.225831 -1.127765 9.110379 22327185152
1.010085 -0.853179 9.394772 22327210141
0.902212 -0.745305 9.463418 22327235150
0.657046 -0.539366 9.747811 22327260161
0.500139 0.088260 9.777231 22327285141
0.627626 0.068647 9.826264 22327310148
0.617819 -0.029420 9.914525 22327335144
0.598206 0.245166 9.708585 22327360148
0.647239 0.794339 9.492838 22327385153
0.568786 0.872792 9.571292 22327410147
0.568786 1.088538 9.581099 22327435140
0.617819 1.206218 9.502645 22327460137
0.608012 1.372931 9.953751 22327485149
0.676659 1.637711 9.953751 22327510158
0.686466 1.931910 9.679165 22327535148
0.931632 2.451663 9.188832 22327560126
1.255251 2.461469 9.228059 22327585149
1.294478 2.392823 9.296705 22327610152
1.157185 2.353596 9.080959 22327635136
1.549451 2.549729 8.521980 22327660150
1.794617 2.824315 8.610240 22327685150
1.745584 3.422521 8.678886 22327710153
1.529838 2.657602 9.139799 22327735113
1.137571 3.040062 8.325847 22327765907
1.931910 3.716721 7.874741 22327785127
1.863264 4.207053 7.364795 22327810159
1.804424 4.795453 6.668523 22327835158
1.676937 5.285785 7.129435 22327860167
1.372931 5.854571 7.766868 22327885139
1.010085 6.119350 8.316040 22327910123
0.264780 5.883991 8.453333 22327935130
-0.107873 5.854571 8.247394 22327960135
-0.509946 5.913410 7.786481 22327985137
-0.657046 6.129157 7.364795 22328010135
-0.549172 6.413549 7.158855 22328035131
-0.598206 6.599876 7.207889 22328060133
-0.804145 6.619490 7.296148 22328085136
-0.990472 6.854849 7.354988 22328110144
-1.284671 7.158855 7.413828 22328135138
-1.304285 7.119628 7.305955 22328160133
-1.196411 7.168662 7.021562 22328185134
-0.941439 7.315762 6.570456 22328210145
-0.813952 7.305955 6.305676 22328235126
-0.706079 7.296148 6.119350 22328260137
-0.676659 7.354988 5.972251 22328285133
-0.627626 7.502088 5.668244 22328310133
-0.647239 7.757061 5.540758 22328335126
-0.696272 8.031648 5.481918 22328360135
-0.666852 8.139521 5.364238 22328385133
-0.382459 8.012034 5.413271 22328410143
-0.294200 7.825707 5.344625 22328435140
-0.294200 7.688415 4.844486 22328460126
-0.235360 8.080681 4.658159 22328485133
-0.362846 8.423914 4.520866 22328510138
-0.254973 8.571013 4.412993 22328535122
-0.117680 8.580820 4.275700 22328560137
0.451106 9.041733 4.040340 22328585132
0.402073 9.208446 4.177633 22328610128
0.107873 9.669358 3.981500 22328635126
0.009807 9.659552 4.118793 22328660139
-0.411879 9.875298 3.971694 22328685135
-0.411879 9.796844 3.971694 22328710132
-0.294200 9.659552 3.971694 22328735135
-0.156906 9.384965 3.324455 22328760138
-0.137293 9.394772 3.344068 22328785123
-0.107873 9.394772 3.461748 22328810147
-0.107873 9.443805 3.000835 22328835145
-0.068647 9.659552 2.490890 22328860142
-0.137293 9.502645 3.353875 22328885139
-0.088260 9.483032 3.942274 22328910139
0.019613 9.600712 3.569621 22328935127
0.313813 9.600712 2.020170 22328960131
0.392266 9.571292 1.971137 22328985125
0.441299 9.522259 1.990750 22329010126
0.500139 9.512452 1.618097 22329035108
0.519753 9.630132 1.333705 22329060136
0.558979 9.767425 1.431771 22329085139
0.598206 9.924331 1.372931 22329110126
0.657046 9.885104 0.980665 22329135117
0.637432 9.885104 0.912019 22329160139
0.608012 9.943945 0.862985 22329185123
0.558979 9.973364 0.784532 22329210136
0.647239 9.924331 0.176520 22329235143
0.637432 9.767425 -0.098067 22329260144
0.617819 9.718391 -0.568786 22329285117
0.509946 9.738005 -0.666852 22329310120
0.627626 10.189111 -0.186326 22329335134
0.627626 10.238144 -0.196133 22329360132
0.588399 10.198916 -0.362846 22329385125
0.676659 10.189111 -0.421686 22329410137
0.686466 10.091044 -0.519753 22329435134
0.666852 10.022397 -0.627626 22329460126
0.735499 10.002784 -0.764919 22329485121
0.598206 9.963558 -0.823759 22329510123
0.568786 10.032204 -0.882599 22329535139
0.490333 10.061625 -0.941439 22329560143
0.500139 10.100850 -0.892405 22329585123
0.549172 10.022397 -0.912019 22329610130
0.509946 10.032204 -0.951245 22329635139
0.509946 10.071430 -0.961052 22329660138
0.539366 10.002784 -0.980665 22329685119
0.529559 10.012591 -1.147378 22329710136
0.519753 10.081238 -1.147378 22329735138
0.490333 10.110658 -1.108152 22329760139
0.480526 10.140078 -0.970859 22329785120
0.480526 10.120463 -0.951245 22329810142
0.421686 10.071430 -1.039505 22329835135
0.382459 10.100850 -1.176798 22329860140
0.323619 9.973364 -1.137571 22329885136
0.323619 10.032204 -1.098345 22329910140
0.362846 10.169497 -1.088538 22329935135
0.382459 10.159691 -1.098345 22329960143
0.294200 10.159691 -1.225831 22329985124
0.196133 10.140078 -1.314091 22330010133
0.186326 10.257757 -1.353318 22330035130
0.225553 10.630409 -1.392545 22330060141
0.294200 10.708863 -1.186605 22330085125
0.225553 10.630409 -0.833565 22330110142
0.264780 10.581376 -0.676659 22330135127
0.411879 10.316597 -0.519753 22330160135
0.402073 10.179304 -0.362846 22330185124
0.421686 10.149883 -0.362846 22330210120
0.470719 10.130271 0.196133 22330235150
0.480526 9.885104 0.598206 22330260162
0.539366 9.885104 0.892405 22330285125
0.480526 9.826264 1.059118 22330310134
0.490333 9.433999 1.265058 22330335121
0.480526 9.267285 1.520031 22330360143
0.490333 9.061346 1.814230 22330385110
0.490333 8.953472 2.000557 22330410149
0.451106 8.698500 2.912575 22330435117
0.264780 8.531787 3.510781 22330460138
0.176520 8.463140 3.893241 22330485117
0.117680 8.365073 4.295313 22330510138
0.117680 8.384687 5.285785 22330535129
0.058840 8.472947 5.560371 22330560141
-0.049033 8.502367 5.560371 22330585125
-0.245166 8.139521 5.883991 22330610146
-0.284393 7.806095 6.109544 22330635125
-0.382459 7.443248 6.197803 22330660140
-0.411879 7.149048 6.403743 22330685127
-0.323619 6.746976 7.286342 22330710141
-0.284393 6.462583 7.296148 22330735128
-0.166713 6.207610 7.227501 22330760146
-0.088260 5.825150 7.325568 22330785121
0.019613 5.128879 7.315762 22330810326
0.029420 4.824872 7.335375 22330835154
-0.058840 4.491446 7.247115 22330860166
-0.176520 4.089374 8.208167 22330885146
-0.362846 4.020727 8.600433 22330910145
-0.549172 4.001114 8.914246 22330935149
-0.617819 4.020727 9.071153 22330960140
-0.676659 3.785367 9.345738 22330985125
-0.696272 3.569621 9.051538 22331010149
-0.813952 3.246001 9.129992 22331035120
-0.804145 3.089095 9.326125 22331060134
-0.686466 2.853735 9.306512 22331085125
-0.608012 2.588956 9.208446 22331110114
-0.608012 2.353596 9.345738 22331135122
-0.598206 2.137850 9.345738 22331160144
-0.696272 1.873070 9.228059 22331185134
-0.715886 1.686744 9.414385 22331210134
-0.784532 1.510224 9.571292 22331235120
-0.882599 1.421964 9.394772 22331260369
-0.862985 1.372931 9.286899 22331285111
-0.961052 1.333705 9.502645 22331310198
-1.078732 1.353318 9.433999 22331335216
-1.166991 1.176798 9.571292 22331360150
-1.127765 1.088538 9.561485 22331385153
-1.068925 1.049312 9.532065 22331410151
-1.078732 0.990472 9.453611 22331435277
-1.137571 0.921825 9.581099 22331460140
-1.137571 0.892405 9.630132 22331485132
-1.059118 0.853179 9.473226 22331510143
-1.127765 0.941439 9.443805 22331535144
-1.176798 0.902212 9.483032 22331560140
-1.157185 0.755112 9.277092 22331585138
-1.068925 0.627626 9.188832 22331610145
-0.931632 0.500139 9.541871 22331635130
-0.970859 0.411879 9.551678 22331660134
-0.941439 0.343233 9.522259 22331685135
-1.039505 0.245166 9.630132 22331710139
-1.098345 0.460913 9.502645 22331735129
-1.127765 0.588399 9.590905 22331760142
-1.137571 0.500139 9.639938 22331785118
-1.117958 0.480526 9.483032 22331810139
-1.039505 0.509946 9.424192 22331835145
-1.010085 0.500139 9.414385 22331860120
-0.941439 0.470719 9.375159 22331885124
-0.804145 0.382459 9.179026 22331910136
-0.813952 0.372653 9.120186 22331935129
-0.941439 0.500139 9.247672 22331960130
