12.617500 -4.042500 -1.977500 27568677346
12.617500 -1.907500 -3.045000 27568702274
10.465000 2.065000 -4.567500 27568727339
2.222500 4.812500 -2.345000 27568752338
9.870000 0.647500 -0.665000 27568777449
17.150000 4.812500 -0.595000 27568802486
20.230000 2.485000 -2.257500 27568827491
23.292500 -0.245000 -0.035000 27568852463
24.657499 -25.217501 2.187500 27568877476
40.547501 -8.925000 -8.155000 27568902483
37.957500 14.122500 -16.485001 27568927490
31.097500 32.882500 -14.525000 27568952454
27.335001 24.167500 -6.317500 27568977447
28.980000 1.435000 10.010000 27569002470
37.240002 -9.940000 10.692500 27569027458
47.459999 13.072500 -5.460000 27569052455
42.052502 22.225000 -15.837500 27569077416
20.510000 10.272500 -8.032500 27569102481
13.195000 -2.030000 -1.050000 27569127419
8.312500 -10.395000 0.455000 27569152455
20.580000 -6.265000 3.675000 27569177414
26.495001 -1.732500 -0.122500 27569202482
21.805000 -4.147500 -1.487500 27569227426
17.762501 -10.622500 2.817500 27569252450
14.035000 -15.085000 4.532500 27569277416
18.217501 -3.850000 1.540000 27569302480
18.707500 -0.962500 -0.630000 27569327416
15.295000 -8.522500 -0.315000 27569352454
21.997499 -13.527500 1.662500 27569377416
25.812500 -0.805000 1.155000 27569402476
21.245001 3.307500 1.417500 27569427417
18.042500 -1.190000 6.755000 27569452457
20.020000 -9.975000 10.885000 27569477417
26.740000 -10.937500 14.525000 27569502468
37.240002 -2.012500 5.197500 27569527416
44.485001 -1.645000 3.097500 27569552463
42.314999 -5.110000 10.342500 27569577420
40.687500 -9.327500 14.437500 27569602484
36.295002 -7.420000 12.460000 27569627418
33.652500 -0.787500 5.845000 27569652510
30.607500 -0.175000 5.250000 27569677426
35.070000 -8.295000 8.680000 27569702493
34.090000 -6.982500 9.940000 27569727432
36.959999 -3.062500 10.797500 27569752457
38.080002 -3.360000 6.877500 27569777423
31.955000 -1.627500 1.242500 27569802482
30.257500 -3.535000 3.255000 27569827460
38.622501 1.837500 3.902500 27569852452
38.307499 -4.200000 3.535000 27569877458
41.090000 -4.690000 3.325000 27569902480
45.009998 1.277500 -2.590000 27569927457
44.397499 -3.412500 -3.080000 27569952456
38.920002 -8.277500 -6.107500 27569977455
36.592499 -14.857500 -3.500000 27570002482
46.759998 -11.200000 -3.902500 27570027454
41.790001 -9.537500 -7.402500 27570052453
45.797501 -17.500000 -9.310000 27570077456
57.400002 -16.362499 -14.612500 27570102480
71.504997 -14.192500 -8.750000 27570127461
74.882500 -15.400000 -1.820000 27570152453
68.267502 -12.040000 -7.315000 27570177453
72.275002 -9.870000 -13.842500 27570202469
72.502502 -2.205000 -17.727501 27570227353
67.602501 1.925000 -16.520000 27570252339
52.447498 -1.907500 -12.547500 27570277457
42.017502 -1.645000 -13.545000 27570302481
38.430000 -1.050000 -13.860000 27570327455
41.790001 -2.590000 -9.380000 27570352460
49.525002 -1.225000 -7.945000 27570377455
49.122501 -0.052500 -11.375000 27570402490
48.650002 2.292500 -11.795000 27570427457
47.915001 -1.365000 -7.420000 27570452450
51.537498 -4.410000 -4.637500 27570477466
56.822502 -6.212500 -0.892500 27570502481
60.777500 -2.887500 -0.822500 27570527453
60.917500 0.192500 -2.345000 27570552457
56.717499 -1.102500 -5.792500 27570577456
60.217499 -4.567500 -4.655000 27570602486
60.619999 -6.317500 -4.515000 27570627458
59.447502 3.587500 -13.510000 27570652457
57.907501 -2.677500 -8.837500 27570677453
60.357502 -11.760000 9.432500 27570702509
60.252499 -12.757500 5.162500 27570727455
59.115002 -8.085000 2.362500 27570752459
57.715000 3.517500 -3.710000 27570777454
53.987499 2.502500 -1.487500 27570802523
47.285000 -4.707500 -1.190000 27570827458
45.832500 -5.792500 -4.095000 27570852453
51.310001 -3.062500 -7.385000 27570877460
48.807499 0.507500 -11.130000 27570902477
41.930000 -5.827500 -2.975000 27570927454
45.202499 -8.837500 2.362500 27570952458
49.735001 -2.922500 -4.130000 27570977455
55.772499 -1.347500 -3.832500 27571002481
52.884998 -3.902500 1.557500 27571027446
42.525002 -4.865000 0.122500 27571052453
40.477501 -7.577500 -5.985000 27571077459
36.662498 -4.760000 -7.070000 27571102466
43.697498 -1.732500 -5.197500 27571127463
49.105000 0.805000 4.795000 27571152456
42.314999 4.427500 9.712500 27571177459
41.195000 7.297500 4.655000 27571202480
38.465000 -3.325000 5.442500 27571227454
36.365002 -12.652500 12.827500 27571252455
42.017502 -8.732500 8.960000 27571277452
45.990002 -0.035000 4.620000 27571302490
48.667500 -4.882500 6.772500 27571327454
44.730000 -5.897500 -0.175000 27571352454
35.945000 -6.212500 -2.310000 27571377459
34.632500 -4.007500 -2.572500 27571402483
32.095001 -3.797500 -1.977500 27571427455
38.097500 -4.340000 1.592500 27571452451
47.215000 -1.697500 0.157500 27571477453
37.572498 1.102500 1.697500 27571503753
33.652500 8.890000 3.482500 27571527343
36.959999 10.815000 4.427500 27571552452
38.535000 6.510000 0.105000 27571577455
31.447500 8.750000 -2.310000 27571602480
36.627499 8.312500 6.457500 27571627455
50.295002 15.820000 4.480000 27571652462
47.127499 17.447500 3.010000 27571677486
46.935001 13.825000 0.157500 27571702485
45.220001 13.265000 -5.705000 27571727461
35.682499 8.260000 -0.227500 27571752460
37.099998 6.422500 5.057500 27571777458
37.310001 4.497500 0.192500 27571802471
33.424999 5.267500 -2.310000 27571827453
30.135000 9.467500 -6.597500 27571852452
29.032499 9.800000 -6.440000 27571877462
21.717501 -0.840000 -0.315000 27571902480
23.695000 -5.897500 3.307500 27571927460
26.040001 6.195000 -8.050000 27571952448
14.052500 12.530000 -11.760000 27571977458
1.120000 2.467500 -8.715000 27572002876
9.170000 -1.697500 -4.742500 27572027467
28.157499 4.900000 -6.580000 27572052447
38.920002 10.447500 -0.140000 27572077447
50.365002 6.737500 -12.407500 27572102474
37.187500 9.695000 -18.462500 27572127458
32.130001 9.555000 -13.037500 27572152444
40.932499 1.732500 -8.732500 27572177457
45.744999 2.992500 -4.655000 27572202248
45.202499 7.052500 -3.237500 27572227462
45.307499 8.400000 -1.697500 27572252442
44.799999 0.997500 0.070000 27572277460
48.597500 -1.172500 -3.535000 27572302473
55.755001 -0.770000 2.677500 27572328669
53.200001 5.197500 -1.470000 27572352478
49.577499 7.507500 -20.317499 27572377463
36.522499 -0.105000 -12.565000 27572402478
9.572500 0.770000 -7.875000 27572427466
21.752501 7.420000 -13.912500 27572452449
12.460000 8.820000 -10.220000 27572477455
15.102500 5.302500 -15.907500 27572502476
21.227501 0.105000 -11.830000 27572527463
12.950000 3.027500 -14.875000 27572552454
12.477500 6.037500 -15.785000 27572577464
12.092500 1.575000 -6.632500 27572602478
26.985001 9.677500 -5.530000 27572627471
35.314999 17.902500 -3.990000 27572652448
53.025002 20.264999 -1.872500 27572677459
70.017502 18.252501 2.415000 27572702473
71.557503 25.252501 -1.977500 27572727462
68.739998 22.802500 -4.130000 27572752458
61.845001 17.902500 0.612500 27572777457
52.657501 16.362499 1.172500 27572802469
52.779999 16.975000 1.487500 27572827458
40.494999 16.222500 -2.047500 27572852437
24.377501 14.297500 -5.110000 27572877461
9.660000 15.802500 -4.480000 27572902471
3.132500 15.470000 -4.305000 27572927464
17.639999 13.825000 -0.542500 27572952443
17.097500 12.407500 0.717500 27572977469
23.520000 11.550000 -5.302500 27573002465
27.247499 9.502500 -13.807500 27573027468
22.889999 -5.547500 -12.337500 27573052453
28.035000 -12.775000 -0.332500 27573077465
27.072500 -16.730000 -11.637500 27573102468
42.542500 -4.165000 -9.380000 27573127483
49.402500 -0.840000 6.265000 27573152455
51.502499 -25.025000 10.255000 27573177474
47.407501 -27.684999 17.482500 27573202468
36.400002 -38.709999 21.174999 27573227474
36.959999 -109.532501 25.497499 27573252453
39.707500 -91.000000 18.725000 27573277472
31.412500 -22.960001 1.487500 27573302470
30.012501 -10.622500 3.395000 27573327473
22.924999 -67.724998 -8.295000 27573352450
36.154999 -4.322500 -20.615000 27573377462
23.887501 55.895000 -31.325001 27573402474
4.480000 80.675003 -7.052500 27573427467
8.032500 26.075001 4.235000 27573452454
4.777500 26.985001 -4.375000 27573477465
9.362500 13.790000 3.220000 27573502472
3.045000 -8.172500 22.995001 27573527462
3.027500 -38.447498 31.482500 27573552448
10.202500 7.280000 17.184999 27573577465
42.332500 75.389999 0.157500 27573602481
28.245001 19.967501 13.247500 27573627504
18.007500 -12.565000 16.450001 27573652459
21.525000 18.094999 -1.960000 27573677451
17.272501 5.880000 -9.380000 27573702473
24.745001 -4.130000 -8.575000 27573727461
27.510000 -10.342500 -15.347500 27573752443
35.945000 24.290001 -17.692499 27573777458
45.395000 10.465000 -10.990000 27573802475
49.665001 15.662500 -2.275000 27573827463
50.732502 3.080000 -12.022500 27573852445
29.277500 -20.352501 -17.219999 27573877449
23.502501 -38.272499 -0.507500 27573902472
31.517500 -13.947500 0.175000 27573927451
47.320000 -43.645000 -14.035000 27573952443
63.787498 -70.192497 -15.732500 27573977449
65.449997 -55.072502 -12.197500 27574002467
62.877499 31.132500 -11.252500 27574027452
57.942501 0.017500 -11.707500 27574052442
47.337502 -11.707500 -20.982500 27574077439
28.525000 1.750000 -11.917500 27574102470
10.727500 16.450001 6.055000 27574127456
10.587500 -35.752499 -0.332500 27574152445
14.087500 -64.487503 -2.345000 27574177450
25.025000 -20.510000 6.825000 27574202473
37.397499 18.392500 -0.157500 27574227452
35.770000 -34.422501 -11.060000 27574252441
26.967501 -31.885000 -9.747500 27574277458
42.700001 13.020000 -4.497500 27574302466
50.680000 5.005000 -6.090000 27574327451
53.882500 -9.397500 -14.910000 27574352443
46.742500 -6.440000 -22.557501 27574377456
48.720001 1.995000 -23.590000 27574402468
54.057499 -16.835001 -6.632500 27574427452
53.514999 -18.637501 -7.262500 27574452440
49.542500 -2.800000 -16.747499 27574477457
50.014999 -22.750000 -8.050000 27574502455
55.982502 -15.470000 2.817500 27574527349
60.654999 -20.352501 -4.445000 27574552393
62.299999 -32.462502 -7.595000 27574577344
53.497501 -24.570000 -4.515000 27574602489
43.715000 -16.572500 -2.397500 27574627459
49.157501 -15.610000 4.760000 27574652453
54.862499 -11.270000 6.440000 27574677459
54.915001 -1.855000 -1.802500 27574702457
48.369999 -2.800000 -7.052500 27574727454
46.742500 -5.722500 -13.545000 27574752416
51.904999 0.402500 -14.000000 27574777440
56.402500 -6.177500 -15.470000 27574802405
43.049999 -11.812500 -16.187500 27574827450
41.842499 11.060000 -10.902500 27574852420
50.435001 13.720000 -12.040000 27574877465
53.619999 -4.532500 -14.840000 27574902412
49.139999 -19.250000 -5.827500 27574927468
42.367500 -16.835001 -6.632500 27574952420
43.400002 -5.775000 -8.575000 27574977465
43.837502 -6.055000 -4.812500 27575002409
50.942501 -16.257500 -4.445000 27575027460
51.327499 -1.120000 -2.992500 27575052261
48.597500 4.952500 -4.375000 27575077448
48.247501 3.290000 -10.675000 27575102409
34.439999 3.990000 -8.837500 27575127465
27.615000 14.927500 -13.055000 27575152421
19.197500 5.390000 -7.035000 27575177464
23.870001 1.050000 -15.505000 27575202407
41.545002 3.307500 -30.852501 27575227462
54.022499 18.567499 -24.202499 27575252417
48.439999 13.352500 -11.357500 27575277458
50.732502 16.065001 -11.095000 27575302407
44.467499 22.032499 -18.200001 27575327463
32.375000 14.647500 -25.340000 27575352415
39.742500 5.985000 -12.845000 27575377489
32.445000 19.547501 -10.430000 27575402428
25.655001 4.777500 -33.127499 27575427470
72.834999 -9.327500 -14.087500 27575452465
92.855003 1.155000 -7.612500 27575477451
72.117500 3.500000 -20.684999 27575502450
86.292503 -14.962500 -35.035000 27575527452
138.932495 -13.650000 -27.562500 27575552442
151.147507 -26.530001 -27.037500 27575577454
167.089996 -44.730000 -23.537500 27575602452
171.552505 -37.520000 -5.285000 27575627453
148.820007 -19.302500 -7.157500 27575652453
95.812500 -8.627500 -30.625000 27575677443
65.887497 -2.047500 -30.555000 27575702455
40.950001 7.105000 -13.125000 27575727455
17.202499 -0.192500 -21.525000 27575752451
23.187500 -3.482500 -19.145000 27575777452
42.805000 10.867500 -13.615000 27575802452
39.812500 8.662500 -17.237499 27575827462
44.502499 -1.155000 -13.160000 27575852449
60.217499 3.832500 -14.350000 27575877464
66.430000 -7.000000 -21.507500 27575902452
79.169998 2.590000 -26.460001 27575927451
85.400002 4.060000 -28.630001 27575952453
90.667503 -18.585001 -29.505001 27575977458
81.077499 -12.827500 -34.247501 27576002447
72.169998 0.857500 -34.860001 27576027455
75.617500 2.030000 -32.830002 27576052453
68.687500 -0.420000 -42.000000 27576077446
63.560001 -28.875000 -36.820000 27576102452
81.392502 -20.405001 -23.817499 27576127458
82.355003 -7.297500 -22.295000 27576152449
82.459999 -17.832500 -35.105000 27576177448
89.302498 -17.622499 -29.750000 27576202448
87.482498 -10.937500 -27.684999 27576227457
78.400002 -0.385000 -16.030001 27576252450
72.502502 0.245000 -15.785000 27576277452
64.627502 -8.102500 -38.115002 27576302453
82.635002 -2.415000 -36.872501 27576327457
85.487503 0.892500 -28.612499 27576352447
67.112503 12.442500 -18.812500 27576377443
33.529999 2.730000 -17.465000 27576402451
36.924999 2.467500 -22.190001 27576427456
50.592499 3.255000 -33.880001 27576452455
58.345001 -2.957500 -31.447500 27576477452
56.735001 3.692500 -17.465000 27576502453
43.452499 11.777500 -13.177500 27576527454
41.650002 8.697500 -22.347500 27576552456
55.965000 2.642500 -20.772501 27576577450
60.357502 14.507500 -10.395000 27576602456
50.400002 9.275000 -9.520000 27576627454
41.877499 10.902500 -12.022500 27576652476
49.035000 15.872500 -14.525000 27576677451
46.812500 10.517500 -18.270000 27576702452
46.042500 13.702500 -25.042500 27576727457
50.522499 20.142500 -17.955000 27576752481
52.307499 33.582500 -5.215000 27576777449
39.427502 36.382500 -13.107500 27576802456
34.877499 13.527500 -23.975000 27576827448
55.072502 19.285000 -13.755000 27576852460
57.295002 48.842499 -4.392500 27576877449
51.957500 39.480000 -3.640000 27576902453
50.277500 28.402500 -8.295000 27576927452
43.820000 27.475000 -11.375000 27576952453
50.627499 39.410000 -6.037500 27576977447
52.639999 35.349998 -10.097500 27577002445
55.965000 17.202499 -13.702500 27577027444
48.650002 13.230000 -21.000000 27577052455
45.990002 -1.767500 -12.285000 27577077453
62.545002 15.662500 -3.132500 27577102452
54.424999 12.197500 -7.175000 27577127455
48.474998 -5.670000 -13.492500 27577152419
63.857502 8.207500 -8.785000 27577177451
58.292500 30.992500 0.070000 27577202413
39.865002 30.677500 -16.905001 27577227454
30.695000 5.600000 -30.117500 27577252410
52.325001 6.090000 -3.955000 27577277440
60.095001 33.127499 -2.012500 27577302411
36.224998 19.180000 -15.470000 27577327448
38.972500 -4.445000 -7.595000 27577352414
54.582500 4.410000 3.920000 27577377451
41.842499 14.875000 6.475000 27577402413
23.572500 -8.050000 -2.117500 27577427450
29.172501 -8.172500 10.675000 27577452408
36.295002 6.335000 16.852501 27577477455
19.145000 -0.490000 8.295000 27577502408
22.540001 -6.247500 4.970000 27577527354
33.250000 12.670000 7.420000 27577552411
28.630001 12.320000 2.310000 27577577456
22.924999 0.752500 -6.177500 27577602422
23.047501 -5.425000 1.347500 27577627465
31.465000 17.780001 2.870000 27577652416
27.719999 13.492500 -4.182500 27577677456
35.087502 5.197500 -2.992500 27577702415
55.457500 3.920000 -1.907500 27577727454
39.445000 12.232500 3.430000 27577752450
20.020000 17.920000 -0.525000 27577777447
9.100000 0.962500 -3.937500 27577802457
9.957500 0.280000 7.105000 27577827454
-0.945000 12.862500 1.470000 27577852455
-22.295000 -7.805000 -9.327500 27577877455
-9.870000 -9.502500 -4.620000 27577902458
-23.992500 4.427500 4.147500 27577927457
-24.132500 1.417500 12.180000 27577952448
-8.767500 0.297500 14.175000 27577977443
-3.010000 -4.515000 3.902500 27578002453
8.312500 -5.950000 -0.822500 27578027454
13.405000 -2.222500 -5.705000 27578052451
-6.562500 3.762500 -1.837500 27578077456
-11.375000 10.797500 -1.855000 27578102451
-3.902500 -3.710000 -7.927500 27578127459
4.042500 0.472500 -0.665000 27578152457
-2.607500 5.372500 -2.310000 27578177458
-13.300000 -5.022500 -9.695000 27578202455
7.770000 -10.640000 -5.390000 27578227456
11.952500 -3.640000 -1.802500 27578252462
-6.702500 2.817500 -0.647500 27578277450
-6.440000 -0.892500 0.840000 27578302451
-5.477500 2.397500 6.405000 27578327450
-11.970000 -3.412500 3.115000 27578352451
-6.510000 -8.732500 4.252500 27578377476
14.910000 -3.552500 4.637500 27578402462
11.935000 2.782500 0.525000 27578427460
-4.182500 2.712500 -5.687500 27578452453
-12.880000 -2.082500 -2.415000 27578477455
1.505000 -2.327500 -0.157500 27578502452
4.077500 4.112500 4.970000 27578527448
0.717500 1.032500 4.935000 27578552447
1.330000 -1.225000 6.002500 27578577452
-2.572500 -0.227500 6.807500 27578602465
-1.242500 -5.880000 1.067500 27578627467
7.770000 -0.087500 1.697500 27578652461
4.497500 0.315000 -2.170000 27578677456
-3.500000 1.470000 -1.365000 27578702461
