0.000000 27568644879
0.000000 27568666615
0.000000 27568691555
0.000000 27568716598
0.000000 27568741602
0.000000 27568766596
0.000000 27568791654
0.000000 27568816652
0.000000 27568841665
0.000000 27568866670
0.000000 27568891666
0.000000 27568916647
0.000000 27568941662
0.000000 27568966663
0.000000 27568991664
0.000000 27569016649
0.000000 27569041666
0.000000 27569066667
0.000000 27569091656
0.000000 27569116646
0.000000 27569141670
0.000000 27569166671
0.000000 27569191662
0.000000 27569216644
0.000000 27569241669
0.000000 27569266668
0.000000 27569291657
0.000000 27569316648
0.000000 27569341658
0.000000 27569366649
0.000000 27569391669
0.000000 27569416653
0.000000 27569441668
0.000000 27569466664
0.000000 27569491655
0.000000 27569516650
0.000000 27569541668
0.000000 27569566672
0.000000 27569591658
0.000000 27569616644
0.000000 27569641672
0.000000 27569666670
0.000000 27569691665
0.000000 27569716645
0.000000 27569741670
0.000000 27569766665
0.000000 27569791661
0.000000 27569816652
0.000000 27569841663
0.000000 27569866669
0.000000 27569891655
0.000000 27569916641
0.000000 27569941663
0.000000 27569966666
0.000000 27569991658
0.000000 27570016647
0.000000 27570041668
0.000000 27570066668
0.000000 27570091661
0.000000 27570116647
0.000000 27570141670
0.000000 27570166668
0.000000 27570191659
0.000000 27570217474
0.000000 27570241604
0.000000 27570266667
0.000000 27570291654
0.000000 27570316652
0.000000 27570341677
0.000000 27570366665
0.000000 27570391656
0.000000 27570416651
0.000000 27570441662
0.000000 27570466650
0.000000 27570491645
0.000000 27570516647
0.000000 27570541653
0.000000 27570566660
0.000000 27570591647
0.000000 27570616645
0.000000 27570641657
0.000000 27570666661
0.000000 27570691650
0.000000 27570716646
0.000000 27570741658
0.000000 27570766665
0.000000 27570791649
0.000000 27570816649
0.000000 27570841655
0.000000 27570866662
0.000000 27570891648
0.000000 27570916650
0.000000 27570941660
0.000000 27570966650
0.000000 27570991660
0.000000 27571016588
0.000000 27571041655
0.000000 27571066669
0.000000 27571091644
0.000000 27571116649
0.000000 27571141674
0.000000 27571166662
0.000000 27571191636
0.000000 27571216647
0.000000 27571241649
0.000000 27571266653
0.000000 27571291641
0.000000 27571316648
0.000000 27571341640
0.000000 27571366660
0.000000 27571391640
0.000000 27571416649
0.000000 27571441646
0.000000 27571466653
0.000000 27571491643
0.000000 27571516599
0.000000 27571541704
0.000000 27571566658
0.000000 27571591688
0.000000 27571616645
0.000000 27571641670
0.000000 27571666660
0.000000 27571691639
0.000000 27571716654
0.000000 27571741642
0.000000 27571766659
0.000000 27571791631
0.000000 27571816648
0.000000 27571841642
0.000000 27571866655
0.000000 27571891650
0.000000 27571916650
0.000000 27571941640
0.000000 27571966665
0.000000 27571991645
0.000000 27572016667
0.000000 27572041636
0.000000 27572066661
0.000000 27572091640
0.000000 27572116652
0.000000 27572141635
0.000000 27572166671
0.000000 27572191640
0.000000 27572216662
0.000000 27572241641
0.000000 27572266660
0.000000 27572291635
0.000000 27572316655
0.000000 27572341664
0.000000 27572366671
0.000000 27572391642
0.000000 27572416664
0.000000 27572441642
0.000000 27572466645
0.000000 27572491641
0.000000 27572516644
0.000000 27572541638
0.000000 27572566659
0.000000 27572591641
0.000000 27572616650
0.000000 27572641664
0.000000 27572666663
0.000000 27572691665
0.000000 27572716652
0.000000 27572741660
0.000000 27572766670
0.000000 27572791658
0.000000 27572816648
0.000000 27572841658
0.000000 27572866667
0.000000 27572891668
0.000000 27572916651
0.000000 27572941659
0.000000 27572966660
0.000000 27572991641
0.000000 27573016647
0.000000 27573041666
0.000000 27573066670
0.000000 27573091656
0.000000 27573116653
0.000000 27573141657
0.000000 27573166665
0.000000 27573191639
0.000000 27573216654
0.000000 27573241643
0.000000 27573266660
0.000000 27573291653
0.000000 27573316648
0.000000 27573341629
0.000000 27573366655
0.000000 27573391736
0.000000 27573416646
0.000000 27573441672
0.000000 27573466645
0.000000 27573491691
0.000000 27573516648
0.000000 27573541646
0.000000 27573566665
0.000000 27573591686
0.000000 27573616658
0.000000 27573641683
0.000000 27573666670
0.000000 27573691670
0.000000 27573716654
0.000000 27573741664
0.000000 27573766671
0.000000 27573791656
0.000000 27573816648
0.000000 27573841665
0.000000 27573866665
0.000000 27573891665
0.000000 27573916649
0.000000 27573941649
0.000000 27573966668
0.000000 27573991665
0.000000 27574016650
0.000000 27574041672
0.000000 27574066664
0.000000 27574091665
0.000000 27574116652
0.000000 27574141673
0.000000 27574166678
0.000000 27574191670
0.000000 27574216657
0.000000 27574241664
0.000000 27574266661
0.000000 27574291659
0.000000 27574316652
0.000000 27574341657
0.000000 27574366655
0.000000 27574391666
0.000000 27574416657
0.000000 27574441669
0.000000 27574466644
0.000000 27574491663
0.000000 27574516610
0.000000 27574541600
0.000000 27574566590
0.000000 27574591670
0.000000 27574616653
0.000000 27574641661
0.000000 27574666663
0.000000 27574691670
0.000000 27574716651
0.000000 27574741658
0.000000 27574766662
0.000000 27574791667
0.000000 27574816654
0.000000 27574841658
0.000000 27574866658
0.000000 27574891670
0.000000 27574916642
0.000000 27574941649
0.000000 27574966657
0.000000 27574991658
0.000000 27575016643
0.000000 27575041645
0.000000 27575066673
0.000000 27575091653
0.000000 27575116645
0.000000 27575141651
0.000000 27575166656
0.000000 27575191660
0.000000 27575216649
0.000000 27575241649
0.000000 27575266655
0.000000 27575291668
0.000000 27575316638
0.000000 27575341658
0.000000 27575366652
0.000000 27575391656
0.000000 27575416654
0.000000 27575441658
0.000000 27575466668
0.000000 27575491661
0.000000 27575516651
0.000000 27575541636
0.000000 27575566671
0.000000 27575591662
0.000000 27575616656
0.000000 27575641648
0.000000 27575666670
0.000000 27575691661
0.000000 27575716653
0.000000 27575741680
0.000000 27575766664
0.000000 27575791659
0.000000 27575816649
0.000000 27575841661
0.000000 27575866669
0.000000 27575891666
0.000000 27575916656
0.000000 27575941667
0.000000 27575966670
0.000000 27575991663
0.000000 27576016652
0.000000 27576041660
0.000000 27576066669
0.000000 27576091662
0.000000 27576116654
0.000000 27576141663
0.000000 27576166662
0.000000 27576191663
0.000000 27576216653
0.000000 27576241667
0.000000 27576266670
0.000000 27576291659
0.000000 27576316652
0.000000 27576341662
0.000000 27576366665
0.000000 27576391672
0.000000 27576416653
0.000000 27576441659
0.000000 27576466661
0.000000 27576491666
0.000000 27576516635
0.000000 27576541658
0.000000 27576566661
0.000000 27576591663
0.000000 27576616636
0.000000 27576641663
0.000000 27576666662
0.000000 27576691671
0.000000 27576716630
0.000000 27576741651
0.000000 27576766667
0.000000 27576791665
0.000000 27576816650
0.000000 27576841652
0.000000 27576866666
0.000000 27576891669
0.000000 27576916651
0.000000 27576941662
0.000000 27576966664
0.000000 27576991669
0.000000 27577016591
0.000000 27577041662
0.000000 27577066664
0.000000 27577091665
0.000000 27577116646
0.000000 27577141659
0.000000 27577166667
0.000000 27577191651
0.000000 27577216651
0.000000 27577241661
0.000000 27577266664
0.000000 27577291656
0.000000 27577316651
0.000000 27577341676
0.000000 27577366666
0.000000 27577391658
0.000000 27577416653
0.000000 27577441669
0.000000 27577466664
0.000000 27577491653
0.000000 27577516606
0.000000 27577541608
0.000000 27577566660
0.000000 27577591656
0.000000 27577616656
0.000000 27577641673
0.000000 27577666669
0.000000 27577691656
0.000000 27577716643
0.000000 27577741660
0.000000 27577766662
0.000000 27577791655
0.000000 27577816651
0.000000 27577841666
0.000000 27577866668
0.000000 27577891653
0.000000 27577916648
0.000000 27577941663
0.000000 27577966662
0.000000 27577991663
0.000000 27578016651
0.000000 27578041663
0.000000 27578066664
0.000000 27578091657
0.000000 27578116655
0.000000 27578141673
0.000000 27578166663
0.000000 27578191659
0.000000 27578216654
0.000000 27578241666
0.000000 27578266653
0.000000 27578291660
0.000000 27578316645
0.000000 27578341664
0.000000 27578366664
0.000000 27578391681
0.000000 27578416662
0.000000 27578441668
0.000000 27578466665
0.000000 27578491667
0.000000 27578516651
0.000000 27578541657
0.000000 27578566662
0.000000 27578591604
0.000000 27578616667
0.000000 27578641663
0.000000 27578666653
0.000000 27578691665
0.000000 27578716657
