23.562500 -37.437500 -13.750000 109624992.000000
23.625000 -37.687500 -13.375000 109724992.000000
23.375000 -38.812500 -12.625000 109824992.000000
23.187500 -38.437500 -12.875000 109924992.000000
23.062500 -38.687500 -13.000000 110024992.000000
22.687500 -38.812500 -12.875000 110124992.000000
22.500000 -38.750000 -12.812500 110224992.000000
22.812500 -38.437500 -12.875000 110324992.000000
22.875000 -38.625000 -12.750000 110424992.000000
22.687500 -38.625000 -12.625000 110524992.000000
22.687500 -38.625000 -12.812500 110624992.000000
22.750000 -38.750000 -13.375000 110724992.000000
22.812500 -39.375000 -13.375000 110824992.000000
23.937500 -40.500000 -13.437500 110924992.000000
26.312500 -40.875000 -13.187500 111024992.000000
29.187500 -41.062500 -13.062500 111124992.000000
32.125000 -41.062500 -12.625000 111224992.000000
35.125000 -41.125000 -12.250000 111324992.000000
38.250000 -41.062500 -11.375000 111424992.000000
41.250000 -41.062500 -10.312500 111524992.000000
44.125000 -40.312500 -9.312500 111624992.000000
46.062500 -39.250000 -8.687500 111724992.000000
46.750000 -38.625000 -8.437500 111824992.000000
46.812500 -38.437500 -7.812500 111924992.000000
46.625000 -38.437500 -7.687500 112024992.000000
46.562500 -38.250000 -7.562500 112124992.000000
46.000000 -38.437500 -8.125000 112224992.000000
44.500000 -38.750000 -8.875000 112324992.000000
42.000000 -38.812500 -9.687500 112424992.000000
39.500000 -38.437500 -10.250000 112524992.000000
37.375000 -38.125000 -10.812500 112624992.000000
35.250000 -37.812500 -11.437500 112724992.000000
33.062500 -37.500000 -12.000000 112824992.000000
31.062500 -37.125000 -12.375000 112924992.000000
29.187500 -36.437500 -12.562500 113024992.000000
28.375000 -35.562500 -12.500000 113124992.000000
28.562500 -35.000000 -12.500000 113224992.000000
28.750000 -34.750000 -12.625000 113324992.000000
28.750000 -34.750000 -12.562500 113424992.000000
28.437500 -34.625000 -12.750000 113524992.000000
28.312500 -34.500000 -12.687500 113624992.000000
28.062500 -34.437500 -12.937500 113724992.000000
28.000000 -34.437500 -13.000000 113824992.000000
27.937500 -34.500000 -13.062500 113924992.000000
27.750000 -34.812500 -13.125000 114024992.000000
27.437500 -35.125000 -13.000000 114124992.000000
26.375000 -35.625000 -13.250000 114224992.000000
26.062500 -36.375000 -13.875000 114324992.000000
26.937500 -37.750000 -14.000000 114424992.000000
29.500000 -37.687500 -13.687500 114524992.000000
32.312500 -36.875000 -13.062500 114624992.000000
35.062500 -35.937500 -12.437500 114724992.000000
38.000000 -35.437500 -11.750000 114824992.000000
40.687500 -34.812500 -11.187500 114924992.000000
44.000000 -33.875000 -10.625000 115024992.000000
46.937500 -32.625000 -9.375000 115124992.000000
48.812500 -30.937500 -8.937500 115224992.000000
49.000000 -30.625000 -8.812500 115324992.000000
48.562500 -31.000000 -8.875000 115424992.000000
48.125000 -32.187500 -9.312500 115524992.000000
46.250000 -33.062500 -9.875000 115624992.000000
44.375000 -33.375000 -10.375000 115724992.000000
42.437500 -33.687500 -10.750000 115824992.000000
40.375000 -33.875000 -11.437500 115924992.000000
38.125000 -33.937500 -11.937500 116024992.000000
35.812500 -34.437500 -12.312500 116124992.000000
33.625000 -34.312500 -12.875000 116224992.000000
31.687500 -33.562500 -13.187500 116324992.000000
30.937500 -32.750000 -13.125000 116424992.000000
30.750000 -32.687500 -13.125000 116524992.000000
30.625000 -32.562500 -13.125000 116624992.000000
30.625000 -32.500000 -13.250000 116724992.000000
30.625000 -32.625000 -13.125000 116824992.000000
30.625000 -32.312500 -13.062500 116924992.000000
30.687500 -32.437500 -13.125000 117024992.000000
30.312500 -32.875000 -13.250000 117124992.000000
30.562500 -33.875000 -13.500000 117224992.000000
32.562500 -34.687500 -13.062500 117324992.000000
34.812500 -34.500000 -12.625000 117424992.000000
37.062500 -34.312500 -12.000000 117524992.000000
39.062500 -34.187500 -11.562500 117624992.000000
41.562500 -34.187500 -11.250000 117724992.000000
43.875000 -34.000000 -10.500000 117824992.000000
46.437500 -33.562500 -9.500000 117924992.000000
48.687500 -32.187500 -8.562500 118024992.000000
49.125000 -31.125000 -8.312500 118124992.000000
49.187500 -31.187500 -8.062500 118224992.000000
49.187500 -31.062500 -7.750000 118324992.000000
49.562500 -31.000000 -7.562500 118424992.000000
49.125000 -31.250000 -7.125000 118524992.000000
48.250000 -32.125000 -7.437500 118624992.000000
46.062500 -32.875000 -8.312500 118724992.000000
43.625000 -33.812500 -8.875000 118824992.000000
41.375000 -34.375000 -9.312500 118924992.000000
38.937500 -34.875000 -10.125000 119024992.000000
36.375000 -35.562500 -11.000000 119124992.000000
33.750000 -35.875000 -11.375000 119224992.000000
31.375000 -36.125000 -12.000000 119324992.000000
30.000000 -35.687500 -12.062500 119424992.000000
29.750000 -35.625000 -11.625000 119524992.000000
29.750000 -35.500000 -11.687500 119624992.000000
29.437500 -35.562500 -12.187500 119724992.000000
29.312500 -35.625000 -12.062500 119824992.000000
29.375000 -35.687500 -12.000000 119924992.000000
29.375000 -36.000000 -12.312500 120024992.000000
29.500000 -36.000000 -12.687500 120124992.000000
29.375000 -36.062500 -12.875000 120224992.000000
29.500000 -36.062500 -13.062500 120324992.000000
29.437500 -35.812500 -13.250000 120424992.000000
29.250000 -35.750000 -13.062500 120524992.000000
29.062500 -35.750000 -13.375000 120624992.000000
28.875000 -35.750000 -13.437500 120724992.000000
28.625000 -35.437500 -13.562500 120824992.000000
28.562500 -35.500000 -13.750000 120924992.000000
28.250000 -35.437500 -13.875000 121024992.000000
27.937500 -35.375000 -14.187500 121124992.000000
27.625000 -35.562500 -14.250000 121224992.000000
27.625000 -35.812500 -14.500000 121324992.000000
27.625000 -35.812500 -14.562500 121424992.000000
27.687500 -36.062500 -14.562500 121524992.000000
27.625000 -36.250000 -14.500000 121624992.000000
27.375000 -36.312500 -14.250000 121724992.000000
27.375000 -36.375000 -14.500000 121824992.000000
27.312500 -36.562500 -14.625000 121924992.000000
27.000000 -36.500000 -14.625000 122124992.000000
26.937500 -36.625000 -14.687500 122224992.000000
26.812500 -36.437500 -14.812500 122324992.000000
