-2.555000 -3.325000 0.525000 12777558210
-1.750000 -2.520000 1.190000 12777583198
-2.205000 -8.732500 27.597500 12777608195
0.507500 -3.797500 40.127499 12777633197
0.945000 0.035000 59.972500 12777658191
2.712500 -1.172500 67.690002 12777683192
5.162500 -2.432500 63.805000 12777708191
6.772500 -15.295000 66.220001 12777733193
8.785000 -10.832500 67.340004 12777758193
11.340000 0.560000 60.935001 12777783201
14.402500 -0.070000 37.869999 12777808211
22.732500 0.542500 22.102501 12777846407
28.980000 3.622500 24.465000 12777858216
36.347500 -3.167500 26.495001 12777883206
42.962502 -6.475000 21.875000 12777908211
48.107502 -8.942500 16.082500 12777933199
62.352501 -23.502501 -7.665000 12777958206
77.629997 -4.935000 -39.812500 12777983196
76.807503 0.035000 10.692500 12778008212
62.125000 12.127500 -0.420000 12778033202
62.387501 13.072500 8.085000 12778058205
98.017502 -0.770000 20.387501 12778083194
103.547501 31.552500 29.680000 12778108207
100.852501 44.345001 36.382500 12778133194
92.102501 41.247501 39.357502 12778158207
75.215004 -12.250000 45.150002 12778183199
67.812500 -8.557500 50.154999 12778208211
69.457497 87.779999 58.502499 12778233192
87.132500 186.339996 18.655001 12778258207
57.697502 168.244995 -10.517500 12778283196
-3.185000 100.730003 -59.290001 12778308207
-26.022501 121.607498 -99.627502 12778333196
-40.845001 190.294998 -151.095001 12778358204
-43.907501 249.847504 -226.660004 12778383193
-36.627499 258.790009 -267.697510 12778408205
-3.430000 256.165009 -290.954987 12778433196
20.299999 252.000000 -317.642487 12778458207
41.527500 254.380005 -325.587494 12778483195
57.435001 270.427490 -308.612488 12778508206
60.830002 279.072510 -279.387512 12778533193
35.647499 288.890015 -256.182495 12778558208
17.062500 249.024994 -195.964996 12778583191
-2.870000 188.649994 -142.257507 12778608207
8.942500 113.260002 -108.237503 12778633192
34.527500 77.385002 -110.285004 12778658205
25.007500 49.122501 -102.165001 12778683211
21.315001 72.099998 -97.510002 12778708213
7.315000 94.587502 -101.114998 12778733199
-7.542500 83.072502 -95.602501 12778758211
-5.180000 57.049999 -60.672501 12778783196
-8.505000 43.855000 -37.537498 12778808211
-10.132500 59.885002 -24.395000 12778833196
-4.427500 71.120003 -17.115000 12778858207
-5.967500 51.257500 -7.927500 12778883192
-0.577500 23.100000 2.712500 12778908205
12.670000 17.570000 9.502500 12778933195
14.245000 10.902500 6.387500 12778958209
1.767500 13.632500 2.835000 12778983196
-3.832500 6.212500 6.300000 12779008207
-5.232500 0.350000 0.402500 12779033195
