-0.840000 -3.240000 7.560000 12777540732
-0.660000 -3.180000 7.380000 12777565612
-0.720000 -3.360000 7.680000 12777590629
-0.900000 -3.180000 7.740000 12777615607
-0.660000 -3.060000 7.620000 12777640621
-0.780000 -3.180000 7.260000 12777665593
-0.960000 -2.880000 7.680000 12777690612
-0.780000 -2.820000 7.500000 12777715614
-0.720000 -2.640000 7.200000 12777740601
-0.420000 -2.820000 7.380000 12777765599
-0.360000 -2.400000 7.440000 12777790720
-0.060000 -2.220000 7.020000 12777815639
-0.060000 -2.340000 7.020000 12777847261
0.120000 -2.280000 7.080000 12777865393
0.060000 -2.220000 6.660000 12777890354
0.060000 -2.280000 6.840000 12777915345
0.180000 -1.980000 6.660000 12777940348
0.420000 -2.100000 6.900000 12777965342
0.240000 -1.560000 6.720000 12777990613
0.120000 -1.680000 6.480000 12778015596
0.540000 -1.500000 6.180000 12778040366
0.360000 -1.440000 5.880000 12778065350
0.420000 -1.260000 5.820000 12778090346
0.120000 -0.600000 5.640000 12778115368
0.060000 -0.780000 5.580000 12778140336
0.180000 -0.900000 5.340000 12778165349
0.300000 -0.900000 5.340000 12778190345
0.600000 -0.840000 4.800000 12778215342
0.180000 -0.660000 4.860000 12778240336
0.360000 -0.720000 4.920000 12778265333
-0.300000 -0.540000 4.980000 12778290341
-0.420000 -0.780000 4.860000 12778315350
-0.720000 -0.720000 5.280000 12778340345
-1.500000 -0.660000 5.220000 12778365370
-2.280000 -0.720000 5.520000 12778390373
-3.180000 -1.140000 5.220000 12778415452
-4.140000 -1.260000 5.220000 12778440335
-4.800000 -1.800000 4.320000 12778465472
-6.000000 -2.280000 4.200000 12778490345
-6.420000 -2.820000 3.540000 12778515458
-6.900000 -3.420000 2.700000 12778540341
-6.780000 -4.380000 2.220000 12778565457
-7.260000 -4.500000 1.380000 12778590336
-7.080000 -4.560000 0.960000 12778615450
-6.720000 -5.400000 0.840000 12778640357
-6.900000 -5.580000 1.020000 12778669275
-6.900000 -5.820000 0.540000 12778690376
-6.780000 -6.420000 0.660000 12778715490
-6.480000 -6.600000 0.660000 12778740355
-6.780000 -6.420000 0.060000 12778765475
-6.120000 -6.720000 0.240000 12778790357
-6.360000 -6.720000 0.240000 12778815471
-6.480000 -7.080000 0.240000 12778840343
-6.180000 -6.900000 -0.180000 12778865463
-6.000000 -6.960000 -0.480000 12778890345
-6.180000 -6.900000 -0.060000 12778915457
-6.600000 -6.960000 -0.120000 12778940343
-6.120000 -6.600000 -0.600000 12778965449
-5.880000 -6.600000 -0.240000 12778990348
-6.180000 -7.140000 -0.420000 12779015478
