0.000000 12777521760
0.000000 12777546766
0.000000 12777571768
0.000000 12777596760
0.000000 12777621895
0.000000 12777646790
0.000000 12777671796
0.000000 12777696754
0.000000 12777721860
0.000000 12777746793
0.000000 12777771747
0.000000 12777796725
5.000000 12777825645
0.000000 12777847077
0.000000 12777871809
0.000000 12777896748
0.000000 12777921775
0.000000 12777946772
0.000000 12777971785
0.000000 12777996738
0.000000 12778021782
0.000000 12778046769
0.000000 12778071772
0.000000 12778096749
0.000000 12778121779
0.000000 12778146786
0.000000 12778171775
0.000000 12778196750
0.000000 12778221775
0.000000 12778246767
0.000000 12778271776
0.000000 12778296750
0.000000 12778321776
0.000000 12778346777
0.000000 12778371778
0.000000 12778396744
0.000000 12778421781
0.000000 12778446773
0.000000 12778471784
0.000000 12778496748
0.000000 12778521773
0.000000 12778546780
0.000000 12778571776
0.000000 12778596746
0.000000 12778621776
0.000000 12778646772
0.000000 12778671822
0.000000 12778696756
0.000000 12778721783
0.000000 12778746770
0.000000 12778771781
0.000000 12778796750
0.000000 12778821776
0.000000 12778846765
0.000000 12778871774
0.000000 12778896747
0.000000 12778921776
0.000000 12778946757
0.000000 12778971776
0.000000 12778996748
