1.657324 0.156906 -10.620603 30489481558
1.657324 0.264780 -10.630409 30489506571
1.941717 0.137293 -10.738283 30489531579
2.137850 0.117680 -10.600989 30489556566
2.265337 0.098067 -10.169497 30489581545
2.284950 0.215746 -10.091044 30489606572
2.441856 0.215746 -10.287177 30489631571
2.677216 0.186326 -10.346016 30489656571
2.804702 0.166713 -10.463697 30489681547
2.853735 0.166713 -10.414664 30489706560
3.020448 0.137293 -10.365630 30489731574
2.971415 0.176520 -10.365630 30489756565
3.049868 0.147100 -10.414664 30489781547
3.550008 0.127486 -10.091044 30489806573
3.677494 0.539366 -10.198916 30489831570
3.863821 0.509946 -9.796844 30489856567
4.148213 0.549172 -9.483032 30489881552
4.599319 0.529559 -9.630132 30489906570
4.873906 0.764919 -9.375159 30489931570
4.991585 0.706079 -9.335932 30489956553
5.030812 0.608012 -9.169219 30489981539
5.305398 0.990472 -9.110379 30490006580
5.481918 0.784532 -9.384965 30490031559
5.883991 0.647239 -8.835793 30490056574
6.344903 0.764919 -8.149327 30490081555
6.688136 0.951245 -7.982615 30490106554
6.845042 1.176798 -7.600155 30490131584
7.090209 1.157185 -7.668801 30490156551
7.286342 1.176798 -7.315762 30490181547
7.629575 1.274865 -6.511616 30490206563
7.766868 1.304285 -6.590069 30490231578
8.002228 1.314091 -6.452776 30490256562
8.296427 1.314091 -6.148770 30490281552
8.835793 1.412158 -5.030812 30490306578
8.894632 1.441578 -4.932746 30490331479
9.051538 1.520031 -4.697386 30490356567
9.080959 1.608291 -4.324733 30490381538
9.149606 1.686744 -3.863821 30490406567
9.384965 1.784810 -3.608848 30490431559
9.698778 1.627904 -3.471555 30490456571
9.816459 1.539644 -2.843929 30490481546
9.473226 1.490611 -2.785089 30490506565
9.522259 1.980944 -2.098624 30490531566
9.610518 2.304563 -1.539644 30490556567
9.541871 1.922104 -1.137571 30490581540
9.551678 2.235916 0.274586 30490606557
9.522259 2.412436 0.745305 30490631556
9.698778 2.324176 0.892405 30490656558
9.718391 2.294756 1.157185 30490681546
9.698778 2.216303 1.274865 30490706564
9.777231 2.157463 1.686744 30490731556
9.698778 2.333983 2.294756 30490756557
9.796844 2.059397 2.588956 30490781544
9.796844 1.922104 2.461469 30490806569
9.571292 1.961330 2.687022 30490831549
9.247672 2.186883 3.334261 30490856559
8.286621 2.569343 4.138407 30490881540
8.306233 2.461469 4.050147 30490906558
8.394494 2.402630 4.216860 30490931553
8.453333 2.471276 4.903326 30490956559
8.119907 2.177077 4.707192 30490981534
7.688415 2.383016 5.070039 30491006555
7.492281 2.637989 6.393937 30491031559
7.364795 2.324176 5.874184 30491056560
6.884269 2.304563 6.050704 30491081536
6.707749 2.284950 7.119628 30491106550
6.599876 2.098624 7.757061 30491131550
5.913410 1.951524 7.286342 30491156560
5.717278 2.010364 7.335375 30491181534
5.560371 1.833844 8.316040 30491206549
5.305398 1.637711 8.482754 30491231560
4.589513 1.706357 7.413828 30491256557
4.089374 1.863264 8.208167 30491281535
3.648074 1.255251 10.247950 30491306554
3.608848 1.245445 9.522259 30491331582
3.030255 1.343511 9.326125 30491356576
2.981222 1.284671 9.610518 30491381551
2.785089 1.284671 9.365352 30491406554
2.412436 1.461191 9.277092 30491431566
1.843650 1.451384 9.845878 30491456575
1.706357 1.402351 9.698778 30491481540
1.372931 1.529838 9.335932 30491506560
0.970859 1.480804 9.708585 30491531549
0.215746 1.343511 9.649745 30491556560
-0.156906 1.421964 9.845878 30491581553
-0.431493 1.480804 9.639938 30491606557
-0.627626 1.431771 9.796844 30491631566
-0.990472 1.225831 9.963558 30491656566
-1.431771 1.392545 10.100850 30491681537
-1.843650 1.372931 10.375437 30491706552
-1.951524 1.382738 10.346016 30491731552
-1.647517 1.323898 10.032204 30491756562
-1.941717 1.412158 9.708585 30491781554
-2.333983 1.470998 9.973364 30491806620
-2.137850 1.186605 10.591184 30491831582
-1.745584 0.882599 10.012591 30491856562
-1.657324 0.990472 10.022397 30491881543
-1.745584 0.990472 10.081238 30491906558
-1.706357 0.970859 9.649745 30491931556
