1.330000 29.067501 0.822500 30489483544
0.770000 29.102501 -0.087500 30489508541
-1.522500 34.387501 1.207500 30489533549
-3.132500 46.025002 -2.117500 30489558548
-0.980000 41.160000 -7.280000 30489583544
-3.220000 24.605000 -5.845000 30489608555
-0.455000 22.277500 -2.520000 30489633555
0.892500 21.315001 -1.645000 30489658843
-3.587500 30.309999 -1.750000 30489683548
-0.192500 43.662498 -3.937500 30489708546
0.332500 39.707500 -6.527500 30489733546
-3.675000 29.889999 -5.285000 30489758542
-6.300000 38.744999 -3.972500 30489783543
-16.467501 56.297501 -4.672500 30489808544
-15.697500 64.995003 -6.965000 30489833548
-7.175000 71.260002 -9.642500 30489858504
-10.500000 55.317501 -10.500000 30489883547
-11.497500 79.940002 -11.462500 30489908539
-7.420000 77.227501 -16.187500 30489933562
-7.997500 72.974998 -16.870001 30489958563
-5.530000 74.497498 -18.112499 30489983553
-4.025000 61.967499 -12.512500 30490008553
-6.545000 85.067497 -5.302500 30490033557
-11.830000 111.614998 -8.627500 30490058537
-11.287500 97.684998 -15.977500 30490083545
-8.750000 113.697502 -21.665001 30490108539
-2.625000 103.897499 -20.965000 30490133561
-6.177500 92.697502 -14.542500 30490158548
-12.915000 103.232498 -9.957500 30490183546
-9.012500 87.832497 -10.535000 30490208550
-8.155000 78.889999 -9.310000 30490233548
-11.690000 94.972504 -4.830000 30490258545
-14.927500 102.970001 -3.325000 30490283562
-13.212500 86.537498 -9.170000 30490308549
-12.407500 84.087502 -11.060000 30490333555
-3.570000 88.165001 -10.062500 30490358573
-3.867500 92.522499 -11.392500 30490383561
-5.337500 97.212502 -6.685000 30490408558
-6.282500 80.167503 -2.362500 30490433569
-6.212500 85.959999 -8.137500 30490458544
-10.762500 95.095001 -18.690001 30490483566
-10.412500 107.974998 -20.527500 30490508558
-8.015000 124.775002 -14.332500 30490533963
-2.992500 102.602501 -10.727500 30490558568
-20.247499 147.419998 -8.662500 30490583553
-45.639999 161.000000 -3.990000 30490608549
-38.884998 95.165001 2.187500 30490633549
-4.690000 85.627502 7.332500 30490658536
2.292500 83.842499 -3.640000 30490683560
5.127500 89.162498 -0.875000 30490708553
3.885000 96.879997 0.472500 30490733510
-2.310000 70.892502 -3.465000 30490758573
-9.135000 71.925003 -2.695000 30490783537
-8.505000 78.364998 -8.540000 30490808541
-5.372500 104.580002 -22.382500 30490833538
-6.667500 99.067497 -26.372499 30490858533
-9.397500 73.919998 -12.302500 30490883536
-9.782500 76.807503 1.207500 30490908538
-7.945000 95.882500 4.392500 30490933529
-6.615000 87.167503 -4.112500 30490958554
-12.827500 91.070000 -7.560000 30490983537
-7.612500 125.002502 -5.022500 30491008545
-12.530000 94.709999 1.120000 30491033536
-24.570000 66.324997 3.727500 30491058525
-21.332500 112.892502 5.110000 30491083542
-16.152500 121.852501 7.052500 30491108535
-25.900000 86.747498 3.587500 30491133535
-26.407499 76.510002 1.627500 30491158555
-13.527500 102.707497 5.827500 30491183538
-19.389999 103.092499 7.647500 30491208554
-24.605000 75.407501 5.460000 30491233535
-10.377500 91.070000 3.797500 30491258526
-9.292500 165.637497 8.155000 30491283547
-28.332500 117.967499 15.452500 30491312833
-31.150000 42.035000 7.262500 30491333551
-5.670000 74.462502 2.450000 30491358562
-5.687500 94.885002 9.082500 30491383538
0.367500 98.805000 11.130000 30491408561
18.182501 103.652504 10.710000 30491433542
1.347500 83.720001 16.257500 30491458528
-16.607500 71.627502 15.715000 30491483548
-9.135000 94.709999 9.555000 30491508541
1.540000 110.057503 14.945000 30491533543
2.555000 94.167503 15.732500 30491558545
14.892500 113.417503 19.442499 30491583526
15.680000 99.294998 19.442499 30491608491
10.937500 91.437500 17.622499 30491633530
1.575000 55.492500 11.287500 30491658527
0.892500 54.862499 4.900000 30491683546
5.390000 41.142502 5.722500 30491708537
5.145000 3.360000 5.617500 30491733535
-16.625000 -17.517500 -5.932500 30491758560
-19.337500 -7.052500 -15.207500 30491783524
-20.965000 14.507500 -4.812500 30491808562
-24.272501 -5.775000 6.650000 30491833559
-19.495001 -19.862499 2.432500 30491858528
-5.092500 -14.280000 -7.175000 30491883531
-8.890000 -12.302500 -10.447500 30491908542
-7.280000 -11.217500 -2.485000 30491933534
