0.000000 30489456998
0.000000 30489481558
0.000000 30489506571
0.000000 30489531579
0.000000 30489556566
0.000000 30489581545
0.000000 30489606572
0.000000 30489631571
0.000000 30489656571
0.000000 30489681547
0.000000 30489706560
0.000000 30489731574
0.000000 30489756565
0.000000 30489781547
0.000000 30489806573
0.000000 30489831570
0.000000 30489856567
0.000000 30489881552
0.000000 30489906570
0.000000 30489931570
0.000000 30489956553
0.000000 30489981539
0.000000 30490006580
0.000000 30490031559
0.000000 30490056574
0.000000 30490081555
0.000000 30490106554
0.000000 30490131584
0.000000 30490156551
0.000000 30490181547
0.000000 30490206563
0.000000 30490231578
0.000000 30490256562
0.000000 30490281552
0.000000 30490306578
0.000000 30490331479
0.000000 30490356567
0.000000 30490381538
0.000000 30490406567
0.000000 30490431559
0.000000 30490456571
0.000000 30490481546
0.000000 30490506565
0.000000 30490531566
0.000000 30490556567
0.000000 30490581540
0.000000 30490606557
0.000000 30490631556
0.000000 30490656558
0.000000 30490681546
0.000000 30490706564
0.000000 30490731556
0.000000 30490756557
0.000000 30490781544
0.000000 30490806569
0.000000 30490831549
0.000000 30490856559
0.000000 30490881540
0.000000 30490906558
0.000000 30490931553
0.000000 30490956559
0.000000 30490981534
0.000000 30491006555
0.000000 30491031559
0.000000 30491056560
0.000000 30491081536
0.000000 30491106550
0.000000 30491131550
0.000000 30491156560
0.000000 30491181534
0.000000 30491206549
0.000000 30491231560
0.000000 30491256557
0.000000 30491281535
0.000000 30491306554
0.000000 30491331582
0.000000 30491356576
0.000000 30491381551
0.000000 30491406554
0.000000 30491431566
0.000000 30491456575
0.000000 30491481540
0.000000 30491506560
0.000000 30491531549
0.000000 30491556560
0.000000 30491581553
0.000000 30491606557
0.000000 30491631566
0.000000 30491656566
0.000000 30491681537
0.000000 30491706552
0.000000 30491731552
0.000000 30491756562
0.000000 30491781554
0.000000 30491806620
0.000000 30491831582
0.000000 30491856562
0.000000 30491881543
0.000000 30491906558
