9.845878 0.058840 2.235916 10506300719
9.845878 0.049033 2.383016 10506325727
9.826264 0.039227 2.353596 10506350694
9.738005 0.019613 2.363403 10506375718
9.679165 0.019613 2.333983 10506400700
9.796844 -0.009807 2.304563 10506425712
9.855684 0.019613 2.363403 10506450693
9.963558 0.058840 2.392823 10506475715
10.267564 0.205940 2.461469 10506500718
10.424470 0.235360 2.412436 10506525716
10.502923 0.323619 2.451663 10506550695
10.502923 0.558979 2.471276 10506575716
10.355824 0.931632 2.392823 10506600720
10.238144 1.137571 2.451663 10506625711
10.110658 1.578871 2.245723 10506650690
9.983171 1.971137 1.941717 10506675708
9.384965 2.951802 2.451663 10506700713
8.953472 3.265615 1.892684 10506725716
8.943666 3.550008 1.853457 10506750691
8.865212 4.187440 1.725971 10506775714
8.531787 5.099458 1.304285 10506800718
8.119907 5.560371 1.196411 10506825712
7.629575 6.178190 0.892405 10506850690
7.198082 6.560650 0.745305 10506875721
6.187996 7.315762 1.186605 10506900715
5.805537 7.560929 1.470998 10506925701
5.246559 7.835515 1.206218 10506950690
4.717000 8.237587 0.558979 10506975711
3.893241 8.541594 0.892405 10507000710
3.451941 8.610240 0.647239 10507025704
3.059675 8.718113 0.156906 10507050692
2.177077 9.100572 0.117680 10507075718
1.686744 9.296705 0.186326 10507100711
1.343511 9.384965 0.068647 10507125711
1.166991 9.512452 0.588399 10507150691
1.206218 9.826264 0.794339 10507175716
1.421964 9.943945 0.784532 10507200715
1.225831 10.061625 0.853179 10507225713
0.951245 10.120463 1.010085 10507250686
0.215746 10.228337 1.608291 10507275718
-0.215746 10.277370 1.804424 10507300717
-0.509946 10.247950 1.578871 10507325710
-0.862985 10.169497 1.510224 10507350688
-1.451384 9.904717 1.588677 10507375718
-1.500418 9.816459 1.696550 10507400723
-1.451384 9.836071 1.676937 10507425717
-1.323898 9.796844 1.755391 10507450691
-1.078732 9.855684 1.814230 10507475709
-1.059118 9.943945 1.843650 10507500718
-0.921825 10.042011 1.794617 10507525707
