-5.340000 -0.420000 3.060000 10506316148
-5.160000 -0.600000 2.880000 10506340857
-5.040000 -0.480000 3.000000 10506365840
-5.100000 -0.300000 2.940000 10506390857
-5.160000 -0.720000 3.000000 10506416064
-4.980000 -0.660000 3.060000 10506440846
-5.280000 -0.600000 2.880000 10506465851
-5.280000 -0.600000 2.760000 10506490845
-5.040000 -0.720000 3.000000 10506516049
-5.280000 -0.600000 2.880000 10506540852
-5.160000 -0.480000 3.240000 10506565860
-5.940000 -0.660000 3.060000 10506590844
-5.520000 -1.080000 3.000000 10506616047
-5.880000 -1.080000 3.240000 10506640848
-5.940000 -1.500000 2.700000 10506665844
-6.240000 -1.560000 3.120000 10506690832
-6.420000 -1.980000 2.820000 10506716043
-6.720000 -2.400000 2.880000 10506740846
-6.840000 -2.640000 2.760000 10506765830
-7.140000 -3.180000 3.420000 10506790848
-7.200000 -3.600000 3.120000 10506816047
-7.200000 -3.840000 3.240000 10506840871
-7.200000 -4.560000 3.000000 10506865834
-7.440000 -5.040000 3.120000 10506890845
-7.020000 -5.700000 3.060000 10506916046
-7.140000 -5.820000 3.300000 10506940837
-6.960000 -6.240000 3.240000 10506965822
-6.840000 -6.720000 2.760000 10506990839
-6.720000 -6.960000 3.240000 10507016076
-6.600000 -7.440000 3.240000 10507040851
-6.540000 -7.740000 3.420000 10507065834
-6.540000 -7.860000 3.180000 10507090844
-6.240000 -8.280000 3.360000 10507116059
-6.360000 -8.400000 3.120000 10507140836
-6.060000 -8.460000 3.060000 10507165841
-6.000000 -8.400000 3.240000 10507190850
-5.820000 -8.700000 3.420000 10507216038
-5.820000 -8.940000 2.940000 10507240840
-5.520000 -9.000000 3.240000 10507265826
-5.400000 -9.120000 3.240000 10507290847
-5.280000 -9.120000 2.880000 10507316041
-5.520000 -9.000000 3.480000 10507340837
-5.340000 -9.540000 3.300000 10507365833
-5.160000 -9.599999 3.120000 10507390857
-4.920000 -9.599999 3.360000 10507416043
-5.100000 -9.059999 3.420000 10507440840
-4.860000 -9.540000 3.180000 10507465839
-5.160000 -9.480000 3.120000 10507490845
-5.340000 -9.780000 3.300000 10507516038
-5.040000 -9.599999 3.240000 10507541379
