-3.447500 -4.287500 -1.032500 12566645847
-2.117500 3.552500 -1.820000 12566670918
-3.167500 11.147500 -0.787500 12566695929
-3.535000 5.320000 0.017500 12566720911
-2.205000 2.625000 -0.752500 12566745890
-1.295000 8.522500 0.595000 12566770886
-0.630000 18.900000 0.315000 12566795889
-0.962500 23.222500 -0.787500 12566820887
0.717500 36.959999 -3.815000 12566845887
-0.542500 35.752499 -5.040000 12566870888
-1.680000 36.102501 -2.520000 12566895891
1.662500 34.912498 2.520000 12566920885
1.435000 46.567501 -1.155000 12566945865
-2.607500 51.082500 0.157500 12566970887
0.560000 46.795002 2.520000 12566995893
4.532500 26.687500 -1.207500 12567020886
5.110000 15.505000 4.270000 12567045885
-0.595000 22.417500 1.242500 12567070883
-5.687500 33.880001 -2.450000 12567095888
-8.295000 54.372501 -2.660000 12567120885
-8.382500 63.402500 1.120000 12567145887
-9.957500 96.442497 2.152500 12567170885
-2.222500 127.364998 6.300000 12567195889
-1.977500 154.104996 9.047500 12567220886
3.447500 203.210007 8.382500 12567245886
14.087500 235.479996 9.572500 12567270886
13.912500 274.225006 9.940000 12567295893
14.647500 267.610016 9.397500 12567320886
21.174999 252.805008 7.315000 12567345886
17.237499 203.384995 1.907500 12567370885
11.690000 147.455002 -2.240000 12567395889
7.332500 115.482498 -4.427500 12567420884
4.410000 127.224998 -5.162500 12567445883
1.680000 155.837494 -6.177500 12567470887
4.672500 215.897507 -0.997500 12567495893
4.270000 255.902496 1.557500 12567520888
1.907500 291.024994 3.237500 12567545897
2.765000 312.567505 4.900000 12567570892
6.685000 219.012497 -2.590000 12567595895
-0.647500 72.257500 -2.415000 12567620892
0.350000 -3.920000 -2.082500 12567645884
0.105000 25.760000 -2.957500 12567670889
-4.375000 83.002502 -2.240000 12567695910
-5.565000 117.040001 -3.902500 12567720897
0.262500 122.430000 -6.510000 12567745889
-2.625000 145.582504 -5.617500 12567770889
-2.922500 155.487503 -3.972500 12567795893
3.500000 170.029999 -2.485000 12567820886
7.910000 231.297501 -4.462500 12567845892
4.987500 262.149994 -4.672500 12567870886
-3.185000 225.960007 3.062500 12567895895
-6.160000 108.062500 4.392500 12567920888
-0.385000 14.612500 0.945000 12567945886
-1.540000 42.087502 3.395000 12567970888
-3.622500 68.967499 3.885000 12567995893
-1.120000 65.345001 3.885000 12568020879
-0.437500 73.167503 -2.607500 12568045887
-1.032500 51.834999 -1.872500 12568070890
-0.437500 43.207500 -2.712500 12568095895
2.187500 63.472500 -2.467500 12568120887
1.732500 94.097504 -2.572500 12568145883
-0.735000 96.652504 -4.777500 12568170886
-0.437500 79.800003 -7.280000 12568195898
1.732500 64.260002 -6.842500 12568220888
0.630000 55.825001 -4.935000 12568245887
0.192500 56.875000 -4.042500 12568270884
4.095000 55.982502 -4.007500 12568295897
5.057500 51.432499 -3.482500 12568320883
7.700000 73.360001 -2.415000 12568345887
12.652500 90.702499 -1.750000 12568370887
11.900000 84.647499 -2.082500 12568395894
14.945000 36.347500 -6.440000 12568420885
12.495000 36.522499 -6.702500 12568445886
11.182500 16.975000 -8.890000 12568470889
9.992500 16.467501 -8.855000 12568495896
8.715000 8.085000 -11.462500 12568520885
8.225000 10.097500 -11.847500 12568545884
1.295000 4.602500 -9.520000 12568570886
-2.485000 1.312500 -5.425000 12568595893
-0.822500 4.235000 -3.132500 12568620884
