-2.040000 -0.600000 5.040000 12566631349
-2.220000 -0.780000 5.340000 12566653226
-2.340000 -1.020000 5.220000 12566678173
-2.460000 -0.660000 5.220000 12566703720
-2.340000 -0.660000 5.100000 12566728170
-2.400000 -1.080000 5.280000 12566753287
-2.340000 -0.780000 5.340000 12566778146
-2.100000 -1.020000 5.580000 12566803633
-2.520000 -0.840000 5.040000 12566828180
-2.700000 -0.780000 5.220000 12566853312
-2.520000 -0.720000 5.520000 12566878102
-2.700000 -1.140000 5.340000 12566903636
-2.460000 -1.020000 5.340000 12566928171
-2.700000 -1.020000 5.460000 12566953271
-2.640000 -1.200000 5.400000 12566978165
-3.120000 -0.720000 5.280000 12567003676
-2.880000 -1.200000 5.040000 12567028150
-2.880000 -0.840000 5.280000 12567053277
-2.880000 -1.320000 4.920000 12567078177
-2.940000 -1.020000 5.100000 12567103604
-3.060000 -1.260000 4.860000 12567128308
-3.060000 -1.020000 4.980000 12567153284
-3.120000 -0.840000 4.920000 12567178165
-3.420000 -1.140000 4.980000 12567203625
-3.480000 -0.720000 4.800000 12567228145
-3.840000 -0.840000 4.320000 12567253288
-4.200000 -0.960000 4.080000 12567278176
-4.320000 -0.960000 3.720000 12567303616
-4.680000 -1.080000 3.120000 12567328162
-4.800000 -0.960000 3.120000 12567353305
-4.860000 -0.660000 2.700000 12567378165
-4.920000 -0.720000 2.280000 12567403731
-4.920000 -0.960000 2.160000 12567428164
-4.920000 -0.720000 2.160000 12567453292
-4.920000 -0.960000 1.920000 12567478152
-4.560000 -1.080000 1.560000 12567503610
-4.920000 -0.960000 1.320000 12567528159
-4.860000 -0.660000 0.900000 12567553309
-4.620000 -0.900000 0.540000 12567578166
-4.500000 -0.900000 -0.180000 12567603653
-4.440000 -0.600000 0.240000 12567628174
-4.380000 -0.780000 -0.060000 12567653280
-4.440000 -0.960000 -0.240000 12567678178
-4.260000 -0.900000 -0.060000 12567703700
-4.140000 -1.140000 -0.060000 12567728172
-4.320000 -0.960000 -0.240000 12567753268
-3.840000 -0.600000 -0.480000 12567778281
-3.720000 -1.080000 -0.600000 12567803745
-3.420000 -0.900000 -0.900000 12567828183
-3.360000 -0.840000 -0.840000 12567853317
-2.820000 -0.780000 -1.020000 12567878260
-2.520000 -0.840000 -1.440000 12567903527
-2.580000 -1.020000 -1.020000 12567928037
-2.340000 -1.260000 -1.260000 12567953162
-2.400000 -1.080000 -1.560000 12567978053
-2.160000 -0.960000 -1.320000 12568003507
-1.920000 -1.080000 -1.680000 12568028038
-1.860000 -0.780000 -1.380000 12568053151
-1.980000 -0.780000 -1.380000 12568078134
-1.800000 -1.200000 -1.560000 12568103484
-1.800000 -1.080000 -0.960000 12568128183
-1.620000 -0.780000 -1.260000 12568153161
-1.620000 -0.780000 -1.740000 12568178050
-1.440000 -1.080000 -1.200000 12568203476
-1.140000 -1.260000 -1.500000 12568228027
-1.020000 -1.260000 -1.500000 12568253151
-1.200000 -1.200000 -1.200000 12568278032
-1.080000 -1.080000 -1.560000 12568303479
-0.840000 -1.320000 -1.560000 12568328042
-0.720000 -0.960000 -1.680000 12568353128
-0.840000 -0.960000 -1.200000 12568378179
-0.600000 -1.200000 -1.680000 12568403414
-0.180000 -1.260000 -1.620000 12568428046
-0.600000 -1.200000 -1.800000 12568453048
-0.420000 -1.140000 -1.500000 12568478048
-0.660000 -1.260000 -1.620000 12568503361
-0.480000 -1.080000 -1.920000 12568528048
-0.360000 -1.080000 -1.800000 12568553042
-0.540000 -1.260000 -1.740000 12568578012
-0.660000 -1.500000 -1.380000 12568603360
