-6.197803 7.913968 0.078453 21433305287
-6.207610 7.855128 0.049033 21433330273
-6.207610 7.874741 0.039227 21433355285
-6.217417 7.884548 -0.009807 21433380278
-6.305676 7.913968 -0.147100 21433405285
-6.286063 7.923775 -0.137293 21433430280
-6.187996 7.982615 -0.068647 21433455377
-6.060511 7.943388 -0.019613 21433480259
-6.011477 7.923775 -0.009807 21433505265
-6.080123 7.864934 -0.078453 21433530278
-6.129157 7.776674 -0.029420 21433555285
-6.266450 7.727641 -0.147100 21433580274
-6.384130 7.864934 -0.304006 21433605282
-6.541036 8.002228 -0.372653 21433630284
-6.590069 8.021841 -0.392266 21433655283
-6.815622 8.188554 -0.647239 21433680277
-6.923496 8.325847 -1.068925 21433705271
-6.972529 8.443527 -1.343511 21433730271
-6.982336 8.571013 -1.363124 21433755285
-6.629296 8.502367 -0.784532 21433780279
-6.354710 8.472947 -0.411879 21433805278
-6.031090 8.355267 0.049033 21433830280
-5.785924 8.198360 0.519753 21433855290
-5.638824 7.845321 0.980665 21433880284
-5.570178 7.717835 0.990472 21433905286
-5.609405 7.649189 0.872792 21433930281
-5.629018 7.570735 0.254973 21433955271
-5.727084 7.590348 -0.117680 21433980275
-5.825150 7.649189 -0.402073 21434005276
-5.766311 7.757061 -0.725692 21434030284
-5.560371 7.933581 -1.206218 21434055277
-5.383852 7.963001 -1.323898 21434080281
-5.177912 7.913968 -1.392545 21434105273
-4.913132 7.972808 -1.431771 21434130273
-4.158020 8.090487 -1.882877 21434155268
-3.687301 8.178747 -2.284950 21434180295
-3.147935 8.276814 -2.745862 21434205282
-2.510503 8.374881 -3.187161 21434230268
-1.196411 8.423914 -3.402908 21434255273
-0.470719 8.355267 -3.589234 21434280293
0.049033 8.070874 -3.559814 21434305273
1.520031 7.796288 -3.716721 21434330289
2.275143 7.658995 -3.785367 21434355272
3.010642 7.413828 -3.961887 21434380292
3.638267 7.100015 -3.834401 21434405277
4.442413 6.511616 -3.608848 21434430281
4.766033 6.060511 -3.716721 21434455278
5.168105 5.521145 -3.755947 21434480293
5.629018 5.334818 -3.912854 21434505271
6.786202 4.913132 -4.648353 21434530287
6.992142 4.305120 -4.628739 21434555277
7.158855 3.618654 -4.609126 21434580289
7.874741 2.657602 -4.873906 21434605278
7.982615 2.265337 -5.266171 21434630288
8.051261 1.667131 -5.472112 21434655277
8.374881 1.088538 -5.491724 21434680291
8.943666 2.088817 -7.021562 21434705268
9.384965 0.294200 -6.413549 21434730287
9.581099 -0.539366 -6.187996 21434755276
9.836071 -1.353318 -5.834958 21434780280
10.071430 -2.471276 -5.933024 21434805268
9.875298 -2.745862 -6.040897 21434830274
9.767425 -2.991029 -6.217417 21434855268
9.473226 -3.520588 -6.364516 21434880293
9.345738 -3.697107 -6.442970 21434905267
9.120186 -3.834401 -6.462583 21434930283
8.786759 -3.942274 -6.246837 21434955274
8.463140 -4.609126 -5.795731 21434980278
8.453333 -4.991585 -5.825150 21435005265
8.600433 -5.128879 -6.119350 21435030279
8.620047 -5.285785 -6.256643 21435055283
8.159134 -5.658438 -6.197803 21435080280
8.100294 -5.874184 -6.325290 21435105260
8.159134 -5.982057 -6.393937 21435130270
8.041454 -6.148770 -6.482196 21435155259
7.149048 -6.472390 -6.423357 21435180272
6.619490 -6.570456 -6.364516 21435205253
6.276257 -6.648909 -6.168384 21435230266
6.040897 -6.403743 -6.031090 21435255271
6.050704 -6.972529 -5.383852 21435280273
6.413549 -6.707749 -5.913410 21435305274
6.874462 -6.590069 -5.540758 21435330269
7.413828 -5.687858 -6.609683 21435355266
7.168662 -5.746698 -6.678329 21435380276
6.727362 -5.795731 -6.492003 21435405258
6.688136 -5.619211 -6.717556 21435430275
6.501810 -5.511338 -6.433163 21435455260
6.501810 -5.687858 -6.237030 21435480263
6.452776 -5.570178 -6.089930 21435505272
6.374323 -5.442691 -5.834958 21435530273
6.384130 -5.383852 -5.815344 21435555260
6.325290 -5.275978 -6.011477 21435580272
6.374323 -5.197526 -6.237030 21435605266
6.668523 -4.903326 -6.550843 21435630270
6.982336 -4.883712 -6.629296 21435655257
7.178468 -4.922939 -6.629296 21435680272
6.492003 -5.325011 -6.541036 21435705266
6.943109 -4.893519 -6.403743 21435730274
6.903882 -4.795453 -6.629296 21435755254
6.727362 -4.648353 -6.776396 21435780272
6.590069 -4.403186 -6.521423 21435805262
6.570456 -4.638546 -6.217417 21435830278
6.658716 -3.834401 -7.207889 21435855258
6.393937 -3.893241 -7.129435 21435880318
6.560650 -4.167827 -5.736891 21435905276
6.413549 -4.138407 -5.913410 21435930271
6.560650 -4.020727 -5.923217 21435955262
6.776396 -3.844207 -6.335097 21435980265
6.570456 -3.461748 -7.472668 21436005268
6.688136 -3.265615 -7.247115 21436030276
7.021562 -2.804702 -7.766868 21436055263
7.374601 -2.961608 -7.453054 21436080249
7.286342 -3.157742 -8.355267 21436105275
7.453054 -5.589791 -3.942274 21436130262
6.256643 -6.217417 -4.305120 21436155253
6.138963 -4.089374 -7.178468 21436180271
6.207610 -2.539923 -8.884827 21436205264
6.050704 -2.471276 -9.914525 21436230274
5.452498 -1.882877 -10.395051 21436255251
5.030812 -2.873349 -9.483032 21436280273
5.393658 -3.157742 -9.247672 21436305263
5.413271 -3.206775 -9.649745 21436330263
6.482196 -3.481361 -9.532065 21436355254
8.531787 0.029420 -13.180139 21436380261
6.089930 -1.127765 -9.306512 21436405280
4.697386 -1.539644 -9.571292 21436430277
2.471276 -2.814509 -8.482754 21436455281
2.745862 -2.687022 -8.629853 21436480261
3.265615 -2.598763 -9.012313 21436505261
4.177633 -2.226110 -9.247672 21436530267
7.227501 -1.333705 -10.179304 21436555267
9.855684 -3.304842 -5.521145 21436580274
11.326682 -2.745862 -6.335097 21436605270
11.552235 -2.608569 -4.746419 21436630261
7.413828 -5.344625 -3.020448 21436655277
6.835236 -5.344625 -5.374044 21436680286
6.237030 -5.511338 -6.040897 21436705251
5.942831 -7.031369 -6.786202 21436730725
6.315483 -6.217417 -6.678329 21436755286
6.570456 -3.687301 -6.943109 21436780270
6.678329 -4.040340 -8.051261 21436805249
6.266450 -4.265893 -7.806095 21436830290
6.384130 -3.520588 -7.894354 21436855271
7.482475 -2.745862 -6.805816 21436880274
8.463140 -2.186883 -7.374601 21436905240
8.188554 -2.353596 -7.345181 21436930248
7.619768 -2.539923 -7.011755 21436955280
7.433442 -2.549729 -7.041175 21436980255
8.355267 -0.294200 -6.354710 21437005800
7.119628 0.147100 -7.404021 21437030284
7.070595 -0.078453 -7.453054 21437055265
7.050982 -1.314091 -7.384408 21437080268
7.266728 -3.373488 -7.286342 21437105259
7.325568 -2.981222 -7.139242 21437130279
7.423635 -2.079010 -7.080402 21437155246
7.688415 -1.922104 -7.678608 21437180268
7.658995 -0.764919 -7.933581 21437205255
7.345181 -0.921825 -7.835515 21437230266
7.266728 -0.980665 -7.757061 21437255255
7.305955 -1.196411 -7.678608 21437280268
6.727362 -2.049590 -7.982615 21437305259
6.854849 -1.578871 -7.972808 21437330266
6.737169 -0.627626 -7.766868 21437355252
6.776396 0.696272 -7.600155 21437380262
7.629575 -0.529559 -8.365073 21437405253
7.129435 -2.608569 -8.463140 21437430257
6.668523 -3.344068 -8.276814 21437455277
6.599876 -2.569343 -8.257200 21437480276
6.609683 -2.039783 -8.286621 21437505287
6.756783 -1.108152 -8.325847 21437530281
6.433163 0.058840 -8.316040 21437555251
7.315762 -0.833565 -8.639660 21437580280
7.001948 -0.558979 -8.433721 21437605269
6.756783 -0.686466 -8.463140 21437630259
6.168384 -0.853179 -8.208167 21437655263
6.266450 -0.882599 -8.335654 21437680271
6.648909 -0.431493 -8.541594 21437705250
6.511616 -0.372653 -8.061068 21437730276
6.187996 -0.558979 -8.149327 21437755245
6.148770 -0.872792 -8.414106 21437780271
6.423357 -0.990472 -8.365073 21437805270
6.541036 -1.039505 -8.502367 21437830246
6.315483 -1.117958 -9.169219 21437855255
5.805537 -1.382738 -8.776953 21437880269
5.893797 -1.078732 -8.737726 21437905264
5.697665 -0.451106 -8.688693 21437930267
5.511338 0.058840 -8.708306 21437955253
5.148491 0.490333 -8.816179 21437980259
5.275978 1.353318 -8.982893 21438005254
5.658438 1.598484 -9.129992 21438030272
4.746419 -2.039783 -8.168941 21438055265
5.305398 -5.962444 -7.913968 21438080257
7.904161 -9.600712 -7.972808 21438105258
6.756783 -4.314927 -8.590627 21438130251
6.148770 -3.118515 -8.453333 21438155273
5.942831 -2.834122 -8.551400 21438180262
5.942831 -2.824315 -8.521980 21438205262
6.148770 -2.588956 -8.198360 21438230261
6.374323 -2.637989 -8.139521 21438255265
6.492003 -2.579149 -8.237587 21438280256
6.187996 -2.598763 -8.100294 21438305261
6.187996 -2.598763 -8.168941 21438330280
6.246837 -2.569343 -8.090487 21438355249
6.256643 -2.530116 -8.070874 21438380286
6.060511 -2.608569 -8.178747 21438405329
6.070317 -2.647796 -8.188554 21438430270
6.031090 -2.687022 -8.159134 21438455239
6.060511 -2.657602 -8.316040 21438480283
6.531229 -2.530116 -8.678886 21438505284
6.286063 -2.500696 -8.433721 21438530275
5.844764 -2.520309 -8.306233 21438555264
5.393658 -2.775282 -8.021841 21438580301
5.432885 -2.785089 -8.217974 21438605262
5.668244 -2.883155 -8.463140 21438630268
5.913410 -2.863542 -8.590627 21438655258
6.295870 -2.677216 -8.306233 21438680253
6.629296 -2.951802 -9.590905 21438705259
6.707749 -2.991029 -9.169219 21438730265
6.286063 -3.226388 -8.737726 21438755250
5.687858 -3.216582 -8.423914 21438780253

