6.300000 -5.390000 -0.157500 21433332113
6.247500 -5.495000 -1.050000 21433357134
6.947500 -5.705000 -2.240000 21433382151
8.400000 -5.267500 -3.097500 21433407119
10.990000 -3.745000 -5.180000 21433432118
14.682500 -4.830000 -7.490000 21433457253
18.410000 -5.600000 -8.470000 21433482122
19.075001 -4.392500 -5.880000 21433507102
16.712500 -4.462500 -3.692500 21433532116
14.595000 -4.217500 -2.677500 21433557138
13.387500 -3.447500 -4.305000 21433582107
12.180000 -7.000000 -7.910000 21433607111
13.440001 -4.165000 -10.885000 21433632113
14.350000 -3.115000 -9.852500 21433657138
14.087500 -8.662500 -6.107500 21433682109
13.265000 -13.790000 8.365000 21433707107
3.762500 -7.472500 18.777500 21433732118
-15.907500 -7.892500 26.285000 21433757144
-26.477501 -22.155001 26.180000 21433782190
-22.680000 -30.992500 21.997499 21433807129
-16.817499 -35.174999 15.295000 21433832119
-2.397500 -34.580002 10.027500 21433857209
8.680000 -34.492500 5.740000 21433882176
26.215000 -31.920000 6.562500 21433907122
52.902500 -30.415001 13.580000 21433932143
64.995003 -29.120001 22.504999 21433957118
75.425003 -24.657499 37.852501 21433982112
78.522499 -24.430000 49.262501 21434007137
81.707497 -25.392500 67.480003 21434032216
82.879997 -16.135000 79.519997 21434057122
75.355003 -9.327500 91.980003 21434082236
69.912498 -5.197500 106.715004 21434107102
70.367500 -5.197500 116.042503 21434132148
73.902504 -6.230000 124.320000 21434157130
76.352501 -10.045000 134.119995 21434182135
75.197502 -7.297500 138.145004 21434207126
71.330002 3.412500 146.737503 21434232099
66.500000 16.764999 164.972504 21434257114
62.439999 26.320000 172.095001 21434282232
52.167500 26.512501 173.634995 21434307114
39.410000 25.375000 175.770004 21434332136
38.342499 38.307499 182.805008 21434357128
45.902500 55.230000 180.897507 21434382123
44.625000 51.834999 169.242508 21434407118
34.685001 45.045002 157.342499 21434432112
39.340000 34.072498 156.222504 21434457112
71.767502 25.025000 156.502502 21434482129
78.662498 17.027500 160.317505 21434507095
78.470001 24.605000 164.762497 21434532176
86.345001 32.025002 164.115005 21434557134
88.462502 15.872500 161.279999 21434582060
80.989998 11.235000 165.479996 21434607112
94.639999 15.715000 174.684998 21434632115
109.445000 11.427500 168.682495 21434657116
96.215004 2.555000 161.000000 21434682196
86.239998 2.135000 142.625000 21434707110
87.727501 32.759998 158.970001 21434732238
108.202499 30.555000 152.337494 21434757159
95.077499 15.470000 128.502502 21434782281
92.032501 3.920000 106.820000 21434807155
105.647499 -19.809999 90.580002 21434832234
101.202499 -41.369999 81.305000 21434857117
92.540001 -48.264999 79.764999 21434882132
84.139999 -50.942501 73.412498 21434907136
73.675003 -35.665001 67.462502 21434932064
60.549999 -31.605000 59.272499 21434957133
46.830002 -39.357502 50.767502 21434982068
31.307501 -57.452499 40.915001 21435007064
35.402500 -59.097500 36.540001 21435032031
43.575001 -28.455000 29.610001 21435057143
43.610001 -28.070000 17.010000 21435082071
32.322498 -40.564999 9.100000 21435107108
23.625000 -45.622501 7.367500 21435132063
19.530001 -34.685001 1.855000 21435157133
19.897501 -27.282499 -9.572500 21435182058
4.760000 -30.135000 -4.340000 21435207111
3.027500 -35.927502 5.442500 21435232071
17.639999 -35.805000 10.237500 21435257142
16.432501 -26.075001 -7.105000 21435282079
4.130000 -9.205000 -9.747500 21435307104
1.715000 -7.420000 3.675000 21435332078
-4.042500 -26.950001 -7.210000 21435357070
-16.432501 -37.397499 -26.827499 21435382097
-15.470000 -28.927500 -16.379999 21435407089
-9.940000 -5.092500 -14.875000 21435432089
-7.490000 22.610001 -18.795000 21435457127
-17.080000 12.915000 -16.905001 21435482092
-13.125000 -6.702500 -22.102501 21435507124
-4.445000 -20.562500 -26.407499 21435532136
3.885000 -22.750000 -31.202499 21435557129
-4.672500 -23.940001 -36.837502 21435582074
-7.840000 -24.867500 -29.120001 21435607098
-3.220000 -20.335001 -20.072500 21435632092
-1.872500 -19.389999 -24.237499 21435657121
-6.492500 -19.197500 -23.975000 21435682120
0.910000 -16.782499 2.922500 21435707111
1.522500 -26.355000 -32.042500 21435732115
8.820000 -27.912500 -38.185001 21435757106
7.560000 -23.432501 -29.172501 21435782164
8.155000 -23.520000 -24.447500 21435807120
7.560000 -21.297501 -32.042500 21435832137
-1.925000 28.752501 -24.674999 21435857148
-63.665001 38.447498 -12.407500 21435882451
-72.432503 6.317500 -22.014999 21435907161
3.255000 -41.842499 -39.830002 21435932157
21.647501 -54.512501 -36.400002 21435957157
2.677500 -46.357502 -32.252499 21435982116
1.487500 -16.012501 1.470000 21436007117
-22.242500 -3.255000 15.347500 21436032257
-10.377500 1.802500 22.032499 21436057139
-38.132500 -1.330000 21.139999 21436082119
-60.795002 -21.035000 20.107500 21436107108
-72.747498 -48.107502 36.942501 21436132107
-12.215000 -119.175003 16.520000 21436157138
-9.397500 -115.097504 15.942500 21436182112
-51.170002 -51.660000 33.512501 21436207108
-95.357498 -28.087500 41.230000 21436232114
-88.952499 -23.082500 43.207500 21436257133
-66.500000 -17.167500 19.372499 21436282134
-53.025002 -4.532500 6.457500 21436307093
-44.397499 0.840000 -13.282500 21436332106
-33.075001 -7.735000 -49.017502 21436357468
-20.352501 57.977501 -114.449997 21436382114
45.115002 98.402504 14.017500 21436407123
49.455002 30.450001 26.950001 21436432118
-19.722500 44.362499 35.472500 21436457160
13.842500 0.472500 -5.040000 21436482112
17.184999 13.055000 37.834999 21436507116
8.767500 112.699997 132.877502 21436532107
24.377501 178.027496 178.675003 21436557138
50.259998 232.960007 160.877502 21436582111
45.412498 81.514999 69.824997 21436607103
9.275000 85.837502 63.297501 21436632105
49.962502 1.382500 -16.922501 21436657204
11.672500 -94.412498 -46.410000 21436682116
-66.639999 -64.977501 -51.782501 21436707171
-50.802502 -30.415001 -14.980000 21436732119
-43.889999 -25.725000 -29.120001 21436757200
-41.720001 -33.722500 -40.705002 21436782178
-34.264999 -38.465000 -28.682501 21436807108
-12.407500 -19.477501 -46.217499 21436832762
1.977500 -34.597500 -64.400002 21436857132
12.425000 -0.262500 -72.449997 21436882284
-11.707500 -2.800000 -42.840000 21436907121
-12.512500 -7.437500 -4.970000 21436932127
2.922500 -4.795000 1.645000 21436956942
3.272500 -4.252500 -3.097500 21436982236
-0.490000 16.100000 24.902500 21437007012
-46.707500 20.510000 28.717501 21437032184
-53.637501 3.605000 2.275000 21437056943
-29.522501 -38.027500 -16.117500 21437081921
-1.995000 -41.562500 -25.549999 21437106949
-4.497500 -37.170002 -36.802502 21437131936
-8.995000 -29.172501 -49.700001 21437157144
-25.620001 -26.967501 -43.084999 21437182150
-19.652500 -27.615000 -24.622499 21437207115
0.612500 -28.210001 -7.420000 21437232094
1.365000 -29.522501 -2.695000 21437257159
1.120000 -31.430000 -11.655000 21437282096
-2.397500 -26.722500 -17.605000 21437307132
-7.822500 -13.020000 -25.059999 21437332096
-11.235000 -19.110001 -32.095001 21437357122
-3.850000 -40.810001 -48.702499 21437382095
6.405000 -48.422501 -15.242500 21437407101
6.055000 -3.570000 29.627501 21437432087
-12.005000 7.017500 12.530000 21437457172
-22.452499 4.497500 -12.460000 21437482096
-18.252501 -3.990000 -15.872500 21437507139
-12.460000 -14.560000 -16.975000 21437532149
-3.972500 -34.685001 -33.057499 21437557138
11.812500 -25.340000 -8.242500 21437582173
3.920000 -4.427500 10.762500 21437607105
-2.642500 -2.677500 19.215000 21437632109
-4.025000 -4.147500 16.712500 21437657139
-2.852500 -12.670000 7.542500 21437682109
-0.332500 -10.377500 4.812500 21437707108
0.787500 -15.330000 0.647500 21437732108
1.977500 -13.807500 -1.120000 21437757132
2.362500 -25.707500 -5.775000 21437782112
2.572500 -17.150000 2.415000 21437807112
0.070000 -14.892500 20.930000 21437832105
0.560000 -35.367500 35.717499 21437857132
8.575000 -17.972500 48.720001 21437882125
4.375000 -13.527500 39.252499 21437907142
0.822500 -14.420000 43.959999 21437932113
-0.052500 -8.330000 46.672501 21437957115
-7.192500 7.717500 51.117500 21437982114
-11.847500 17.482500 63.122501 21438007131
-11.112500 48.562500 158.619995 21438032113
0.560000 48.720001 184.957504 21438057134
1.837500 0.525000 84.595001 21438082110
-10.605000 -18.742500 9.800000 21438107107
-1.470000 1.277500 -7.595000 21438132116
4.952500 -4.200000 -7.787500 21438157135
7.000000 -4.830000 -6.895000 21438182110
6.842500 3.587500 -6.142500 21438207106
7.437500 -1.032500 -6.580000 21438232118
3.342500 -5.057500 -4.165000 21438257136
3.307500 -3.692500 -0.560000 21438282107
2.625000 -5.530000 -1.592500 21438307106
2.677500 -7.822500 -1.977500 21438332211
3.185000 -7.297500 -3.097500 21438357182
4.410000 -10.342500 -3.220000 21438382134
4.340000 -12.197500 -4.462500 21438407112
5.110000 -14.175000 -5.337500 21438432018
5.390000 -16.625000 -6.037500 21438457015
4.042500 -17.797501 -5.740000 21438482124
4.060000 -7.420000 -3.202500 21438507188
7.997500 -2.782500 -0.630000 21438532141
6.947500 -11.760000 1.452500 21438557137
5.127500 -18.305000 0.087500 21438582130
4.340000 -24.360001 -1.015000 21438607086
2.817500 -27.317501 -5.722500 21438631923
3.867500 -27.947500 -7.612500 21438656920
2.012500 -35.857502 8.715000 21438681915
25.812500 -20.160000 2.905000 21438706921
-14.192500 6.895000 -2.187500 21438731924
-1.645000 4.602500 -1.190000 21438757006
0.770000 1.120000 -0.525000 21438781932
-4.445000 -4.305000 -0.507500 21438806918
