2.340000 0.900000 1.860000 21433318536
2.820000 0.780000 1.980000 21433343549
2.700000 0.780000 2.460000 21433368538
2.700000 0.780000 1.980000 21433393546
2.700000 0.780000 2.100000 21433418538
2.700000 1.020000 2.460000 21433443713
2.220000 0.300000 1.980000 21433468667
2.820000 0.660000 2.100000 21433493429
2.760000 0.600000 2.160000 21433518538
2.820000 0.540000 2.340000 21433543464
2.580000 0.060000 2.220000 21433568584
2.940000 0.660000 2.220000 21433593429
2.820000 1.260000 2.220000 21433618537
2.760000 0.360000 2.520000 21433643458
2.880000 0.600000 2.280000 21433668584
3.000000 0.240000 2.160000 21433693426
2.760000 0.600000 2.520000 21433718582
2.640000 0.960000 2.400000 21433743446
2.640000 0.360000 1.920000 21433768538
2.760000 0.720000 2.160000 21433793426
2.280000 0.840000 2.520000 21433818542
2.220000 0.900000 1.980000 21433843466
2.040000 0.840000 2.400000 21433868610
1.980000 0.660000 2.220000 21433893459
2.220000 0.420000 2.460000 21433918542
1.860000 0.660000 2.820000 21433943427
1.680000 0.360000 2.760000 21433968543
1.620000 0.300000 3.180000 21433993574
1.680000 0.120000 3.360000 21434018554
1.320000 0.120000 3.240000 21434043428
0.780000 0.540000 3.540000 21434068592
0.840000 0.120000 3.600000 21434093429
0.600000 0.480000 3.840000 21434118545
0.300000 0.420000 4.020000 21434143428
-0.240000 0.480000 4.200000 21434168574
-0.420000 0.660000 4.380000 21434193421
-0.780000 1.020000 4.500000 21434218431
-1.020000 1.380000 4.620000 21434243426
-1.620000 1.620000 4.620000 21434268426
-1.860000 1.500000 4.740000 21434293445
-1.980000 1.980000 4.860000 21434318421
-2.160000 2.760000 4.920000 21434343424
-2.580000 3.300000 4.620000 21434368424
-2.760000 3.360000 4.440000 21434393420
-3.000000 3.960000 4.200000 21434418462
-3.060000 4.140000 4.260000 21434443479
-3.240000 4.440000 4.560000 21434468468
-3.000000 5.040000 4.200000 21434493420
-3.000000 5.400000 4.560000 21434518426
-3.600000 5.640000 4.560000 21434543558
-3.480000 6.240000 4.320000 21434568432
-3.420000 6.780000 4.140000 21434593573
-3.000000 7.200000 4.200000 21434618425
-3.060000 7.500000 4.260000 21434643533
-3.300000 7.740000 3.780000 21434668424
-2.880000 8.400000 3.960000 21434693539
-2.520000 8.520000 3.840000 21434718508
-2.340000 8.820000 3.420000 21434743549
-2.100000 9.179999 3.420000 21434768466
-2.220000 9.420000 3.180000 21434793452
-1.800000 9.360000 3.120000 21434818430
-1.620000 9.780000 3.060000 21434843437
-1.560000 9.719999 2.880000 21434868439
-1.380000 10.020000 2.820000 21434893430
-1.560000 10.080000 3.240000 21434918430
-1.620000 10.139999 2.820000 21434943424
-1.260000 10.260000 2.700000 21434968469
-1.260000 10.139999 2.580000 21434993549
-1.500000 10.139999 2.700000 21435018471
-1.320000 10.320000 2.760000 21435045622
-1.320000 10.320000 2.880000 21435070711
-1.320000 10.559999 2.640000 21435095668
-1.500000 9.900000 3.060000 21435120771
-1.560000 10.320000 3.000000 21435145661
-1.020000 10.380000 2.820000 21435170706
-1.020000 10.139999 2.820000 21435195654
-1.620000 10.260000 3.180000 21435220770
-1.500000 10.380000 2.940000 21435245686
-1.320000 10.080000 3.000000 21435270695
-1.560000 10.320000 3.240000 21435295651
-1.440000 10.440000 3.120000 21435320766
-1.560000 10.320000 3.000000 21435345664
-1.380000 10.500000 3.420000 21435370705
-1.680000 9.840000 3.480000 21435395653
-1.740000 10.500000 3.060000 21435420767
-1.920000 9.960000 3.240000 21435445668
-1.800000 10.440000 3.120000 21435470700
-1.680000 10.200000 3.000000 21435495676
-1.620000 10.260000 3.300000 21435520783
-1.500000 10.260000 3.420000 21435545678
-1.680000 9.960000 3.240000 21435570694
-2.100000 10.020000 3.540000 21435595680
-2.160000 9.719999 3.480000 21435620770
-1.980000 10.020000 3.300000 21435645666
-2.220000 9.900000 3.300000 21435670688
-2.220000 9.780000 3.420000 21435695666
-2.040000 9.719999 3.480000 21435720760
-2.460000 9.900000 3.420000 21435745679
-2.460000 9.780000 3.420000 21435770698
-2.340000 9.420000 3.780000 21435795691
-2.400000 9.360000 3.720000 21435820768
-2.340000 9.420000 3.900000 21435845667
-2.520000 9.360000 3.840000 21435870692
-2.460000 9.420000 3.780000 21435895726
-2.520000 9.480000 3.480000 21435920803
-2.460000 9.300000 3.660000 21435945675
-2.640000 9.240000 3.960000 21435970734
-2.460000 9.300000 3.660000 21435995675
-2.640000 9.120000 3.840000 21436020817
-2.220000 8.940000 4.020000 21436045671
-2.700000 9.420000 4.140000 21436070822
-2.760000 9.360000 3.960000 21436095686
-2.460000 9.900000 4.500000 21436120773
-2.400000 9.240000 4.320000 21436145669
-2.340000 9.660000 4.740000 21436170694
-2.400000 9.840000 5.160000 21436195669
-2.520000 9.960000 5.640000 21436220782
-2.460000 9.780000 5.460000 21436245667
-2.520000 9.960000 5.400000 21436270696
-2.280000 9.840000 5.280000 21436295683
-1.860000 9.900000 5.820000 21436320769
-2.160000 9.840000 6.000000 21436345690
-2.820000 9.780000 5.820000 21436372307
-2.460000 9.420000 5.340000 21436395687
-2.460000 9.660000 5.460000 21436420793
-2.460000 9.420000 5.220000 21436445682
-2.520000 9.599999 5.040000 21436470703
-2.460000 9.900000 4.980000 21436495673
-2.220000 9.660000 4.980000 21436520783
-1.740000 10.139999 4.620000 21436545669
-1.560000 10.679999 4.080000 21436570711
-1.320000 10.800000 3.480000 21436595662
-1.080000 10.679999 3.360000 21436620797
-1.200000 10.559999 3.360000 21436645738
-1.140000 10.740000 3.180000 21436670745
-1.380000 10.500000 3.420000 21436695710
-1.560000 10.679999 3.720000 21436720791
-1.380000 10.620000 3.900000 21436745677
-1.620000 10.620000 4.260000 21436770598
-1.380000 10.740000 4.020000 21436795568
-1.380000 10.860000 4.260000 21436820816
-1.500000 10.020000 4.140000 21436845847
-2.100000 10.380000 4.260000 21436870738
-1.800000 10.320000 4.440000 21436896046
-2.040000 10.200000 4.200000 21436920806
-1.980000 10.020000 4.380000 21436945815
-2.040000 10.080000 3.960000 21436971506
-1.860000 10.020000 4.140000 21436995944
-1.800000 10.200000 4.320000 21437021096
-1.920000 10.559999 4.320000 21437045822
-1.920000 10.559999 4.320000 21437071499
-2.040000 10.200000 4.560000 21437096690
-2.460000 10.260000 4.620000 21437121490
-2.280000 10.320000 4.560000 21437146572
-2.280000 9.840000 4.800000 21437170685
-2.340000 10.020000 4.980000 21437195831
-2.340000 9.780000 4.860000 21437220915
-2.820000 9.780000 4.980000 21437245783
-2.640000 9.719999 4.560000 21437271505
-2.820000 10.139999 5.100000 21437295811
-2.880000 9.599999 5.040000 21437320904
-2.760000 9.599999 5.160000 21437345831
-2.580000 9.420000 4.620000 21437370699
-2.460000 9.540000 5.340000 21437395814
-2.520000 9.360000 5.160000 21437420778
-2.280000 9.599999 5.040000 21437445806
-2.640000 9.360000 5.400000 21437470758
-2.580000 9.540000 5.220000 21437495861
-2.340000 9.300000 4.980000 21437520814
-2.520000 9.240000 5.400000 21437545707
-2.400000 9.360000 5.280000 21437570583
-2.400000 9.360000 5.640000 21437595709
-2.820000 9.300000 5.220000 21437620796
-2.400000 9.240000 5.520000 21437645703
-2.580000 9.540000 5.340000 21437670696
-2.460000 9.420000 5.220000 21437695686
-2.220000 9.300000 5.100000 21437720793
-2.520000 9.360000 5.640000 21437745686
-2.460000 9.540000 4.860000 21437770708
-2.340000 9.300000 5.220000 21437795729
-2.640000 9.360000 5.280000 21437820979
-2.880000 9.240000 5.160000 21437845686
-2.280000 9.480000 5.400000 21437870701
-2.280000 9.480000 5.520000 21437895766
-2.400000 9.840000 5.520000 21437921423
-2.160000 9.960000 5.760000 21437945805
-1.860000 9.900000 5.460000 21437970685
-1.920000 10.200000 5.400000 21437995803
-1.740000 10.380000 5.820000 21438020895
-1.260000 10.740000 5.700000 21438045807
-0.840000 10.920000 5.280000 21438070722
-0.660000 10.860000 5.340000 21438095676
-1.020000 10.980000 5.340000 21438120771
-0.900000 11.219999 5.340000 21438145950
-1.140000 10.980000 5.220000 21438170684
-0.540000 10.860000 5.460000 21438195681
-0.660000 10.980000 5.220000 21438220778
-1.080000 11.040000 5.280000 21438245700
-1.020000 11.340000 5.580000 21438270712
-1.080000 11.160000 5.280000 21438295701
-1.140000 11.099999 4.980000 21438320826
-0.960000 10.920000 5.520000 21438345744
-1.140000 10.980000 5.340000 21438370583
-0.960000 11.040000 5.280000 21438401715
-0.960000 11.160000 5.160000 21438421072
-1.080000 11.040000 5.400000 21438445569
-1.080000 11.040000 5.280000 21438470521
-1.020000 10.980000 5.700000 21438495554
-1.080000 11.280000 4.800000 21438520800
-0.900000 11.099999 5.460000 21438545574
-1.020000 10.980000 5.460000 21438570578
-1.140000 10.980000 5.580000 21438595570
-1.200000 11.040000 5.280000 21438620794
-1.260000 10.860000 5.580000 21438646586
-0.960000 11.040000 5.520000 21438671586
-1.080000 11.040000 5.400000 21438696564
-1.080000 11.160000 5.160000 21438721590
-0.900000 10.860000 5.220000 21438746612
-1.140000 11.099999 5.460000 21438770892
-1.200000 10.920000 5.520000 21438796473
