0.058840 -9.796844 0.009807 12945265856
0.117680 -9.816459 -0.078453 12945290854
0.078453 -9.806651 0.009807 12945315947
0.088260 -9.816459 -0.029420 12945340957
0.078453 -9.777231 -0.058840 12945365963
0.049033 -9.796844 -0.039227 12945390962
0.058840 -9.767425 -0.058840 12945415957
0.068647 -9.806651 -0.019613 12945440959
0.068647 -9.816459 -0.068647 12945465963
0.078453 -9.787038 -0.039227 12945490962
0.127486 -9.796844 -0.009807 12945515963
0.078453 -9.826264 0.039227 12945540964
0.049033 -9.806651 0.029420 12945565958
0.029420 -9.826264 0.068647 12945590963
0.019613 -9.826264 0.078453 12945615957
0.019613 -9.855684 0.068647 12945640945
0.039227 -9.855684 0.019613 12945665957
-0.068647 -9.649745 -0.009807 12945690956
-0.029420 -9.855684 -0.058840 12945715958
-0.068647 -9.885104 -0.137293 12945740954
0.098067 -9.787038 -0.176520 12945765954
0.147100 -9.679165 -0.186326 12945790957
0.156906 -9.708585 -0.166713 12945815958
0.137293 -9.777231 -0.137293 12945840960
0.019613 -9.698778 -0.147100 12945865958
-0.117680 -9.669358 -0.147100 12945890956
-0.245166 -9.747811 -0.098067 12945915958
-0.362846 -9.787038 -0.156906 12945940961
-0.470719 -9.836071 -0.029420 12945965955
-0.500139 -9.728198 -0.058840 12945990962
-0.539366 -9.688972 0.039227 12946015962
-0.441299 -9.708585 -0.058840 12946040923
-0.313813 -9.728198 -0.117680 12946065968
-0.323619 -9.708585 -0.098067 12946090965
-0.353039 -9.787038 -0.215746 12946115956
-0.333426 -9.826264 -0.186326 12946140978
-0.156906 -9.806651 -0.313813 12946165984
-0.137293 -9.796844 -0.480526 12946190982
-0.088260 -9.718391 -0.490333 12946215974
-0.068647 -9.777231 -0.500139 12946240985
0.019613 -9.688972 -0.519753 12946265983
0.039227 -9.708585 -0.608012 12946290983
0.029420 -9.816459 -0.598206 12946315969
0.068647 -9.747811 -0.490333 12946340981
0.039227 -9.885104 -0.529559 12946365978
0.029420 -9.845878 -0.539366 12946390981
0.058840 -9.894911 -0.529559 12946415970
0.107873 -9.738005 -0.460913 12946440983
0.127486 -9.806651 -0.441299 12946465971
0.088260 -9.198639 -0.402073 12946490984
0.156906 -9.512452 -0.411879 12946515972
0.078453 -9.247672 -0.431493 12946540973
0.215746 -9.316319 -0.470719 12946565973
0.254973 -9.639938 -0.411879 12946590981
0.215746 -9.688972 -0.460913 12946615980
0.304006 -9.600712 -0.470719 12946640971
0.353039 -9.698778 -0.470719 12946665950
0.294200 -10.208724 -0.294200 12946690958
0.225553 -9.620325 -0.343233 12946715954
0.254973 -9.355545 -0.343233 12946740951
0.304006 -9.198639 -0.353039 12946765943
0.304006 -9.492838 -0.382459 12946790945
0.294200 -9.777231 -0.245166 12946815944
0.362846 -9.590905 -0.284393 12946840941
0.353039 -9.679165 -0.225553 12946865942
0.333426 -9.620325 -0.147100 12946890940
0.362846 -9.757618 -0.019613 12946915948
0.392266 -9.787038 0.049033 12946940948
0.382459 -9.483032 -0.098067 12946965947
0.392266 -9.463418 -0.088260 12946990943
0.323619 -9.541871 0.049033 12947015948
0.264780 -9.777231 0.264780 12947040940
0.166713 -10.306790 0.235360 12947065947
0.225553 -9.698778 0.058840 12947090945
0.186326 -9.590905 0.098067 12947115940
0.147100 -9.747811 -0.039227 12947140944
0.117680 -10.032204 0.058840 12947165942
0.147100 -9.855684 0.107873 12947190941
0.294200 -9.698778 -0.029420 12947215945
0.264780 -9.855684 -0.068647 12947240943
0.225553 -9.796844 -0.058840 12947265949
0.176520 -9.796844 -0.088260 12947290946
0.215746 -9.845878 -0.009807 12947315942
0.147100 -9.836071 0.029420 12947340929
0.137293 -9.826264 0.029420 12947365951
0.186326 -9.816459 -0.088260 12947390946
0.098067 -9.787038 -0.049033 12947415950
0.098067 -9.767425 -0.107873 12947440943
-0.068647 -9.669358 -0.176520 12947465942
-0.039227 -9.757618 -0.039227 12947490945
0.019613 -9.845878 -0.009807 12947515946
0.068647 -9.816459 -0.088260 12947540970
0.176520 -9.767425 -0.117680 12947565964
0.137293 -9.757618 -0.078453 12947590954
0.215746 -9.836071 -0.019613 12947615972
0.225553 -9.845878 -0.058840 12947640960
0.186326 -9.914525 -0.088260 12947665966
0.137293 -9.610518 -0.117680 12947690953
0.176520 -9.728198 -0.088260 12947715970
0.264780 -9.816459 -0.098067 12947740950
0.343233 -9.541871 -0.117680 12947765966
0.274586 -9.708585 -0.147100 12947790959
0.137293 -9.845878 -0.137293 12947815944
0.039227 -9.738005 -0.098067 12947840960
0.039227 -9.610518 -0.127486 12947865966
-0.019613 -9.894911 -0.068647 12947890957
-0.137293 -9.796844 -0.049033 12947915960
-0.205940 -9.718391 0.009807 12947940958
-0.382459 -9.875298 0.137293 12947965959
-0.441299 -9.630132 0.058840 12947990976
-0.480526 -9.453611 0.049033 12948015975
-0.470719 -9.561485 0.166713 12948040957
-0.509946 -9.286899 0.245166 12948065976
-0.470719 -9.433999 0.166713 12948090969
-0.519753 -9.483032 0.205940 12948115958
-0.460913 -9.708585 0.176520 12948140960
-0.402073 -10.110658 0.088260 12948165973
-0.480526 -10.395051 0.107873 12948190975
-0.362846 -9.816459 0.058840 12948215960
-0.284393 -9.943945 0.078453 12948240973
-0.313813 -10.179304 -0.068647 12948265971
-0.313813 -10.277370 -0.098067 12948290970
-0.205940 -9.836071 -0.049033 12948315951
-0.196133 -10.179304 -0.019613 12948341049
-0.294200 -9.688972 -0.009807 12948365969
-0.343233 -9.620325 -0.098067 12948390952
-0.313813 -10.159691 0.009807 12948415952
-0.333426 -9.669358 0.117680 12948440951
-0.098067 -9.757618 -0.205940 12948465973
-0.019613 -9.894911 -0.137293 12948490964
0.107873 -9.963558 -0.264780 12948515951
0.186326 -10.257757 -0.284393 12948540956
0.137293 -10.002784 -0.294200 12948565970
0.098067 -9.943945 -0.294200 12948590961
0.107873 -10.022397 -0.294200 12948615949
0.058840 -9.483032 -0.284393 12948640952
0.107873 -9.718391 -0.402073 12948665976
0.088260 -9.483032 -0.323619 12948690954
0.078453 -9.728198 -0.372653 12948715949
0.107873 -9.639938 -0.313813 12948740960
0.186326 -9.630132 -0.431493 12948765965
0.176520 -9.855684 -0.382459 12948790974
0.176520 -9.826264 -0.441299 12948815953
0.137293 -9.639938 -0.500139 12948840968
0.254973 -9.708585 -0.529559 12948865959
0.294200 -9.728198 -0.470719 12948890966
0.343233 -9.914525 -0.539366 12948915946
0.470719 -9.806651 -0.568786 12948940946
0.509946 -9.738005 -0.568786 12948965971
0.539366 -9.894911 -0.480526 12948990940
0.480526 -9.865492 -0.539366 12949015972
0.411879 -9.816459 -0.431493 12949040931
0.529559 -9.796844 -0.402073 12949065964
0.519753 -9.806651 -0.333426 12949090956
0.509946 -9.738005 -0.333426 12949115969
0.588399 -9.669358 -0.264780 12949140941
0.441299 -9.767425 -0.245166 12949165978
0.353039 -9.777231 -0.205940 12949190964
0.225553 -9.796844 -0.166713 12949215949
0.098067 -9.816459 -0.058840 12949240981
0.107873 -9.806651 -0.137293 12949265960
0.156906 -9.767425 -0.156906 12949290975
0.196133 -9.747811 -0.176520 12949315954
0.264780 -9.787038 -0.205940 12949340970
0.176520 -9.757618 -0.156906 12949365963
0.196133 -9.777231 -0.166713 12949390972
0.137293 -9.816459 -0.205940 12949415946
0.029420 -9.826264 -0.156906 12949440973
0.019613 -9.787038 -0.205940 12949465962
0.098067 -9.777231 -0.147100 12949490956
0.166713 -9.767425 -0.147100 12949515953
0.205940 -9.767425 -0.186326 12949540964
0.127486 -9.796844 -0.186326 12949565971
0.107873 -9.777231 -0.156906 12949590959
0.098067 -9.728198 -0.088260 12949615945
0.117680 -9.826264 -0.117680 12949640968
0.166713 -10.198916 -0.009807 12949665972
0.117680 -10.140078 0.049033 12949690961
0.137293 -10.032204 -0.088260 12949715947
0.098067 -9.865492 -0.019613 12949740975
0.127486 -9.904717 -0.215746 12949765944
0.098067 -9.669358 -0.254973 12949790960
0.186326 -9.845878 -0.166713 12949815944
0.137293 -9.718391 -0.313813 12949840953
0.196133 -9.816459 -0.304006 12949865970
0.166713 -9.757618 -0.343233 12949890982
0.186326 -9.767425 -0.372653 12949915957
0.225553 -9.757618 -0.313813 12949940971
0.225553 -9.787038 -0.245166 12949965961
0.176520 -9.728198 -0.166713 12949990970
