-2.760000 -2.160000 6.120000 12945285758
-3.000000 -2.160000 6.000000 12945312469
-2.760000 -1.800000 6.120000 12945336389
-2.880000 -2.280000 5.880000 12945361237
-3.240000 -2.040000 6.120000 12945386222
-3.000000 -1.920000 6.000000 12945411437
-2.820000 -2.220000 5.940000 12945436392
-2.820000 -1.860000 5.820000 12945461215
-3.000000 -2.160000 6.120000 12945486226
-2.640000 -2.400000 5.880000 12945511445
-3.180000 -2.220000 5.700000 12945536376
-2.880000 -2.280000 6.120000 12945561217
-2.880000 -1.800000 5.880000 12945586251
-3.000000 -2.160000 6.120000 12945611418
-2.880000 -2.160000 6.120000 12945636365
-3.000000 -1.920000 5.760000 12945661236
-3.120000 -2.040000 6.240000 12945686234
-3.060000 -1.980000 5.820000 12945711195
-3.120000 -2.160000 5.760000 12945736380
-2.760000 -2.160000 5.880000 12945761345
-3.120000 -2.040000 5.640000 12945786236
-3.060000 -2.220000 6.300000 12945811566
-2.940000 -2.220000 6.060000 12945836360
-2.880000 -2.040000 6.120000 12945861348
-3.120000 -2.160000 6.120000 12945886259
-2.940000 -2.340000 6.060000 12945911418
-2.880000 -2.040000 5.880000 12945936369
-3.060000 -2.100000 6.060000 12945961249
-2.820000 -2.100000 6.180000 12945986237
-3.120000 -2.400000 6.120000 12946011449
-2.940000 -2.100000 5.820000 12946036412
-2.820000 -2.220000 6.420000 12946061232
-2.520000 -2.400000 5.880000 12946086234
-2.700000 -2.220000 6.180000 12946111443
-2.760000 -1.920000 6.000000 12946136457
-2.760000 -2.160000 6.120000 12946161437
-2.520000 -2.400000 6.480000 12946186225
-2.580000 -2.220000 6.300000 12946211442
-2.460000 -2.100000 6.060000 12946236389
-2.820000 -1.980000 6.180000 12946261222
-2.400000 -2.520000 6.120000 12946286233
-2.400000 -2.280000 6.000000 12946311442
-2.340000 -2.100000 6.180000 12946336366
-2.520000 -2.040000 6.360000 12946361220
-2.220000 -1.860000 6.420000 12946386249
-2.280000 -2.160000 6.360000 12946411416
-2.460000 -2.340000 6.180000 12946436358
-2.580000 -2.220000 6.300000 12946461242
-2.520000 -2.280000 6.120000 12946486232
-2.160000 -2.160000 6.120000 12946511423
-2.400000 -2.040000 5.880000 12946536387
-2.340000 -1.980000 6.180000 12946561224
-2.340000 -2.220000 6.420000 12946586230
-2.280000 -1.800000 6.000000 12946611444
-2.520000 -2.040000 6.240000 12946636352
-2.340000 -2.220000 6.540000 12946661198
-2.400000 -2.160000 6.240000 12946686285
-2.280000 -2.040000 6.240000 12946711455
-2.100000 -2.100000 6.300000 12946736371
-2.160000 -2.160000 6.240000 12946761211
-2.280000 -2.400000 6.120000 12946786224
-2.280000 -2.040000 6.120000 12946811416
-2.400000 -2.160000 6.240000 12946836344
-2.280000 -1.800000 6.240000 12946861216
-2.460000 -2.100000 6.420000 12946886231
-2.520000 -2.280000 6.000000 12946911403
-2.220000 -2.100000 6.180000 12946936342
-2.280000 -2.160000 6.480000 12946961232
-2.280000 -2.040000 6.360000 12946986211
-2.400000 -2.040000 6.120000 12947011433
-2.340000 -2.100000 6.060000 12947036365
-2.400000 -1.560000 6.000000 12947061212
-2.940000 -2.220000 5.820000 12947086217
-2.700000 -1.980000 6.300000 12947111427
-3.000000 -2.280000 6.120000 12947136348
-2.520000 -1.920000 6.600000 12947161214
-2.700000 -2.100000 6.060000 12947186239
-2.820000 -2.100000 6.060000 12947211397
-2.700000 -2.220000 5.940000 12947236345
-2.460000 -2.100000 6.180000 12947261242
-2.760000 -1.800000 6.240000 12947286224
-2.760000 -1.920000 6.000000 12947311421
-2.940000 -1.860000 5.940000 12947336374
-3.000000 -1.800000 6.120000 12947361215
-3.060000 -2.100000 6.060000 12947386207
-2.820000 -1.860000 6.300000 12947411433
-3.000000 -2.040000 5.880000 12947436340
-2.820000 -1.860000 6.060000 12947461205
-3.120000 -2.160000 6.000000 12947486240
-2.940000 -2.220000 5.940000 12947511419
-2.880000 -1.800000 5.880000 12947536868
-2.880000 -1.560000 5.880000 12947561248
-2.940000 -2.100000 6.300000 12947586214
-2.940000 -1.620000 6.060000 12947611416
-3.060000 -1.740000 6.180000 12947636368
-3.120000 -2.040000 6.240000 12947661206
-3.120000 -1.800000 6.000000 12947686221
-3.120000 -2.280000 5.880000 12947711426
-2.760000 -2.040000 5.880000 12947736337
-3.300000 -2.220000 6.180000 12947761217
-2.940000 -1.980000 6.060000 12947786238
-3.300000 -1.620000 5.940000 12947811436
-3.000000 -1.920000 6.000000 12947836345
-3.000000 -1.920000 6.360000 12947861233
-3.060000 -2.100000 5.700000 12947886225
-3.000000 -2.040000 6.120000 12947911438
-2.880000 -1.920000 5.760000 12947936355
-3.060000 -1.860000 5.820000 12947961213
-3.180000 -1.980000 5.820000 12947986219
-3.300000 -2.100000 5.820000 12948011449
-3.180000 -1.860000 5.940000 12948036355
-3.480000 -2.280000 6.120000 12948061234
-3.180000 -2.220000 5.580000 12948086209
-3.300000 -2.100000 5.940000 12948111421
-3.300000 -2.100000 5.940000 12948136344
-3.300000 -2.100000 5.820000 12948161210
-3.360000 -2.040000 5.760000 12948186230
-3.360000 -2.160000 5.640000 12948211427
-3.180000 -1.860000 5.940000 12948236352
-3.840000 -2.160000 5.640000 12948261219
-3.360000 -2.160000 5.280000 12948286225
-3.360000 -2.040000 5.760000 12948311440
-3.240000 -2.160000 5.880000 12948336381
-3.600000 -2.040000 5.880000 12948361220
-3.180000 -1.980000 6.060000 12948386230
-3.120000 -2.160000 6.120000 12948411431
-3.300000 -2.100000 5.940000 12948436363
-3.420000 -1.860000 6.300000 12948461238
-3.120000 -1.920000 5.880000 12948486924
-3.060000 -2.100000 5.820000 12948511435
-3.480000 -2.160000 5.760000 12948536361
-3.120000 -1.800000 6.000000 12948561229
-3.180000 -2.460000 6.420000 12948586216
-3.240000 -2.520000 6.000000 12948611447
-3.120000 -2.160000 6.240000 12948636354
-3.540000 -2.340000 5.820000 12948661220
-3.180000 -1.980000 6.180000 12948686216
-3.240000 -2.280000 6.000000 12948711429
-3.180000 -2.220000 5.820000 12948736378
-2.940000 -2.340000 5.820000 12948761225
-2.820000 -1.980000 5.940000 12948786228
-3.360000 -2.160000 6.240000 12948811437
-3.000000 -2.040000 6.120000 12948836280
-2.940000 -2.460000 5.940000 12948861228
-2.760000 -2.160000 6.000000 12948886246
-3.060000 -2.220000 6.420000 12948911439
-2.700000 -2.460000 6.060000 12948936362
-2.760000 -2.040000 6.120000 12948961218
-3.120000 -1.920000 6.120000 12948986221
-3.060000 -2.340000 6.300000 12949011497
-2.940000 -2.460000 6.180000 12949036406
-3.000000 -1.800000 5.880000 12949061207
-2.940000 -1.860000 6.060000 12949086218
-3.240000 -2.400000 6.000000 12949111438
-2.760000 -2.280000 5.880000 12949136358
-3.000000 -2.040000 6.120000 12949161469
-3.180000 -2.220000 6.060000 12949186219
-3.360000 -2.040000 6.120000 12949211423
-3.000000 -2.040000 5.880000 12949236352
-3.060000 -2.340000 5.940000 12949261223
-3.120000 -2.160000 5.640000 12949286239
-3.120000 -2.280000 6.000000 12949311430
-2.940000 -1.980000 5.820000 12949336357
-2.880000 -2.280000 5.760000 12949361212
-3.360000 -2.520000 6.000000 12949386218
-3.000000 -2.400000 6.000000 12949411416
-3.120000 -2.400000 6.240000 12949436370
-3.240000 -2.160000 6.240000 12949461206
-2.820000 -2.220000 6.060000 12949486210
-2.820000 -2.460000 6.060000 12949511414
-3.120000 -2.160000 5.880000 12949536352
-3.060000 -2.220000 5.700000 12949561235
-3.060000 -2.340000 6.180000 12949586219
-2.880000 -2.160000 6.000000 12949611430
-2.940000 -2.100000 6.060000 12949636356
-2.940000 -2.220000 5.940000 12949661219
-2.940000 -1.980000 6.180000 12949686223
-2.940000 -1.980000 6.060000 12949711432
-2.760000 -2.160000 6.000000 12949736366
-2.940000 -2.220000 6.060000 12949761202
-2.940000 -2.220000 5.940000 12949786222
-2.940000 -2.100000 6.180000 12949811444
-3.060000 -1.980000 6.060000 12949836380
-3.060000 -2.220000 5.940000 12949861227
-3.360000 -2.640000 6.000000 12949886225
-3.120000 -2.280000 6.240000 12949911236
-2.880000 -2.160000 6.120000 12949936365
-3.060000 -2.100000 5.940000 12949961218
-3.120000 -2.160000 6.000000 12949986239
-3.180000 -1.860000 6.060000 12950011473
