0.000000 12945265856
0.000000 12945290854
0.000000 12945315947
0.000000 12945340957
0.000000 12945365963
0.000000 12945390962
0.000000 12945415957
0.000000 12945440959
0.000000 12945465963
0.000000 12945490962
0.000000 12945515963
0.000000 12945540964
0.000000 12945565958
0.000000 12945590963
0.000000 12945615957
0.000000 12945640945
0.000000 12945665957
0.000000 12945690956
0.000000 12945715958
0.000000 12945740954
0.000000 12945765954
0.000000 12945790957
0.000000 12945815958
0.000000 12945840960
0.000000 12945865958
0.000000 12945890956
0.000000 12945915958
0.000000 12945940961
0.000000 12945965955
0.000000 12945990962
0.000000 12946015962
0.000000 12946040923
0.000000 12946065968
0.000000 12946090965
0.000000 12946115956
0.000000 12946140978
0.000000 12946165984
0.000000 12946190982
0.000000 12946215974
0.000000 12946240985
0.000000 12946265983
0.000000 12946290983
0.000000 12946315969
0.000000 12946340981
0.000000 12946365978
0.000000 12946390981
0.000000 12946415970
0.000000 12946440983
0.000000 12946465971
0.000000 12946490984
0.000000 12946515972
0.000000 12946540973
0.000000 12946565973
0.000000 12946590981
0.000000 12946615980
0.000000 12946640971
0.000000 12946665950
0.000000 12946690958
0.000000 12946715954
0.000000 12946740951
0.000000 12946765943
0.000000 12946790945
0.000000 12946815944
0.000000 12946840941
0.000000 12946865942
0.000000 12946890940
0.000000 12946915948
0.000000 12946940948
0.000000 12946965947
0.000000 12946990943
0.000000 12947015948
0.000000 12947040940
0.000000 12947065947
0.000000 12947090945
0.000000 12947115940
0.000000 12947140944
0.000000 12947165942
0.000000 12947190941
0.000000 12947215945
0.000000 12947240943
0.000000 12947265949
0.000000 12947290946
0.000000 12947315942
0.000000 12947340929
0.000000 12947365951
0.000000 12947390946
0.000000 12947415950
0.000000 12947440943
0.000000 12947465942
0.000000 12947490945
0.000000 12947515946
0.000000 12947540970
0.000000 12947565964
0.000000 12947590954
0.000000 12947615972
0.000000 12947640960
0.000000 12947665966
0.000000 12947690953
0.000000 12947715970
0.000000 12947740950
0.000000 12947765966
0.000000 12947790959
0.000000 12947815944
0.000000 12947840960
0.000000 12947865966
0.000000 12947890957
0.000000 12947915960
0.000000 12947940958
0.000000 12947965959
0.000000 12947990976
0.000000 12948015975
0.000000 12948040957
0.000000 12948065976
0.000000 12948090969
0.000000 12948115958
0.000000 12948140960
0.000000 12948165973
0.000000 12948190975
0.000000 12948215960
0.000000 12948240973
0.000000 12948265971
0.000000 12948290970
0.000000 12948315951
0.000000 12948341049
0.000000 12948365969
0.000000 12948390952
0.000000 12948415952
0.000000 12948440951
0.000000 12948465973
0.000000 12948490964
0.000000 12948515951
0.000000 12948540956
0.000000 12948565970
0.000000 12948590961
0.000000 12948615949
0.000000 12948640952
0.000000 12948665976
0.000000 12948690954
0.000000 12948715949
0.000000 12948740960
0.000000 12948765965
0.000000 12948790974
0.000000 12948815953
0.000000 12948840968
0.000000 12948865959
0.000000 12948890966
0.000000 12948915946
0.000000 12948940946
0.000000 12948965971
0.000000 12948990940
0.000000 12949015972
0.000000 12949040931
0.000000 12949065964
0.000000 12949090956
0.000000 12949115969
0.000000 12949140941
0.000000 12949165978
0.000000 12949190964
0.000000 12949215949
0.000000 12949240981
0.000000 12949265960
0.000000 12949290975
0.000000 12949315954
0.000000 12949340970
0.000000 12949365963
0.000000 12949390972
0.000000 12949415946
0.000000 12949440973
0.000000 12949465962
0.000000 12949490956
0.000000 12949515953
0.000000 12949540964
0.000000 12949565971
0.000000 12949590959
0.000000 12949615945
0.000000 12949640968
0.000000 12949665972
0.000000 12949690961
0.000000 12949715947
0.000000 12949740975
0.000000 12949765944
0.000000 12949790960
0.000000 12949815944
0.000000 12949840953
0.000000 12949865970
0.000000 12949890982
0.000000 12949915957
0.000000 12949940971
0.000000 12949965961
0.000000 12949990970
