2.292500 -5.530000 -0.490000 26900681459
2.730000 -5.810000 -0.752500 26900706508
2.467500 -5.617500 -0.542500 26900731457
2.625000 -5.617500 -0.455000 26900756505
2.660000 -5.547500 -1.067500 26900781460
3.115000 -5.985000 -0.542500 26900806505
2.625000 -5.740000 -0.770000 26900831459
2.765000 -5.530000 -0.717500 26900856503
2.555000 -5.512500 -0.822500 26900881463
2.695000 -5.512500 -0.682500 26900906510
2.397500 -5.407500 -0.507500 26900931464
2.345000 -5.722500 -0.595000 26900956505
2.817500 -5.810000 -0.735000 26900981457
2.555000 -5.740000 -0.892500 26901006505
2.327500 -5.652500 -0.665000 26901031471
2.572500 -5.547500 -0.682500 26901056500
2.625000 -5.915000 -0.822500 26901081460
2.047500 -5.582500 -0.875000 26901106507
2.537500 -5.827500 -0.542500 26901131463
2.782500 -5.652500 -0.612500 26901156504
2.537500 -5.652500 -0.945000 26901181463
2.537500 -5.337500 -0.682500 26901206507
3.115000 -5.652500 -0.682500 26901231498
2.905000 -5.582500 -0.840000 26901256542
2.782500 -5.390000 -0.717500 26901281514
2.905000 -5.670000 -0.962500 26901306510
2.975000 -4.112500 -0.507500 26901331516
2.537500 -5.880000 -0.805000 26901356514
2.712500 -5.652500 -0.927500 26901381505
3.045000 -6.440000 -0.700000 26901406517
2.870000 -5.670000 -0.892500 26901431507
2.607500 -5.775000 -0.822500 26901456503
2.607500 -5.425000 -0.875000 26901481506
2.765000 -5.810000 -0.612500 26901506512
2.362500 -5.792500 -0.630000 26901531502
2.625000 -5.495000 -0.875000 26901556507
2.415000 -5.740000 -0.857500 26901581501
2.625000 -5.775000 -0.980000 26901606523
2.835000 -5.897500 -0.682500 26901631502
2.642500 -5.652500 -0.752500 26901656509
2.782500 -5.512500 -0.945000 26901681510
2.677500 -5.600000 -0.700000 26901706505
2.590000 -5.512500 -0.752500 26901731504
2.572500 -5.670000 -0.770000 26901756504
2.590000 -5.635000 -0.665000 26901781511
2.642500 -5.565000 -0.857500 26901806509
2.712500 -5.862500 -0.857500 26901831511
2.485000 -5.355000 -0.805000 26901856504
2.660000 -5.232500 -0.770000 26901881492
2.800000 -5.582500 -0.892500 26901906507
2.887500 -5.862500 -0.595000 26901931506
2.607500 -5.600000 -0.735000 26901956511
2.695000 -5.880000 -0.735000 26901981509
2.730000 -5.582500 -0.560000 26902006505
2.520000 -5.652500 -0.630000 26902031500
2.712500 -5.530000 -0.910000 26902056501
2.747500 -5.547500 -0.665000 26902081513
2.485000 -5.530000 -0.840000 26902106505
2.782500 -5.652500 -0.682500 26902131505
2.467500 -5.792500 -0.822500 26902156506
2.782500 -5.652500 -0.770000 26902181505
2.467500 -5.827500 -0.822500 26902206514
2.520000 -5.897500 -0.647500 26902231509
2.520000 -5.705000 -1.015000 26902256520
2.800000 -5.670000 -0.682500 26902281509
