7.680000 8.520000 1.080000 26900667779
7.620000 8.820000 1.260000 26900692776
7.440000 9.000000 1.320000 26900717814
7.080000 8.760000 1.080000 26900742825
7.200000 8.880000 1.080000 26900767806
7.200000 8.520000 1.320000 26900792815
7.140000 8.580000 1.140000 26900817819
7.260000 8.820000 1.020000 26900842807
7.320000 8.400000 1.200000 26900867806
7.500000 8.580000 1.020000 26900892804
7.560000 8.760000 0.960000 26900917964
7.020000 8.820000 1.020000 26900942813
7.380000 8.700000 1.260000 26900967812
7.140000 8.700000 1.020000 26900992952
7.440000 8.520000 0.960000 26901017829
7.020000 8.940000 1.140000 26901042809
7.440000 8.639999 0.960000 26901067814
7.380000 8.580000 1.140000 26901092810
7.500000 9.059999 1.260000 26901117817
7.080000 8.520000 1.200000 26901142809
7.200000 8.520000 1.080000 26901167807
7.440000 8.639999 1.080000 26901192809
7.620000 8.940000 1.260000 26901217876
7.500000 8.700000 1.380000 26901242949
7.500000 8.700000 1.020000 26901267822
7.380000 9.059999 1.140000 26901292896
7.680000 8.400000 0.960000 26901317928
7.560000 8.760000 1.320000 26901342813
7.440000 8.639999 1.080000 26901367819
7.380000 8.820000 0.780000 26901392803
7.740000 8.580000 1.020000 26901417824
7.200000 8.760000 1.200000 26901442798
7.440000 8.760000 1.200000 26901467809
7.320000 8.639999 1.080000 26901492790
7.500000 9.059999 1.020000 26901517809
7.320000 8.760000 0.960000 26901542813
7.200000 8.520000 1.080000 26901567808
7.320000 8.520000 1.080000 26901592859
7.500000 8.700000 1.260000 26901617808
7.440000 8.520000 1.200000 26901642786
7.500000 8.580000 1.020000 26901667857
7.440000 8.639999 1.080000 26901692809
7.380000 8.580000 1.140000 26901717805
7.440000 8.639999 1.200000 26901742835
7.440000 8.520000 1.080000 26901767808
7.560000 8.880000 0.960000 26901792819
7.860000 8.940000 1.260000 26901817821
7.380000 8.820000 0.900000 26901842963
7.500000 8.700000 1.020000 26901867808
7.140000 8.940000 1.020000 26901892808
7.200000 8.520000 0.840000 26901917937
7.260000 8.700000 1.140000 26901942816
7.380000 8.700000 0.780000 26901967816
7.680000 8.760000 0.960000 26901992963
7.380000 8.580000 1.020000 26902017824
7.560000 8.639999 0.960000 26902042813
7.620000 8.820000 1.260000 26902067806
7.440000 8.639999 0.960000 26902092803
7.500000 8.460000 1.380000 26902117814
7.680000 8.880000 1.080000 26902142846
7.380000 8.700000 1.020000 26902167821
7.320000 9.120000 1.080000 26902192810
7.320000 8.639999 1.320000 26902219741
7.320000 8.760000 0.960000 26902242807
7.320000 8.639999 0.960000 26902267820

