12.582500 -4.060000 -2.135000 28270379468
12.582500 -1.820000 -2.625000 28270404474
10.115000 1.032500 -3.412500 28270429461
1.137500 3.185000 -0.472500 28270454566
2.625000 2.345000 -1.365000 28270479578
5.862500 4.602500 -4.917500 28270504578
10.465000 5.372500 -6.930000 28270529585
21.420000 3.710000 0.507500 28270554569
18.357500 1.242500 -0.560000 28270579594
-4.690000 -0.105000 -5.915000 28270604582
-21.805000 0.857500 -3.097500 28270629585
-32.689999 -0.770000 -1.452500 28270654560
-33.389999 -1.435000 -4.147500 28270679562
-23.537500 -2.310000 -4.235000 28270704585
-13.580000 -2.590000 -3.342500 28270729584
-1.312500 -1.137500 -3.535000 28270754576
4.865000 -0.507500 -3.482500 28270779566
12.145000 0.035000 -2.170000 28270804591
13.825000 1.417500 0.157500 28270829576
14.210000 3.202500 6.107500 28270854563
9.940000 3.377500 7.210000 28270879583
4.252500 1.627500 4.900000 28270904585
-6.177500 0.612500 5.372500 28270929579
-11.200000 0.332500 5.425000 28270954566
-13.405000 -0.332500 2.852500 28270979572
-10.587500 -0.192500 1.487500 28271004586
-5.705000 1.505000 1.942500 28271029571
0.875000 3.885000 1.557500 28271054565
9.502500 3.202500 -0.822500 28271079614
12.232500 2.800000 -1.662500 28271104642
12.390000 1.767500 -0.350000 28271130108
10.640000 0.542500 -0.595000 28271154432
9.135000 -1.732500 -2.187500 28271179427
9.747500 -1.610000 -2.625000 28271204438
9.345000 -0.070000 -1.347500 28271229571
5.547500 -3.867500 0.262500 28271254553
5.180000 -6.160000 2.485000 28271279566
9.817500 -0.507500 5.827500 28271304565
22.645000 6.002500 9.432500 28271329544
31.535000 8.295000 13.055000 28271354549
39.759998 7.122500 12.617500 28271379563
44.467499 9.275000 10.395000 28271404562
42.105000 16.450001 8.347500 28271429553
35.262501 20.947500 11.235000 28271454554
29.137501 21.174999 17.605000 28271479562
23.362499 18.532499 26.582500 28271504570
17.815001 19.740000 30.957500 28271529566
17.290001 20.282499 33.915001 28271554535
18.672501 21.577499 36.224998 28271579560
18.165001 22.715000 39.147499 28271604332
17.850000 27.107500 43.277500 28271629558
22.312500 30.520000 47.215000 28271654556
14.927500 29.225000 49.000000 28271679567
7.280000 25.900000 49.735001 28271704546
-0.227500 28.927500 52.150002 28271729560
-2.152500 30.047501 60.724998 28271754539
-0.665000 29.732500 64.750000 28271779562
0.805000 29.785000 65.449997 28271804332
1.960000 29.942501 63.000000 28271829556
2.117500 28.174999 61.529999 28271854531
1.382500 27.825001 63.105000 28271879561
0.822500 29.049999 64.837502 28271904539
2.327500 27.545000 64.540001 28271929555
3.360000 25.655001 60.584999 28271954530
0.682500 25.585001 58.450001 28271979551
-0.577500 24.115000 57.347500 28272004545
-0.735000 20.055000 52.570000 28272029559
-6.667500 19.232500 49.630001 28272054535
-12.320000 20.142500 46.357502 28272079557
-18.322500 16.415001 44.537498 28272104546
-21.157499 9.555000 42.560001 28272129560
-25.094999 0.490000 39.987499 28272154531
-37.957500 -1.225000 38.430000 28272179569
-42.700001 1.417500 35.980000 28272204551
-35.577499 0.507500 34.404999 28272229551
-28.262501 -0.822500 32.602501 28272254517
-24.605000 -4.830000 28.857500 28272279566
-28.087500 -11.182500 26.757500 28272304566
-35.892502 -13.807500 25.200001 28272329519
-37.187500 -12.547500 23.222500 28272354533
-27.299999 -9.940000 21.559999 28272379570
-18.445000 -8.295000 17.937500 28272404560
-9.117500 -8.452500 14.787500 28272429559
-6.632500 -6.912500 13.597500 28272454537
-3.045000 -3.325000 15.802500 28272479558
7.682500 -4.042500 17.010000 28272504548
12.425000 -1.102500 14.770000 28272529575
15.365000 -1.855000 13.422500 28272554541
17.657499 -0.910000 12.372500 28272579573
21.665001 2.100000 8.417500 28272604548
24.027500 -0.315000 6.265000 28272629562
22.610001 -0.262500 6.580000 28272654535
22.662500 4.865000 6.947500 28272679547
25.637501 4.742500 5.495000 28272704551
21.770000 3.465000 3.482500 28272729557
13.090000 3.377500 3.640000 28272754534
11.270000 2.660000 5.040000 28272779544
11.217500 2.345000 3.657500 28272804560
6.475000 -0.122500 1.347500 28272829554
1.627500 -1.977500 2.310000 28272854535
-0.840000 -0.700000 4.917500 28272879566
-0.910000 -0.927500 5.845000 28272904556
-1.032500 -2.065000 3.692500 28272929554
-1.960000 -0.402500 1.767500 28272954533
-2.607500 -1.085000 1.592500 28272979548
-1.890000 -3.412500 4.515000 28273004536
1.417500 -1.225000 3.535000 28273029549
1.680000 1.085000 0.647500 28273054538
3.097500 1.505000 -0.035000 28273079550
4.077500 3.167500 -0.927500 28273104549
4.322500 2.992500 -0.595000 28273129566
3.920000 2.870000 -0.822500 28273154527
4.270000 2.677500 -1.610000 28273179540
5.040000 -0.385000 -2.275000 28273204545
4.445000 -2.450000 -2.677500 28273229544
3.185000 3.605000 -3.272500 28273254534
4.147500 0.927500 -4.690000 28273279564
3.955000 -2.117500 -5.722500 28273304552
2.240000 0.087500 -5.407500 28273329581
1.417500 3.080000 -3.797500 28273354549
2.765000 6.755000 -2.380000 28273379590
6.072500 7.560000 -1.820000 28273404552
6.282500 5.775000 -1.067500 28273429560
5.390000 7.262500 0.840000 28273454540
5.635000 7.087500 0.997500 28273479546
3.342500 0.437500 2.712500 28273504550
0.402500 0.315000 1.557500 28273529563
-0.770000 1.855000 -1.032500 28273554529
-2.257500 -1.592500 -1.207500 28273579554
-0.735000 -1.435000 -0.910000 28273604554
0.332500 -1.435000 -2.345000 28273629562
-0.770000 -2.835000 -2.975000 28273654539
-0.980000 -0.175000 -1.977500 28273679557
2.957500 5.092500 -2.450000 28273704545
7.297500 4.112500 -3.745000 28273729572
4.007500 0.787500 -1.995000 28273754531
-0.070000 1.050000 -0.735000 28273779554
1.417500 4.095000 -0.070000 28273804571
3.185000 1.295000 -0.612500 28273829561
0.892500 -0.472500 0.070000 28273854534
0.315000 0.192500 0.297500 28273879563
0.997500 1.662500 -0.980000 28273904539
0.122500 0.770000 -0.525000 28273929563
0.245000 0.367500 0.122500 28273954540
1.592500 2.765000 0.175000 28273979549
2.012500 4.130000 -2.065000 28274004545
1.102500 1.960000 -3.640000 28274029561
-2.205000 0.525000 -3.027500 28274054539
-3.325000 -0.910000 -1.015000 28274079562
