-5.040000 -5.760000 -1.800000 28265142354
-6.180000 -3.300000 0.660000 28270362574
-6.180000 -3.300000 0.660000 28270387532
-6.300000 -3.180000 0.300000 28270412564
-6.180000 -3.300000 0.660000 28270437538
-6.420000 -3.540000 0.300000 28270462551
-6.120000 -3.120000 0.600000 28270487564
-6.000000 -3.360000 0.840000 28270512787
-6.180000 -3.300000 0.540000 28270537550
-6.600000 -3.480000 0.360000 28270562551
-6.300000 -3.060000 0.300000 28270587564
-6.000000 -3.120000 0.240000 28270612763
-6.180000 -3.060000 0.540000 28270637560
-6.360000 -3.360000 0.120000 28270662544
-6.180000 -3.180000 0.660000 28270687751
-6.120000 -3.600000 0.720000 28270712753
-6.240000 -3.360000 0.480000 28270737680
-6.600000 -3.000000 0.240000 28270762547
-6.480000 -3.480000 0.480000 28270787562
-6.300000 -3.060000 0.540000 28270812774
-6.240000 -3.480000 0.720000 28270837557
-6.240000 -3.360000 0.480000 28270862543
-5.880000 -3.360000 0.480000 28270887555
-6.420000 -3.540000 0.660000 28270912761
-6.480000 -3.480000 0.480000 28270937559
-6.480000 -3.240000 0.360000 28270962539
-6.360000 -3.360000 0.600000 28270987563
-6.180000 -3.420000 0.540000 28271012759
-6.480000 -3.360000 0.840000 28271037560
-6.420000 -3.420000 0.540000 28271062553
-6.240000 -3.360000 0.480000 28271087595
-6.240000 -3.120000 0.600000 28271112777
-6.180000 -3.540000 0.300000 28271137542
-6.420000 -3.420000 0.780000 28271162497
-6.180000 -3.300000 0.540000 28271187507
-6.180000 -3.180000 0.300000 28271212516
-5.880000 -3.480000 0.720000 28271237538
-6.480000 -3.240000 0.480000 28271262508
-6.300000 -3.300000 0.900000 28271287527
-6.060000 -3.420000 0.540000 28271312724
-6.420000 -3.660000 0.420000 28271337525
-6.480000 -3.480000 0.240000 28271362514
-6.240000 -3.360000 0.600000 28271387531
-6.060000 -3.660000 0.060000 28271412719
-6.180000 -3.780000 0.300000 28271437537
-6.180000 -3.180000 0.060000 28271462528
-6.120000 -3.360000 0.060000 28271487527
-6.120000 -3.360000 0.060000 28271512722
-6.000000 -3.000000 0.240000 28271537538
-6.000000 -3.480000 -0.120000 28271562516
-6.000000 -3.120000 -0.120000 28271587530
-6.240000 -3.120000 -0.120000 28271612492
-5.760000 -3.120000 -0.240000 28271637540
-5.760000 -3.120000 -0.360000 28271662528
-6.000000 -3.000000 0.120000 28271687537
-5.820000 -2.940000 -0.420000 28271713274
-5.460000 -2.940000 -0.300000 28271737535
-5.520000 -2.760000 -0.720000 28271762513
-5.640000 -2.280000 -0.360000 28271787552
-5.160000 -2.520000 -0.360000 28271812500
-5.400000 -2.040000 -0.360000 28271837551
-5.280000 -2.520000 -0.480000 28271862599
-5.220000 -1.980000 -0.420000 28271887557
-4.860000 -2.220000 -0.660000 28271912864
-4.440000 -2.160000 -0.600000 28271937548
-4.680000 -2.040000 -0.480000 28271962649
-4.500000 -1.860000 -0.540000 28271987552
-4.440000 -1.560000 -0.600000 28272012887
-4.200000 -1.680000 -0.720000 28272037536
-3.840000 -1.560000 -0.960000 28272062536
-4.200000 -1.560000 -0.840000 28272087545
-3.780000 -1.380000 -0.900000 28272112732
-3.960000 -1.440000 -0.720000 28272137536
-3.720000 -1.200000 -0.360000 28272162528
-3.780000 -1.020000 -0.420000 28272187535
-3.900000 -1.140000 -0.300000 28272212730
-3.480000 -1.200000 -0.240000 28272237545
-3.780000 -0.900000 -0.420000 28272262529
-3.540000 -0.900000 -0.540000 28272287519
-3.540000 -1.020000 -0.300000 28272312737
-3.540000 -0.660000 -0.420000 28272337553
-3.240000 -0.600000 -0.240000 28272362535
-3.360000 -0.600000 -0.120000 28272387553
-3.300000 -0.540000 -0.060000 28272412808
-3.420000 -0.660000 -0.180000 28272437521
-3.300000 -0.900000 0.180000 28272462535
-3.060000 -0.900000 0.060000 28272487545
-3.180000 -0.540000 -0.300000 28272512754
-3.060000 -0.780000 -0.300000 28272538017
-3.240000 -0.600000 -0.120000 28272562540
-3.240000 -0.720000 -0.120000 28272587538
-3.120000 -0.720000 -0.240000 28272612752
-3.060000 -0.540000 -0.180000 28272637549
-2.700000 -0.780000 -0.180000 28272662542
-2.820000 -0.660000 -0.300000 28272687742
-2.940000 -0.660000 -0.300000 28272712749
-2.940000 -0.540000 -0.540000 28272737546
-2.940000 -0.660000 -0.420000 28272762529
-2.940000 -0.900000 -0.660000 28272788134
-2.760000 -0.840000 -0.480000 28272812745
-3.060000 -0.780000 -0.540000 28272837543
-3.180000 -0.780000 -0.420000 28272862541
-3.060000 -0.780000 -0.540000 28272887550
-3.060000 -1.020000 -0.540000 28272912752
-3.000000 -0.720000 -0.360000 28272937559
-3.240000 -0.720000 -0.600000 28272962544
-2.820000 -0.900000 -0.420000 28272987550
-2.760000 -0.840000 -0.360000 28273012771
-3.000000 -0.600000 -0.480000 28273037530
-3.060000 -0.660000 -0.300000 28273062531
-2.940000 -1.020000 -0.540000 28273087549
-2.760000 -0.720000 -0.600000 28273112743
-3.000000 -0.600000 -0.480000 28273137547
-3.180000 -0.900000 -0.540000 28273162526
-3.000000 -0.840000 -0.720000 28273187539
-2.820000 -0.780000 -0.300000 28273212737
-3.120000 -0.720000 -0.360000 28273237553
-2.820000 -0.900000 -0.660000 28273262529
-3.000000 -0.960000 -0.960000 28273287537
-3.000000 -1.080000 -0.840000 28273312736
-3.000000 -0.960000 -0.360000 28273337692
-2.820000 -0.780000 -0.180000 28273362534
-2.820000 -1.020000 -0.780000 28273387544
-2.880000 -0.960000 -0.720000 28273412755
-3.120000 -1.200000 -0.360000 28273437531
-2.820000 -0.900000 -0.780000 28273462530
-2.940000 -0.900000 -0.660000 28273487532
-2.940000 -1.260000 -0.900000 28273512723
-3.000000 -0.840000 -0.720000 28273537547
-3.300000 -0.900000 -0.420000 28273562524
-3.120000 -1.200000 -0.600000 28273587550
-3.120000 -0.840000 -0.600000 28273612725
-3.000000 -0.720000 -0.360000 28273637549
-2.820000 -0.660000 -0.660000 28273662776
-3.000000 -0.960000 -0.480000 28273687543
-3.180000 -1.020000 -0.660000 28273712747
-2.940000 -0.780000 -0.660000 28273737540
-2.580000 -0.780000 -0.780000 28273762519
-3.000000 -0.840000 -0.720000 28273788005
-2.880000 -0.960000 -0.720000 28273812755
-2.700000 -1.020000 -0.660000 28273837541
-3.300000 -1.020000 -0.660000 28273862548
-3.000000 -0.960000 -0.600000 28273887549
-2.940000 -0.780000 -0.660000 28273912740
-2.760000 -1.080000 -0.600000 28273937538
-3.060000 -0.900000 -0.540000 28273962525
-2.880000 -0.840000 -0.960000 28273988091
-3.060000 -1.020000 -0.900000 28274012759
-3.060000 -1.020000 -0.660000 28274037546
-2.940000 -1.140000 -0.660000 28274062529
-3.000000 -1.440000 -0.840000 28274087542
