0.000000 28270346993
0.000000 28270367857
0.000000 28270392815
0.000000 28270417841
0.000000 28270442840
0.000000 28270467908
0.000000 28270492908
0.000000 28270517901
0.000000 28270542871
0.000000 28270567916
0.000000 28270592910
0.000000 28270617906
0.000000 28270642866
0.000000 28270667900
0.000000 28270692891
0.000000 28270717894
0.000000 28270742879
0.000000 28270767909
0.000000 28270792908
0.000000 28270817903
0.000000 28270842874
0.000000 28270867905
0.000000 28270892897
0.000000 28270917906
0.000000 28270942860
0.000000 28270967904
0.000000 28270992896
0.000000 28271017906
0.000000 28271042871
0.000000 28271067892
0.000000 28271092916
0.000000 28271117884
0.000000 28271142822
0.000000 28271167819
0.000000 28271192816
0.000000 28271217886
0.000000 28271242852
0.000000 28271267884
0.000000 28271292882
0.000000 28271317891
0.000000 28271342853
0.000000 28271367889
0.000000 28271392892
0.000000 28271417877
0.000000 28271442860
0.000000 28271467887
0.000000 28271492893
0.000000 28271517886
0.000000 28271542862
0.000000 28271567891
0.000000 28271592890
0.000000 28271617887
0.000000 28271642862
0.000000 28271667888
0.000000 28271692890
0.000000 28271717883
0.000000 28271742857
0.000000 28271767876
0.000000 28271792890
0.000000 28271817897
0.000000 28271842861
0.000000 28271867879
0.000000 28271892894
0.000000 28271917890
0.000000 28271942860
0.000000 28271967872
0.000000 28271992889
0.000000 28272017891
0.000000 28272042860
0.000000 28272067886
0.000000 28272092886
0.000000 28272117889
0.000000 28272142860
0.000000 28272167890
0.000000 28272192895
0.000000 28272217902
0.000000 28272242860
0.000000 28272267887
0.000000 28272292892
0.000000 28272317892
0.000000 28272342857
0.000000 28272367891
0.000000 28272392898
0.000000 28272417891
0.000000 28272442865
0.000000 28272467889
0.000000 28272492890
0.000000 28272517886
0.000000 28272542865
0.000000 28272567906
0.000000 28272592883
0.000000 28272617892
0.000000 28272642859
0.000000 28272667888
0.000000 28272692882
0.000000 28272717883
0.000000 28272742857
0.000000 28272767894
0.000000 28272792889
0.000000 28272817900
0.000000 28272842861
0.000000 28272867901
0.000000 28272892891
0.000000 28272917903
0.000000 28272942862
0.000000 28272967892
0.000000 28272992886
0.000000 28273017856
0.000000 28273042836
0.000000 28273067898
0.000000 28273092886
0.000000 28273117898
0.000000 28273142858
0.000000 28273167895
0.000000 28273192883
0.000000 28273217909
0.000000 28273242859
0.000000 28273267893
0.000000 28273292885
0.000000 28273317900
0.000000 28273342862
0.000000 28273367892
0.000000 28273392887
0.000000 28273417894
0.000000 28273442851
0.000000 28273467896
0.000000 28273492900
0.000000 28273517900
0.000000 28273542844
0.000000 28273567893
0.000000 28273592890
0.000000 28273617902
0.000000 28273642862
0.000000 28273667899
0.000000 28273692897
0.000000 28273717889
0.000000 28273742867
0.000000 28273767888
0.000000 28273792903
0.000000 28273817901
0.000000 28273842864
0.000000 28273867895
0.000000 28273892892
0.000000 28273917899
0.000000 28273942862
0.000000 28273967893
0.000000 28273992903
0.000000 28274017892
0.000000 28274042863
0.000000 28274067899
0.000000 28274092898
