12.285000 -3.797500 -1.995000 31115414129
12.285000 -1.295000 -2.905000 31115439129
9.275000 2.310000 -3.447500 31115464118
0.542500 7.140000 -2.415000 31115489119
-2.152500 5.127500 -3.465000 31115514117
1.575000 3.325000 -4.305000 31115539157
-0.892500 2.187500 -2.240000 31115564156
-2.187500 1.715000 -1.172500 31115589153
-2.362500 1.137500 -0.752500 31115614156
-2.975000 -0.175000 0.857500 31115639212
-3.815000 -1.452500 1.382500 31115664210
-3.885000 -4.760000 2.327500 31115689205
-3.290000 -7.035000 2.327500 31115714252
-1.802500 -11.165000 2.502500 31115739248
-0.332500 -13.510000 1.995000 31115764249
3.780000 -12.652500 3.500000 31115789247
6.510000 -9.467500 2.625000 31115814313
7.787500 -3.797500 2.800000 31115839308
10.780000 -1.575000 5.005000 31115864313
15.365000 2.922500 5.582500 31115889309
21.559999 8.732500 3.972500 31115914311
23.537500 11.270000 2.782500 31115939311
23.555000 11.112500 1.855000 31115964309
21.612499 10.587500 1.942500 31115989305
19.302500 8.995000 3.657500 31116014309
16.467501 9.870000 4.025000 31116039314
16.782499 11.060000 3.027500 31116064308
18.847500 7.332500 0.630000 31116089308
25.287500 2.380000 -0.017500 31116114313
27.807501 -4.060000 2.135000 31116139309
29.014999 -5.670000 5.705000 31116164312
29.190001 0.192500 12.057500 31116189307
24.937500 6.685000 15.470000 31116214311
23.782499 10.780000 12.617500 31116239309
31.325001 17.587500 10.500000 31116264305
37.992500 21.139999 16.275000 31116289370
41.107502 23.537500 20.615000 31116314367
41.772499 29.347500 17.290001 31116339407
44.922501 26.355000 18.514999 31116364364
45.990002 23.625000 22.312500 31116389382
45.639999 25.025000 22.452499 31116414523
43.994999 27.457500 20.597500 31116439510
42.490002 27.457500 31.325001 31116464507
30.152500 24.307501 38.709999 31116489480
19.740000 26.145000 39.462502 31116514489
10.307500 24.447500 42.490002 31116539615
-2.590000 17.377501 54.407501 31116564522
-13.772500 14.157500 62.142502 31116589492
-21.577499 23.764999 56.805000 31116614523
-20.947500 19.687500 55.160000 31116639492
-25.165001 17.360001 60.462502 31116664516
-44.099998 17.972500 63.209999 31116689493
-58.012501 17.219999 63.402500 31116714519
-69.877502 1.977500 60.724998 31116739508
-81.602501 -4.917500 58.310001 31116764519
-80.867500 -5.390000 55.650002 31116789511
-69.125000 2.695000 57.242500 31116814517
-41.580002 6.422500 57.277500 31116839515
-22.295000 20.772501 51.904999 31116864508
19.442499 29.295000 52.237499 31116889516
45.692501 34.597500 53.287498 31116914513
60.532501 39.900002 54.617500 31116939512
63.717499 39.200001 54.092499 31116964518
53.777500 33.670002 48.090000 31116989516
37.537498 35.402500 42.174999 31117014521
33.180000 31.762501 39.287498 31117039508
30.082500 23.835001 39.042500 31117064519
18.830000 21.437500 38.990002 31117089512
15.767500 25.812500 35.910000 31117114525
16.992500 23.642500 34.020000 31117139504
11.760000 17.762501 32.795002 31117164519
3.832500 15.260000 29.434999 31117189510
0.892500 14.402500 27.160000 31117214528
2.205000 12.600000 26.040001 31117239518
1.400000 5.512500 22.540001 31117264510
-3.150000 4.287500 19.757500 31117289517
-6.860000 -0.682500 17.465000 31117314520
-14.717500 -2.730000 16.082500 31117339512
-16.012501 -5.127500 13.842500 31117364656
-13.807500 -7.857500 8.697500 31117389516
-12.792500 -5.477500 6.195000 31117414528
-13.982500 -0.735000 4.952500 31117439542
-13.720000 1.382500 0.647500 31117464516
-9.415000 -2.800000 -2.625000 31117489674
-8.242500 -5.845000 -4.917500 31117514519
-7.735000 -4.060000 -4.287500 31117539521
-6.107500 -3.815000 -3.377500 31117564522
-4.847500 -7.455000 -5.180000 31117589493
-5.880000 -6.020000 -5.302500 31117614516
-3.885000 -1.505000 -3.377500 31117639521
0.017500 -2.695000 -4.795000 31117664519
-0.437500 -3.552500 -4.777500 31117689462
-0.647500 -1.995000 -2.362500 31117714519
1.067500 -3.255000 -2.065000 31117739517
-0.612500 -4.865000 -2.432500 31117764519
-2.415000 -6.160000 -2.187500 31117789516
-3.150000 -5.302500 -0.892500 31117814515
-2.222500 -1.802500 0.507500 31117839520
-1.085000 -1.382500 -0.840000 31117864523
-2.117500 -0.857500 -2.555000 31117889516
-2.310000 1.785000 -1.417500 31117914514
-2.310000 3.972500 -0.577500 31117939506
0.665000 7.297500 -0.350000 31117964521
2.940000 9.730000 2.222500 31117989517
3.745000 10.552500 3.517500 31118014518
3.587500 10.220000 5.250000 31118039505
1.487500 5.460000 6.160000 31118064498
-0.682500 1.837500 5.530000 31118089504
-2.065000 2.415000 4.287500 31118114501
-0.087500 2.590000 2.870000 31118139499
0.192500 4.130000 1.347500 31118164502
1.347500 2.187500 0.472500 31118189502
-0.875000 -1.067500 -1.820000 31118214501
-5.232500 -4.462500 -5.862500 31118239496
-8.365000 -3.412500 -7.192500 31118264504
-5.460000 2.397500 -7.805000 31118289501
2.642500 6.335000 -10.237500 31118314506
5.740000 7.210000 -10.587500 31118339496
6.300000 4.830000 -7.227500 31118364501
6.055000 3.780000 -5.460000 31118389502
4.235000 2.327500 -4.707500 31118414574
0.210000 0.595000 -5.092500 31118439500
-2.502500 1.977500 -4.462500 31118464497
-0.140000 1.680000 -0.227500 31118489495
-0.962500 1.295000 1.802500 31118514628
-3.430000 3.412500 2.310000 31118539499
-3.937500 4.287500 0.140000 31118564498
-2.537500 3.622500 -2.030000 31118589499
-3.482500 4.322500 -2.835000 31118614500
-3.430000 5.390000 -3.202500 31118639499
0.140000 5.635000 -5.215000 31118664499
2.205000 5.547500 -7.017500 31118689500
3.937500 5.267500 -6.580000 31118714503
4.935000 4.760000 -5.057500 31118739503
3.727500 1.365000 -5.267500 31118764499
-0.647500 -2.135000 -5.950000 31118789498
-2.992500 -2.432500 -2.432500 31118814499
-3.010000 -1.487500 -1.785000 31118839500
-2.887500 -1.102500 -1.435000 31118864506
-3.535000 -0.945000 0.927500 31118889499
-2.712500 0.875000 2.432500 31118914501
-0.787500 1.680000 0.105000 31118939498
-2.835000 1.750000 -0.297500 31118964500
-4.060000 1.557500 1.487500 31118989500
-3.762500 1.470000 1.995000 31119014483
-2.485000 2.467500 1.680000 31119039501
