-0.882599 1.216025 -10.130271 30384021702
-0.725692 1.147378 -10.218531 30384042586
-0.725692 1.137571 -10.277370 30384067557
-0.745305 1.186605 -10.316597 30384092604
-0.725692 1.206218 -10.444084 30384117613
-0.764919 1.245445 -10.551956 30384142604
-0.843372 1.265058 -10.610797 30384167614
-0.813952 1.206218 -10.630409 30384192603
-0.774725 1.265058 -10.699056 30384217620
-0.715886 1.353318 -10.728477 30384242612
-0.657046 1.314091 -10.659830 30384267622
-0.833565 1.323898 -10.650023 30384292605
-0.696272 1.235638 -10.610797 30384317616
-0.637432 1.294478 -10.669637 30384342626
-0.735499 1.412158 -10.600989 30384367619
-0.657046 1.598484 -10.434277 30384392614
-0.813952 1.765197 -10.424470 30384417618
-0.794339 1.863264 -10.326404 30384442647
-0.804145 1.922104 -10.316597 30384467619
-1.039505 2.353596 -10.620603 30384492598
-1.029698 2.637989 -10.630409 30384517621
-1.157185 2.765476 -10.522536 30384542613
-1.137571 2.687022 -10.424470 30384567618
-0.961052 3.128322 -10.100850 30384592585
-0.980665 3.265615 -10.100850 30384617616
-0.882599 3.540201 -10.022397 30384642608
-0.990472 3.716721 -9.885104 30384667614
-0.961052 4.305120 -9.816459 30384692591
-1.059118 4.550286 -9.649745 30384717626
-1.108152 4.805259 -9.590905 30384742603
-0.951245 5.393658 -9.375159 30384767598
-0.912019 5.874184 -9.247672 30384792615
-0.872792 6.021284 -8.933860 30384817617
-0.970859 6.060511 -8.796566 30384842598
-0.882599 6.531229 -7.717835 30384867622
-0.872792 6.894075 -7.492281 30384892610
-0.912019 7.443248 -7.227501 30384917588
-0.853179 7.492281 -7.119628 30384942579
-0.529559 7.913968 -6.129157 30384967599
-0.608012 8.227780 -5.756504 30384992582
-0.764919 8.580820 -5.315205 30385017599
-0.706079 8.767146 -5.021006 30385042571
-0.725692 9.169219 -4.422800 30385067577
-0.558979 9.267285 -3.873627 30385092568
-0.411879 9.267285 -3.422521 30385117602
-0.382459 9.365352 -2.932189 30385142593
-0.362846 9.443805 -2.314370 30385167586
-0.176520 9.502645 -2.069203 30385192597
-0.186326 9.561485 -1.706357 30385217589
-0.304006 9.522259 -1.137571 30385242594
-0.127486 9.257479 -0.921825 30385267599
-0.078453 9.639938 -0.774725 30385292614
0.107873 9.934137 -0.657046 30385317592
0.225553 9.943945 -0.578592 30385342582
-0.068647 9.836071 -0.578592 30385367599
-0.196133 9.973364 -0.254973 30385392603
-0.166713 9.983171 -0.058840 30385417590
-0.029420 9.875298 -0.068647 30385442582
-0.107873 10.346016 0.470719 30385467591
-0.392266 10.100850 0.696272 30385492580
-0.480526 9.855684 0.853179 30385517602
-0.049033 9.708585 1.412158 30385542599
-0.127486 9.659552 1.598484 30385567603
-0.098067 9.561485 1.765197 30385592588
-0.107873 9.610518 1.245445 30385617595
-0.421686 9.649745 1.814230 30385642603
-0.284393 9.492838 1.716164 30385667607
-0.205940 9.669358 1.843650 30385692594
-0.147100 9.767425 2.128043 30385717592
-0.382459 9.581099 2.343790 30385742586
-0.382459 9.826264 2.373209 30385767581
-0.460913 9.836071 2.490890 30385792605
-0.539366 9.767425 2.883155 30385817610
-0.519753 9.551678 2.520309 30385842577
-0.588399 9.590905 2.912575 30385867573
-0.696272 9.561485 3.069482 30385892571
-0.794339 9.326125 3.040062 30385917587
-0.598206 9.738005 2.892962 30385942603
-0.725692 9.934137 2.961608 30385967590
-0.823759 10.042011 2.726249 30385992576
-0.853179 9.934137 2.843929 30386017571
-0.529559 9.551678 2.892962 30386042588
-0.392266 9.492838 3.000835 30386067595
-0.284393 9.473226 3.216582 30386092586
-0.323619 9.561485 3.442135 30386117577
-0.088260 9.816459 2.481083 30386142568
-0.088260 9.934137 2.667409 30386167573
-0.176520 9.728198 2.853735 30386192581
0.245166 9.267285 2.843929 30386217593
0.294200 8.943666 2.745862 30386242569
0.323619 9.296705 2.510503 30386267571
0.480526 9.659552 2.814509 30386292577
0.166713 9.277092 2.932189 30386317606
0.176520 8.825986 2.000557 30386342584
0.774725 9.159412 1.931910 30386367599
1.166991 9.561485 2.265337 30386392574
0.382459 9.571292 2.157463 30386417570
0.304006 9.443805 1.098345 30386442561
0.676659 9.443805 0.902212 30386467601
0.431493 9.845878 0.980665 30386492593
0.215746 10.718670 -0.029420 30386517585
0.088260 10.551956 -0.333426 30386542570
0.166713 10.189111 -0.558979 30386567573
0.568786 9.894911 -0.706079 30386592595
0.706079 9.129992 -0.578592 30386617580
0.735499 9.581099 -1.029698 30386642591
0.774725 10.130271 -1.363124 30386667576
0.823759 10.140078 -1.588677 30386692590
0.912019 10.002784 -2.275143 30386717593
0.441299 9.816459 -2.167270 30386742585
0.225553 9.424192 -2.255530 30386767594
0.176520 8.992700 -2.618376 30386792573
0.451106 9.179026 -3.383295 30386817570
0.500139 9.296705 -3.314648 30386842576
0.362846 9.041733 -3.540201 30386867590
0.392266 9.267285 -4.197247 30386892580
0.274586 9.355545 -4.501253 30386917581
-0.029420 9.129992 -4.913132 30386942572
-0.029420 8.845599 -4.903326 30386967579
-0.117680 8.453333 -4.991585 30386992577
-0.117680 8.443527 -5.275978 30387017577
0.117680 8.835793 -5.756504 30387042570
0.068647 8.884827 -6.315483 30387067580
0.107873 8.394494 -6.384130 30387092574
-0.009807 8.198360 -6.815622 30387117576
-0.137293 7.825707 -6.982336 30387142570
-0.137293 7.443248 -7.001948 30387167579
-0.058840 7.158855 -7.560929 30387192580
-0.009807 7.404021 -7.717835 30387217576
0.039227 7.423635 -7.796288 30387242571
-0.058840 6.982336 -7.776674 30387267570
-0.225553 6.639102 -7.708028 30387292572
-0.353039 6.178190 -7.953194 30387317570
-0.421686 5.805537 -7.963001 30387342571
-0.372653 5.815344 -8.080681 30387367568
-0.137293 5.413271 -9.110379 30387392575
0.019613 5.364238 -9.561485 30387417578
-0.039227 5.246559 -9.845878 30387442576
-0.068647 4.971972 -10.120463 30387467576
-0.245166 4.403186 -10.326404 30387492573
-0.304006 4.275700 -10.296983 30387517582
-0.411879 3.834401 -10.169497 30387542594
-0.490333 3.304842 -9.816459 30387567580
-0.411879 3.285228 -9.728198 30387592589
-0.421686 3.108708 -10.032204 30387617577
-0.529559 2.912575 -10.120463 30387642576
-0.558979 2.628183 -10.395051 30387667583
-0.490333 2.481083 -10.581376 30387692594
-0.657046 2.265337 -10.934416 30387717587
-0.598206 2.333983 -11.120742 30387742588
-0.862985 1.578871 -10.444084 30387767599
-0.951245 1.147378 -10.395051 30387792594
-0.990472 1.010085 -10.551956 30387817624
-1.206218 0.509946 -10.708863 30387842592
-0.902212 0.509946 -10.140078 30387867594
-1.108152 -0.362846 -10.169497 30387892598
-1.068925 -0.617819 -10.444084 30387917601
-1.049312 -0.941439 -10.404857 30387942597
-1.451384 -1.451384 -10.355824 30387967598
-1.392545 -1.725971 -10.179304 30387992593
-1.353318 -2.039783 -10.032204 30388017607
-1.323898 -2.167270 -10.012591 30388042578
-1.333705 -2.569343 -10.081238 30388067564
-1.059118 -2.951802 -9.747811 30388092596
-0.862985 -3.295035 -9.522259 30388117595
-0.715886 -3.540201 -9.590905 30388142596
-0.813952 -3.746140 -9.551678 30388167604
-0.882599 -3.922661 -9.983171 30388192581
-0.912019 -4.275700 -9.845878 30388217600
-0.745305 -4.658159 -9.335932 30388242588
-0.755112 -5.011199 -9.237865 30388267601
-0.755112 -5.109265 -9.345738 30388292598
-0.872792 -5.629018 -8.933860 30388317592
-0.735499 -5.972251 -8.688693 30388342586
-0.519753 -5.913410 -8.551400 30388367594
-0.313813 -6.148770 -8.217974 30388392609
-0.313813 -6.511616 -7.472668 30388417608
-0.696272 -6.403743 -8.119907 30388442587
-0.558979 -6.619490 -7.884548 30388467599
-0.254973 -7.109822 -7.198082 30388492599
-0.323619 -7.374601 -6.982336 30388517605
-0.107873 -7.354988 -6.923496 30388542595
-0.176520 -7.521701 -6.590069 30388567600
-0.284393 -7.580542 -6.276257 30388592595
-0.323619 -7.727641 -6.080123 30388617595
-0.137293 -8.374881 -5.236752 30388642592
0.009807 -8.443527 -4.922939 30388667594
0.009807 -8.502367 -4.962165 30388692593
0.117680 -8.502367 -5.089652 30388717591
0.431493 -8.933860 -4.265893 30388742592
0.470719 -9.149606 -4.462027 30388767567
0.578592 -9.129992 -4.216860 30388792599
0.500139 -9.179026 -3.883434 30388817599
0.500139 -9.228059 -4.177633 30388842598
0.431493 -9.139799 -4.216860 30388867596
0.421686 -9.394772 -3.804981 30388892597
0.539366 -9.551678 -3.589234 30388917600
0.794339 -9.414385 -4.059954 30388942604
0.735499 -9.492838 -3.550008 30388967606
0.529559 -9.571292 -2.932189 30388992600
0.617819 -9.610518 -2.255530 30389017608
0.608012 -9.649745 -2.235916 30389042614
0.568786 -9.512452 -2.647796 30389067602
0.460913 -9.512452 -2.961608 30389092602
0.127486 -9.414385 -3.285228 30389117604
0.137293 -9.394772 -3.314648 30389142592
0.343233 -9.443805 -3.118515 30389167575
0.500139 -9.541871 -2.834122 30389192596
0.666852 -9.708585 -2.863542 30389217591
0.686466 -9.757618 -2.814509 30389242596
0.627626 -9.738005 -2.667409 30389267573
0.686466 -9.787038 -2.549729 30389292586
0.706079 -9.669358 -2.314370 30389317589
0.539366 -9.630132 -2.235916 30389342607
0.529559 -9.610518 -2.275143 30389367596
0.402073 -9.561485 -2.245723 30389392597
0.392266 -9.561485 -2.128043 30389417603
0.539366 -9.561485 -2.294756 30389442603
0.588399 -9.551678 -2.667409 30389467581
0.588399 -9.483032 -3.167548 30389492606
0.578592 -9.571292 -2.628183 30389517597
0.588399 -9.649745 -2.118237 30389542594
0.588399 -9.659552 -2.265337 30389567589
0.480526 -9.581099 -2.549729 30389592598
0.421686 -9.630132 -2.520309 30389617596
0.441299 -9.698778 -2.402630 30389642598
0.509946 -9.806651 -2.226110 30389667596
0.382459 -9.738005 -2.186883 30389692603
0.402073 -9.679165 -2.471276 30389717598
0.411879 -9.620325 -2.510503 30389742596
0.411879 -9.581099 -2.451663 30389767583
0.441299 -9.492838 -2.481083 30389792599
0.333426 -9.404578 -2.441856 30389817594
0.304006 -9.443805 -2.539923 30389842609
0.294200 -9.404578 -2.579149 30389867574
0.382459 -9.571292 -2.677216 30389892598
0.441299 -9.571292 -2.579149 30389917589
0.451106 -9.502645 -2.647796 30389942597
0.441299 -9.424192 -2.785089 30389967577
0.470719 -9.384965 -2.775282 30389992597
0.500139 -9.384965 -2.726249 30390017608
0.529559 -9.443805 -2.745862 30390042607
0.500139 -9.483032 -2.804702 30390067590
0.362846 -9.532065 -2.853735 30390092598
0.392266 -9.581099 -2.785089 30390117602
0.402073 -9.639938 -2.696829 30390142596
0.411879 -9.571292 -2.618376 30390167577
0.372653 -9.551678 -2.883155 30390192592
0.431493 -9.581099 -2.951802 30390217586
0.451106 -9.620325 -2.912575 30390242540
0.509946 -9.649745 -2.843929 30390267573
0.509946 -9.522259 -2.814509 30390292562
0.480526 -9.473226 -2.863542 30390317593
0.460913 -9.512452 -2.853735 30390342601
0.431493 -9.522259 -2.902769 30390367582
0.470719 -9.483032 -2.951802 30390392590
0.470719 -9.433999 -3.000835 30390417603
0.441299 -9.394772 -2.971415 30390442606
0.451106 -9.463418 -2.922382 30390467573
0.470719 -9.502645 -2.971415 30390492582
0.421686 -9.483032 -3.020448 30390517606
