-5.700000 -5.940000 4.860000 30384035951
-5.880000 -6.120000 4.680000 30384061348
-5.580000 -6.180000 4.740000 30384086474
-5.760000 -6.240000 4.440000 30384111248
-5.760000 -6.240000 4.800000 30384136265
-5.640000 -6.240000 4.440000 30384161888
-5.760000 -5.880000 4.560000 30384186238
-5.880000 -6.120000 4.800000 30384211242
-5.280000 -6.120000 4.800000 30384236713
-5.760000 -6.000000 4.440000 30384261235
-5.520000 -5.880000 4.800000 30384286365
-5.640000 -6.240000 4.920000 30384311223
-5.760000 -6.120000 4.440000 30384336227
-5.580000 -6.060000 4.620000 30384361702
-5.760000 -6.120000 4.440000 30384386253
-5.580000 -6.060000 4.740000 30384411229
-5.700000 -6.300000 4.740000 30384436774
-5.580000 -6.060000 4.740000 30384461293
-5.820000 -6.300000 4.860000 30384486222
-5.580000 -6.060000 4.620000 30384511242
-5.880000 -6.360000 5.040000 30384536354
-6.000000 -6.240000 4.560000 30384561848
-5.640000 -6.480000 4.560000 30384586224
-5.700000 -6.540000 4.740000 30384611232
-5.280000 -6.720000 4.440000 30384636969
-5.400000 -6.600000 4.680000 30384661220
-5.340000 -6.660000 4.620000 30384686229
-5.520000 -6.840000 4.560000 30384711259
-5.700000 -7.260000 4.500000 30384736103
-5.640000 -6.720000 4.560000 30384761559
-5.820000 -6.660000 4.260000 30384786231
-5.580000 -7.140000 4.140000 30384811114
-5.640000 -7.440000 4.080000 30384836630
-5.760000 -7.200000 4.200000 30384861145
-5.460000 -7.260000 4.260000 30384886152
-6.120000 -7.560000 4.080000 30384911158
-5.700000 -7.380000 4.020000 30384936159
-5.640000 -7.440000 4.200000 30384961258
-5.700000 -7.500000 3.900000 30384986117
-5.820000 -8.099999 3.900000 30385011099
-5.880000 -7.560000 3.840000 30385037067
-5.940000 -7.860000 3.780000 30385061125
-5.940000 -7.860000 3.420000 30385086084
-5.760000 -7.920000 3.240000 30385111200
-5.760000 -7.920000 3.120000 30385136102
-5.940000 -8.099999 3.300000 30385161096
-5.760000 -7.920000 3.000000 30385186164
-5.760000 -8.040000 3.000000 30385211146
-5.940000 -7.980000 2.820000 30385236678
-5.700000 -7.740000 2.700000 30385261086
-6.120000 -7.920000 2.880000 30385286214
-6.000000 -7.920000 2.520000 30385312162
-6.000000 -8.160000 2.880000 30385336159
-5.880000 -7.680000 2.400000 30385361090
-5.820000 -7.980000 2.340000 30385386105
-5.880000 -8.040000 2.400000 30385411088
-5.940000 -8.099999 2.220000 30385436603
-5.760000 -8.280000 1.920000 30385461095
-6.000000 -8.400000 2.040000 30385486154
-5.880000 -8.160000 1.920000 30385511644
-6.060000 -8.099999 2.100000 30385536212
-5.880000 -8.520000 1.800000 30385561100
-5.940000 -8.220000 1.860000 30385586130
-6.060000 -8.220000 1.980000 30385611161
-5.940000 -8.700000 1.620000 30385636672
-5.640000 -8.280000 1.800000 30385661151
-5.820000 -8.220000 1.740000 30385686102
-5.820000 -7.980000 1.380000 30385711546
-5.880000 -8.160000 1.320000 30385736139
-5.700000 -8.099999 1.500000 30385761133
-5.880000 -8.040000 1.440000 30385786296
-5.580000 -8.460000 1.380000 30385811194
-5.760000 -8.160000 1.440000 30385836117
-5.940000 -8.099999 1.260000 30385861132
-5.820000 -8.340000 1.020000 30385886076
-5.580000 -8.220000 0.900000 30385911595
-5.700000 -8.220000 1.140000 30385936129
-5.580000 -8.099999 1.260000 30385961222
-5.760000 -8.400000 1.080000 30385986155
-5.580000 -7.860000 1.380000 30386011145
-5.580000 -8.099999 0.900000 30386036199
-5.940000 -8.099999 1.140000 30386061084
-5.820000 -8.099999 1.260000 30386086091
-6.240000 -7.680000 1.200000 30386111588
-5.820000 -8.220000 1.260000 30386136092
-6.000000 -8.160000 1.560000 30386161143
-6.000000 -8.040000 1.200000 30386186151
-5.820000 -7.620000 1.380000 30386211134
-6.060000 -7.740000 1.380000 30386236132
-5.880000 -7.800000 1.680000 30386261143
-5.760000 -7.560000 1.680000 30386286254
-6.180000 -7.740000 1.500000 30386311674
-6.300000 -7.620000 2.100000 30386336107
-6.180000 -7.740000 1.860000 30386361127
-6.180000 -7.500000 1.980000 30386387105
-6.360000 -7.800000 2.040000 30386411134
-5.940000 -7.620000 2.340000 30386436121
-6.300000 -7.980000 2.580000 30386461135
-5.940000 -7.980000 2.940000 30386486075
-6.240000 -7.800000 2.640000 30386511616
-6.240000 -7.680000 2.880000 30386536212
-5.880000 -7.680000 2.640000 30386561137
-6.240000 -7.680000 2.880000 30386586656
-6.180000 -7.740000 2.700000 30386611085
-5.940000 -7.740000 2.820000 30386636083
-6.300000 -7.740000 3.060000 30386661159
-6.060000 -7.620000 2.700000 30386686147
-6.120000 -7.560000 3.000000 30386711660
-6.120000 -7.680000 3.240000 30386736079
-6.120000 -7.560000 3.000000 30386761123
-6.000000 -7.440000 3.240000 30386786719
-5.580000 -7.620000 3.300000 30386811084
-6.000000 -7.560000 3.360000 30386836083
-6.180000 -7.260000 3.300000 30386861127
-6.000000 -7.560000 3.480000 30386886272
-6.120000 -7.440000 3.600000 30386911239
-5.760000 -7.560000 3.480000 30386936066
-6.000000 -7.560000 3.480000 30386961179
-5.760000 -7.440000 3.600000 30386986712
-5.820000 -7.020000 3.660000 30387011155
-6.060000 -7.380000 4.020000 30387036397
-5.700000 -7.380000 3.660000 30387061157
-6.060000 -7.260000 4.020000 30387086142
-6.120000 -7.080000 3.960000 30387111136
-6.000000 -7.080000 4.320000 30387136418
-6.000000 -7.080000 4.080000 30387161144
-5.820000 -6.660000 4.140000 30387186808
-5.880000 -6.960000 4.080000 30387211087
-5.820000 -6.900000 4.140000 30387236133
-6.000000 -6.960000 4.200000 30387261912
-5.880000 -6.720000 4.320000 30387286403
-5.820000 -6.780000 4.380000 30387311956
-5.880000 -6.600000 4.200000 30387336068
-5.760000 -6.360000 4.320000 30387361080
-5.760000 -6.240000 4.560000 30387386794
-6.000000 -6.120000 4.680000 30387411316
-5.820000 -6.060000 4.500000 30387436281
-5.700000 -5.940000 4.860000 30387461815
-5.760000 -6.240000 4.440000 30387486088
-6.060000 -6.180000 4.740000 30387511088
-5.820000 -5.700000 4.620000 30387536542
-5.820000 -5.460000 4.860000 30387561308
-5.700000 -5.580000 4.980000 30387586901
-5.940000 -5.700000 4.860000 30387611090
-5.760000 -5.640000 4.920000 30387636124
-5.880000 -5.400000 4.560000 30387662181
-5.880000 -5.400000 4.680000 30387686316
-5.880000 -5.640000 4.920000 30387711306
-5.820000 -5.220000 4.980000 30387736096
-5.940000 -5.220000 4.620000 30387761089
-5.700000 -5.340000 4.740000 30387786877
-5.760000 -5.640000 4.680000 30387813795
-5.940000 -4.980000 5.100000 30387836103
-5.940000 -4.980000 4.860000 30387861946
-6.000000 -4.920000 4.920000 30387886093
-5.880000 -4.920000 5.160000 30387911100
-5.940000 -5.100000 4.980000 30387936107
-6.000000 -4.920000 4.920000 30387961377
-6.120000 -4.920000 5.280000 30387986159
-5.940000 -4.740000 4.980000 30388011144
-5.820000 -5.100000 4.980000 30388036233
-5.880000 -4.440000 4.680000 30388062033
-5.880000 -4.920000 5.040000 30388086089
-6.000000 -4.680000 4.920000 30388111078
-6.000000 -4.560000 4.920000 30388136092
-6.000000 -4.800000 4.560000 30388161073
-6.240000 -4.680000 4.800000 30388186136
-6.060000 -4.740000 4.740000 30388211205
-6.120000 -4.560000 4.680000 30388236073
-6.120000 -4.440000 4.560000 30388261712
-6.240000 -4.440000 4.800000 30388286297
-5.940000 -4.260000 4.860000 30388311211
-6.060000 -4.260000 4.860000 30388336674
-5.820000 -4.140000 4.980000 30388361206
-5.880000 -4.440000 4.560000 30388386081
-6.060000 -3.900000 4.620000 30388411200
-6.360000 -4.200000 4.440000 30388436130
-6.360000 -4.440000 4.440000 30388461709
-6.240000 -3.840000 4.080000 30388486087
-5.880000 -3.960000 4.200000 30388511223
-6.180000 -3.780000 4.140000 30388536951
-6.420000 -3.780000 4.020000 30388561187
-6.480000 -3.960000 3.840000 30388586078
-6.300000 -3.780000 3.900000 30388610963
-6.600000 -4.080000 3.840000 30388635829
-6.300000 -3.660000 3.900000 30388661475
-6.540000 -3.660000 3.660000 30388685838
-6.000000 -3.600000 3.600000 30388711008
-6.180000 -3.660000 3.540000 30388736366
-5.940000 -3.540000 3.420000 30388760968
-6.480000 -3.600000 3.480000 30388785815
-6.240000 -3.720000 3.480000 30388810968
-6.480000 -3.600000 3.360000 30388835834
-6.480000 -3.360000 3.240000 30388860878
-6.480000 -3.720000 3.480000 30388886046
-6.360000 -3.360000 3.000000 30388910888
-6.180000 -3.660000 3.300000 30388936356
-6.540000 -3.420000 2.940000 30388960961
-6.420000 -3.420000 3.420000 30388985850
-6.180000 -3.300000 2.940000 30389010903
-6.480000 -3.600000 2.880000 30389035823
-6.600000 -3.720000 3.000000 30389060872
-6.480000 -3.480000 3.000000 30389085909
-6.480000 -3.600000 2.880000 30389110881
-6.300000 -3.180000 3.060000 30389136442
-6.360000 -3.120000 3.000000 30389160843
-6.600000 -3.240000 3.120000 30389185889
-6.420000 -3.540000 3.060000 30389210878
-6.420000 -3.060000 3.180000 30389235892
-6.180000 -3.420000 3.060000 30389260879
-6.780000 -3.660000 3.180000 30389285837
-6.060000 -3.540000 3.300000 30389310887
-6.300000 -3.780000 3.180000 30389336346
-6.180000 -3.660000 3.180000 30389360832
-6.660000 -3.300000 3.180000 30389385887
-5.940000 -3.540000 3.180000 30389411371
-6.600000 -3.360000 3.120000 30389435825
-6.240000 -3.360000 3.120000 30389460880
-5.940000 -3.540000 3.180000 30389485835
-6.420000 -3.300000 3.300000 30389510888
-6.120000 -3.360000 3.240000 30389536406
-6.180000 -3.420000 3.300000 30389560894
-6.360000 -3.240000 3.120000 30389585884
-6.240000 -3.600000 3.120000 30389612365
-6.420000 -3.420000 3.420000 30389635835
-6.840000 -3.360000 3.120000 30389660876
-6.600000 -3.360000 3.240000 30389685920
-6.360000 -3.360000 3.840000 30389710881
-6.240000 -3.480000 3.600000 30389736283
-6.540000 -3.420000 3.300000 30389760824
-6.480000 -3.600000 3.240000 30389785831
-6.360000 -3.360000 3.120000 30389812503
-6.240000 -3.600000 3.480000 30389835876
-6.240000 -3.360000 3.360000 30389862096
-6.420000 -3.660000 3.180000 30389885889
-6.480000 -3.360000 3.000000 30389910874
-6.240000 -3.120000 3.600000 30389935878
-6.300000 -3.540000 2.940000 30389961183
-6.120000 -3.120000 3.240000 30389985883
-5.880000 -3.600000 3.480000 30390011617
-6.360000 -3.240000 2.880000 30390035913
-6.240000 -3.240000 3.240000 30390060887
-6.180000 -3.540000 3.180000 30390086045
-6.360000 -3.360000 3.120000 30390111218
-6.480000 -3.480000 3.360000 30390136025
-6.240000 -3.600000 3.240000 30390161015
-6.060000 -3.300000 3.300000 30390186068
-6.360000 -3.120000 3.360000 30390211717
-6.360000 -3.240000 3.480000 30390236693
-6.120000 -3.600000 3.000000 30390261234
-6.120000 -3.600000 3.360000 30390286908
-6.240000 -3.600000 3.120000 30390311045
-6.480000 -3.480000 3.360000 30390336019
-6.180000 -3.300000 3.060000 30390361285
-6.420000 -3.540000 3.180000 30390386219
-6.240000 -3.720000 3.360000 30390411773
-6.360000 -3.360000 3.480000 30390436018
-6.360000 -3.240000 3.120000 30390461057
-6.480000 -3.600000 3.120000 30390486681
-6.180000 -3.660000 3.180000 30390511225
-6.300000 -3.540000 3.180000 30390537047
