-0.050249 0.208176 10.199407 603085696.000000
0.005982 0.211765 10.181459 603185664.000000
-0.002393 0.212961 10.185050 603285632.000000
-0.001196 0.204586 10.191031 603385536.000000
0.007178 0.205783 10.201799 603485504.000000
-0.031107 0.206979 10.150353 603587456.000000
-0.027517 0.186640 10.197014 603685696.000000
-0.011964 0.216550 10.201799 603785536.000000
-0.003589 0.200997 10.175477 603885632.000000
-0.010768 0.212961 10.164711 603985472.000000
-0.020339 0.217747 10.206585 604085504.000000
-0.022732 0.206979 10.192227 604185664.000000
-0.015553 0.206979 10.222138 604285504.000000
-0.007178 0.215354 10.191031 604385536.000000
-0.031107 0.233300 10.174281 604485504.000000
-0.039482 0.209372 10.163515 604585664.000000
-0.017946 0.202193 10.202995 604685696.000000
-0.027517 0.239282 10.211370 604785664.000000
-0.004786 0.211765 10.200603 604885504.000000
-0.004786 0.214158 10.213763 604985536.000000
0.002393 0.226122 10.214959 605085632.000000
-0.022732 0.232104 10.193424 605185536.000000
-0.038285 0.196211 10.200603 605285504.000000
-0.026321 0.185444 10.219746 605385600.000000
-0.020339 0.195015 10.240085 605485504.000000
0.009571 0.185444 10.187442 605585664.000000
-0.016750 0.206979 10.164711 605685504.000000
-0.011964 0.191426 10.161121 605785664.000000
0.023928 0.205783 10.179067 605885760.000000
-0.014357 0.209372 10.173084 605985536.000000
0.004786 0.203390 10.199407 606085632.000000
-0.015553 0.214158 10.207782 606185792.000000
-0.002393 0.209372 10.214959 606285504.000000
-0.025125 0.217747 10.252048 606385472.000000
0.074178 0.217747 9.955338 606485504.000000
-0.065803 0.199801 10.439885 606585472.000000
-0.065803 0.191426 10.259227 606685824.000000
-0.019143 0.197408 10.180264 606785664.000000
0.057428 0.209372 10.004392 606885376.000000
0.080160 0.228515 10.009177 606985600.000000
-0.075374 0.206979 10.438687 607085376.000000
-0.034696 0.221336 10.170692 607185664.000000
0.002393 0.224925 10.199407 607285440.000000
-0.019143 0.212961 10.205389 607385408.000000
0.046660 0.221336 9.960124 607486208.000000
-0.037089 0.229711 10.295119 607585408.000000
-0.023928 0.196211 10.150353 607685504.000000
-0.027517 0.204586 10.197014 607785664.000000
0.002393 0.209372 10.191031 607885376.000000
-0.017946 0.220140 10.176675 607985472.000000
-0.007178 0.193819 10.169496 608085504.000000
-0.029910 0.208176 10.169496 608185472.000000
-0.010768 0.221336 10.228121 608285376.000000
-0.022732 0.229711 10.242477 608385408.000000
-0.007178 0.217747 10.204191 608485376.000000
1.318445 0.017946 10.309477 608585472.000000
0.114855 0.229711 9.952947 608685440.000000
-0.224925 0.290728 10.080962 608785536.000000
1.676172 -0.025125 10.158729 608885376.000000
0.667598 0.125623 10.333405 608985536.000000
-0.320638 -0.306281 10.402797 609085696.000000
-0.668794 -0.095713 10.248460 609185600.000000
-0.228515 0.373280 9.714860 609285504.000000
-1.377069 0.607777 10.162319 609385664.000000
-1.243071 -0.129212 10.365707 609485760.000000
-1.081556 0.672383 10.447062 609585536.000000
-0.488136 -0.028714 10.353743 609685504.000000
-0.947558 0.143569 10.079765 609785472.000000
-0.715454 -0.331406 10.591830 609885568.000000
0.251246 -0.021535 10.412368 609985472.000000
0.279960 -0.016750 11.069198 610085504.000000
-0.684347 0.781257 10.819147 610185536.000000
0.431904 1.033699 9.598808 610285632.000000
1.752743 0.434297 9.917053 610385728.000000
-0.798006 1.204786 9.766305 610485504.000000
1.268196 0.457029 10.077373 610585472.000000
-0.293121 0.187837 10.463813 610685760.000000
0.461815 -0.449851 10.309477 610785536.000000
-2.106880 -0.461815 9.732806 610885696.000000
0.398405 0.118445 10.168301 610985472.000000
0.350549 0.179462 10.202995 611085504.000000
0.370888 0.193819 10.220942 611185664.000000
0.374477 0.172283 10.204191 611285760.000000
0.367298 0.159123 10.155140 611385536.000000
0.390030 0.173480 10.241282 611485504.000000
0.352941 0.168694 10.186246 611585472.000000
0.367298 0.061017 10.132407 611685568.000000
0.605384 0.080160 10.153944 611785472.000000
0.689133 0.289532 10.341780 611885504.000000
0.100499 -0.044267 11.188839 611985536.000000
1.329213 -0.345763 10.206585 612085632.000000
2.100898 -0.563510 10.033106 612185792.000000
1.004985 -0.538385 9.997212 612285568.000000
-1.420140 0.088534 10.238889 612385600.000000
-1.104288 0.228515 10.147961 612485504.000000
-0.705883 -0.041874 10.194620 612585536.000000
-0.065803 -0.437887 9.894321 612685504.000000
-0.009571 -0.346959 10.108479 612785536.000000
-1.560120 0.062213 10.198210 612885568.000000
0.242871 0.046660 10.265208 612985600.000000
-1.312463 0.552742 10.202995 613085760.000000
-0.151944 0.250050 10.241282 613185536.000000
-0.094516 -0.174676 10.213763 613285632.000000
-0.059821 -0.068195 10.195816 613385792.000000
-0.291924 -0.062213 10.198210 613485504.000000
0.066999 -0.154337 10.121639 613585664.000000
0.669990 -0.259621 10.188639 613685888.000000
0.202193 -0.098106 10.176675 613785536.000000
0.038285 0.045464 10.317852 613885632.000000
1.459622 -0.485743 9.773483 613985536.000000
-1.916651 0.056231 10.208978 614085504.000000
0.058624 -0.014357 10.182656 614185472.000000
0.089731 -0.043071 10.204191 614285504.000000
0.066999 -0.019143 10.208978 614385536.000000
0.064606 -0.043071 10.216157 614485696.000000
0.089731 -0.043071 10.191031 614585472.000000
0.071785 -0.044267 10.159925 614685504.000000
0.096909 -0.022732 10.175477 614785472.000000
0.074178 -0.027517 10.180264 614885504.000000
0.050249 -0.028714 10.176675 614985536.000000
0.089731 -0.043071 10.249657 615085632.000000
0.078963 -0.041874 10.213763 615185792.000000
0.047856 -0.041874 10.191031 615285504.000000
-0.588634 0.117248 10.189835 615385664.000000
0.106481 -0.058624 10.193424 615485760.000000
1.258625 -0.423530 10.110871 615585600.000000
-0.958325 -0.906880 10.242477 615685504.000000
-1.009771 -0.653241 10.252048 615785664.000000
2.349752 -0.650848 9.840484 615885440.000000
0.459422 -0.003589 9.844072 615985536.000000
-1.374677 -0.242871 10.469796 616085632.000000
0.265603 -0.454636 9.926624 616185792.000000
0.720240 -0.167498 10.286745 616285504.000000
2.458625 -0.234497 9.842876 616385600.000000
0.897308 -0.271585 10.214959 616485760.000000
1.911865 -0.474975 10.366903 616585536.000000
1.028914 0.195015 10.067801 616685760.000000
0.961915 -0.524028 10.327423 616785536.000000
-0.474975 2.072184 10.490135 616885504.000000
1.356731 -0.047856 10.165908 616985472.000000
1.587638 -0.044267 10.027123 617085696.000000
1.719243 -0.017946 10.088140 617185536.000000
0.991825 0.128016 10.114462 617285632.000000
1.013360 0.145962 10.130014 617385536.000000
0.972682 0.142373 10.176675 617485568.000000
0.964308 0.102891 10.113264 617585408.000000
0.996611 0.174676 10.135997 617685504.000000
0.965504 0.142373 10.134801 617785536.000000
1.000200 0.145962 10.145569 617885504.000000
1.000200 0.167498 10.139585 617985408.000000
0.978664 0.154337 10.189835 618085440.000000
0.957129 0.159123 10.149158 618185536.000000
1.539781 -0.013161 10.078569 618285632.000000
2.392823 -0.759721 10.068997 618385536.000000
2.306681 0.397209 9.351151 618485568.000000
1.525424 -0.281157 9.479167 618585536.000000
-0.412762 0.709472 8.770891 618685504.000000
2.080559 0.072981 9.358330 618785600.000000
-1.429712 -0.259621 10.378868 618885440.000000
0.512064 -0.235693 10.213763 618985536.000000
0.478565 -0.211765 10.182656 619085696.000000
0.502493 -0.189033 10.218549 619185472.000000
0.446261 -0.227318 10.185050 619285568.000000
0.653241 0.241675 10.163515 619385664.000000
1.081556 -0.026321 10.198210 619485504.000000
0.585045 0.147159 10.327423 619585536.000000
-0.139980 -1.228714 10.382458 619685632.000000
3.312863 -1.835295 10.435099 619785536.000000
0.870987 -0.617348 10.071390 619885504.000000
-1.280160 0.076570 10.106087 619985664.000000
0.551546 -0.167498 10.380065 620085632.000000
-0.075374 0.195015 10.119246 620185536.000000
0.372084 -0.348156 9.994821 620285504.000000
0.449851 -0.321835 9.754342 620385664.000000
0.203390 -0.187837 9.999605 620485568.000000
0.384048 -0.175872 10.089336 620585664.000000
1.764707 -0.068195 10.141978 620685760.000000
1.439283 -0.043071 9.873982 620785600.000000
0.934397 -0.058624 9.978070 620885568.000000
0.964308 0.187837 9.911072 620985664.000000
0.129212 0.017946 10.262815 621085504.000000
1.207179 0.077767 10.258030 621185728.000000
1.214357 0.092124 10.021141 621285568.000000
1.211965 0.082552 10.156336 621385664.000000
1.229911 0.058624 10.132407 621485504.000000
1.246661 0.101695 10.127622 621585536.000000
1.221536 0.093320 10.109675 621685632.000000
1.213161 0.075374 10.112068 621785536.000000
1.207179 0.082552 10.127622 621885632.000000
1.227518 0.064606 10.113264 621985728.000000
1.245464 0.081356 10.108479 622085504.000000
1.209572 0.072981 10.246067 622185664.000000
1.977668 0.192622 10.176675 622285760.000000
2.133201 0.421137 10.100104 622385536.000000
1.511067 -0.534796 9.842876 622485696.000000
1.076770 -0.571885 10.097712 622585472.000000
2.260021 -0.333799 10.494920 622685696.000000
2.876173 -0.308674 9.834501 622785664.000000
2.493321 -0.916451 10.226924 622885760.000000
1.045663 -1.777867 10.016356 622985536.000000
-0.014357 -0.715454 10.487741 623085696.000000
2.362912 -0.062213 9.967302 623185536.000000
0.543171 -0.155533 10.134801 623285568.000000
1.538585 -0.312263 9.912268 623385664.000000
0.681954 -0.215354 10.230514 623485504.000000
0.143569 -0.187837 10.204191 623585536.000000
1.592424 0.289532 10.068997 623685504.000000
0.356531 -0.133998 10.198210 623785472.000000
-0.435494 0.217747 10.248460 623885568.000000
2.171487 0.769292 9.893126 623985472.000000
0.334995 -0.135194 11.675778 624085504.000000
0.447458 0.522832 10.128819 624185664.000000
0.390030 0.386441 10.189835 624285568.000000
0.472582 0.422333 10.187442 624385472.000000
0.435494 0.412762 10.213763 624485504.000000
0.437887 0.425922 10.218549 624585600.000000
0.445065 0.451047 10.185050 624685504.000000
0.431904 0.411566 10.197014 624785536.000000
0.404387 0.427119 10.195816 624885632.000000
0.442672 0.452243 10.192227 624985728.000000
0.430708 0.356531 10.248460 625085504.000000
0.393619 0.620937 10.248460 625185664.000000
0.972682 0.323031 10.033106 625285568.000000
1.597209 0.373280 10.371690 625385536.000000
0.436690 0.356531 9.997212 625485632.000000
0.224925 0.403191 10.127622 625585792.000000
0.649651 -0.163908 9.942179 625685696.000000
-0.095713 -1.121037 10.146765 625785536.000000
0.411566 -0.836291 10.157533 625885632.000000
-2.791228 -0.513260 10.171888 625985536.000000
-0.276371 -0.185444 10.249657 626085632.000000
-1.960918 0.824327 10.314261 626185792.000000
2.121237 0.049053 10.240085 626285504.000000
-0.898505 -0.552742 10.194620 626385600.000000
2.018346 -0.479761 10.595419 626485440.000000
-0.751346 0.250050 10.205389 626585536.000000
1.241875 0.110070 10.103694 626685504.000000
1.238286 -0.031107 10.091729 626785600.000000
0.760918 -0.112463 10.103694 626885504.000000
-0.089731 0.180658 10.101300 626985664.000000
-0.293121 -0.110070 10.268798 627085504.000000
0.842274 -0.327817 9.869196 627185728.000000
-0.232104 0.248854 10.399208 627285568.000000
0.629312 -0.332602 10.212566 627385664.000000
1.156930 0.057428 10.295119 627485504.000000
-1.021735 -0.211765 10.683953 627585664.000000
-0.005982 -0.052642 10.165908 627685760.000000
-0.093320 0.205783 10.265208 627785536.000000
0.028714 0.190229 10.234102 627885632.000000
0.022732 0.241675 10.303494 627985728.000000
0.008375 0.186640 10.236496 628085504.000000
0.087338 0.343370 10.220942 628185664.000000
-0.166301 0.227318 10.717452 628285504.000000
0.077767 0.230907 10.027123 628385536.000000
0.094516 0.185444 10.051051 628485632.000000
0.029910 0.217747 10.217353 628585728.000000
0.026321 0.199801 10.262815 628685696.000000
0.093320 0.226122 10.064213 628785408.000000
-0.051446 0.227318 10.435099 628885440.000000
0.129212 0.204586 9.850054 628985408.000000
0.066999 0.203390 10.177871 629085440.000000
0.013161 0.202193 10.291530 629185472.000000
0.021535 0.227318 10.218549 629285504.000000
0.162712 0.217747 9.755538 629385856.000000
0.029910 0.193819 10.163515 629485440.000000
0.032303 0.203390 10.189835 629585344.000000
0.025125 0.222532 10.224532 629685376.000000
0.028714 0.232104 10.199407 629785344.000000
0.039482 0.185444 10.273583 629886592.000000
0.061017 0.199801 10.173084 629985344.000000
0.053839 0.196211 10.228121 630085376.000000
0.057428 0.179462 10.210175 630185408.000000
0.038285 0.228515 10.226924 630285440.000000
0.128016 0.238086 9.973285 630385472.000000
0.056231 0.205783 10.200603 630485504.000000
0.033500 0.206979 10.212566 630585472.000000
0.043071 0.220140 10.151550 630685504.000000
0.289532 0.190229 9.564112 630786688.000000
0.177069 0.229711 9.736395 630885504.000000
0.169890 0.192622 9.690931 630985536.000000
-0.093320 0.190229 10.620543 631085568.000000
0.028714 0.224925 10.168301 631185600.000000
0.230907 0.205783 9.554541 631285440.000000
-0.063410 0.224925 10.656436 631385536.000000
0.050249 0.203390 10.259227 631485440.000000
0.123230 0.216550 9.897911 631585920.000000
0.309871 0.185444 10.731809 631685440.000000
0.143569 0.197408 10.089336 631785408.000000
0.272782 0.203390 9.527023 631885632.000000
0.364905 0.190229 9.237493 631985792.000000
0.155533 0.214158 9.798609 632085952.000000
-0.130409 0.205783 11.198411 632185472.000000
-0.266800 0.181855 11.339586 632285568.000000
0.205783 0.208176 9.780663 632385600.000000
0.212961 0.226122 9.689735 632485568.000000
0.008375 0.199801 10.325029 632586816.000000
-0.112463 0.218943 10.680364 632685440.000000
0.106481 0.197408 9.972089 632785664.000000
0.063410 0.203390 10.133603 632885632.000000
-0.009571 0.226122 10.356135 632985984.000000
0.066999 0.220140 10.414761 633085504.000000
0.252443 0.204586 9.517452 633185664.000000
-0.061017 0.200997 10.642079 633285568.000000
-0.040678 0.208176 10.543973 633386048.000000
0.061017 0.204586 10.240085 633485440.000000
0.069392 0.210568 10.161121 633585664.000000
0.028714 0.214158 10.220942 633685440.000000
0.016750 0.234497 10.243673 633785984.000000
-0.034696 0.232104 10.338191 633885376.000000
-0.052642 0.209372 10.597812 633985408.000000
0.082552 0.181855 10.072588 634085376.000000
0.027517 0.227318 10.214959 634185600.000000
0.026321 0.200997 10.228121 634285696.000000
0.063410 0.226122 10.162319 634385920.000000
-0.106481 0.208176 10.819147 634485440.000000
0.117248 0.196211 9.937392 634585408.000000
0.138784 0.169890 9.838090 634685696.000000
-0.055035 0.208176 10.485349 634786176.000000
-0.111266 0.216550 10.717452 634885440.000000
0.038285 0.199801 10.222138 634986048.000000
0.066999 0.198604 10.191031 635085440.000000
0.057428 0.191426 10.220942 635185536.000000
0.028714 0.230907 10.210175 635286016.000000
0.094516 0.234497 10.016356 635385536.000000
0.005982 0.198604 10.325029 635485568.000000
0.038285 0.192622 10.137194 635585600.000000
0.041874 0.230907 10.237692 635685568.000000
0.242871 0.209372 9.580862 635785920.000000
0.110070 0.190229 10.110871 635885440.000000
-0.116052 0.204586 10.615757 635985536.000000
0.096909 0.212961 10.018748 636086080.000000
0.045464 0.218943 10.243673 636185792.000000
0.037089 0.220140 10.253245 636285952.000000
0.063410 0.197408 10.150353 636385600.000000
-1.473979 0.410369 10.012767 636485632.000000
-0.559920 0.368495 10.108479 636585536.000000
0.589831 -0.232104 10.192227 636686080.000000
-0.611366 -0.460618 10.187442 636785920.000000
-0.772882 0.181855 10.248460 636886656.000000
1.362713 -1.332802 10.274779 636986624.000000
0.154337 -0.868595 10.491331 637086848.000000
1.716850 -0.046660 9.544970 637186880.000000
-0.095713 0.216550 10.620543 637286784.000000
0.096909 0.185444 9.845268 637386688.000000
-0.168694 0.214158 10.673186 637487232.000000
-0.119641 0.223729 10.537991 637586688.000000
-0.068195 0.223729 10.371690 637686784.000000
0.031107 0.208176 10.065409 637787008.000000
-2.510071 1.054038 10.497313 637886208.000000
-0.148355 -0.147159 9.791430 637987456.000000
-2.343770 0.908076 10.476974 638085952.000000
-1.422533 -0.801596 10.067801 638186176.000000
3.561716 -1.276571 10.345367 638285952.000000
-0.332602 -0.056231 10.127622 638385984.000000
1.099502 -0.349352 10.186246 638485888.000000
-0.277567 0.299103 10.244871 638585984.000000
-0.597009 0.247657 10.317852 638686400.000000
0.604188 0.296710 10.120443 638787904.000000
-0.837488 0.271585 10.108479 638886336.000000
-0.299103 0.826720 10.307084 638987072.000000
-0.281157 0.230907 10.176675 639087296.000000
0.043071 -0.172283 10.188639 639186496.000000
-0.744168 0.904487 11.164910 639286400.000000
-0.098106 0.699901 10.607382 639386304.000000
1.265803 0.625723 9.908678 639486080.000000
-0.604188 1.354338 10.461421 639586176.000000
-0.009571 -0.226122 8.950353 639686784.000000
-2.327020 0.138784 10.120443 639785984.000000
1.290928 -1.396212 9.080762 639885952.000000
-2.453840 0.388834 7.959724 639985920.000000
-1.280160 -0.138784 19.601404 640086016.000000
0.437887 -1.915455 10.118051 640185984.000000
-0.637687 -0.427119 10.165908 640285952.000000
-0.631705 -0.418744 10.212566 640385984.000000
-0.653241 -0.449851 10.164711 640486400.000000
-0.640080 -0.440279 10.165908 640586176.000000
-2.069792 -0.279960 10.500903 640686080.000000
0.114855 -0.928415 9.939785 640785920.000000
1.112662 -1.081556 10.181459 640886016.000000
0.007178 -1.174876 10.599008 640985984.000000
-0.153141 0.083749 9.859627 641085888.000000
-1.568495 0.059821 9.930215 641185984.000000
2.206182 -1.475175 10.219746 641285952.000000
2.646462 -1.064806 7.957332 641385984.000000
1.150948 -0.252443 10.162319 641486016.000000
1.143769 -0.247657 10.134801 641586112.000000
1.136591 -0.277567 10.135997 641686080.000000
1.113859 -0.269193 10.185050 641785984.000000
1.131805 -0.260818 10.133603 641886080.000000
1.125823 -0.256032 10.159925 641985920.000000
1.127020 -0.279960 10.168301 642086080.000000
1.140180 -0.264407 10.169496 642186048.000000
1.124627 -0.256032 10.155140 642285888.000000
1.122234 -0.289532 10.144372 642386176.000000
1.088734 -0.283549 10.146765 642485760.000000
1.092324 -0.242871 10.162319 642585728.000000
1.104288 -0.279960 10.157533 642685760.000000
1.111466 -0.267996 10.146765 642785728.000000
1.089931 -0.270389 10.143176 642885632.000000
1.129412 -0.246461 10.131211 642985664.000000
1.131805 -0.293121 10.153944 643085824.000000
1.113859 -0.279960 10.144372 643185984.000000
1.137787 -0.282353 10.157533 643285952.000000
-0.518046 0.185444 10.133603 643386240.000000
-0.294317 -0.056231 10.560723 643489088.000000
1.083949 -1.549353 9.728020 643587840.000000
3.312863 -2.595016 9.395418 643686848.000000
2.364109 -1.847259 11.590833 643788608.000000
2.864209 -0.397209 11.260624 643886464.000000
1.160519 -0.595813 7.003791 643986944.000000
1.106680 -0.267996 10.145569 644088960.000000
1.100698 -0.278764 10.161121 644186048.000000
1.414158 -0.826720 11.042876 644286912.000000
1.168894 0.959522 10.565508 644388032.000000
1.158126 -0.329013 10.199407 644486656.000000
-4.057031 0.120838 9.257831 644586240.000000
-3.339184 1.542174 9.561719 644687744.000000
-0.037089 -0.971486 12.837494 644786688.000000
-0.189033 -1.185644 10.741381 644886848.000000
-1.220340 -0.870987 10.662418 644987072.000000
-0.581456 0.221336 10.734202 645086784.000000
-2.285146 1.002593 9.139386 645187008.000000
-3.458825 2.522035 11.277373 645286912.000000
-6.123233 -0.058624 7.994420 645386688.000000
-2.895315 0.988236 8.965906 645486848.000000
0.750150 -0.680758 8.410772 645586880.000000
-0.337388 -1.652244 4.139583 645686848.000000
0.010768 -0.266800 4.986642 645786624.000000
-0.981057 0.147159 10.532009 645886912.000000
-1.062413 0.300299 10.128819 645987584.000000
-1.087538 0.267996 10.139585 646087040.000000
-1.085145 0.290728 10.134801 646186624.000000
-1.081556 0.281157 10.133603 646286464.000000
-2.130809 0.501296 9.958927 646387264.000000
-2.940779 0.129212 9.616754 646485824.000000
-2.743371 -0.478565 9.517452 646585472.000000
1.817349 -1.762314 9.584452 646685632.000000
-1.165305 -0.038285 10.168301 646785600.000000
0.531207 0.212961 10.654043 646885632.000000
-0.734596 -0.620937 10.351351 646985984.000000
0.195015 -0.799203 10.001998 647085760.000000
1.746760 -1.409373 9.899107 647185792.000000
1.154537 -0.597009 8.477771 647285760.000000
1.276571 0.972682 9.288938 647385472.000000
1.027717 0.052642 10.636096 647485568.000000
1.121037 -0.177069 10.140782 647585600.000000
1.127020 -0.192622 10.156336 647685696.000000
1.127020 -0.165105 10.155140 647785856.000000
1.125823 -0.175872 10.177871 647885504.000000
1.116252 -0.180658 10.153944 647985472.000000
1.113859 -0.178265 10.261620 648085504.000000
1.128216 -0.183051 10.150353 648185472.000000
1.119841 -0.203390 10.177871 648285376.000000
1.110270 -0.171087 10.171888 648385600.000000
1.104288 -0.197408 10.157533 648485632.000000
1.123430 -0.186640 10.165908 648585536.000000
1.111466 -0.169890 10.132407 648685376.000000
1.107877 -0.183051 10.181459 648785664.000000
1.144966 -0.190229 10.118051 648885568.000000
1.116252 -0.192622 10.176675 648985408.000000
1.133002 -0.162712 10.153944 649085504.000000
1.137787 -0.205783 10.162319 649185856.000000
-0.160319 -0.203390 9.968499 649285824.000000
1.253839 -0.078963 10.108479 649385408.000000
0.732204 -1.040878 10.165908 649485376.000000
1.036092 -0.451047 10.121639 649585408.000000
0.982254 -0.695115 8.927622 649685824.000000
1.398605 -2.927619 8.889337 649785408.000000
2.149951 -3.367898 8.443074 649885440.000000
1.018146 -2.403590 8.133204 649985536.000000
1.703690 -0.868595 9.464810 650085504.000000
3.317649 0.563510 19.601404 650185472.000000
1.942972 -0.521635 12.447463 650285504.000000
-0.303888 0.247657 11.751152 650385472.000000
-0.102891 0.256032 11.637493 650485568.000000
-0.212961 0.313460 11.400602 650585472.000000
-0.483350 0.226122 11.400602 650685504.000000
-0.482154 0.253639 11.294124 650785536.000000
-6.016753 3.019742 9.841680 650885568.000000
2.433501 -0.484547 10.390833 650985600.000000
-2.484946 -1.846063 9.784252 651085568.000000
-3.232704 -1.020539 9.525827 651185408.000000
2.725425 -1.740778 10.543973 651285696.000000
0.279960 -0.263210 9.899107 651386752.000000
-0.069392 0.248854 10.181459 651485376.000000
-0.037089 0.239282 10.248460 651585472.000000
-0.068195 0.238086 10.205389 651685696.000000
0.641276 0.619741 9.695717 651785408.000000
-1.286142 0.403191 10.135997 651885568.000000
-0.630509 2.001596 10.132407 651985664.000000
-0.708275 -0.582652 10.189835 652085632.000000
-1.211965 0.234497 9.558130 652185536.000000
-1.076770 0.184247 10.557133 652285632.000000
-2.623730 1.113859 10.875379 652385472.000000
0.740579 0.094516 10.234102 652485504.000000
2.732604 -0.881755 9.724431 652585728.000000
2.569891 -1.329213 9.890733 652685632.000000
1.497907 -1.386641 9.652647 652785728.000000
2.665605 -2.421536 9.115458 652886080.000000
1.339981 -0.888934 10.791630 652985792.000000
0.413958 -0.256032 10.476974 653085568.000000
-1.134198 0.411566 10.235298 653185472.000000
0.235693 -0.198604 10.297512 653285504.000000
0.442672 -0.179462 10.255639 653385536.000000
0.777667 -0.155533 10.241282 653485504.000000
0.969093 -0.161516 10.275976 653585472.000000
1.037289 -0.163908 10.254441 653685504.000000
1.085145 -0.142373 10.230514 653785472.000000
1.081556 -0.137587 10.218549 653885376.000000
0.458226 -0.195015 11.249856 653985408.000000
0.917647 -0.234497 10.224532 654085376.000000
0.829113 -0.160319 10.326227 654185728.000000
0.961915 -0.144766 10.277173 654285632.000000
1.038485 -0.175872 10.284351 654385600.000000
1.165305 -0.137587 9.951750 654486080.000000
1.119841 -0.125623 9.929017 654585472.000000
0.784846 -0.123230 10.049855 654685440.000000
0.009571 -0.192622 10.487741 654785408.000000
1.846063 -0.171087 10.287941 654885632.000000
0.637687 -0.190229 10.293922 654985408.000000
0.764507 -0.161516 10.277173 655085376.000000
1.013360 -0.203390 10.211370 655185408.000000
1.021735 -0.183051 10.232906 655285376.000000
1.118645 -0.124427 10.291530 655385408.000000
1.087538 -0.142373 10.127622 655485568.000000
1.122234 -0.135194 10.171888 655585600.000000
1.122234 -0.151944 10.153944 655685440.000000
1.100698 -0.119641 10.219746 655785536.000000
1.130609 -0.141177 10.152746 655885376.000000
1.075574 -0.153141 10.150353 655985472.000000
1.093520 -0.135194 10.179067 656085504.000000
1.116252 -0.104088 10.191031 656185536.000000
1.070788 -0.116052 10.135997 656285568.000000
1.131805 -0.180658 10.174281 656385664.000000
1.135394 -0.113659 10.139585 656485760.000000
1.097109 -0.149551 10.168301 656585664.000000
1.104288 -0.138784 10.199407 656685824.000000
1.435694 -0.732204 10.134801 656785728.000000
0.996611 -0.216550 10.149158 656886592.000000
1.109073 -0.089731 10.210175 656986560.000000
0.905683 -0.033500 10.217353 657086464.000000
1.080359 -0.309871 10.164711 657186624.000000
1.221536 -0.072981 10.194620 657286592.000000
0.865005 0.057428 10.242477 657386560.000000
1.149751 -0.239282 10.173084 657486144.000000
1.325624 -0.397209 9.962516 657586560.000000
-0.138784 -0.873380 10.351351 657686592.000000
1.091127 -0.218943 10.128819 657786496.000000
1.009771 0.068195 11.473583 657886592.000000
0.802792 0.092124 9.113065 657986560.000000
-0.011964 0.216550 10.366903 658086400.000000
-0.008375 0.224925 10.232906 658186560.000000
0.038285 0.232104 10.121639 658286336.000000
0.038285 0.217747 10.139585 658386496.000000
-0.026321 0.220140 10.274779 658486848.000000
-0.008375 0.185444 10.248460 658586496.000000
0.013161 0.196211 10.236496 658686464.000000
-0.004786 0.228515 10.216157 658786560.000000
0.013161 0.196211 10.222138 658886784.000000
0.013161 0.218943 10.234102 658986624.000000
-0.955933 0.269193 11.392227 659085952.000000
-0.118445 0.241675 11.040483 659186048.000000
0.044267 0.211765 10.146765 659286400.000000
-0.120838 0.215354 10.725827 659387264.000000
0.046660 0.204586 10.061819 659486336.000000
0.056231 0.214158 10.132407 659585984.000000
0.108873 0.228515 9.823733 659686400.000000
0.063410 0.212961 9.986445 659785920.000000
-0.013161 0.210568 10.272388 659886080.000000
0.404387 0.239282 8.986245 659985792.000000
-0.260818 0.216550 11.094322 660086144.000000
0.075374 0.214158 10.055838 660186048.000000
0.110070 0.221336 9.824929 660286016.000000
-0.107677 0.247657 11.114661 660385728.000000
-0.643669 0.218943 11.389835 660486144.000000
-0.585045 0.244068 11.423335 660585984.000000
-0.477368 0.247657 11.401800 660686208.000000
-0.241675 0.246461 11.471190 660786176.000000
0.366102 0.138784 10.756934 660885824.000000
-0.427119 0.262014 11.485549 660985728.000000
-0.251246 0.279960 11.753544 661086912.000000
-0.358923 0.227318 11.370694 661186624.000000
-0.482154 0.218943 11.272588 661285824.000000
-0.786042 0.228515 12.003594 661385920.000000
-0.717847 0.253639 11.680564 661486080.000000
-0.729811 0.253639 11.290534 661587200.000000
-0.611366 0.241675 11.454442 661685888.000000
-0.510868 0.223729 11.345569 661786560.000000
-0.650848 0.247657 11.557333 661885824.000000
-0.587438 0.238086 11.383853 661985920.000000
-0.531207 0.230907 11.344372 662085632.000000
-0.492921 0.192622 11.355140 662185664.000000
0.071785 0.265603 10.189835 662285760.000000
0.358923 0.206979 9.239884 662386112.000000
0.071785 0.187837 10.064213 662486400.000000
-0.171087 0.204586 10.858629 662586560.000000
-0.082552 0.200997 10.523634 662686016.000000
0.118445 0.212961 10.036695 662791488.000000
0.025125 0.199801 10.114462 662890944.000000
-0.033500 0.220140 10.399208 662991168.000000
-0.014357 0.224925 10.255639 663091584.000000
0.069392 0.186640 10.120443 663191168.000000
-0.040678 0.211765 10.384850 663291584.000000
-0.009571 0.215354 10.195816 663391936.000000
0.096909 0.197408 9.468399 663491648.000000
0.037089 0.221336 10.195816 663591168.000000
0.053839 0.210568 10.157533 663691136.000000
0.049053 0.185444 10.021141 663792192.000000
-0.025125 0.184247 10.321441 663891328.000000
0.070588 0.200997 10.028319 663990848.000000
0.031107 0.187837 10.128819 664091200.000000
0.023928 0.224925 10.171888 664191296.000000
0.005982 0.223729 10.187442 664293248.000000
-0.038285 0.180658 10.399208 664390720.000000
0.111266 0.198604 9.994821 664490752.000000
0.039482 0.228515 10.264012 664591168.000000
0.053839 0.221336 10.066606 664691456.000000
0.156730 0.198604 9.755538 664790656.000000
0.117248 0.189033 10.028319 664892544.000000
-0.106481 0.203390 10.624132 664990976.000000
-0.047856 0.206979 10.407581 665092736.000000
0.023928 0.198604 10.174281 665192448.000000
0.033500 0.202193 10.281959 665290944.000000
0.029910 0.217747 10.146765 665391424.000000
-0.043071 0.199801 10.427922 665492928.000000
0.010768 0.229711 10.156336 665591232.000000
0.046660 0.222532 10.141978 665692608.000000
0.098106 0.215354 10.035499 665791104.000000
0.057428 0.222532 10.024731 665891392.000000
-0.179462 0.200997 10.875379 665992640.000000
0.099302 0.203390 9.844072 666091136.000000
-0.013161 0.228515 10.335798 666191040.000000
-0.119641 0.190229 10.735399 666292416.000000
0.016750 0.192622 10.325029 666391872.000000
-0.046660 0.218943 10.319048 666492992.000000
0.014357 0.208176 10.161121 666592384.000000
-0.005982 0.217747 10.213763 666691712.000000
0.003589 0.183051 10.249657 666792576.000000
0.007178 0.199801 10.255639 666892224.000000
0.004786 0.234497 10.247264 666993984.000000
0.015553 0.200997 10.264012 667092352.000000
0.026321 0.200997 10.183852 667191872.000000
-0.013161 0.220140 10.225728 667292288.000000
-0.004786 0.203390 10.208978 667391744.000000
0.011964 0.199801 10.222138 667491712.000000
-0.016750 0.206979 10.280763 667591232.000000
-0.004786 0.208176 10.275976 667693440.000000
-0.004786 0.204586 10.262815 667791872.000000
-0.003589 0.229711 10.236496 667891392.000000
-0.015553 0.203390 10.271191 667992320.000000
0.020339 0.212961 10.216157 668091968.000000
0.001196 0.189033 10.229317 668191744.000000
0.005982 0.215354 10.208978 668291904.000000
0.005982 0.204586 10.260423 668391936.000000
0.005982 0.222532 10.198210 668491584.000000
0.033500 0.223729 10.206585 668592128.000000
-0.027517 0.224925 10.231709 668692096.000000
0.017946 0.209372 10.189835 668792000.000000
0.004786 0.230907 10.202995 668891200.000000
0.001196 0.208176 10.268798 668991680.000000
-0.007178 0.236889 10.205389 669092160.000000
-0.015553 0.202193 10.273583 669192320.000000
0.015553 0.222532 10.212566 669292288.000000
-0.035892 0.229711 10.259227 669391296.000000
