2.312500 -42.437500 -14.312500 603089536.000000
3.375000 -42.437500 -14.312500 603189568.000000
4.312500 -42.875000 -14.062500 603289536.000000
3.437500 -42.437500 -14.312500 603389568.000000
4.187500 -42.687500 -14.625000 603489536.000000
4.062500 -42.750000 -14.250000 603589568.000000
3.687500 -42.500000 -14.062500 603689536.000000
3.687500 -42.562500 -14.250000 603789568.000000
3.875000 -42.750000 -14.000000 603889536.000000
3.687500 -42.812500 -13.875000 603989568.000000
3.687500 -42.687500 -14.000000 604089536.000000
3.875000 -42.875000 -13.937500 604189568.000000
3.687500 -42.750000 -13.625000 604289536.000000
3.625000 -42.750000 -13.875000 604389568.000000
3.750000 -42.687500 -13.937500 604489536.000000
3.937500 -42.812500 -13.687500 604589568.000000
3.812500 -42.562500 -13.937500 604689536.000000
3.937500 -42.562500 -13.875000 604789568.000000
3.812500 -42.625000 -13.875000 604889536.000000
3.750000 -42.687500 -13.875000 604989568.000000
3.937500 -42.750000 -14.312500 605089536.000000
3.875000 -42.687500 -14.187500 605189568.000000
3.750000 -42.875000 -14.250000 605289536.000000
3.562500 -42.812500 -14.375000 605389568.000000
3.750000 -42.750000 -14.312500 605489536.000000
3.687500 -42.625000 -14.437500 605589568.000000
3.750000 -42.687500 -14.375000 605689536.000000
3.687500 -42.750000 -14.250000 605789568.000000
3.687500 -42.562500 -14.125000 605889536.000000
4.000000 -42.625000 -14.062500 605989568.000000
4.062500 -42.562500 -14.062500 606089536.000000
4.062500 -42.312500 -14.125000 606189568.000000
4.062500 -42.562500 -14.250000 606289536.000000
3.875000 -42.500000 -14.000000 606389568.000000
3.500000 -42.250000 -13.625000 606489536.000000
3.000000 -41.812500 -13.187500 606589568.000000
2.312500 -41.812500 -12.500000 606689536.000000
2.187500 -41.750000 -12.687500 606789568.000000
2.062500 -41.750000 -12.625000 606889536.000000
1.562500 -41.562500 -12.062500 606989568.000000
0.875000 -41.250000 -11.562500 607089536.000000
0.562500 -41.187500 -11.312500 607189568.000000
0.562500 -41.375000 -11.562500 607289536.000000
0.875000 -41.625000 -11.875000 607389568.000000
0.937500 -41.625000 -12.125000 607489536.000000
0.250000 -41.375000 -11.625000 607589568.000000
-0.187500 -41.250000 -11.187500 607689536.000000
-0.062500 -41.437500 -11.500000 607789568.000000
-0.187500 -41.375000 -11.500000 607889536.000000
0.187500 -41.750000 -11.937500 607989568.000000
0.687500 -41.625000 -12.187500 608089536.000000
0.687500 -41.687500 -12.187500 608189568.000000
1.062500 -41.875000 -12.500000 608289536.000000
1.125000 -42.187500 -12.687500 608389568.000000
1.312500 -42.250000 -12.687500 608489536.000000
1.625000 -42.250000 -12.562500 608589568.000000
1.937500 -42.375000 -12.250000 608689536.000000
1.937500 -42.125000 -11.937500 608789568.000000
1.875000 -41.625000 -11.312500 608889536.000000
3.750000 -41.000000 -11.125000 608989568.000000
6.625000 -39.750000 -11.000000 609089536.000000
10.875000 -37.562500 -11.187500 609189568.000000
15.500000 -34.687500 -11.562500 609289536.000000
20.000000 -30.875000 -11.875000 609389568.000000
24.937500 -26.687500 -12.437500 609489536.000000
29.625000 -21.500000 -12.750000 609589568.000000
34.125000 -15.750000 -13.125000 609689536.000000
36.500000 -9.562500 -13.250000 609789568.000000
37.750000 -3.312500 -13.375000 609889536.000000
37.500000 2.875000 -13.437500 609989568.000000
36.312500 8.437500 -13.562500 610089536.000000
34.687500 13.437500 -13.812500 610189568.000000
32.562500 17.875000 -14.250000 610289536.000000
29.875000 22.062500 -14.375000 610389568.000000
26.562500 25.375000 -14.812500 610489536.000000
22.937500 28.312500 -15.000000 610589568.000000
18.812500 30.812500 -15.062500 610689536.000000
14.687500 32.437500 -15.000000 610789568.000000
10.000000 33.687500 -15.187500 610889536.000000
5.625000 34.562500 -14.875000 610989568.000000
1.625000 35.375000 -14.687500 611089536.000000
-1.625000 35.937500 -14.562500 611189568.000000
-4.562500 36.062500 -14.125000 611289536.000000
-6.687500 36.187500 -14.062500 611389568.000000
-8.187500 35.875000 -14.250000 611489536.000000
-9.000000 35.750000 -14.187500 611589568.000000
-9.125000 35.687500 -13.875000 611689536.000000
-9.250000 35.687500 -13.937500 611789568.000000
-9.812500 35.562500 -14.000000 611889536.000000
-11.125000 34.937500 -14.062500 611989568.000000
-12.875000 34.187500 -14.125000 612089536.000000
-15.125000 32.687500 -14.187500 612189568.000000
-18.000000 30.187500 -14.187500 612289536.000000
-21.875000 26.312500 -14.375000 612389568.000000
-25.625000 21.625000 -14.562500 612489536.000000
-29.062500 16.250000 -14.937500 612589568.000000
-32.187500 10.000000 -15.125000 612689536.000000
-33.937500 2.875000 -15.250000 612789568.000000
-34.500000 -4.625000 -15.687500 612889536.000000
-34.187500 -12.062500 -15.937500 612989568.000000
-32.875000 -18.687500 -15.875000 613089536.000000
-30.187500 -24.187500 -15.937500 613189568.000000
-27.375000 -28.875000 -16.187500 613289536.000000
-24.375000 -33.187500 -15.937500 613389568.000000
-21.375000 -36.187500 -15.750000 613489536.000000
-18.562500 -38.062500 -16.000000 613589568.000000
-16.312500 -39.312500 -16.000000 613689536.000000
-13.937500 -40.187500 -16.062500 613789568.000000
-12.000000 -40.687500 -16.125000 613889536.000000
-9.687500 -41.187500 -16.000000 613989568.000000
-7.000000 -41.437500 -15.750000 614089536.000000
-4.937500 -41.500000 -16.000000 614189568.000000
-2.625000 -41.812500 -15.875000 614289536.000000
-0.750000 -42.125000 -15.750000 614389568.000000
1.000000 -42.500000 -15.437500 614489536.000000
2.250000 -42.375000 -15.312500 614589568.000000
3.625000 -42.312500 -15.375000 614689536.000000
4.125000 -42.250000 -15.437500 614789568.000000
4.187500 -42.187500 -15.562500 614889536.000000
4.437500 -42.250000 -15.437500 614989568.000000
4.375000 -42.312500 -15.437500 615089536.000000
4.375000 -42.187500 -15.375000 615189568.000000
4.562500 -42.187500 -15.500000 615289536.000000
4.687500 -42.250000 -15.562500 615389568.000000
5.437500 -42.250000 -15.375000 615489536.000000
7.437500 -41.437500 -15.312500 615589568.000000
10.500000 -39.562500 -15.375000 615689536.000000
14.062500 -36.750000 -15.375000 615789568.000000
18.250000 -33.000000 -15.375000 615889536.000000
22.500000 -28.187500 -15.437500 615989568.000000
26.625000 -22.437500 -15.500000 616089536.000000
30.625000 -16.000000 -15.562500 616189568.000000
33.750000 -9.250000 -15.875000 616289536.000000
35.062500 -2.312500 -15.875000 616389568.000000
36.187500 4.312500 -16.187500 616489536.000000
34.937500 10.437500 -16.500000 616589568.000000
32.000000 16.500000 -16.875000 616689536.000000
27.750000 21.625000 -17.062500 616789568.000000
23.500000 25.812500 -17.062500 616889536.000000
19.875000 29.312500 -17.187500 616989568.000000
16.937500 32.312500 -17.250000 617089536.000000
14.937500 34.000000 -17.562500 617189568.000000
11.687500 35.000000 -17.187500 617289536.000000
10.687500 35.687500 -17.125000 617389568.000000
10.750000 35.500000 -17.125000 617489536.000000
11.750000 35.062500 -17.062500 617589568.000000
12.500000 34.875000 -17.125000 617689536.000000
13.000000 34.750000 -17.125000 617789568.000000
13.187500 34.625000 -17.187500 617889536.000000
12.812500 34.812500 -17.125000 617989568.000000
12.875000 34.875000 -17.312500 618089536.000000
12.687500 35.000000 -17.250000 618189568.000000
11.937500 35.437500 -17.125000 618289536.000000
10.250000 35.812500 -17.187500 618389568.000000
7.312500 35.687500 -16.875000 618489536.000000
3.062500 35.000000 -16.500000 618589568.000000
-2.062500 33.812500 -16.125000 618689536.000000
-7.437500 31.875000 -15.750000 618789568.000000
-13.500000 29.437500 -15.125000 618889536.000000
-19.500000 27.062500 -14.750000 618989568.000000
-24.812500 24.625000 -14.312500 619089536.000000
-29.000000 22.062500 -13.812500 619189568.000000
-31.750000 20.062500 -13.562500 619289536.000000
-33.187500 18.625000 -13.312500 619389568.000000
-33.937500 17.437500 -13.125000 619489536.000000
-34.687500 16.687500 -12.937500 619589568.000000
-35.187500 15.187500 -13.125000 619689536.000000
-35.937500 12.312500 -13.250000 619789568.000000
-36.375000 8.312500 -13.500000 619889536.000000
-36.500000 3.500000 -13.562500 619989568.000000
-36.062500 -1.437500 -14.000000 620089536.000000
-35.562500 -7.187500 -14.562500 620189568.000000
-34.875000 -13.250000 -15.250000 620289536.000000
-33.062500 -19.437500 -15.875000 620389568.000000
-30.437500 -24.687500 -15.875000 620489536.000000
-27.500000 -28.625000 -15.562500 620589568.000000
-24.312500 -31.875000 -15.500000 620689536.000000
-20.812500 -34.312500 -15.437500 620789568.000000
-17.062500 -36.687500 -15.375000 620889536.000000
-12.812500 -38.437500 -15.062500 620989568.000000
-8.687500 -39.625000 -14.687500 621089536.000000
-5.000000 -40.437500 -14.500000 621189568.000000
-2.125000 -40.812500 -14.687500 621289536.000000
0.562500 -41.000000 -15.062500 621389568.000000
2.937500 -41.187500 -15.250000 621489536.000000
4.562500 -41.437500 -15.375000 621589568.000000
5.437500 -41.500000 -15.250000 621689536.000000
5.687500 -41.562500 -15.562500 621789568.000000
5.812500 -41.625000 -15.562500 621889536.000000
5.687500 -41.375000 -15.562500 621989568.000000
6.000000 -41.375000 -15.625000 622089536.000000
5.687500 -41.750000 -15.687500 622189568.000000
5.687500 -41.750000 -15.562500 622289536.000000
6.437500 -41.500000 -15.687500 622389568.000000
8.500000 -40.625000 -15.687500 622489536.000000
11.437500 -38.687500 -15.812500 622589568.000000
15.062500 -35.812500 -15.875000 622689536.000000
19.000000 -31.562500 -16.062500 622789568.000000
22.750000 -25.687500 -16.125000 622889536.000000
26.500000 -18.062500 -16.250000 622989568.000000
29.437500 -9.812500 -16.250000 623089536.000000
30.687500 -1.125000 -16.125000 623189568.000000
30.312500 7.312500 -15.875000 623289536.000000
28.125000 15.000000 -16.125000 623389568.000000
24.812500 22.062500 -16.687500 623489536.000000
20.562500 27.562500 -17.187500 623589568.000000
15.375000 31.250000 -17.312500 623689536.000000
10.000000 33.437500 -17.250000 623789568.000000
4.937500 34.812500 -17.500000 623889536.000000
0.062500 35.125000 -17.625000 623989568.000000
-4.375000 34.937500 -18.000000 624089536.000000
-8.125000 34.562500 -17.687500 624189568.000000
-11.625000 33.687500 -16.812500 624289536.000000
-14.250000 32.875000 -16.187500 624389568.000000
-15.750000 32.375000 -15.875000 624489536.000000
-16.812500 31.937500 -15.750000 624589568.000000
-17.625000 31.750000 -15.500000 624689536.000000
-17.687500 31.750000 -15.375000 624789568.000000
-17.812500 31.812500 -15.187500 624889536.000000
-17.812500 31.812500 -15.125000 624989568.000000
-17.625000 31.750000 -15.250000 625089536.000000
-17.500000 31.687500 -15.000000 625189568.000000
-17.750000 31.625000 -15.000000 625289536.000000
-18.000000 31.312500 -14.875000 625389568.000000
-18.812500 30.562500 -14.687500 625489536.000000
-19.937500 29.687500 -14.562500 625589568.000000
-21.562500 28.187500 -14.625000 625689536.000000
-23.875000 25.937500 -14.500000 625789568.000000
-26.437500 22.937500 -14.562500 625889536.000000
-29.062500 18.812500 -14.687500 625989568.000000
-31.687500 14.500000 -15.000000 626089536.000000
-34.250000 10.000000 -15.312500 626189568.000000
-36.062500 5.312500 -15.812500 626289536.000000
-37.375000 0.562500 -16.125000 626389568.000000
-38.187500 -4.000000 -16.125000 626489536.000000
-38.000000 -8.375000 -15.937500 626589568.000000
-37.250000 -12.250000 -15.687500 626689536.000000
-36.187500 -15.625000 -15.500000 626789568.000000
-34.125000 -19.500000 -14.875000 626889536.000000
-31.500000 -23.437500 -14.625000 626989568.000000
-28.437500 -27.250000 -14.250000 627089536.000000
-25.187500 -30.937500 -14.062500 627189568.000000
-21.500000 -34.062500 -14.062500 627289536.000000
-17.937500 -36.875000 -14.437500 627389568.000000
-14.062500 -39.125000 -14.750000 627489536.000000
-9.875000 -40.875000 -14.937500 627589568.000000
-6.562500 -42.125000 -15.062500 627689536.000000
-3.500000 -42.750000 -14.937500 627789568.000000
-1.062500 -43.187500 -14.812500 627889536.000000
0.812500 -43.312500 -14.750000 627989568.000000
2.625000 -43.500000 -14.812500 628089536.000000
4.187500 -43.250000 -14.625000 628189568.000000
5.312500 -43.312500 -14.375000 628289536.000000
5.750000 -43.250000 -14.437500 628389568.000000
6.375000 -43.125000 -14.562500 628489536.000000
6.562500 -43.062500 -14.687500 628589568.000000
6.937500 -43.000000 -14.812500 628689536.000000
6.937500 -43.000000 -14.437500 628789568.000000
6.312500 -42.812500 -13.875000 628889536.000000
6.250000 -42.937500 -13.687500 628989568.000000
6.187500 -42.687500 -13.625000 629089536.000000
5.937500 -42.750000 -13.187500 629189568.000000
5.750000 -42.750000 -13.062500 629289536.000000
5.625000 -42.500000 -12.625000 629389568.000000
5.312500 -42.375000 -12.312500 629489536.000000
5.437500 -42.250000 -12.375000 629589568.000000
5.500000 -42.062500 -12.437500 629689536.000000
5.125000 -41.937500 -12.187500 629789568.000000
4.500000 -41.875000 -11.562500 629889536.000000
4.000000 -41.562500 -11.312500 629989568.000000
3.562500 -41.312500 -11.000000 630089536.000000
3.500000 -41.375000 -10.875000 630189568.000000
3.187500 -41.062500 -10.625000 630289536.000000
3.437500 -41.062500 -10.875000 630389568.000000
4.062500 -41.500000 -11.187500 630489536.000000
4.562500 -41.500000 -11.500000 630589568.000000
5.250000 -41.687500 -12.062500 630689536.000000
5.312500 -41.562500 -12.250000 630789568.000000
5.062500 -41.437500 -11.937500 630889536.000000
4.812500 -41.375000 -11.937500 630989568.000000
4.937500 -41.562500 -12.000000 631089536.000000
4.687500 -41.375000 -11.750000 631189568.000000
4.125000 -41.125000 -11.562500 631289536.000000
3.625000 -41.062500 -11.250000 631389568.000000
2.812500 -41.062500 -10.687500 631489536.000000
2.687500 -41.312500 -10.500000 631589568.000000
2.687500 -41.437500 -10.312500 631689536.000000
2.375000 -41.375000 -9.937500 631789568.000000
2.500000 -41.312500 -10.062500 631889536.000000
2.125000 -41.312500 -10.062500 631989568.000000
2.250000 -41.125000 -9.937500 632089536.000000
2.375000 -41.125000 -9.875000 632189568.000000
2.500000 -41.125000 -10.125000 632289536.000000
3.000000 -40.875000 -10.437500 632389568.000000
3.187500 -41.000000 -10.687500 632489536.000000
3.250000 -40.937500 -11.000000 632589568.000000
2.750000 -41.000000 -11.000000 632689536.000000
2.937500 -41.250000 -10.625000 632789568.000000
3.000000 -41.312500 -10.437500 632889536.000000
3.062500 -41.437500 -10.500000 632989568.000000
3.062500 -41.375000 -10.250000 633089536.000000
3.312500 -41.625000 -10.437500 633189568.000000
3.875000 -41.687500 -10.812500 633289536.000000
4.500000 -42.000000 -11.312500 633389568.000000
4.750000 -41.875000 -11.312500 633489536.000000
4.500000 -41.562500 -11.375000 633589568.000000
4.875000 -41.625000 -11.812500 633689536.000000
5.062500 -41.562500 -12.125000 633789568.000000
5.062500 -41.500000 -11.875000 633889536.000000
4.687500 -41.312500 -11.625000 633989568.000000
4.187500 -40.937500 -11.312500 634089536.000000
4.125000 -40.937500 -11.250000 634189568.000000
4.437500 -41.125000 -11.500000 634289536.000000
5.062500 -41.500000 -11.875000 634389568.000000
4.562500 -41.500000 -11.687500 634489536.000000
4.250000 -41.312500 -11.312500 634589568.000000
4.687500 -41.625000 -11.875000 634689536.000000
5.000000 -41.687500 -12.000000 634789568.000000
5.375000 -42.125000 -12.125000 634889536.000000
5.312500 -41.937500 -11.875000 634989568.000000
5.000000 -42.062500 -11.625000 635089536.000000
4.937500 -41.937500 -11.562500 635189568.000000
5.187500 -42.125000 -11.750000 635289536.000000
5.000000 -42.437500 -12.062500 635389568.000000
4.750000 -42.437500 -11.937500 635489536.000000
4.437500 -42.562500 -11.875000 635589568.000000
4.312500 -42.500000 -12.062500 635689536.000000
4.187500 -42.562500 -12.125000 635789568.000000
4.000000 -42.500000 -11.875000 635889536.000000
3.750000 -42.437500 -12.000000 635989568.000000
3.500000 -42.187500 -11.875000 636089536.000000
4.000000 -41.937500 -12.062500 636189568.000000
4.437500 -41.875000 -12.437500 636289536.000000
4.750000 -42.000000 -12.625000 636389568.000000
4.312500 -41.750000 -12.625000 636489536.000000
3.875000 -42.187500 -12.937500 636589568.000000
2.562500 -42.312500 -13.812500 636689536.000000
-0.750000 -41.750000 -14.000000 636789568.000000
-4.937500 -40.312500 -14.375000 636889536.000000
-10.437500 -37.437500 -14.875000 636989568.000000
-16.250000 -33.375000 -15.187500 637089536.000000
-22.062500 -29.187500 -15.500000 637189568.000000
-27.187500 -25.500000 -15.875000 637289536.000000
-32.312500 -20.812500 -15.812500 637389568.000000
-36.125000 -16.562500 -15.687500 637489536.000000
-38.250000 -13.062500 -15.687500 637589568.000000
-39.375000 -10.750000 -15.625000 637689536.000000
-39.812500 -9.812500 -15.500000 637789568.000000
-39.875000 -9.375000 -15.437500 637889536.000000
-40.375000 -8.125000 -14.812500 637989568.000000
-41.000000 -5.562500 -13.875000 638089536.000000
-41.187500 -1.812500 -13.125000 638189568.000000
-40.062500 3.000000 -12.625000 638289536.000000
-38.562500 8.312500 -11.937500 638389568.000000
-36.000000 13.812500 -11.625000 638489536.000000
-32.937500 19.562500 -10.750000 638589568.000000
-29.687500 25.250000 -9.750000 638689536.000000
-25.500000 30.000000 -9.437500 638789568.000000
-19.937500 33.562500 -10.000000 638889536.000000
-13.812500 35.250000 -10.625000 638989568.000000
-8.500000 36.125000 -10.937500 639089536.000000
-3.250000 36.562500 -11.312500 639189568.000000
1.562500 36.375000 -11.750000 639289536.000000
6.625000 35.812500 -12.375000 639389568.000000
11.625000 34.562500 -13.250000 639489536.000000
16.875000 32.937500 -13.687500 639589568.000000
21.000000 31.062500 -13.125000 639689536.000000
24.812500 28.625000 -12.812500 639789568.000000
28.062500 25.375000 -12.187500 639889536.000000
31.312500 20.937500 -12.187500 639989568.000000
34.062500 16.125000 -11.750000 640089536.000000
36.062500 11.562500 -11.187500 640189568.000000
37.875000 7.187500 -10.750000 640289536.000000
39.125000 3.187500 -10.687500 640389568.000000
40.000000 -0.562500 -10.937500 640489536.000000
40.250000 -3.437500 -11.000000 640589568.000000
40.437500 -5.500000 -11.375000 640689536.000000
40.062500 -7.375000 -11.125000 640789568.000000
39.125000 -9.687500 -11.437500 640889536.000000
37.750000 -12.625000 -12.125000 640989568.000000
35.500000 -15.937500 -12.687500 641089536.000000
32.312500 -19.937500 -13.437500 641189568.000000
27.875000 -24.500000 -14.312500 641289536.000000
23.062500 -29.312500 -15.000000 641389568.000000
18.000000 -34.062500 -15.625000 641489536.000000
13.437500 -37.750000 -16.187500 641589568.000000
9.187500 -40.187500 -16.500000 641689536.000000
5.625000 -42.062500 -16.687500 641789568.000000
3.062500 -43.562500 -16.750000 641889536.000000
1.187500 -44.125000 -16.687500 641989568.000000
1.000000 -44.312500 -16.312500 642089536.000000
1.000000 -44.437500 -16.312500 642189568.000000
1.062500 -44.312500 -16.437500 642289536.000000
0.937500 -44.375000 -16.500000 642389568.000000
0.750000 -44.312500 -16.375000 642489536.000000
0.062500 -44.125000 -15.937500 642589568.000000
-1.125000 -44.000000 -15.187500 642689536.000000
-1.500000 -43.687500 -14.625000 642789568.000000
-2.312500 -43.187500 -14.562500 642889536.000000
-2.812500 -43.125000 -14.062500 642989568.000000
-3.437500 -43.062500 -13.625000 643089536.000000
-3.750000 -43.062500 -13.375000 643189568.000000
-4.000000 -42.937500 -12.875000 643289536.000000
-4.375000 -42.937500 -12.937500 643389568.000000
-5.875000 -42.687500 -13.000000 643489536.000000
-9.437500 -41.687500 -12.750000 643589568.000000
-13.625000 -39.000000 -13.000000 643689536.000000
-18.125000 -35.187500 -12.812500 643789568.000000
-22.562500 -31.125000 -12.625000 643889536.000000
-27.375000 -27.187500 -12.250000 643989568.000000
-31.937500 -23.312500 -12.312500 644089536.000000
-36.125000 -19.437500 -12.062500 644189568.000000
-39.000000 -15.500000 -11.875000 644289536.000000
-40.000000 -11.812500 -12.062500 644389568.000000
-40.437500 -8.875000 -11.562500 644489536.000000
-40.000000 -5.000000 -12.062500 644589568.000000
-38.687500 -1.000000 -12.312500 644689536.000000
-36.625000 4.250000 -12.500000 644789568.000000
-33.937500 9.875000 -12.687500 644889536.000000
-29.750000 15.812500 -13.250000 644989568.000000
-24.125000 21.250000 -14.625000 645089536.000000
-17.500000 26.187500 -15.312500 645189568.000000
-8.812500 29.062500 -15.750000 645289536.000000
-0.312500 29.437500 -15.562500 645389568.000000
8.375000 28.125000 -15.375000 645489536.000000
16.312500 25.187500 -15.437500 645589568.000000
23.687500 21.187500 -14.875000 645689536.000000
29.562500 16.687500 -14.187500 645789568.000000
34.375000 12.562500 -12.750000 645889536.000000
37.687500 8.062500 -12.000000 645989568.000000
39.500000 4.750000 -11.125000 646089536.000000
40.625000 1.937500 -10.750000 646189568.000000
40.812500 0.250000 -10.312500 646289536.000000
40.562500 -1.625000 -9.500000 646389568.000000
39.750000 -3.875000 -9.125000 646489536.000000
38.500000 -7.312500 -9.625000 646589568.000000
35.937500 -11.687500 -10.687500 646689536.000000
32.500000 -16.562500 -11.500000 646789568.000000
28.125000 -21.875000 -12.437500 646889536.000000
23.437500 -26.875000 -13.500000 646989568.000000
18.812500 -31.812500 -14.812500 647089536.000000
14.750000 -36.000000 -16.250000 647189568.000000
10.812500 -39.375000 -17.750000 647289536.000000
7.375000 -41.375000 -17.875000 647389568.000000
5.312500 -42.625000 -17.500000 647489536.000000
3.937500 -43.125000 -17.187500 647589568.000000
3.375000 -43.187500 -17.000000 647689536.000000
3.312500 -43.312500 -16.500000 647789568.000000
3.125000 -43.250000 -16.250000 647889536.000000
3.000000 -43.437500 -16.062500 647989568.000000
3.250000 -43.500000 -15.937500 648089536.000000
2.812500 -43.187500 -15.437500 648189568.000000
2.062500 -42.750000 -15.125000 648289536.000000
1.625000 -42.250000 -14.875000 648389568.000000
1.437500 -42.375000 -14.687500 648489536.000000
1.250000 -42.562500 -14.875000 648589568.000000
0.875000 -42.375000 -14.312500 648689536.000000
0.312500 -42.187500 -13.937500 648789568.000000
-0.250000 -41.937500 -13.437500 648889536.000000
0.000000 -42.187500 -13.750000 648989568.000000
0.687500 -42.562500 -14.187500 649089536.000000
1.062500 -43.312500 -14.437500 649189568.000000
1.062500 -43.125000 -14.562500 649289536.000000
0.250000 -43.062500 -14.125000 649389568.000000
-1.625000 -43.312500 -14.062500 649489536.000000
-4.562500 -42.687500 -13.937500 649589568.000000
-9.437500 -40.812500 -13.562500 649689536.000000
-15.187500 -37.312500 -12.812500 649789568.000000
-21.562500 -32.500000 -11.875000 649889536.000000
-27.812500 -26.750000 -10.937500 649989568.000000
-33.187500 -20.812500 -10.437500 650089536.000000
-37.375000 -13.937500 -10.687500 650189568.000000
-40.250000 -6.187500 -10.625000 650289536.000000
-42.000000 0.812500 -10.687500 650389568.000000
-42.062500 6.437500 -10.875000 650489536.000000
-40.875000 10.250000 -11.687500 650589568.000000
-39.375000 12.812500 -12.437500 650689536.000000
-37.625000 14.750000 -13.750000 650789568.000000
-36.375000 17.437500 -13.937500 650889536.000000
-34.687500 20.250000 -13.500000 650989568.000000
-30.000000 22.875000 -12.937500 651089536.000000
-22.250000 24.500000 -12.750000 651189568.000000
-13.125000 24.562500 -12.812500 651289536.000000
-4.812500 25.250000 -12.125000 651389568.000000
3.125000 25.750000 -11.250000 651489536.000000
10.875000 26.375000 -9.937500 651589568.000000
18.750000 25.562500 -9.187500 651689536.000000
25.750000 23.250000 -8.875000 651789568.000000
30.687500 20.062500 -9.562500 651889536.000000
32.562500 16.812500 -9.937500 651989568.000000
33.250000 14.500000 -10.000000 652089536.000000
33.937500 10.375000 -10.312500 652189568.000000
34.562500 5.500000 -10.500000 652289536.000000
33.750000 -0.812500 -11.687500 652389568.000000
31.750000 -7.375000 -13.062500 652489536.000000
29.000000 -14.312500 -14.187500 652589568.000000
25.062500 -20.812500 -15.187500 652689536.000000
20.312500 -26.250000 -15.937500 652789568.000000
16.125000 -31.375000 -16.875000 652889536.000000
13.125000 -34.875000 -17.187500 652989568.000000
10.562500 -37.562500 -18.187500 653089536.000000
9.250000 -39.062500 -18.187500 653189568.000000
8.875000 -40.125000 -17.937500 653289536.000000
9.187500 -40.375000 -17.687500 653389568.000000
9.937500 -40.687500 -17.187500 653489536.000000
11.312500 -40.875000 -16.687500 653589568.000000
12.062500 -40.812500 -16.250000 653689536.000000
12.062500 -40.812500 -16.500000 653789568.000000
11.937500 -40.562500 -16.187500 653889536.000000
11.500000 -40.437500 -15.812500 653989568.000000
11.000000 -39.937500 -15.312500 654089536.000000
10.687500 -39.750000 -15.312500 654189568.000000
10.312500 -39.750000 -15.125000 654289536.000000
10.250000 -39.687500 -15.187500 654389568.000000
10.125000 -39.812500 -15.125000 654489536.000000
10.062500 -39.687500 -14.812500 654589568.000000
10.125000 -39.687500 -14.812500 654689536.000000
10.125000 -39.500000 -14.812500 654789568.000000
9.750000 -39.687500 -14.687500 654889536.000000
8.937500 -39.625000 -14.000000 654989568.000000
8.500000 -39.375000 -13.312500 655089536.000000
8.062500 -39.250000 -12.875000 655189568.000000
7.437500 -38.937500 -12.375000 655289536.000000
6.875000 -38.937500 -12.000000 655389568.000000
6.375000 -39.000000 -11.812500 655489536.000000
6.375000 -39.312500 -11.937500 655589568.000000
6.812500 -39.500000 -12.187500 655689536.000000
7.250000 -39.625000 -12.375000 655789568.000000
7.937500 -39.937500 -12.875000 655889536.000000
8.500000 -40.125000 -13.250000 655989568.000000
9.125000 -40.187500 -14.000000 656089536.000000
9.625000 -40.375000 -14.375000 656189568.000000
10.125000 -40.562500 -14.875000 656289536.000000
10.562500 -40.437500 -15.187500 656389568.000000
10.937500 -40.437500 -15.562500 656489536.000000
11.312500 -40.437500 -15.875000 656589568.000000
11.562500 -40.375000 -16.125000 656689536.000000
11.562500 -40.187500 -16.250000 656789568.000000
11.500000 -40.312500 -16.125000 656889536.000000
11.625000 -40.312500 -16.312500 656989568.000000
11.562500 -40.187500 -16.187500 657089536.000000
11.437500 -40.312500 -16.187500 657189568.000000
11.562500 -40.312500 -16.312500 657289536.000000
11.562500 -40.375000 -16.625000 657389568.000000
11.000000 -40.500000 -16.750000 657489536.000000
10.937500 -40.687500 -17.000000 657589568.000000
10.625000 -40.812500 -16.875000 657689536.000000
10.312500 -40.812500 -16.875000 657789568.000000
10.250000 -40.937500 -16.750000 657889536.000000
10.187500 -41.125000 -16.437500 657989568.000000
10.125000 -41.125000 -16.062500 658089536.000000
10.312500 -41.375000 -15.625000 658189568.000000
10.687500 -41.500000 -15.187500 658289536.000000
10.750000 -41.500000 -14.562500 658389568.000000
11.000000 -41.500000 -14.250000 658489536.000000
11.250000 -41.562500 -14.000000 658589568.000000
11.562500 -41.562500 -13.750000 658689536.000000
11.562500 -41.625000 -13.750000 658789568.000000
11.562500 -41.687500 -13.750000 658889536.000000
11.375000 -41.437500 -13.687500 658989568.000000
10.625000 -41.375000 -13.375000 659089536.000000
10.437500 -41.187500 -13.250000 659189568.000000
10.062500 -41.125000 -13.312500 659289536.000000
9.875000 -41.250000 -13.125000 659389568.000000
9.437500 -41.125000 -12.875000 659489536.000000
9.312500 -40.937500 -12.812500 659589568.000000
8.937500 -40.812500 -12.625000 659689536.000000
8.937500 -40.812500 -12.437500 659789568.000000
9.187500 -40.500000 -12.375000 659889536.000000
9.000000 -40.500000 -12.437500 659989568.000000
9.000000 -40.312500 -11.875000 660089536.000000
9.062500 -40.062500 -11.875000 660189568.000000
9.125000 -40.000000 -11.875000 660289536.000000
8.937500 -40.000000 -11.562500 660389568.000000
9.062500 -40.125000 -11.500000 660489536.000000
8.875000 -40.187500 -11.562500 660589568.000000
8.937500 -40.437500 -11.750000 660689536.000000
9.187500 -40.687500 -11.687500 660789568.000000
9.375000 -40.937500 -11.937500 660889536.000000
9.187500 -40.750000 -11.687500 660989568.000000
8.937500 -41.062500 -11.687500 661089536.000000
8.875000 -41.312500 -11.875000 661189568.000000
8.875000 -41.250000 -11.812500 661289536.000000
8.937500 -41.062500 -11.750000 661389568.000000
8.812500 -41.125000 -11.375000 661489536.000000
8.562500 -40.875000 -10.812500 661589568.000000
8.375000 -40.812500 -11.000000 661689536.000000
8.625000 -41.125000 -11.125000 661789568.000000
8.437500 -40.812500 -11.062500 661889536.000000
7.937500 -40.437500 -10.437500 661989568.000000
7.500000 -40.500000 -10.250000 662089536.000000
6.687500 -40.625000 -10.125000 662189568.000000
6.250000 -40.562500 -10.062500 662289536.000000
5.812500 -40.437500 -10.437500 662389568.000000
5.937500 -40.375000 -10.125000 662489536.000000
5.812500 -40.250000 -10.125000 662589568.000000
6.062500 -40.437500 -10.125000 662689536.000000
6.500000 -40.437500 -10.312500 662789568.000000
6.625000 -40.250000 -10.500000 662889536.000000
7.062500 -40.250000 -10.500000 662989568.000000
7.562500 -40.125000 -10.500000 663089536.000000
8.062500 -40.375000 -10.625000 663189568.000000
7.812500 -40.500000 -10.687500 663289536.000000
7.562500 -40.312500 -10.312500 663389568.000000
7.625000 -40.125000 -10.437500 663489536.000000
7.750000 -40.312500 -10.812500 663589568.000000
7.750000 -40.312500 -10.500000 663689536.000000
7.937500 -40.437500 -10.437500 663789568.000000
7.875000 -40.437500 -10.625000 663889536.000000
7.437500 -40.437500 -10.187500 663989568.000000
7.812500 -40.437500 -10.125000 664089536.000000
8.187500 -40.375000 -10.437500 664189568.000000
8.187500 -40.562500 -10.562500 664289536.000000
8.312500 -40.687500 -10.875000 664389568.000000
8.312500 -40.437500 -11.062500 664489536.000000
8.437500 -40.250000 -11.437500 664589568.000000
8.625000 -40.312500 -11.625000 664689536.000000
8.500000 -40.125000 -11.687500 664789568.000000
8.062500 -40.062500 -11.750000 664889536.000000
7.812500 -40.062500 -11.312500 664989568.000000
7.875000 -40.125000 -11.375000 665089536.000000
7.312500 -39.937500 -10.562500 665189568.000000
7.375000 -40.125000 -10.562500 665289536.000000
7.437500 -40.062500 -10.500000 665389568.000000
7.437500 -40.187500 -10.500000 665489536.000000
7.687500 -40.187500 -10.625000 665589568.000000
8.062500 -40.000000 -10.625000 665689536.000000
8.062500 -40.187500 -11.000000 665789568.000000
8.125000 -40.125000 -10.875000 665889536.000000
8.562500 -40.312500 -11.687500 665989568.000000
8.750000 -40.500000 -11.812500 666089536.000000
8.437500 -40.687500 -11.937500 666189568.000000
8.375000 -40.750000 -11.375000 666289536.000000
8.500000 -41.062500 -11.812500 666389568.000000
8.875000 -41.500000 -12.062500 666489536.000000
9.312500 -41.625000 -12.062500 666589568.000000
9.375000 -41.625000 -12.187500 666689536.000000
9.625000 -41.625000 -12.187500 666789568.000000
9.937500 -41.687500 -12.437500 666889536.000000
10.437500 -41.625000 -12.500000 666989568.000000
10.875000 -41.625000 -13.000000 667089536.000000
11.125000 -41.625000 -13.125000 667189568.000000
10.875000 -41.500000 -13.250000 667289536.000000
10.812500 -41.625000 -13.500000 667389568.000000
10.687500 -41.812500 -13.562500 667489536.000000
10.500000 -41.625000 -13.687500 667589568.000000
10.312500 -41.750000 -13.375000 667689536.000000
10.187500 -41.937500 -13.312500 667789568.000000
9.937500 -41.937500 -13.187500 667889536.000000
10.312500 -41.875000 -13.062500 667989568.000000
10.500000 -41.875000 -13.062500 668089536.000000
10.500000 -41.687500 -13.187500 668189568.000000
10.562500 -41.687500 -13.125000 668289536.000000
10.812500 -41.937500 -13.187500 668389568.000000
10.687500 -41.875000 -13.375000 668489536.000000
10.875000 -41.937500 -13.625000 668589568.000000
10.937500 -42.000000 -13.625000 668689536.000000
10.562500 -41.937500 -13.687500 668789568.000000
10.500000 -41.812500 -13.625000 668889536.000000
10.437500 -42.187500 -13.562500 668989568.000000
10.500000 -42.125000 -13.750000 669089536.000000
10.437500 -42.000000 -13.625000 669189568.000000
10.562500 -42.000000 -13.687500 669289536.000000
10.562500 -41.750000 -13.312500 669389568.000000
