0.931632 -0.088260 9.443805 19868299379
0.931632 -0.107873 9.492838 19868324372
0.912019 -0.029420 9.502645 19868349386
0.872792 -0.068647 9.669358 19868374384
0.892405 -0.039227 9.688972 19868399360
0.912019 0.009807 9.620325 19868424378
0.892405 -0.039227 9.492838 19868449371
0.941439 -0.019613 9.571292 19868474376
0.970859 -0.019613 9.532065 19868499373
0.941439 0.009807 9.541871 19868524372
0.970859 -0.009807 9.492838 19868549383
1.019892 -0.019613 9.424192 19868574401
1.068925 -0.019613 9.384965 19868599386
1.059118 -0.078453 9.345738 19868624369
0.990472 -0.215746 9.443805 19868649373
0.990472 -0.225553 9.492838 19868674357
1.019892 -0.274586 9.571292 19868699374
1.019892 -0.392266 9.649745 19868724360
1.059118 -0.549172 9.483032 19868749364
1.059118 -0.598206 9.463418 19868774375
1.078732 -0.755112 9.433999 19868799382
1.019892 -0.921825 9.277092 19868824363
0.990472 -1.255251 9.375159 19868849371
0.902212 -1.402351 9.492838 19868874386
0.931632 -1.353318 9.590905 19868899371
0.843372 -1.402351 9.541871 19868924369
0.794339 -1.490611 9.492838 19868949384
0.823759 -1.569064 9.404578 19868974376
0.882599 -1.569064 9.286899 19868999346
0.823759 -1.941717 9.473226 19869024381
0.804145 -2.196690 9.473226 19869049375
0.823759 -2.343790 9.218252 19869074384
0.882599 -2.441856 9.159412 19869099367
0.853179 -2.932189 9.257479 19869124373
0.902212 -3.010642 9.188832 19869149383
0.872792 -3.118515 9.198639 19869174377
0.784532 -3.765754 9.159412 19869199383
0.902212 -3.736334 8.953472 19869224386
0.921825 -3.716721 8.992700 19869249384
0.833565 -4.020727 8.963279 19869274383
0.931632 -4.383573 8.531787 19869299396
0.951245 -4.471833 8.404300 19869324390
1.000278 -4.628739 8.433721 19869349376
1.078732 -4.707192 8.374881 19869374368
1.157185 -4.883712 8.129714 19869399417
1.108152 -5.060232 8.061068 19869424387
1.137571 -5.256365 8.031648 19869449380
1.206218 -5.560371 7.864934 19869474383
1.284671 -5.933024 7.668801 19869499366
1.372931 -6.080123 7.560929 19869524379
1.421964 -6.148770 7.423635 19869549374
1.412158 -6.325290 7.266728 19869574369
1.520031 -6.393937 7.001948 19869599371
1.657324 -6.472390 6.776396 19869624367
1.696550 -6.374323 6.619490 19869649383
1.627904 -6.599876 6.384130 19869674366
1.745584 -6.864655 5.991864 19869699383
1.676937 -7.100015 6.021284 19869724397
1.549451 -7.276535 6.266450 19869749397
1.529838 -7.462861 6.129157 19869774392
1.480804 -7.531508 6.168384 19869799347
1.510224 -7.521701 6.001670 19869824397
1.539644 -7.580542 5.776117 19869849396
1.480804 -7.717835 5.648631 19869874382
1.490611 -7.913968 5.462305 19869899392
1.480804 -7.972808 5.344625 19869924381
1.372931 -8.070874 5.109265 19869949380
1.363124 -8.325847 5.226945 19869974382
1.333705 -8.531787 5.187718 19869999360
1.284671 -8.580820 5.079845 19870024383
1.245445 -8.629853 4.795453 19870049366
1.245445 -8.737726 4.785646 19870074375
1.245445 -8.718113 4.717000 19870099373
1.265058 -8.639660 4.609126 19870124382
1.225831 -8.786759 4.383573 19870149352
1.255251 -8.904439 4.167827 19870174373
1.255251 -8.904439 4.197247 19870199367
1.127765 -9.012313 3.903047 19870224376
1.068925 -8.973086 3.863821 19870249372
1.078732 -9.080959 3.746140 19870274364
1.127765 -9.159412 3.500974 19870299351
1.068925 -9.208446 3.265615 19870324366
0.970859 -9.257479 3.246001 19870349357
0.882599 -9.463418 3.226388 19870374371
0.882599 -9.610518 3.059675 19870399386
0.755112 -9.767425 3.000835 19870424384
0.676659 -9.855684 2.971415 19870449369
0.715886 -9.836071 2.745862 19870474369
0.676659 -9.855684 2.588956 19870499361
0.647239 -9.914525 2.588956 19870524372
0.608012 -9.973364 2.549729 19870549363
0.598206 -9.885104 2.353596 19870574369
0.627626 -9.826264 2.069203 19870599353
0.657046 -9.816459 1.912297 19870624372
0.706079 -9.767425 1.873070 19870649365
0.647239 -9.708585 1.745584 19870674387
0.568786 -9.845878 1.431771 19870699352
0.588399 -9.943945 1.353318 19870724361
0.549172 -9.963558 1.186605 19870749371
0.451106 -10.042011 1.166991 19870774366
0.333426 -10.149883 0.931632 19870799365
0.264780 -10.179304 0.970859 19870824359
0.245166 -10.277370 0.931632 19870849377
0.127486 -10.463697 0.353039 19870874356
0.127486 -10.571569 0.362846 19870899378
0.117680 -10.561764 0.470719 19870924385
0.088260 -10.453890 0.402073 19870949364
0.137293 -10.238144 0.098067 19870974365
0.147100 -10.228337 0.019613 19870999363
0.166713 -10.149883 -0.029420 19871024362
0.186326 -10.071430 -0.098067 19871049356
0.196133 -10.012591 -0.166713 19871074358
0.235360 -9.904717 -0.107873 19871099366
0.156906 -9.836071 -0.107873 19871124352
0.049033 -10.051817 -0.107873 19871149364
-0.019613 -10.247950 -0.117680 19871174366
-0.117680 -10.375437 -0.254973 19871199359
-0.196133 -10.502923 -0.451106 19871224384
-0.225553 -10.493117 -0.490333 19871249378
-0.304006 -10.463697 -0.558979 19871274385
-0.362846 -10.434277 -0.608012 19871299368
-0.362846 -10.444084 -0.784532 19871324369
-0.323619 -10.404857 -0.745305 19871349365
-0.264780 -10.365630 -0.755112 19871374380
-0.235360 -10.287177 -0.872792 19871399366
-0.254973 -10.228337 -0.804145 19871424386
-0.196133 -10.306790 -0.813952 19871449371
-0.245166 -10.277370 -0.764919 19871474374
-0.235360 -10.218531 -0.784532 19871499380
-0.254973 -10.228337 -0.823759 19871524374
-0.254973 -10.296983 -0.784532 19871549373
-0.205940 -10.355824 -0.715886 19871574368
-0.186326 -10.326404 -0.755112 19871599371
-0.147100 -10.228337 -0.804145 19871624371
-0.137293 -10.228337 -0.833565 19871649371
-0.147100 -10.247950 -0.794339 19871674363
-0.147100 -10.316597 -0.627626 19871699371
-0.196133 -10.189111 -0.411879 19871724381
-0.196133 -10.110658 -0.294200 19871749376
-0.254973 -10.287177 -0.107873 19871774381
-0.205940 -10.385243 -0.794339 19871799377
-0.137293 -10.149883 -0.617819 19871824377
-0.117680 -10.022397 -0.578592 19871849372
-0.166713 -9.983171 -0.657046 19871874376
-0.196133 -10.208724 -0.627626 19871899374
-0.215746 -10.444084 -0.470719 19871924381
-0.254973 -10.561764 -0.480526 19871949364
-0.235360 -10.561764 -0.402073 19871974474
-0.235360 -10.610797 -0.186326 19871999368
-0.166713 -10.551956 -0.117680 19872024355
-0.137293 -10.483310 0.049033 19872049388
-0.009807 -10.306790 0.284393 19872074373
0.049033 -10.198916 0.558979 19872099384
0.049033 -10.022397 0.735499 19872124385
0.009807 -10.022397 1.010085 19872149378
0.058840 -10.081238 1.775004 19872174377
0.058840 -10.042011 2.098624 19872199373
0.039227 -9.983171 2.343790 19872224322
0.107873 -9.904717 2.775282 19872249317
0.196133 -9.747811 3.177355 19872274369
0.284393 -9.698778 3.167548 19872299362
0.441299 -9.541871 3.255808 19872324396
0.529559 -9.296705 3.383295 19872349401
0.735499 -8.924053 3.648074 19872374383
0.784532 -8.767146 3.697107 19872399381
0.804145 -8.718113 3.912854 19872424380
0.833565 -8.463140 4.422800 19872449381
0.833565 -8.384687 4.717000 19872474362
0.872792 -8.345461 4.903326 19872499374
0.931632 -8.276814 5.011199 19872524360
0.951245 -8.178747 5.344625 19872549378
1.019892 -8.119907 5.599597 19872574375
1.019892 -8.012034 5.815344 19872599380
0.990472 -7.776674 5.893797 19872624378
1.039505 -7.619768 6.246837 19872649371
1.039505 -7.462861 6.384130 19872674378
1.049312 -7.129435 6.344903 19872699365
1.078732 -6.727362 6.492003 19872724375
1.068925 -6.727362 6.805816 19872749375
1.059118 -6.825429 6.815622 19872774377
1.088538 -6.746976 6.737169 19872799375
1.039505 -6.521423 7.090209 19872824371
1.039505 -6.550843 7.266728 19872849376
1.049312 -6.492003 7.149048 19872874379
1.029698 -6.354710 7.286342 19872899372
0.921825 -5.815344 7.276535 19872924363
0.872792 -5.609405 7.413828 19872949381
0.794339 -5.599597 7.580542 19872974378
0.774725 -5.638824 7.619768 19872999364
0.853179 -5.344625 7.855128 19873024379
0.813952 -5.187718 8.070874 19873049383
0.764919 -5.099458 8.208167 19873074384
0.725692 -4.962165 8.316040 19873099377
0.686466 -4.795453 8.276814 19873124383
0.666852 -4.638546 8.286621 19873149385
0.608012 -4.569900 8.502367 19873174381
0.549172 -4.422800 8.620047 19873199365
0.509946 -4.383573 8.698500 19873224379
0.519753 -4.295313 8.708306 19873249369
0.578592 -4.256087 8.796566 19873274385
0.500139 -4.167827 8.825986 19873299359
0.480526 -4.079567 8.835793 19873324374
0.500139 -4.050147 8.855406 19873349382
0.558979 -3.961887 8.767146 19873374393
0.509946 -3.746140 8.806373 19873399386
0.539366 -3.589234 8.718113 19873424400
0.588399 -3.402908 8.737726 19873449380
0.460913 -3.147935 8.943666 19873474356
0.480526 -3.040062 8.943666 19873499369
0.480526 -2.863542 9.022120 19873524368
0.362846 -2.824315 9.159412 19873549377
0.284393 -2.687022 9.110379 19873574366
0.254973 -2.608569 9.179026 19873599372
0.235360 -2.520309 9.237865 19873624370
0.215746 -2.363403 9.218252 19873649372
0.304006 -1.706357 9.022120 19873674375
0.402073 -1.461191 9.345738 19873699365
0.441299 -1.196411 9.551678 19873724370
0.245166 -1.088538 9.630132 19873749358
0.353039 -0.931632 9.836071 19873774375
0.470719 -0.657046 9.953751 19873799360
0.490333 -0.392266 9.953751 19873824375
0.539366 -0.392266 9.983171 19873849370
0.568786 -0.156906 9.992978 19873874387
0.578592 -0.147100 9.914525 19873899381
0.558979 0.068647 9.826264 19873924359
0.500139 0.392266 9.875298 19873949378
0.470719 0.431493 9.787038 19873974368
0.490333 0.451106 9.679165 19873999371
0.608012 0.500139 9.590905 19874024359
0.666852 0.784532 9.581099 19874049389
0.666852 0.902212 9.375159 19874074356
0.686466 1.157185 9.247672 19874099387
0.686466 1.706357 9.012313 19874124384
0.735499 1.882877 9.031926 19874149376
0.696272 2.059397 9.110379 19874174372
0.647239 2.088817 9.090766 19874199362
0.696272 1.971137 8.875020 19874224364
0.725692 2.049590 8.806373 19874249361
0.676659 2.206496 8.904439 19874274378
0.666852 2.422243 8.953472 19874299368
0.598206 2.618376 8.963279 19874324372
0.558979 2.736056 9.002505 19874349369
0.608012 2.883155 9.041733 19874374361
0.588399 3.540201 9.286899 19874399364
0.598206 3.628461 9.071153 19874424360
0.627626 3.667687 9.031926 19874449369
0.657046 3.873627 8.914246 19874474359
0.706079 4.334540 8.610240 19874499361
0.696272 4.363960 8.267007 19874524367
0.735499 4.491446 8.051261 19874549363
0.647239 4.452219 7.953194 19874574373
0.480526 4.589513 8.129714 19874599372
0.451106 4.736613 8.070874 19874624372
0.402073 4.766033 8.247394 19874649363
0.411879 4.893519 8.051261 19874674373
0.245166 5.226945 8.080681 19874699372
0.225553 5.599597 8.041454 19874724381
0.196133 5.893797 7.933581 19874749368
0.176520 5.991864 7.786481 19874774379
0.156906 6.129157 7.560929 19874799372
0.137293 6.286063 7.502088 19874824360
0.127486 6.384130 7.404021 19874849359
0.088260 6.609683 7.149048 19874874361
0.127486 6.442970 6.972529 19874899371
0.176520 6.492003 7.001948 19874924352
0.196133 6.766589 6.845042 19874949364
0.166713 7.001948 6.688136 19874974374
0.147100 7.021562 6.462583 19874999361
0.088260 7.100015 6.276257 19875024379
0.156906 7.433442 5.844764 19875049374
0.078453 7.619768 5.668244 19875074376
0.147100 7.698222 5.334818 19875099368
0.186326 7.786481 5.207332 19875124382
0.215746 7.972808 4.805259 19875149358
0.176520 8.070874 4.609126 19875174367
0.137293 8.168941 4.560093 19875199353
0.078453 8.472947 4.540480 19875224370
0.019613 9.159412 4.334540 19875249379
-0.068647 9.277092 4.108987 19875274367
-0.235360 9.296705 4.001114 19875299356
-0.264780 9.355545 3.451941 19875324371
-0.264780 9.433999 3.206775 19875349356
-0.205940 9.355545 3.059675 19875374361
-0.274586 9.345738 2.981222 19875399384
-0.264780 9.590905 3.059675 19875424375
-0.323619 9.679165 3.000835 19875449366
-0.372653 9.914525 3.265615 19875474368
-0.323619 10.081238 3.275421 19875499360
-0.421686 9.953751 2.892962 19875524370
-0.313813 9.894911 2.432050 19875549369
-0.225553 9.845878 2.020170 19875574372
-0.147100 9.767425 1.765197 19875599356
-0.019613 9.708585 1.265058 19875624386
-0.078453 9.639938 1.176798 19875649390
-0.049033 9.767425 1.265058 19875674391
-0.088260 10.002784 1.304285 19875699377
-0.049033 10.022397 1.480804 19875724374
-0.049033 10.022397 1.598484 19875749382
-0.049033 10.061625 1.500418 19875774370
-0.058840 9.943945 1.363124 19875799375
-0.078453 9.973364 1.480804 19875824358
-0.098067 10.051817 1.314091 19875849404
-0.088260 10.189111 1.117958 19875874358
-0.029420 10.071430 0.892405 19875899398
-0.039227 9.943945 0.598206 19875924383
-0.039227 9.904717 0.696272 19875949384
0.205940 9.992978 0.774725 19875974387
0.137293 10.012591 0.568786 19875999362
0.215746 10.140078 0.774725 19876024359
0.245166 10.120463 0.608012 19876049378
0.215746 9.865492 0.490333 19876074370
0.254973 9.845878 0.392266 19876099373
0.225553 9.885104 0.627626 19876124361
0.186326 9.894911 0.519753 19876149380
0.254973 10.100850 0.657046 19876174352
0.284393 10.189111 0.764919 19876199373
0.304006 10.120463 0.519753 19876224364
0.264780 10.081238 0.343233 19876249371
0.235360 10.081238 0.745305 19876274364
0.215746 10.022397 0.529559 19876299387
0.245166 9.983171 0.431493 19876324367
0.304006 9.816459 0.274586 19876349376
0.323619 9.943945 0.333426 19876374358
0.284393 9.934137 0.421686 19876399365
0.294200 10.012591 0.539366 19876424358
0.372653 10.022397 0.500139 19876449365
0.353039 9.953751 0.392266 19876474353
0.264780 9.943945 0.470719 19876499373
0.225553 9.875298 0.568786 19876524349
0.245166 10.130271 0.558979 19876549370
0.225553 10.149883 0.608012 19876574359
0.186326 10.130271 0.470719 19876599374
0.235360 10.149883 0.196133 19876624359
0.245166 10.100850 0.362846 19876649377
0.166713 10.061625 0.451106 19876674392
0.098067 9.983171 0.686466 19876699379
0.019613 9.894911 0.872792 19876724363
-0.186326 9.865492 1.274865 19876749370
-0.029420 9.983171 2.392823 19876774362
0.137293 10.149883 2.520309 19876799360
0.176520 10.012591 1.902490 19876824358
0.117680 9.747811 2.471276 19876849367
0.029420 9.698778 3.295035 19876874349
0.353039 9.865492 3.716721 19876899357
0.215746 9.414385 2.883155 19876924382
0.186326 9.169219 3.804981 19876949362
0.313813 9.169219 4.609126 19876974364
0.343233 8.963279 3.687301 19876999374
0.362846 8.767146 4.010921 19877024346
0.343233 8.620047 4.305120 19877049385
0.460913 8.502367 4.589513 19877074371
0.500139 8.168941 4.903326 19877099351
0.500139 8.012034 4.844486 19877124374
0.431493 7.845321 5.217138 19877149389
0.402073 7.708028 5.462305 19877174347
0.549172 7.531508 6.080123 19877199379
0.578592 7.315762 5.972251 19877224362
0.578592 6.933302 6.286063 19877249360
0.431493 5.854571 7.305955 19877274367
0.460913 5.668244 7.247115 19877299365
0.490333 5.678051 6.933302 19877324363
0.470719 5.619211 7.237308 19877349391
0.215746 5.177912 8.198360 19877374371
0.127486 5.070039 8.178747 19877399424
0.107873 4.962165 8.286621 19877424358
0.058840 4.687580 8.718113 19877449384
0.137293 4.746419 8.629853 19877474357
0.166713 4.687580 8.747533 19877499365
0.156906 4.354153 8.914246 19877524350
0.147100 4.001114 8.875020 19877549383
0.274586 3.824594 8.747533 19877574369
0.274586 3.599041 8.953472 19877599362
0.254973 3.118515 8.865212 19877624351
0.215746 2.716442 8.737726 19877649356
0.254973 2.618376 8.963279 19877674350
0.176520 2.461469 9.237865 19877699357
0.127486 2.284950 9.326125 19877724346
0.215746 2.333983 9.335932 19877749370
0.176520 2.275143 9.296705 19877774356
0.156906 1.971137 9.365352 19877799372
0.098067 1.922104 9.404578 19877824325
0.156906 1.922104 9.561485 19877849373
0.127486 1.804424 9.620325 19877874422
0.098067 1.618097 9.590905 19877899379
0.166713 1.353318 9.375159 19877924382
0.215746 1.206218 9.384965 19877949463
0.186326 0.961052 9.414385 19877974393
0.196133 0.755112 9.384965 19877999381
0.245166 0.725692 9.345738 19878024483
0.235360 0.686466 9.443805 19878049369
0.225553 0.323619 9.453611 19878074347
0.245166 0.323619 9.237865 19878099346
0.166713 -0.166713 9.718391 19878124347
0.166713 -0.137293 9.973364 19878149362
0.137293 -0.245166 9.728198 19878174372
0.137293 -0.264780 9.424192 19878199369
0.205940 -0.245166 9.679165 19878224357
0.196133 -0.274586 9.787038 19878249386
0.196133 -0.402073 9.669358 19878274341
0.196133 -0.617819 9.404578 19878299392
0.186326 -0.637432 9.718391 19878324375
0.176520 -0.686466 9.875298 19878349381
0.166713 -0.813952 9.845878 19878374369
0.235360 -0.706079 9.551678 19878399372
0.254973 -0.706079 9.463418 19878424363
0.294200 -0.686466 9.424192 19878449356
0.284393 -0.794339 9.433999 19878474347
0.205940 -0.980665 9.433999 19878499363
0.156906 -1.000278 9.571292 19878524345
0.137293 -0.970859 9.738005 19878549370
0.137293 -0.902212 9.738005 19878574367
0.127486 -0.853179 9.561485 19878599371
0.137293 -0.862985 9.659552 19878624355
0.186326 -0.882599 9.639938 19878649380
0.166713 -0.735499 9.610518 19878674369
0.196133 -0.725692 9.610518 19878699376
0.215746 -0.657046 9.532065 19878724362
0.186326 -0.715886 9.355545 19878749404
0.284393 -0.706079 9.561485 19878774383
