-1.080000 8.160000 1.800000 849993209
-1.200000 8.160000 1.440000 850006093
-1.680000 7.920000 1.680000 850017609
-1.320000 8.160000 1.560000 850029320
-1.440000 8.280000 1.440000 850041350
-1.380000 8.460000 1.620000 850053317
-1.440000 8.040000 1.680000 850065345
-1.500000 8.099999 1.740000 850077209
-1.380000 8.220000 1.860000 850089229
-1.620000 7.980000 1.620000 850101397
-1.500000 7.980000 1.740000 850113307
-1.440000 8.160000 1.800000 850125345
-1.140000 7.980000 1.380000 850137428
-1.560000 8.160000 1.800000 850149319
-1.500000 8.340000 1.620000 850161321
-1.260000 8.099999 1.380000 850173297
-1.500000 8.099999 1.740000 850185329
-1.500000 8.220000 1.740000 850197293
-1.260000 7.980000 1.620000 850209503
-1.440000 7.800000 1.680000 850221226
-1.260000 8.340000 1.500000 850233197
-1.680000 8.400000 1.680000 850245332
-1.620000 8.099999 1.620000 850257248
-1.260000 7.980000 1.620000 850270281
-1.080000 8.160000 1.800000 850281729
-1.140000 8.340000 1.980000 850293210
-1.260000 8.220000 1.740000 850305789
-1.440000 8.040000 1.440000 850317292
-1.260000 8.099999 1.620000 850329306
-1.320000 7.800000 1.800000 850341307
-1.440000 8.280000 1.440000 850353276
-1.320000 8.400000 1.680000 850365301
-1.680000 8.280000 1.800000 850377324
-1.260000 8.220000 1.620000 850389273
-1.200000 8.160000 1.680000 850401964
-1.320000 8.160000 1.440000 850413582
-1.560000 8.520000 1.680000 850425448
-1.380000 8.099999 1.620000 850437428
-1.380000 8.220000 1.500000 850449413
-1.320000 7.800000 1.920000 850462224
-1.800000 7.920000 1.560000 850484576
-1.440000 8.040000 1.920000 850496201
-1.260000 7.980000 1.860000 850507892
-1.500000 7.860000 1.620000 850519478
-1.320000 8.160000 1.680000 850531089
-1.620000 8.220000 1.740000 850542680
-1.380000 8.099999 1.620000 850556128
-1.320000 8.160000 1.560000 850567728
-1.620000 8.099999 1.980000 850579373
-1.500000 8.099999 1.860000 850591027
-1.620000 8.220000 1.620000 850602631
-1.680000 8.040000 2.160000 850613960
-1.440000 8.400000 1.680000 850625322
-1.440000 8.160000 1.680000 850638231
-1.320000 8.400000 1.680000 850649540
-1.380000 8.460000 1.980000 850660921
-1.260000 8.580000 1.980000 850672276
-1.680000 8.280000 1.680000 850683695
-1.500000 8.340000 1.620000 850695068
-1.560000 8.400000 1.560000 850706426
-1.380000 8.460000 1.740000 850717793
-1.260000 8.460000 1.740000 850730759
-1.320000 8.520000 1.680000 850742122
-1.320000 8.520000 1.560000 850753481
-1.500000 8.580000 1.740000 850764838
-1.320000 8.400000 1.560000 850776248
-1.260000 8.580000 1.860000 850787604
-0.960000 8.520000 1.800000 850798956
-1.440000 8.520000 1.680000 850810376
-1.200000 8.760000 1.680000 850822638
-0.900000 8.820000 1.860000 850834012
-1.080000 8.760000 1.200000 850845384
-0.780000 9.059999 1.620000 850857200
-1.020000 8.820000 1.740000 850869211
-1.020000 8.580000 1.620000 850881209
-0.900000 8.940000 1.740000 850893188
-0.960000 9.240000 1.440000 850905577
-1.020000 8.580000 1.740000 850918157
-1.320000 9.000000 1.560000 850929675
-1.020000 8.940000 1.620000 850941244
-0.840000 9.000000 1.320000 850953230
-1.020000 8.940000 1.620000 850969426
-0.780000 9.059999 1.500000 850980886
-1.140000 8.940000 1.740000 850992273
-0.960000 9.120000 1.680000 851003736
-0.960000 8.880000 1.440000 851016126
-0.780000 9.059999 1.500000 851027513
-0.780000 9.179999 1.260000 851038892
-0.900000 9.059999 1.500000 851050292
-0.900000 8.940000 1.380000 851061674
-0.900000 9.179999 1.620000 851073216
-0.780000 9.059999 1.380000 851085249
-0.900000 8.940000 1.260000 851097209
-0.900000 9.179999 1.380000 851109276
-0.780000 8.820000 1.500000 851121267
-0.720000 8.880000 1.440000 851133241
-0.600000 8.880000 1.560000 851145238
-0.660000 9.179999 1.620000 851157219
-0.840000 9.240000 1.440000 851169219
-0.780000 9.300000 1.500000 851181225
-0.600000 9.240000 1.440000 851194515
-0.660000 9.059999 1.260000 851206411
-0.780000 8.940000 1.500000 851217915
-0.840000 9.240000 1.560000 851229410
-0.540000 9.059999 1.500000 851241358
-0.780000 8.940000 1.260000 851253331
-0.600000 9.000000 1.200000 851265327
-0.840000 8.639999 1.440000 851277344
-0.600000 9.120000 1.200000 851290991
-0.780000 8.940000 1.260000 851302928
-0.720000 9.000000 1.440000 851314472
-0.780000 9.179999 1.260000 851326047
-0.600000 9.000000 1.200000 851337586
-0.840000 8.760000 1.320000 851349359
-0.840000 8.760000 1.320000 851361375
-0.480000 8.880000 1.440000 851373372
-0.480000 9.000000 1.560000 851385290
-0.480000 9.120000 1.440000 851397363
-0.720000 9.120000 1.320000 851409844
-0.840000 9.120000 1.440000 851421472
-1.020000 9.300000 1.260000 851433593
-0.660000 9.059999 1.380000 851445443
-0.660000 8.940000 1.140000 851457299
-0.600000 9.120000 1.200000 851469283
-0.600000 9.120000 1.560000 851481447
-0.600000 9.000000 0.840000 851493288
-0.780000 9.059999 1.500000 851506167
-0.600000 9.240000 1.200000 851517849
-0.840000 9.360000 1.320000 851529533
-0.780000 9.300000 1.500000 851541520
-0.780000 9.179999 1.380000 851553351
-0.900000 9.059999 1.380000 851565384
-0.660000 9.059999 1.500000 851577363
-0.900000 9.059999 1.020000 851589369
-1.260000 9.059999 1.380000 851601445
-0.900000 9.059999 1.260000 851613620
-1.020000 9.179999 1.500000 851625501
-0.840000 9.120000 1.320000 851637457
-1.020000 9.179999 1.500000 851649452
-0.960000 9.000000 1.800000 851661481
-0.960000 9.120000 1.440000 851673617
-0.960000 9.120000 1.440000 851685475
-1.140000 9.059999 1.500000 851697606
-1.140000 9.059999 1.620000 851709446
-0.960000 8.639999 1.320000 851721474
-0.960000 9.120000 1.320000 851733443
-0.720000 9.000000 1.200000 851745471
-0.780000 9.179999 1.500000 851757513
-0.720000 9.120000 1.680000 851774065
-0.660000 8.940000 1.380000 851791180
