1.363124 4.795453 8.776953 13507452053
1.372931 4.815066 8.884827 13507477083
1.245445 4.883712 9.110379 13507502073
1.157185 4.922939 9.335932 13507527072
0.804145 7.090209 14.670750 13507552063
0.166713 6.364516 10.630409 13507577065
0.941439 4.393380 10.669637 13507602074
1.019892 4.687580 9.728198 13507627060
1.137571 4.962165 8.620047 13507652039
1.353318 5.266171 8.335654 13507677074
1.657324 5.128879 8.953472 13507702068
2.098624 4.609126 14.229450 13507727063
2.441856 5.168105 9.286899 13507752058
2.383016 3.961887 8.639660 13507777062
0.725692 3.510781 11.395329 13507802075
0.304006 3.765754 11.424748 13507827074
0.353039 4.236474 10.973642 13507852070
0.794339 4.383573 10.346016 13507877078
0.951245 4.491446 9.639938 13507902072
1.098345 4.785646 9.071153 13507927071
1.206218 4.815066 8.325847 13507952073
1.304285 5.021006 7.923775 13507977074
1.255251 5.030812 8.070874 13508002070
1.255251 5.021006 8.159134 13508027070
1.255251 5.021006 8.345461 13508052071
