-1.295000 -2.415000 -2.852500 13507479329
-3.150000 -2.695000 -3.850000 13507504374
-2.520000 -4.270000 -4.497500 13507529345
-1.662500 34.702499 1.207500 13507554394
-35.105000 14.787500 -1.242500 13507579367
-34.404999 -14.192500 -7.122500 13507604362
0.157500 -30.240000 -10.080000 13507629361
26.932501 -13.597500 -0.647500 13507654382
36.942501 16.257500 12.215000 13507679372
34.160000 8.330000 10.570000 13507704340
22.014999 20.895000 11.952500 13507729374
-62.912498 37.240002 9.642500 13507754397
-84.419998 54.932499 -6.160000 13507779358
-78.470001 11.217500 -22.855000 13507804368
-15.155000 -11.060000 -9.362500 13507829368
6.615000 -0.892500 4.935000 13507854396
25.620001 -2.432500 4.042500 13507879370
31.307501 -15.137500 0.945000 13507904362
28.980000 -26.337500 1.855000 13507929378
20.877501 -18.025000 2.030000 13507954397
17.027500 -3.657500 -0.017500 13507979379
16.309999 1.837500 0.770000 13508004376
3.167500 1.400000 -0.210000 13508029367
-1.050000 2.782500 0.717500 13508054397
1.015000 3.150000 2.047500 13508079370
