0.000000 13507452053
0.000000 13507477083
0.000000 13507502073
0.000000 13507527072
0.000000 13507552063
0.000000 13507577065
0.000000 13507602074
0.000000 13507627060
0.000000 13507652039
0.000000 13507677074
0.000000 13507702068
0.000000 13507727063
0.000000 13507752058
0.000000 13507777062
0.000000 13507802075
0.000000 13507827074
0.000000 13507852070
0.000000 13507877078
0.000000 13507902072
0.000000 13507927071
0.000000 13507952073
0.000000 13507977074
0.000000 13508002070
0.000000 13508027070
0.000000 13508052071
