-5.707471 8.041454 1.137571 26436295962
-5.707471 8.002228 1.157185 26436320962
-5.678051 7.953194 1.137571 26436345955
-5.707471 7.953194 1.176798 26436370970
-5.727084 8.031648 1.235638 26436395971
-5.746698 8.041454 1.245445 26436420962
-5.727084 8.051261 1.196411 26436445947
-5.727084 8.012034 1.166991 26436470975
-5.727084 8.031648 1.166991 26436495958
-5.727084 8.021841 1.235638 26436520952
-5.697665 7.982615 1.245445 26436545958
-5.736891 7.992421 1.157185 26436570954
-5.766311 8.021841 1.127765 26436595978
-5.746698 7.982615 1.117958 26436620987
-5.727084 7.913968 1.137571 26436645980
-5.717278 7.943388 1.147378 26436670969
-5.727084 8.041454 1.098345 26436695963
-5.756504 8.139521 1.137571 26436721133
-5.805537 8.198360 1.059118 26436745951
-5.883991 8.296427 1.078732 26436771280
-5.844764 8.178747 0.990472 26436795972
-5.766311 8.168941 0.961052 26436820953
-5.825150 8.110101 0.804145 26436845936
-5.972251 8.227780 0.470719 26436870952
-6.129157 8.335654 0.460913 26436895948
-6.237030 8.316040 0.529559 26436920961
-6.178190 7.923775 0.539366 26436945955
-6.099737 7.708028 0.706079 26436970953
-5.923217 7.541315 0.921825 26436995963
-5.697665 7.492281 1.108152 26437020950
-5.374044 7.639381 1.451384 26437045978
-5.158298 7.904161 1.461191 26437070949
-4.942552 8.198360 1.372931 26437101075
-4.667966 8.590627 1.284671 26437120981
-4.305120 8.865212 1.059118 26437145973
-4.187440 8.894632 0.902212 26437170978
-4.059954 8.992700 0.568786 26437195982
-4.001114 9.031926 -0.156906 26437220950
-4.040340 8.943666 -0.382459 26437245962
-4.089374 8.757339 -0.617819 26437270949
-4.059954 8.580820 -0.862985 26437295948
-4.020727 8.080681 -1.539644 26437320967
-4.069760 7.845321 -1.843650 26437345963
-3.981500 7.815901 -2.265337 26437370951
-3.824594 7.963001 -2.932189 26437395966
-3.314648 8.041454 -3.491168 26437420951
-3.196968 7.972808 -3.873627 26437445963
-3.079288 7.796288 -4.314927 26437470938
-2.981222 7.580542 -5.109265 26437495958
-2.912575 7.541315 -5.579985 26437520963
-2.637989 7.482475 -6.266450 26437546068
-2.647796 7.364795 -6.894075 26437570951
-2.324176 6.786202 -6.707749 26437595963
-2.039783 6.384130 -6.805816 26437620966
-1.421964 6.227223 -6.482196 26437646495
-1.216025 5.854571 -6.482196 26437670952
-0.245166 5.521145 -6.894075 26437695964
0.392266 5.364238 -7.658995 26437720965
0.823759 5.109265 -8.296427 26437745943
1.196411 5.295592 -8.708306 26437770951
2.235916 4.177633 -9.012313 26437795986
2.608569 3.657881 -9.384965 26437820962
3.108708 3.383295 -9.806651 26437845942
3.903047 2.736056 -10.179304 26437870967
4.030534 2.422243 -10.208724 26437895957
4.059954 2.118237 -10.365630 26437921442
4.040340 1.882877 -10.287177 26437945968
4.756226 1.441578 -10.502923 26437970959
5.658438 1.039505 -10.679443 26437995972
6.354710 0.921825 -10.836349 26438020957
6.482196 0.617819 -10.767703 26438045949
6.197803 -0.382459 -10.002784 26438070968
6.629296 -0.470719 -9.757618 26438095956
6.796009 -0.627626 -9.335932 26438120957
6.599876 -1.147378 -8.904439 26438145960
6.609683 -1.265058 -9.090766 26438170953
6.580263 -1.402351 -9.071153 26438195951
6.648909 -1.676937 -9.080959 26438220951
6.286063 -2.422243 -9.179026 26438245947
6.658716 -2.500696 -9.590905 26438270968
6.805816 -2.402630 -9.718391 26438295965
7.060789 -2.039783 -10.728477 26438320949
6.717556 -2.383016 -10.571569 26438345962
6.060511 -2.892962 -9.943945 26438370967
5.511338 -3.481361 -9.198639 26438395958
4.726806 -4.540480 -8.021841 26438420959
4.736613 -4.648353 -7.570735 26438445956
4.922939 -4.462027 -7.502088 26438470968
5.187718 -4.197247 -7.815901 26438495933
5.756504 -3.687301 -8.090487 26438520957
5.776117 -3.599041 -8.021841 26438545954
5.972251 -3.363681 -7.492281 26438570958
6.943109 -3.520588 -9.286899 26438595953
6.295870 -4.481639 -8.384687 26438620967
6.580263 -4.530673 -8.012034 26438645935
6.295870 -5.060232 -7.815901 26438670962
6.001670 -5.256365 -6.952915 26438695954
6.011477 -5.638824 -6.825429 26438720961
5.982057 -5.717278 -6.599876 26438745952
6.080123 -5.403465 -6.639102 26438770953
6.393937 -4.746419 -6.138963 26438795951
6.492003 -5.021006 -6.668523 26438820968
6.433163 -5.177912 -6.501810 26438845954
6.276257 -4.824872 -6.727362 26438870969
6.266450 -4.991585 -6.727362 26438895925
6.364516 -4.815066 -6.050704 26438920955
6.384130 -4.942552 -5.854571 26438945953
6.276257 -5.197526 -5.746698 26438970956
6.129157 -5.423078 -5.893797 26438995943
6.168384 -5.501531 -5.736891 26439020968
6.570456 -4.903326 -8.002228 26439045950
6.913689 -4.942552 -6.727362 26439070963
6.786202 -5.040619 -6.237030 26439095932
6.305676 -5.158298 -5.815344 26439120961
6.217417 -4.932746 -5.923217 26439145952
6.286063 -4.550286 -6.452776 26439170956
6.678329 -4.226666 -7.011755 26439195947
7.021562 -3.922661 -7.668801 26439220957
6.688136 -4.638546 -7.433442 26439245954
6.305676 -4.981779 -7.217695 26439270955
6.344903 -5.217138 -6.658716 26439295932
6.187996 -5.148491 -6.933302 26439320964
5.854571 -4.677773 -7.913968 26439345978
5.893797 -4.256087 -8.423914 26439370952
5.825150 -4.324733 -8.472947 26439395947
5.815344 -4.216860 -8.512174 26439420974
5.883991 -4.216860 -8.208167 26439445934
5.913410 -4.236474 -8.061068 26439470965
5.707471 -4.138407 -7.963001 26439495940
5.746698 -4.148213 -7.570735 26439520962
5.756504 -4.285507 -7.864934 26439545956
5.815344 -4.471833 -8.296427 26439570953
5.972251 -4.295313 -8.943666 26439595945
6.462583 -4.511060 -7.668801 26439620960
6.599876 -4.785646 -7.001948 26439645967
6.678329 -4.971972 -5.933024 26439670948
6.884269 -4.922939 -5.079845 26439695928
6.658716 -5.050425 -4.599319 26439720959
6.550843 -4.942552 -5.001392 26439745954
6.688136 -4.971972 -5.648631 26439770957
6.962722 -4.962165 -5.844764 26439795951
7.011755 -5.011199 -5.942831 26439820963
6.913689 -4.864099 -5.923217 26439845957
6.727362 -4.736613 -6.344903 26439870960
6.668523 -4.363960 -6.482196 26439895948
6.668523 -4.138407 -6.639102 26439920963
6.129157 -4.050147 -6.541036 26439945957
5.942831 -3.608848 -7.600155 26439970964
5.481918 -4.756226 -8.590627 26439995929
6.060511 -4.844486 -8.678886 26440020966
6.796009 -5.678051 -8.472947 26440045955
7.433442 -5.952637 -8.561207 26440070928
7.011755 -3.854014 -7.658995 26440095931
6.678329 -3.510781 -8.149327 26440120961
6.148770 -3.500974 -8.718113 26440145931
5.766311 -3.491168 -7.904161 26440170953
6.060511 -3.255808 -8.041454 26440195966
6.040897 -3.373488 -8.149327 26440220947
6.295870 -3.491168 -8.414106 26440246920
6.276257 -3.255808 -8.306233 26440270982
6.325290 -3.157742 -7.845321 26440295960
6.335097 -3.030255 -8.110101 26440320960
6.286063 -3.040062 -7.845321 26440345938
6.237030 -3.157742 -7.953194 26440370941
6.295870 -3.079288 -8.070874 26440395961
6.335097 -3.138128 -8.080681 26440420945
6.462583 -3.304842 -8.012034 26440445976
6.413549 -3.363681 -7.972808 26440470962
6.246837 -3.402908 -7.972808 26440495983
6.237030 -3.383295 -8.021841 26440520974
6.599876 -3.255808 -7.786481 26440545951
6.335097 -3.353875 -7.992421 26440570976
6.237030 -3.363681 -7.923775 26440595965
5.893797 -3.618654 -7.855128 26440620979
6.011477 -3.491168 -7.884548 26440646469
6.374323 -3.422521 -7.825707 26440670964
6.393937 -3.353875 -7.943388 26440695972
6.344903 -3.432328 -7.982615 26440720985
5.923217 -2.932189 -7.963001 26440745960
5.962444 -2.941995 -7.894354 26440770976
5.854571 -3.206775 -8.404300 26440795968
5.883991 -2.314370 -8.414106 26440820961
6.286063 -1.941717 -8.325847 26440845953
6.423357 -1.667131 -8.178747 26440870954
6.413549 -1.265058 -8.100294 26440895962
6.482196 -1.049312 -7.766868 26440920972
6.472390 -1.039505 -7.963001 26440945954
5.275978 -2.226110 -8.041454 26440970960
5.540758 -2.588956 -8.139521 26440995947
5.727084 -2.500696 -8.178747 26441020965
5.609405 -2.991029 -8.669080 26441045952
5.658438 -3.491168 -8.943666 26441070965
5.697665 -3.667687 -8.757339 26441095969
5.452498 -2.569343 -8.737726 26441120965
5.128879 -2.706636 -8.227780 26441145947
5.364238 -1.765197 -8.796566 26441170968
5.236752 -5.236752 -9.198639 26441195959
5.177912 -5.766311 -8.973086 26441220965
4.971972 -4.864099 -8.776953 26441245948
4.864099 -4.187440 -8.865212 26441270979
5.109265 -4.030534 -8.894632 26441295966
5.168105 -3.952080 -8.914246 26441320960
5.187718 -4.089374 -8.806373 26441345955
5.266171 -3.893241 -8.835793 26441370955
5.128879 -3.324455 -9.228059 26441395943
5.119072 -3.275421 -9.120186 26441420966
5.472112 -3.216582 -9.149606 26441445957
5.452498 -2.549729 -9.061346 26441470962
5.432885 -2.510503 -8.747533 26441495956
5.452498 -3.079288 -8.257200 26441520953
5.442691 -3.196968 -7.933581 26441545950
6.031090 -3.804981 -8.433721 26441570962
6.315483 -4.148213 -8.286621 26441595948
6.138963 -3.402908 -8.384687 26441620955
5.883991 -3.020448 -8.649467 26441645951
5.334818 -3.344068 -8.355267 26441670957
5.295592 -3.363681 -8.463140 26441695945
5.119072 -3.304842 -7.815901 26441720959
6.178190 -3.628461 -8.924053 26441745940
6.001670 -3.422521 -8.610240 26441770956
5.727084 -3.196968 -8.423914 26441795952
5.874184 -3.236195 -8.374881 26441820954
5.629018 -3.265615 -8.492560 26441845956
5.638824 -3.265615 -8.482754 26441870954
5.550564 -3.098902 -8.335654 26441895961
5.521145 -3.177355 -8.188554 26441920993
5.825150 -3.363681 -8.571013 26441945974
5.736891 -3.412714 -8.404300 26441970968
5.619211 -3.550008 -8.188554 26441995965
5.697665 -3.599041 -8.267007 26442020948
5.893797 -3.540201 -8.492560 26442045954
5.903604 -3.520588 -8.217974 26442070961
5.334818 -3.108708 -7.815901 26442095967
5.707471 -3.599041 -8.325847 26442120963
5.785924 -3.432328 -8.316040 26442145953
5.658438 -3.383295 -8.119907 26442170964
5.795731 -3.491168 -8.394494 26442195964
5.393658 -3.236195 -8.404300 26442220962
5.344625 -3.285228 -8.423914 26442245946
5.521145 -3.363681 -8.276814 26442270962
5.364238 -3.579428 -8.149327 26442295958
5.942831 -4.324733 -8.571013 26442320967
6.197803 -3.922661 -8.737726 26442345947
5.844764 -3.579428 -8.796566 26442370950
5.305398 -3.412714 -8.688693 26442395955
5.158298 -3.295035 -8.620047 26442420971
5.168105 -3.285228 -8.492560 26442445947
5.393658 -3.373488 -8.433721 26442470972
5.413271 -3.373488 -8.306233 26442495958
5.334818 -3.481361 -8.208167 26442520963
