3.762500 -7.630000 -3.920000 26436323757
3.867500 -6.685000 -3.430000 26436348781
3.220000 -6.072500 -3.342500 26436373755
2.870000 -6.177500 -3.290000 26436399319
3.115000 -5.442500 -2.625000 26436423762
2.992500 -5.215000 -2.117500 26436448728
2.800000 -5.617500 -1.680000 26436473769
2.520000 -5.320000 -2.170000 26436498719
3.307500 -5.145000 -2.012500 26436523772
2.887500 -6.020000 -1.767500 26436548713
3.307500 -6.072500 -2.765000 26436573765
3.605000 -5.057500 -2.747500 26436598732
4.077500 -3.430000 -2.117500 26436623770
3.920000 -3.115000 -1.662500 26436648783
3.412500 -2.957500 -2.502500 26436673753
3.132500 -4.375000 -4.707500 26436698766
3.955000 -4.025000 -5.215000 26436723756
4.707500 -2.257500 -4.305000 26436748748
4.795000 0.262500 -5.267500 26436773769
7.402500 -1.505000 -7.210000 26436798756
8.890000 6.020000 -7.910000 26436823802
9.642500 7.105000 -9.765000 26436848769
9.485000 5.460000 -9.835000 26436873746
3.937500 6.265000 -2.397500 26436898754
-4.830000 5.180000 5.110000 26436923757
-6.755000 0.507500 12.180000 26436948749
-6.492500 -6.632500 16.852501 26436973839
-1.015000 -14.700000 21.332500 26436998716
5.372500 -14.647500 32.532501 26437023719
19.460001 -12.740000 41.912498 26437048756
30.082500 -12.880000 49.070000 26437073752
38.290001 -3.937500 54.285000 26437102169
47.459999 3.780000 51.607502 26437123769
50.802502 9.502500 44.029999 26437148753
55.439999 9.100000 30.170000 26437173706
68.285004 13.667500 22.330000 26437198753
73.062500 16.327499 17.237499 26437223762
73.972504 33.582500 17.657499 26437248762
72.152504 42.000000 17.797501 26437273754
73.202499 49.595001 18.129999 26437298753
80.027504 63.052502 18.830000 26437323758
86.834999 83.002502 19.372499 26437348765
99.767502 64.959999 14.385000 26437373750
110.652504 63.822502 15.522500 26437398758
101.709999 53.305000 20.299999 26437423759
85.522499 50.102501 18.007500 26437448749
67.654999 64.137497 29.067501 26437473756
54.285000 58.257500 31.587500 26437498759
72.275002 58.450001 29.627501 26437523759
83.632500 66.307503 28.962500 26437548758
89.687500 78.154999 41.807499 26437573754
95.410004 95.025002 48.860001 26437598762
80.867500 92.504997 54.057499 26437623767
61.337502 87.412498 75.127502 26437648760
48.632500 65.257500 90.982498 26437673745
61.372501 47.547501 84.769997 26437698781
91.455002 60.724998 70.595001 26437723746
111.930000 67.637497 59.185001 26437748755
124.792503 68.809998 65.887497 26437773783
157.080002 79.887497 74.095001 26437798751
156.485001 86.800003 79.275002 26437823759
144.777496 86.677498 95.112503 26437854443
117.565002 91.997498 105.035004 26437873738
87.412498 96.705002 113.645004 26437898742
64.977501 67.217499 109.305000 26437923750
69.912498 57.137501 108.342499 26437948753
65.169998 40.950001 127.627502 26437973780
71.260002 28.490000 122.395004 26437998709
85.785004 16.379999 100.379997 26438023746
82.547501 31.587500 98.402504 26438048555
66.465004 39.497501 110.635002 26438073761
59.220001 32.497501 111.930000 26438098750
45.587502 6.737500 94.342499 26438123589
31.622499 18.795000 97.282501 26438148752
16.975000 19.967501 102.812500 26438173749
30.082500 23.415001 84.139999 26438198555
37.747501 23.117500 66.657501 26438223749
29.365000 8.680000 63.244999 26438248747
14.087500 -0.210000 54.459999 26438273552
8.242500 -21.367500 38.150002 26438298758
-21.700001 -30.922501 13.160000 26438323744
-21.507500 -21.105000 14.385000 26438348556
9.765000 -11.515000 30.415001 26438373751
14.630000 -7.122500 42.279999 26438398749
1.785000 -4.952500 60.025002 26438423552
-11.095000 28.017500 81.129997 26438448750
-7.892500 34.037498 84.665001 26438473748
1.890000 36.715000 85.330002 26438498758
-2.905000 54.302502 81.637497 26438523752
-2.957500 55.632500 71.364998 26438548747
5.512500 43.959999 54.827499 26438573734
39.882500 -19.022501 27.842501 26438598745
62.860001 6.335000 30.782499 26438623760
27.072500 29.662500 21.525000 26438648753
16.379999 69.142502 32.497501 26438673749
13.422500 89.529999 30.275000 26438698749
-0.035000 69.492500 25.969999 26438723773
-8.820000 68.897499 28.927500 26438748749
-10.412500 67.620003 34.597500 26438773746
-13.230000 69.160004 41.860001 26438798755
-6.807500 39.375000 10.167500 26438823781
-13.825000 30.764999 13.615000 26438848759
1.155000 27.719999 12.145000 26438873752
-10.272500 14.297500 10.080000 26438898753
-22.802500 1.242500 -7.297500 26438923776
21.647501 -14.402500 -10.080000 26438948751
18.147501 -18.987499 -4.900000 26438973751
3.587500 -23.992500 -8.120000 26438998771
-9.310000 -38.115002 -11.357500 26439023815
-8.312500 3.202500 -14.735000 26439048748
-49.139999 17.325001 -14.070000 26439073750
-25.514999 14.770000 0.297500 26439098753
-22.697500 -14.717500 13.265000 26439123776
-15.312500 -20.562500 6.177500 26439148748
-26.722500 -19.197500 2.222500 26439173752
-41.737499 -17.395000 5.617500 26439198756
-51.432499 -11.532500 20.264999 26439223803
-49.035000 -21.227501 22.960001 26439248745
-25.760000 -24.920000 16.764999 26439273747
-17.692499 -42.647499 4.532500 26439298747
-16.712500 -69.580002 -4.340000 26439324321
-18.340000 -47.145000 1.487500 26439348764
-25.112499 -13.982500 8.435000 26439373757
-32.900002 20.912500 11.795000 26439398753
-28.559999 23.607500 12.740000 26439423830
-22.172501 24.027500 22.085001 26439448756
-13.370000 18.620001 17.010000 26439473746
-1.575000 16.852501 14.805000 26439498758
0.647500 22.610001 22.662500 26439523776
-1.907500 27.037500 35.017502 26439548755
6.492500 26.162500 25.987499 26439573733
16.660000 54.022499 32.777500 26439598751
32.619999 76.772499 39.025002 26439623809
43.102501 75.372498 25.795000 26439648753
45.849998 52.779999 21.682501 26439673748
38.255001 33.320000 18.007500 26439698756
23.117500 6.580000 9.030000 26439723778
-2.327500 -17.115000 1.067500 26439748755
-15.435000 -25.165001 -1.015000 26439773755
-23.590000 -21.735001 4.130000 26439798747
-28.857500 -16.940001 7.507500 26439823786
-37.869999 -7.052500 11.760000 26439848750
-49.332500 -6.737500 14.227500 26439873767
-58.660000 -9.415000 11.112500 26439898754
-62.615002 -11.567500 19.915001 26439923781
-75.862503 -18.094999 14.647500 26439948748
-87.465004 -24.920000 -14.280000 26439973749
-98.787498 -29.434999 -58.502499 26439998747
-62.965000 -35.892502 -74.882500 26440023827
-26.652500 -28.437500 -66.955002 26440048748
-2.887500 -3.237500 -8.522500 26440073756
-2.170000 -4.620000 5.495000 26440098764
-4.952500 -26.162500 11.252500 26440123779
-0.472500 -23.555000 11.287500 26440148763
-0.192500 -2.380000 -0.192500 26440173761
-0.595000 -10.447500 0.350000 26440198759
-3.622500 -14.525000 0.962500 26440223810
0.525000 -8.592500 -3.640000 26440249276
0.210000 -10.062500 -5.215000 26440273762
-2.940000 -1.260000 -2.975000 26440298753
0.857500 1.592500 1.575000 26440323771
-2.450000 -5.285000 4.515000 26440348760
5.215000 -10.115000 2.380000 26440373750
4.987500 -8.557500 3.832500 26440398746
5.827500 -6.072500 4.147500 26440423774
7.997500 -3.552500 1.890000 26440448763
3.150000 -7.752500 3.010000 26440473767
1.365000 -6.177500 1.732500 26440498772
3.255000 -4.760000 0.472500 26440523764
2.205000 -8.312500 9.502500 26440548761
1.540000 -5.075000 13.090000 26440575926
-0.962500 -7.245000 9.607500 26440598768
4.637500 -5.862500 4.042500 26440623769
-1.015000 -3.622500 -5.670000 26440648779
-3.027500 -11.567500 -4.095000 26440673765
-2.817500 -10.062500 5.162500 26440698771
-2.695000 -12.145000 8.505000 26440723766
-1.592500 -4.165000 -14.752501 26440748769
-11.025000 -9.852500 -12.932500 26440773764
-18.462500 -5.600000 -21.192499 26440798796
-15.242500 -6.492500 -31.272501 26440823779
-3.850000 -1.102500 -33.075001 26440848847
0.420000 -8.137500 -21.052500 26440873746
5.687500 -9.520000 -14.542500 26440898790
5.057500 -14.490000 -9.800000 26440923763
5.355000 -21.735001 13.755000 26440948810
1.977500 -20.912500 24.272501 26440973746
-3.815000 -18.059999 19.250000 26440998709
-8.942500 -22.662500 25.900000 26441023776
-12.162500 -35.035000 28.682501 26441048702
-5.757500 -27.387501 21.000000 26441073750
-2.975000 -22.750000 19.127501 26441098703
-6.212500 -18.620001 19.162500 26441123780
-6.720000 -34.352501 20.352501 26441148701
6.335000 -53.462502 23.309999 26441173752
1.890000 -52.272499 29.732500 26441198710
3.657500 -11.497500 11.252500 26441223777
-13.597500 11.340000 2.940000 26441248744
-13.370000 3.622500 1.662500 26441273763
-2.485000 -1.767500 4.690000 26441298754
-1.627500 3.255000 2.922500 26441323780
-3.132500 4.182500 2.730000 26441348749
-7.122500 4.707500 4.480000 26441373749
-7.612500 6.510000 4.847500 26441398750
-7.560000 31.290001 12.180000 26441423784
-7.945000 14.787500 8.242500 26441448748
-7.857500 17.605000 11.217500 26441473752
-3.290000 24.955000 16.660000 26441498741
-1.540000 22.802500 21.472500 26441523778
-0.735000 4.532500 22.977501 26441548755
-3.027500 2.222500 21.315001 26441573752
-2.975000 6.405000 9.520000 26441598744
0.542500 -8.435000 -0.560000 26441623774
-2.537500 -6.072500 6.475000 26441648745
0.892500 -0.507500 7.997500 26441673747
-1.085000 -2.327500 6.720000 26441698744
1.697500 -17.797501 4.340000 26441723774
-1.942500 -2.380000 16.660000 26441748745
-0.192500 -3.815000 1.417500 26441773743
-5.477500 -3.150000 -1.662500 26441798744
1.190000 12.740000 -5.057500 26441823763
20.545000 8.522500 -5.355000 26441848745
14.402500 -8.575000 -3.167500 26441873756
6.510000 -0.857500 0.420000 26441898745
8.032500 -10.780000 4.077500 26441923794
4.165000 -14.700000 2.625000 26441948758
-3.062500 2.450000 0.927500 26441973759
-3.255000 6.615000 4.672500 26441998764
-2.152500 6.037500 2.642500 26442023796
-0.140000 8.540000 -0.052500 26442048751
1.120000 5.827500 -1.960000 26442073753
1.312500 -6.860000 1.820000 26442098749
12.547500 -16.397501 0.350000 26442123775
3.202500 -18.742500 -4.567500 26442148748
0.332500 -28.962500 -3.185000 26442173747
0.245000 -34.685001 -5.197500 26442198748
0.735000 -11.585000 -1.365000 26442223780
3.762500 -14.035000 1.750000 26442248752
2.957500 -15.522500 2.747500 26442273751
2.047500 -14.472500 0.665000 26442298750
8.592500 -12.897500 2.100000 26442323774
11.025000 -8.330000 -9.380000 26442348753
9.047500 -7.892500 -14.157500 26442373756
9.765000 -16.940001 -14.297500 26442398754
12.652500 -9.660000 -12.792500 26442423782
10.360000 -10.902500 -8.330000 26442448767
7.805000 -10.342500 -7.805000 26442473747
2.485000 -9.590000 -6.615000 26442498750
-0.577500 -14.665000 -5.670000 26442523766
-0.840000 -19.582500 -8.592500 26442548756
