2.160000 0.720000 2.640000 26436311710
1.860000 0.300000 2.340000 26436336910
2.100000 0.300000 2.460000 26436361836
2.100000 0.300000 2.220000 26436386693
2.100000 0.300000 2.820000 26436412017
1.920000 0.360000 2.640000 26436437432
1.980000 0.420000 2.700000 26436461702
1.920000 0.480000 2.640000 26436486903
2.280000 0.360000 2.400000 26436511928
1.980000 0.420000 2.820000 26436536787
2.100000 0.300000 2.460000 26436561692
2.280000 0.360000 2.520000 26436586977
2.160000 0.480000 2.160000 26436612219
1.980000 0.180000 2.460000 26436637497
2.160000 0.360000 2.640000 26436661707
2.220000 0.180000 2.580000 26436686707
2.220000 0.180000 2.700000 26436711926
1.860000 0.540000 2.820000 26436736709
2.100000 0.660000 2.580000 26436761707
1.980000 0.180000 2.580000 26436786702
2.340000 0.300000 2.700000 26436811910
2.340000 0.300000 2.700000 26436836699
1.800000 0.480000 3.120000 26436861968
2.100000 0.660000 2.820000 26436886701
2.040000 0.720000 2.520000 26436912636
1.980000 0.780000 2.700000 26436936693
2.400000 0.600000 2.280000 26436961695
2.280000 0.360000 2.280000 26436986688
1.920000 0.360000 2.640000 26437012127
2.040000 0.240000 2.640000 26437036698
1.800000 0.240000 2.760000 26437061710
1.620000 0.420000 2.700000 26437086704
1.620000 0.180000 3.060000 26437112555
1.740000 0.420000 2.700000 26437136705
1.140000 0.420000 3.180000 26437161929
1.440000 0.120000 3.360000 26437186678
1.260000 0.180000 3.300000 26437211949
1.200000 0.240000 3.360000 26437236805
1.140000 0.420000 3.780000 26437261970
1.080000 0.120000 3.840000 26437286808
1.320000 -0.120000 3.720000 26437312651
0.900000 0.060000 3.540000 26437341566
1.200000 0.480000 4.080000 26437361708
1.260000 0.420000 4.500000 26437386836
0.900000 0.060000 4.740000 26437412160
1.020000 -0.060000 4.620000 26437436847
1.140000 0.060000 4.860000 26437461719
0.900000 0.060000 4.740000 26437486829
0.600000 0.060000 4.800000 26437512585
0.780000 0.180000 5.220000 26437536831
0.600000 0.180000 5.520000 26437561694
0.600000 0.240000 5.280000 26437586825
0.360000 0.120000 5.520000 26437618467
0.120000 0.360000 5.160000 26437636858
0.420000 0.660000 5.220000 26437661703
0.420000 0.720000 5.400000 26437686821
-0.300000 1.020000 5.700000 26437711936
-0.600000 0.840000 6.120000 26437736844
-0.540000 1.140000 5.940000 26437761707
-0.960000 1.080000 6.000000 26437786797
-1.200000 1.440000 6.240000 26437811933
-1.380000 1.740000 6.180000 26437836712
-1.320000 1.920000 6.600000 26437861704
-1.560000 2.280000 6.360000 26437886706
-1.860000 2.220000 6.060000 26437911922
-2.100000 2.460000 6.060000 26437936708
-2.340000 2.820000 6.300000 26437961713
-2.700000 3.420000 6.180000 26437986701
-2.640000 3.840000 6.120000 26438011948
-2.760000 4.200000 5.880000 26438036715
-2.880000 4.320000 5.880000 26438062011
-3.180000 4.500000 5.580000 26438086715
-3.180000 4.620000 5.820000 26438111914
-3.420000 5.100000 5.580000 26438137800
-3.360000 4.920000 6.000000 26438161702
-3.180000 5.460000 6.060000 26438186706
-2.940000 5.820000 5.940000 26438211659
-3.420000 6.060000 5.700000 26438236702
-3.240000 6.240000 5.640000 26438261745
-3.120000 6.240000 5.760000 26438286687
-3.420000 6.420000 5.820000 26438311948
-3.060000 6.300000 5.940000 26438336707
-3.180000 6.420000 5.940000 26438361660
-3.120000 6.720000 5.760000 26438386705
-3.300000 6.660000 6.300000 26438411918
-3.300000 7.140000 6.180000 26438436658
-3.480000 6.840000 6.000000 26438461714
-3.120000 7.440000 5.640000 26438486707
-3.120000 7.560000 5.640000 26438511912
-3.360000 8.040000 5.160000 26438536716
-3.120000 7.920000 5.520000 26438561700
-2.940000 8.220000 5.100000 26438586698
-3.000000 8.160000 5.040000 26438611893
-3.120000 8.280000 5.040000 26438636722
-3.000000 8.160000 5.160000 26438661701
-2.700000 8.460000 4.860000 26438686696
-2.700000 8.460000 4.500000 26438711918
-2.580000 8.820000 4.500000 26438736709
-2.580000 8.700000 4.140000 26438761821
-2.580000 8.820000 4.020000 26438786683
-2.700000 9.179999 3.780000 26438811908
-2.460000 8.700000 4.020000 26438836705
-2.340000 9.179999 3.780000 26438861693
-2.340000 8.820000 3.780000 26438886701
-2.520000 9.120000 3.480000 26438911928
-2.100000 8.940000 3.660000 26438936713
-2.640000 9.360000 3.600000 26438961700
-2.340000 9.179999 3.780000 26438986695
-2.580000 8.820000 3.900000 26439011935
-2.460000 8.700000 3.900000 26439036713
-2.280000 8.880000 3.840000 26439061694
-2.760000 8.639999 3.840000 26439086715
-2.400000 9.000000 3.600000 26439111914
-2.760000 9.000000 3.840000 26439136703
-2.640000 9.120000 3.840000 26439161698
-2.520000 8.880000 4.080000 26439186708
-2.460000 9.179999 4.140000 26439211910
-2.280000 9.480000 3.960000 26439236705
-2.760000 9.240000 4.200000 26439261698
-2.460000 9.420000 4.260000 26439286710
-2.280000 9.240000 4.320000 26439311914
-2.520000 9.120000 4.440000 26439336835
-2.460000 9.420000 4.740000 26439361731
-2.340000 9.179999 4.860000 26439386714
-2.580000 9.420000 4.740000 26439411954
-2.460000 9.300000 4.860000 26439436707
-2.580000 9.540000 4.620000 26439461736
-2.280000 9.599999 4.440000 26439486717
-2.340000 9.660000 4.620000 26439511936
-2.220000 9.540000 4.620000 26439536720
-2.280000 9.480000 4.080000 26439561713
-2.160000 9.599999 4.200000 26439586694
-2.100000 9.660000 4.260000 26439611943
-1.980000 9.780000 3.900000 26439636701
-1.980000 10.020000 3.300000 26439661698
-1.620000 10.020000 3.420000 26439686710
-1.680000 9.840000 3.360000 26439711921
-1.920000 9.840000 3.240000 26439736710
-2.040000 9.719999 3.240000 26439761702
-1.980000 10.020000 3.180000 26439786699
-1.620000 10.020000 3.420000 26439811915
-1.680000 10.200000 3.600000 26439836706
-1.380000 9.780000 3.780000 26439861709
-1.800000 10.320000 3.720000 26439886732
-1.740000 10.260000 3.900000 26439911918
-1.500000 10.380000 3.900000 26439936705
-1.560000 10.200000 4.320000 26439961706
-1.740000 10.020000 4.740000 26439986700
-1.680000 10.440000 4.440000 26440011962
-1.980000 10.139999 4.620000 26440036728
-2.160000 10.200000 4.440000 26440061700
-2.100000 10.260000 4.620000 26440086721
-1.920000 9.960000 4.920000 26440111928
-1.920000 9.719999 4.920000 26440136709
-2.340000 10.020000 4.980000 26440161698
-1.800000 10.080000 4.680000 26440186718
-2.220000 9.900000 4.620000 26440211904
-1.860000 10.020000 4.980000 26440236707
-2.100000 10.260000 4.740000 26440261697
-1.980000 10.139999 4.620000 26440286715
-2.040000 10.080000 4.680000 26440311925
-1.800000 10.200000 4.560000 26440336729
-1.980000 10.020000 4.860000 26440361713
-2.100000 10.020000 5.220000 26440386706
-2.400000 10.080000 4.800000 26440411963
-2.040000 10.080000 4.800000 26440436701
-2.040000 10.080000 4.800000 26440461769
-2.040000 10.080000 4.920000 26440486753
-2.340000 10.020000 4.860000 26440512523
-1.980000 10.020000 4.980000 26440536749
-1.920000 9.960000 4.800000 26440561684
-1.860000 10.020000 4.620000 26440586667
-2.040000 9.960000 5.040000 26440612201
-1.800000 9.960000 4.800000 26440636712
-1.860000 10.139999 4.860000 26440661706
-1.800000 10.080000 4.800000 26440686761
-2.100000 10.020000 4.980000 26440712539
-2.040000 10.080000 4.920000 26440736753
-2.460000 10.139999 4.740000 26440761754
-2.040000 10.200000 4.920000 26440786709
-1.920000 10.080000 5.040000 26440811961
-1.500000 9.900000 4.980000 26440836711
-2.160000 10.200000 4.920000 26440861685
-2.220000 9.900000 5.100000 26440886703
-2.340000 9.780000 5.220000 26440911897
-2.040000 9.599999 5.040000 26440936708
-1.980000 10.260000 5.100000 26440961698
-2.100000 9.900000 5.100000 26440986694
-2.040000 9.840000 5.040000 26441011914
-1.920000 9.960000 5.040000 26441036698
-1.680000 9.960000 5.160000 26441061699
-2.100000 9.900000 5.100000 26441086689
-1.980000 10.380000 5.580000 26441111902
-1.860000 9.900000 5.220000 26441136704
-1.860000 10.260000 5.580000 26441161682
-1.740000 10.139999 5.580000 26441186706
-1.680000 10.440000 5.400000 26441211688
-1.800000 10.559999 5.760000 26441236696
-1.680000 10.320000 5.520000 26441261710
-1.740000 10.380000 5.700000 26441286717
-2.100000 10.380000 5.340000 26441311911
-1.440000 10.440000 5.640000 26441336714
-1.680000 10.440000 5.640000 26441361689
-1.620000 10.139999 5.340000 26441386695
-1.620000 10.620000 5.580000 26441411912
-1.800000 10.559999 5.280000 26441436712
-1.740000 10.500000 5.460000 26441461691
-1.620000 10.740000 5.460000 26441486707
-1.500000 10.260000 5.460000 26441511916
-1.860000 10.020000 5.220000 26441536708
-1.140000 10.500000 5.340000 26441561688
-1.200000 10.559999 5.040000 26441586701
-1.440000 10.679999 5.040000 26441611883
-1.320000 10.920000 5.280000 26441636709
-1.680000 10.559999 5.280000 26441661684
-1.440000 10.679999 4.920000 26441686700
-1.560000 10.559999 5.160000 26441711883
-1.140000 10.740000 5.220000 26441736711
-1.260000 10.620000 4.860000 26441761683
-1.440000 11.040000 5.040000 26441786720
-1.320000 10.920000 5.040000 26441811891
-1.200000 10.679999 5.040000 26441836707
-1.380000 10.860000 4.860000 26441861683
-1.200000 10.800000 5.040000 26441886691
-1.560000 10.920000 5.160000 26441912012
-1.260000 10.380000 5.100000 26441936743
-1.440000 10.920000 4.920000 26441961699
-1.440000 10.920000 4.920000 26441986722
-1.260000 10.740000 5.220000 26442011952
-1.500000 10.980000 5.100000 26442036720
-1.200000 10.559999 4.680000 26442061706
-1.440000 11.040000 4.680000 26442086713
-1.440000 10.440000 4.800000 26442111910
-1.440000 10.679999 5.040000 26442136702
-1.440000 11.040000 5.040000 26442161687
-1.320000 10.800000 4.920000 26442186697
-1.380000 10.860000 5.460000 26442211893
-1.500000 10.740000 5.100000 26442236700
-1.500000 10.740000 5.100000 26442261668
-1.260000 10.500000 4.980000 26442286700
-1.740000 10.620000 5.100000 26442311967
-1.380000 10.620000 5.100000 26442336714
-1.740000 10.860000 4.860000 26442361802
-1.440000 10.920000 4.800000 26442386689
-1.560000 10.920000 5.280000 26442412042
-1.800000 10.679999 4.800000 26442436698
-1.800000 10.679999 4.920000 26442461801
-1.740000 10.860000 4.860000 26442486709
-1.620000 10.620000 4.980000 26442511891
-1.620000 10.380000 4.620000 26442536701
