12.425000 -3.850000 -2.222500 29069820123
12.425000 -1.557500 -2.782500 29069845120
7.682500 2.117500 -3.202500 29069870097
-0.840000 3.377500 -0.437500 29069895091
-0.542500 -2.817500 -1.225000 29069920126
9.502500 -2.782500 1.330000 29069945124
6.387500 -1.155000 6.055000 29069970123
2.485000 0.157500 7.612500 29069995125
-0.052500 1.190000 6.370000 29070020211
-3.570000 0.770000 5.005000 29070045206
-5.215000 0.175000 3.762500 29070070212
-3.500000 2.152500 6.510000 29070095208
-6.597500 -2.205000 3.902500 29070120255
-3.937500 -1.837500 2.607500 29070145253
-3.395000 0.717500 6.422500 29070170253
-4.672500 -4.637500 4.725000 29070195253
-1.400000 -3.447500 2.292500 29070220319
-3.552500 -1.295000 1.452500 29070245317
-6.107500 -6.177500 -0.700000 29070270317
-5.477500 0.420000 2.800000 29070295316
-15.120000 4.340000 4.847500 29070320467
-20.160000 -1.942500 1.085000 29070345464
-14.927500 -3.850000 -0.350000 29070370462
-18.305000 -6.947500 0.052500 29070395465
-21.385000 -10.482500 -3.780000 29070420468
-13.230000 -7.525000 -2.082500 29070445463
-13.457500 -4.812500 0.490000 29070470463
-14.280000 -1.452500 5.040000 29070495465
-19.897501 -1.715000 4.165000 29070520466
-25.532499 -2.642500 2.975000 29070545467
-33.687500 -9.502500 2.730000 29070570463
-34.737499 -11.777500 -0.612500 29070595467
-35.892502 -5.197500 3.762500 29070620471
-58.292500 2.975000 6.737500 29070645464
-63.279999 -0.822500 3.430000 29070670462
-55.825001 -8.330000 -0.280000 29070695466
-52.412498 -11.042500 -0.770000 29070720466
-50.470001 -8.680000 -3.990000 29070745462
-50.382500 -4.252500 0.280000 29070770465
-54.145000 -5.005000 -0.735000 29070795464
-47.005001 -12.215000 -3.990000 29070820461
-50.365002 -11.550000 -1.155000 29070845463
-60.812500 -14.945000 -9.835000 29070870464
-67.830002 -19.127501 -10.482500 29070895466
-64.732498 -6.545000 1.277500 29070920463
-64.504997 9.187500 5.582500 29070945461
-73.919998 18.707500 1.137500 29070970471
-85.137497 19.862499 -6.090000 29070995466
-92.680000 13.982500 4.725000 29071020494
-89.775002 18.147501 11.602500 29071045461
-86.327499 7.262500 -3.587500 29071070461
-83.474998 6.842500 -4.252500 29071095466
-83.702499 8.207500 -1.662500 29071120462
-84.332497 14.595000 4.812500 29071145458
-98.437500 12.705000 5.512500 29071170468
-107.152504 8.575000 5.897500 29071195466
-102.724998 17.552500 6.002500 29071220462
-98.315002 10.640000 -8.960000 29071245464
-105.209999 19.879999 1.732500 29071270465
-120.190002 30.170000 19.180000 29071295465
-113.417503 21.542500 23.205000 29071320461
-102.970001 13.457500 15.470000 29071345462
-84.910004 10.430000 12.145000 29071370461
-81.584999 9.887500 18.934999 29071395466
-89.459999 15.050000 16.292500 29071420464
-92.540001 20.982500 9.992500 29071445460
-91.017502 2.502500 6.002500 29071470462
-89.687500 3.955000 5.617500 29071495467
-91.419998 22.085001 6.002500 29071520481
-92.172501 30.257500 12.425000 29071545459
-107.555000 17.342501 -2.345000 29071570463
-116.847504 20.020000 -7.000000 29071595465
-131.985001 11.410000 -7.910000 29071620467
-124.092499 6.020000 -8.540000 29071645460
-109.760002 7.962500 4.007500 29071670467
-92.767502 10.727500 7.192500 29071695466
-91.455002 1.505000 -10.797500 29071720463
-85.504997 1.452500 -8.697500 29071745462
-78.697502 1.365000 -0.840000 29071770462
-82.127502 5.372500 7.280000 29071795468
-101.272499 6.142500 5.180000 29071820466
-108.709999 0.560000 -5.687500 29071845461
-116.410004 -5.530000 -9.205000 29071870463
-125.895004 -2.712500 -14.892500 29071895466
-133.962494 -2.047500 -0.822500 29071920464
-140.839996 -10.535000 -1.102500 29071945460
-142.169998 -7.682500 -12.267500 29071970468
-140.927505 6.387500 -0.525000 29071995473
-134.680008 7.700000 4.462500 29072020462
-118.754997 -3.150000 -21.875000 29072045464
-96.215004 -1.697500 -24.552500 29072070544
-89.372498 13.055000 -10.692500 29072095469
-78.032501 2.345000 7.192500 29072120462
-87.675003 -4.637500 1.785000 29072145460
-95.445000 -8.557500 -4.602500 29072170464
-83.965004 -13.142500 -8.872500 29072195468
-63.752499 -12.355000 12.967500 29072220463
-61.880001 -13.195000 28.910000 29072245461
-88.602501 -7.630000 6.702500 29072270467
-92.872498 -9.292500 4.970000 29072295467
-88.462502 -0.315000 12.617500 29072320470
-83.754997 -0.087500 5.530000 29072345461
-87.044998 -5.792500 2.065000 29072370463
-108.797501 -1.767500 -12.145000 29072395465
-123.724998 6.755000 -16.082500 29072420467
-129.815002 9.222500 12.005000 29072445463
-122.360001 4.882500 9.642500 29072470468
-113.645004 12.670000 -3.832500 29072495466
-109.602501 1.400000 -23.817499 29072520465
-116.095001 -0.665000 -42.455002 29072545466
-112.525002 -2.590000 -53.182499 29072570524
-97.387497 24.797501 -54.110001 29072595467
-78.557503 6.877500 -48.387501 29072620470
-62.369999 2.450000 -39.865002 29072645466
-36.347500 6.352500 -32.112499 29072670465
-12.267500 -0.682500 -13.650000 29072695465
-2.450000 8.645000 -12.652500 29072720470
0.367500 6.737500 -14.472500 29072745464
21.350000 -30.380001 5.862500 29072770468
-12.442500 -7.612500 -2.782500 29072795469
0.227500 0.367500 -11.060000 29072820468
19.862499 -15.557500 4.410000 29072845462
-2.625000 -22.172501 6.755000 29072870467
-15.207500 -17.797501 -2.485000 29072895466
-11.375000 -12.442500 -3.062500 29072920473
-15.890000 -16.905001 1.225000 29072945463
-8.400000 -10.220000 -0.035000 29072970471
6.807500 -5.652500 1.242500 29072995471
-11.602500 -20.772501 13.702500 29073020466
-33.197498 -18.567499 9.222500 29073045454
-29.207500 -4.095000 4.795000 29073070464
-3.237500 7.822500 3.850000 29073095465
6.282500 10.115000 2.170000 29073120468
11.655000 0.437500 1.610000 29073145462
9.362500 8.120000 3.657500 29073170463
17.447500 9.992500 2.362500 29073195470
24.080000 9.065000 6.265000 29073220464
28.297501 5.442500 4.217500 29073245469
29.522501 25.042500 -0.752500 29073270465
40.232502 17.010000 8.067500 29073295466
37.310001 6.982500 7.770000 29073320465
28.787500 6.615000 1.347500 29073345463
15.347500 -0.770000 -6.895000 29073370462
9.992500 -6.212500 -4.655000 29073395464
3.885000 6.142500 -2.940000 29073420469
14.157500 10.657500 -4.077500 29073445462
15.347500 7.175000 -3.220000 29073470468
13.440001 -7.770000 0.787500 29073495466
0.105000 -0.052500 2.345000 29073520470
6.317500 12.915000 0.857500 29073545466
