-6.780000 -4.740000 0.300000 29065610201
-6.120000 -6.240000 4.920000 29069806775
-5.880000 -6.600000 4.920000 29069830437
-5.520000 -6.360000 4.680000 29069855484
-6.180000 -6.420000 4.740000 29069880406
-5.880000 -6.240000 4.800000 29069906224
-5.820000 -6.540000 4.500000 29069930515
-5.280000 -6.480000 4.800000 29069955511
-5.760000 -6.120000 4.800000 29069980514
-5.940000 -6.540000 4.380000 29070006590
-5.700000 -6.300000 4.500000 29070030768
-5.820000 -6.540000 4.620000 29070055834
-5.820000 -6.300000 4.860000 29070080770
-5.760000 -6.480000 4.680000 29070106870
-5.880000 -6.240000 4.800000 29070130930
-5.640000 -6.480000 4.560000 29070155910
-5.760000 -6.480000 4.680000 29070180909
-5.520000 -6.120000 4.680000 29070207333
-5.640000 -6.240000 4.800000 29070231317
-5.760000 -6.600000 4.680000 29070256287
-5.460000 -6.300000 4.860000 29070281218
-5.700000 -6.180000 4.860000 29070308290
-5.760000 -6.240000 4.560000 29070331759
-5.280000 -6.240000 4.920000 29070356885
-5.280000 -6.360000 4.800000 29070381748
-5.820000 -6.420000 4.860000 29070407076
-5.580000 -6.660000 4.980000 29070431766
-5.640000 -6.600000 4.920000 29070456873
-5.640000 -6.240000 4.680000 29070481753
-5.760000 -6.720000 5.040000 29070507074
-5.760000 -6.360000 4.680000 29070531752
-5.220000 -6.540000 4.860000 29070556776
-5.700000 -6.660000 4.860000 29070581751
-5.640000 -6.720000 5.160000 29070606953
-5.580000 -6.780000 4.740000 29070631760
-5.580000 -6.300000 4.860000 29070656749
-5.580000 -6.900000 4.620000 29070681755
-5.280000 -6.840000 4.680000 29070706961
-5.280000 -6.840000 4.680000 29070731755
-5.760000 -6.840000 4.560000 29070756744
-5.820000 -7.020000 4.620000 29070781757
-5.340000 -7.020000 4.500000 29070806972
-5.520000 -6.960000 4.680000 29070831746
-5.580000 -7.260000 4.620000 29070856748
-5.400000 -7.320000 4.440000 29070881748
-5.220000 -7.380000 4.740000 29070906955
-5.700000 -7.380000 4.740000 29070931751
-5.760000 -7.560000 4.440000 29070956738
-5.280000 -7.440000 4.080000 29070981756
-6.060000 -8.099999 4.380000 29071006965
-5.580000 -7.980000 4.140000 29071031850
-5.460000 -7.860000 4.020000 29071056752
-5.340000 -7.980000 4.140000 29071081760
-5.760000 -7.920000 3.840000 29071106947
-5.640000 -8.280000 3.720000 29071131751
-5.460000 -8.099999 3.540000 29071156736
-5.700000 -7.980000 3.660000 29071181759
-5.760000 -7.800000 3.600000 29071206947
-5.700000 -8.580000 3.060000 29071231860
-5.520000 -8.520000 3.000000 29071256755
-5.640000 -8.400000 3.000000 29071281745
-5.820000 -8.460000 2.700000 29071306944
-5.700000 -8.340000 2.580000 29071331772
-5.580000 -8.460000 2.340000 29071356742
-5.940000 -8.580000 2.460000 29071381739
-6.120000 -8.040000 2.160000 29071406953
-5.760000 -8.280000 1.920000 29071431746
-5.700000 -8.340000 1.860000 29071456743
-5.880000 -8.400000 1.920000 29071481744
-6.060000 -8.460000 1.860000 29071506950
-5.880000 -8.520000 1.560000 29071531878
-6.120000 -8.280000 1.560000 29071556745
-5.700000 -8.220000 1.260000 29071581742
-5.760000 -8.280000 1.560000 29071606958
-6.000000 -7.800000 0.960000 29071631760
-5.520000 -7.800000 0.960000 29071656743
-6.120000 -7.800000 0.720000 29071681758
-5.820000 -8.220000 0.660000 29071706954
-5.760000 -8.160000 0.720000 29071731744
-5.700000 -7.740000 0.300000 29071756744
-6.000000 -7.920000 0.600000 29071781745
-5.700000 -7.500000 -0.060000 29071806966
-5.940000 -7.380000 0.060000 29071831766
-5.940000 -7.740000 0.180000 29071856770
-6.000000 -7.200000 0.240000 29071881746
-5.940000 -7.500000 0.060000 29071906942
-6.120000 -7.320000 -0.120000 29071931745
-5.880000 -7.320000 -0.120000 29071956747
-5.820000 -7.140000 -0.180000 29071981875
-5.700000 -6.540000 -0.420000 29072006991
-5.880000 -6.840000 -0.360000 29072031754
-6.000000 -6.720000 -0.360000 29072056744
-5.940000 -6.780000 -0.540000 29072081867
-5.940000 -6.540000 -0.660000 29072106950
-6.000000 -6.480000 -0.720000 29072131767
-6.300000 -6.300000 -0.660000 29072156735
-6.300000 -6.180000 -0.780000 29072181737
-6.120000 -6.000000 -0.600000 29072206947
-6.000000 -5.520000 -0.240000 29072231905
-6.000000 -5.880000 -0.720000 29072256742
-6.060000 -5.820000 -0.420000 29072281754
-5.940000 -5.340000 -0.420000 29072306967
-6.240000 -5.400000 -0.480000 29072331763
-6.480000 -5.160000 -0.600000 29072356751
-6.360000 -5.040000 -0.480000 29072381772
-6.480000 -4.680000 -0.600000 29072406950
-6.120000 -4.800000 -0.600000 29072431756
-6.180000 -4.500000 -0.180000 29072456747
-6.120000 -4.680000 -0.360000 29072481756
-6.060000 -4.620000 -0.420000 29072506959
-6.300000 -4.380000 -0.300000 29072531752
-6.180000 -4.380000 -0.180000 29072556754
-6.360000 -4.440000 -0.360000 29072582401
-6.480000 -4.560000 -0.360000 29072606959
-6.420000 -4.380000 -0.180000 29072631752
-6.060000 -4.380000 -0.300000 29072656765
-6.240000 -4.800000 0.120000 29072681739
-6.540000 -4.860000 -0.300000 29072706943
-6.600000 -4.560000 -0.360000 29072731746
-6.420000 -4.980000 -0.180000 29072756740
-6.300000 -4.380000 -0.300000 29072781752
-6.060000 -4.860000 -0.060000 29072806947
-6.300000 -4.500000 -0.180000 29072831749
-6.480000 -4.800000 0.120000 29072856790
-6.360000 -4.680000 -0.480000 29072881751
-6.240000 -4.800000 -0.480000 29072906971
-6.480000 -4.680000 -0.120000 29072931759
-6.420000 -4.740000 0.420000 29072956740
-6.360000 -4.800000 0.120000 29072981749
-6.300000 -5.100000 0.180000 29073007009
-6.720000 -4.680000 0.360000 29073031755
-6.420000 -4.500000 0.420000 29073056761
-6.240000 -4.200000 0.120000 29073081743
-6.300000 -4.260000 0.060000 29073106942
-6.480000 -4.680000 0.360000 29073131761
-6.540000 -4.380000 -0.060000 29073156746
-6.480000 -4.440000 0.360000 29073181764
-6.540000 -4.860000 -0.060000 29073206955
-6.600000 -4.680000 0.360000 29073231741
-6.480000 -4.800000 -0.120000 29073256750
-6.060000 -4.740000 0.180000 29073281742
-6.420000 -4.620000 -0.300000 29073306949
-6.420000 -4.620000 -0.180000 29073331750
-6.720000 -4.680000 -0.240000 29073356738
-6.360000 -4.560000 -0.240000 29073381733
-6.180000 -4.740000 -0.180000 29073406950
-6.300000 -4.860000 -0.060000 29073431762
-6.060000 -5.100000 0.060000 29073456739
-6.240000 -4.680000 -0.240000 29073481748
-6.360000 -4.680000 -0.240000 29073506941
