-0.431493 0.254973 -10.591184 13341065359
-0.451106 0.205940 -10.581376 13341090355
-0.431493 0.215746 -10.561764 13341115356
-0.362846 0.196133 -10.502923 13341140361
-0.411879 0.186326 -10.522536 13341165346
-0.353039 0.215746 -10.650023 13341190358
-0.353039 0.225553 -10.689250 13341215359
-0.431493 0.284393 -10.738283 13341240364
-0.676659 0.411879 -10.512731 13341265346
-0.529559 0.411879 -10.071430 13341290356
-0.323619 0.706079 -10.061625 13341315359
-0.500139 1.304285 -10.346016 13341340359
-0.421686 1.529838 -10.179304 13341365352
-0.539366 2.020170 -10.071430 13341390354
-0.372653 2.451663 -9.806651 13341415371
-0.254973 3.373488 -9.924331 13341440352
-0.323619 3.952080 -9.679165 13341465354
-0.362846 4.481639 -9.639938 13341490359
-0.343233 4.981779 -9.483032 13341515357
-0.264780 5.844764 -8.982893 13341540349
-0.245166 6.315483 -8.531787 13341565353
-0.353039 6.629296 -8.178747 13341590360
-0.431493 7.011755 -7.688415 13341615358
-0.529559 7.747255 -6.776396 13341640358
-0.578592 8.031648 -6.364516 13341665354
-0.647239 8.404300 -5.903604 13341690358
-0.804145 8.620047 -5.423078 13341715353
-0.725692 9.198639 -4.324733 13341740350
-0.843372 9.541871 -4.158020 13341765359
-0.882599 9.659552 -3.579428 13341790339
-0.912019 9.630132 -3.432328 13341815346
-1.137571 9.639938 -1.971137 13341840339
-1.059118 9.708585 -1.686744 13341865342
-0.921825 9.826264 -1.059118 13341890337
-1.049312 9.924331 -1.049312 13341915343
-1.412158 9.924331 -0.421686 13341940339
-1.265058 9.728198 0.313813 13341965337
-1.304285 9.541871 0.941439 13341990384
-1.323898 9.659552 1.461191 13342015343
-1.451384 9.767425 2.118237 13342040349
-1.912297 9.796844 2.177077 13342065341
-2.108430 9.826264 2.549729 13342090346
-1.980944 9.571292 3.196968 13342115335
-1.833844 9.012313 3.079288 13342140341
-1.951524 9.129992 3.608848 13342165344
-1.971137 9.218252 4.069760 13342190335
-1.608291 8.698500 4.167827 13342215342
-1.755391 8.580820 4.599319 13342240334
-1.824037 8.541594 4.981779 13342265339
-1.853457 8.188554 5.315205 13342290340
-1.627904 7.874741 5.883991 13342315346
-1.637711 7.649189 6.080123 13342340338
-1.510224 7.296148 6.442970 13342365337
-1.421964 7.109822 6.629296 13342390363
-1.255251 6.531229 7.345181 13342415344
-1.186605 6.315483 7.551122 13342440340
-1.157185 5.982057 7.855128 13342465361
-0.980665 5.609405 7.796288 13342490355
-0.912019 5.197526 8.541594 13342515360
-0.862985 4.922939 8.953472 13342540365
-0.608012 4.638546 8.982893 13342565361
-0.608012 4.295313 9.041733 13342590375
-0.313813 3.579428 9.129992 13342615359
-0.166713 3.373488 9.306512 13342640357
-0.127486 3.079288 9.404578 13342665352
-0.147100 2.785089 9.080959 13342690355
-0.117680 2.245723 9.404578 13342715363
-0.068647 2.000557 9.463418 13342740362
-0.049033 1.931910 9.581099 13342765351
-0.225553 1.775004 9.983171 13342790344
-0.490333 1.627904 9.924331 13342815332
-0.676659 1.451384 10.149883 13342840346
-0.558979 1.019892 9.757618 13342865349
-0.353039 0.647239 9.600712 13342890345
-0.451106 0.529559 9.738005 13342915347
-0.392266 0.441299 9.659552 13342940348
-0.284393 0.470719 9.943945 13342965337
-0.451106 0.470719 9.747811 13342990344
-0.196133 0.019613 9.443805 13343015332
-0.186326 -0.156906 9.306512 13343040346
-0.225553 -0.304006 9.659552 13343065335
-0.500139 -0.608012 9.571292 13343090349
-0.480526 -0.568786 9.669358 13343115337
-0.558979 -0.431493 9.855684 13343140348
-0.647239 -0.323619 10.032204 13343165332
-0.794339 -0.500139 9.659552 13343190342
-0.862985 -0.205940 9.816459 13343215332
-0.892405 -0.147100 9.953751 13343240342
-0.941439 -0.147100 9.934137 13343265349
-1.029698 -0.176520 9.806651 13343290349
