-2.760000 -1.200000 5.160000 13341060449
-2.820000 -1.140000 5.340000 13341085305
-2.340000 -0.900000 5.460000 13341110515
-2.580000 -1.140000 5.340000 13341135311
-2.580000 -1.020000 5.100000 13341160436
-2.640000 -1.080000 5.400000 13341185312
-2.400000 -1.320000 5.760000 13341210534
-2.700000 -1.380000 5.580000 13341235304
-2.640000 -1.320000 5.280000 13341260449
-2.640000 -1.560000 5.760000 13341285316
-2.580000 -1.380000 5.820000 13341310507
-2.400000 -1.560000 6.000000 13341335307
-2.820000 -1.620000 6.180000 13341360443
-2.280000 -2.160000 6.120000 13341385313
-2.760000 -2.280000 6.240000 13341410494
-2.460000 -2.700000 6.540000 13341435308
-2.460000 -3.060000 6.540000 13341460441
-2.340000 -3.180000 6.420000 13341485346
-2.640000 -3.600000 7.080000 13341510496
-2.340000 -3.900000 7.140000 13341535310
-2.640000 -4.440000 6.960000 13341560448
-2.460000 -4.980000 7.140000 13341585313
-2.460000 -5.220000 7.740000 13341610508
-2.460000 -5.820000 7.260000 13341635309
-2.340000 -5.940000 7.260000 13341660430
-2.280000 -6.480000 6.960000 13341685304
-2.400000 -6.480000 7.080000 13341710499
-2.280000 -7.200000 7.200000 13341735314
-2.400000 -7.560000 7.320000 13341760454
-2.160000 -7.920000 6.720000 13341785306
-2.460000 -8.340000 6.780000 13341810524
-2.400000 -8.400000 6.480000 13341835313
-2.160000 -8.520000 6.240000 13341860442
-2.340000 -8.940000 6.420000 13341885300
-1.860000 -9.300000 5.940000 13341910509
-2.100000 -9.179999 5.700000 13341935304
-1.980000 -9.540000 5.340000 13341960439
-1.920000 -9.960000 5.400000 13341987454
-1.800000 -10.080000 5.400000 13342010561
-1.860000 -10.020000 4.980000 13342035331
-1.620000 -10.380000 4.740000 13342060454
-1.740000 -10.620000 4.620000 13342085309
-1.800000 -10.559999 4.320000 13342110521
-1.680000 -10.800000 4.320000 13342135306
-1.440000 -10.920000 4.200000 13342160438
-1.680000 -10.800000 4.080000 13342185307
-1.500000 -11.099999 4.020000 13342210506
-1.440000 -10.920000 3.360000 13342235309
-1.860000 -10.860000 3.180000 13342260440
-1.620000 -11.099999 2.940000 13342285312
-1.440000 -11.400000 2.880000 13342310540
-1.620000 -10.980000 2.460000 13342335317
-1.920000 -11.400000 2.400000 13342360445
-1.920000 -11.280000 1.800000 13342385356
-2.100000 -11.340000 1.620000 13342410511
-1.800000 -10.920000 1.680000 13342435295
-1.980000 -11.219999 1.620000 13342460427
-2.040000 -10.920000 1.200000 13342485305
-2.100000 -10.860000 0.900000 13342510521
-2.160000 -10.920000 0.720000 13342535835
-2.280000 -11.040000 0.720000 13342560466
-2.400000 -10.920000 0.240000 13342585348
-2.400000 -11.160000 0.240000 13342610641
-2.400000 -11.040000 0.600000 13342635312
-2.400000 -10.800000 -0.240000 13342660440
-2.160000 -10.920000 -0.240000 13342685302
-2.460000 -10.380000 -0.420000 13342710510
-2.640000 -10.200000 -0.240000 13342735311
-2.280000 -10.559999 -0.720000 13342760441
-2.400000 -10.320000 -0.840000 13342785292
-2.520000 -10.320000 -0.600000 13342810500
-2.460000 -10.260000 -0.900000 13342835294
-2.880000 -10.320000 -1.440000 13342860428
-2.460000 -10.139999 -1.020000 13342885290
-2.400000 -9.960000 -1.200000 13342910479
-2.400000 -9.960000 -1.080000 13342935296
-2.460000 -9.900000 -1.260000 13342960421
-2.460000 -10.020000 -1.620000 13342985285
-2.400000 -9.719999 -1.440000 13343010513
-2.220000 -9.900000 -1.500000 13343035285
-2.640000 -9.719999 -1.440000 13343060426
-2.460000 -9.540000 -1.740000 13343085294
-2.460000 -9.660000 -1.740000 13343110510
-2.400000 -9.719999 -1.560000 13343135293
-2.220000 -9.900000 -1.500000 13343160418
-2.280000 -9.599999 -1.440000 13343185307
-2.400000 -9.480000 -1.800000 13343210493
-2.340000 -10.139999 -1.740000 13343235287
-2.460000 -9.900000 -1.260000 13343260431
-2.580000 -10.020000 -1.740000 13343285290
