0.000000 13341065359
0.000000 13341090355
0.000000 13341115356
0.000000 13341140361
0.000000 13341165346
0.000000 13341190358
0.000000 13341215359
0.000000 13341240364
0.000000 13341265346
0.000000 13341290356
0.000000 13341315359
0.000000 13341340359
0.000000 13341365352
0.000000 13341390354
0.000000 13341415371
0.000000 13341440352
0.000000 13341465354
0.000000 13341490359
0.000000 13341515357
0.000000 13341540349
0.000000 13341565353
0.000000 13341590360
0.000000 13341615358
0.000000 13341640358
0.000000 13341665354
0.000000 13341690358
0.000000 13341715353
0.000000 13341740350
0.000000 13341765359
0.000000 13341790339
0.000000 13341815346
0.000000 13341840339
0.000000 13341865342
0.000000 13341890337
0.000000 13341915343
0.000000 13341940339
0.000000 13341965337
0.000000 13341990384
0.000000 13342015343
0.000000 13342040349
0.000000 13342065341
0.000000 13342090346
0.000000 13342115335
0.000000 13342140341
0.000000 13342165344
0.000000 13342190335
0.000000 13342215342
0.000000 13342240334
0.000000 13342265339
0.000000 13342290340
0.000000 13342315346
0.000000 13342340338
0.000000 13342365337
0.000000 13342390363
0.000000 13342415344
0.000000 13342440340
0.000000 13342465361
0.000000 13342490355
0.000000 13342515360
0.000000 13342540365
0.000000 13342565361
0.000000 13342590375
0.000000 13342615359
0.000000 13342640357
0.000000 13342665352
0.000000 13342690355
0.000000 13342715363
0.000000 13342740362
0.000000 13342765351
0.000000 13342790344
0.000000 13342815332
0.000000 13342840346
0.000000 13342865349
0.000000 13342890345
0.000000 13342915347
0.000000 13342940348
0.000000 13342965337
0.000000 13342990344
0.000000 13343015332
0.000000 13343040346
0.000000 13343065335
0.000000 13343090349
0.000000 13343115337
0.000000 13343140348
0.000000 13343165332
0.000000 13343190342
0.000000 13343215332
0.000000 13343240342
0.000000 13343265349
0.000000 13343290349
