0.156906 -0.411879 -10.238144 30559865287
0.137293 -0.411879 -10.453890 30559888913
0.117680 -0.421686 -10.610797 30559913913
0.058840 -0.411879 -10.640217 30559938909
0.078453 -0.372653 -10.444084 30559963911
0.068647 -0.392266 -10.434277 30559988904
0.078453 -0.402073 -10.395051 30560013996
0.058840 -0.353039 -10.542150 30560038997
0.039227 -0.402073 -10.659830 30560063995
0.049033 -0.441299 -10.659830 30560088992
0.078453 -0.480526 -10.689250 30560114234
0.117680 -0.451106 -10.738283 30560139235
0.166713 -0.470719 -10.728477 30560164232
0.156906 -0.431493 -10.757896 30560189208
0.078453 -0.372653 -10.757896 30560214218
0.078453 -0.372653 -10.797122 30560239238
0.068647 -0.362846 -10.806930 30560264227
0.107873 -0.284393 -10.787316 30560289208
0.078453 -0.264780 -10.640217 30560314219
0.029420 -0.215746 -10.699056 30560339236
-0.009807 -0.147100 -10.718670 30560364234
0.049033 -0.117680 -10.728477 30560389200
0.039227 -0.068647 -10.787316 30560414406
-0.147100 0.098067 -10.875576 30560439234
-0.156906 0.029420 -10.934416 30560464222
-0.274586 0.147100 -10.738283 30560489208
-0.107873 0.274586 -10.591184 30560514219
0.029420 0.853179 -11.081515 30560539225
0.049033 1.117958 -10.973642 30560564224
0.196133 1.255251 -10.777510 30560589205
0.274586 1.470998 -10.659830 30560614203
0.284393 1.794617 -10.434277 30560639208
0.313813 1.882877 -10.169497 30560664197
0.235360 2.069203 -10.130271 30560689190
0.078453 2.559536 -10.453890 30560714199
0.039227 2.706636 -10.385243 30560739190
0.019613 2.863542 -10.493117 30560764203
-0.029420 3.030255 -10.532343 30560789188
0.019613 3.451941 -10.453890 30560814201
0.019613 3.785367 -10.395051 30560839205
0.078453 3.922661 -10.032204 30560864220
0.107873 4.030534 -9.639938 30560889210
0.029420 4.609126 -9.335932 30560914187
0.058840 4.795453 -9.267285 30560939220
0.098067 4.952359 -9.218252 30560964217
0.176520 5.050425 -9.071153 30560989190
0.068647 5.550564 -8.973086 30561014214
0.078453 5.619211 -8.806373 30561039223
0.049033 5.903604 -8.698500 30561064196
0.019613 6.060511 -8.610240 30561089185
0.127486 6.335097 -8.414106 30561114208
0.068647 6.531229 -8.345461 30561139200
0.049033 6.639102 -8.119907 30561164204
0.117680 6.629296 -7.855128 30561189192
0.088260 7.207889 -7.580542 30561214205
0.137293 7.335375 -7.521701 30561239216
0.235360 7.413828 -7.247115 30561264220
0.333426 7.492281 -6.933302 30561289194
0.205940 7.717835 -6.639102 30561314202
0.362846 7.913968 -6.511616 30561339213
0.480526 8.178747 -6.472390 30561364201
0.480526 8.355267 -5.874184 30561389197
0.470719 8.384687 -5.629018 30561414208
0.362846 8.531787 -5.383852 30561439224
0.411879 8.698500 -5.011199 30561464213
0.509946 8.757339 -4.324733 30561489186
0.529559 8.982893 -4.059954 30561514215
0.529559 9.041733 -3.755947 30561539209
0.617819 9.022120 -3.442135 30561564195
0.725692 9.228059 -2.971415 30561589195
0.755112 9.384965 -2.814509 30561614215
0.853179 9.414385 -2.696829 30561639219
0.892405 9.502645 -2.579149 30561664210
0.823759 9.708585 -2.353596 30561689183
0.902212 9.718391 -2.177077 30561714206
0.862985 9.826264 -1.931910 30561739210
0.813952 9.836071 -1.794617 30561764211
0.912019 9.953751 -1.049312 30561789195
0.931632 9.914525 -0.666852 30561814207
0.931632 9.914525 -0.353039 30561839215
0.872792 9.855684 -0.068647 30561864199
0.912019 9.777231 0.539366 30561889190
0.921825 9.885104 0.666852 30561914223
0.980665 9.787038 0.843372 30561939223
1.019892 9.541871 1.225831 30561964199
0.970859 9.581099 1.725971 30561989204
0.912019 9.502645 2.098624 30562014216
1.068925 9.375159 2.363403 30562039196
1.019892 9.326125 2.716442 30562064210
0.774725 9.218252 3.353875 30562089190
0.735499 8.982893 3.618654 30562114224
0.823759 8.855406 3.834401 30562139202
1.029698 8.767146 4.256087 30562164194
1.117958 8.669080 4.403186 30562189193
0.882599 8.159134 4.873906 30562214207
0.813952 7.825707 5.168105 30562239222
0.755112 8.100294 5.619211 30562264214
0.627626 7.806095 5.913410 30562289182
0.647239 7.384408 6.197803 30562314219
0.608012 6.884269 6.590069 30562339213
0.323619 6.835236 7.237308 30562364587
0.333426 6.756783 7.305955 30562389196
0.304006 6.639102 7.413828 30562414199
0.392266 6.472390 7.443248 30562439211
0.313813 6.080123 7.570735 30562464205
0.431493 6.217417 7.629575 30562489190
0.480526 6.011477 7.639381 30562514210
0.735499 5.707471 7.796288 30562539217
0.686466 4.991585 8.325847 30562564215
0.500139 4.903326 8.610240 30562589190
0.441299 4.785646 8.884827 30562614200
0.431493 4.530673 9.159412 30562639210
0.558979 3.952080 9.012313 30562664203
0.647239 3.814787 9.041733 30562689182
0.657046 3.579428 9.002505 30562714208
0.608012 3.432328 9.041733 30562739209
0.666852 2.902769 9.267285 30562764206
0.509946 2.608569 9.649745 30562789195
0.362846 2.490890 9.904717 30562814201
0.637432 1.980944 10.120463 30562839214
0.696272 2.167270 9.924331 30562864214
0.539366 2.245723 9.688972 30562889193
0.441299 2.079010 9.512452 30562914219
0.500139 2.343790 9.433999 30562939210
0.578592 2.020170 9.443805 30562964208
0.696272 1.676937 9.433999 30562989201
0.755112 1.520031 9.669358 30563014209
0.715886 1.323898 9.571292 30563039200
0.725692 1.382738 9.590905 30563064206
0.843372 1.245445 9.728198 30563089190
0.902212 1.127765 9.855684 30563114219
0.784532 1.196411 9.914525 30563139184
0.715886 1.343511 10.140078 30563164200
0.392266 1.068925 10.149883 30563189194
0.088260 0.882599 10.179304 30563214209
0.186326 1.421964 10.257757 30563239199
0.156906 0.990472 10.051817 30563264207
0.245166 0.539366 10.159691 30563289269
0.539366 0.892405 10.287177 30563314210
0.402073 0.666852 9.934137 30563339216
0.215746 0.608012 10.091044 30563364215
0.117680 0.794339 10.022397 30563389202
0.235360 1.186605 9.885104 30563414198
0.166713 0.970859 9.806651 30563439208
0.598206 0.215746 9.551678 30563464202
1.019892 0.127486 9.639938 30563489190
0.961052 0.411879 9.836071 30563514214
0.568786 0.274586 9.875298 30563539206
0.637432 0.284393 9.924331 30563564203

