7.060789 -3.530394 -7.815901 23218827458
7.158855 -3.422521 -7.737448 23218850909
6.609683 -3.324455 -7.315762 23218884690
6.609683 -3.324455 -7.315762 23218900910
6.668523 -3.373488 -7.551122 23218925938
6.776396 -3.059675 -7.354988 23218960764
6.697943 -3.246001 -7.227501 23218981766
6.629296 -3.520588 -7.325568 23219000938
6.845042 -3.461748 -7.619768 23219025925
7.404021 -3.471555 -7.904161 23219050918
7.462861 -3.275421 -7.394215 23219075915
6.952915 -2.883155 -6.992142 23219100923
7.050982 -3.108708 -6.835236 23219125916
7.305955 -3.255808 -6.835236 23219150925
7.256922 -3.363681 -7.021562 23219175911
7.247115 -3.246001 -7.325568 23219200909
7.394215 -3.246001 -7.227501 23219225943
7.658995 -3.373488 -7.149048 23219257505
7.433442 -3.295035 -7.080402 23219276729
7.286342 -3.383295 -6.962722 23219300959
7.188275 -3.550008 -7.001948 23219326295
7.119628 -3.687301 -7.031369 23219350937
7.256922 -4.128600 -7.237308 23219375919
7.011755 -4.216860 -6.933302 23219400917
7.178468 -3.991307 -6.766589 23219425919
7.315762 -4.432606 -6.746976 23219458193
7.217695 -4.187440 -6.982336 23219476568
7.080402 -4.001114 -7.090209 23219500944
7.001948 -3.961887 -7.178468 23219525916
7.198082 -3.873627 -7.198082 23219550915
7.090209 -4.050147 -7.296148 23219575914
7.188275 -4.001114 -7.237308 23219600915
7.237308 -4.010921 -7.482475 23219625906
7.492281 -4.530673 -6.913689 23219650922
7.286342 -4.520866 -6.913689 23219675917
7.237308 -4.089374 -7.050982 23219700915
6.835236 -4.040340 -7.933581 23219725925
6.845042 -4.687580 -7.168662 23219750936
6.874462 -5.079845 -6.894075 23219775933
6.796009 -4.864099 -6.884269 23219800908
6.452776 -5.246559 -6.815622 23219825917
6.109544 -5.785924 -6.825429 23219850930
6.080123 -5.913410 -7.021562 23219875944
5.923217 -6.011477 -6.845042 23219900914
5.491724 -6.452776 -6.756783 23219925937
5.128879 -6.952915 -6.168384 23219950943
5.089652 -7.472668 -5.736891 23219975942
5.109265 -7.972808 -5.697665 23220000953
5.226945 -8.031648 -6.129157 23220025928
5.070039 -8.345461 -5.952637 23220050901
4.922939 -8.629853 -5.707471 23220075922
4.579706 -9.071153 -5.040619 23220100922
4.373766 -9.639938 -4.226666 23220125938
4.285507 -9.551678 -4.001114 23220150920
4.050147 -9.375159 -4.099180 23220175920
2.873349 -9.698778 -2.608569 23220200923
2.794895 -9.963558 -2.177077 23220225912
3.226388 -10.159691 -1.323898 23220250918
3.903047 -9.747811 -1.470998 23220275919
3.971694 -9.443805 -1.098345 23220300927
3.785367 -9.777231 -0.774725 23220325928
3.657881 -10.179304 -0.823759 23220350931
3.981500 -10.110658 -1.127765 23220375906
4.766033 -9.728198 -1.510224 23220400915
5.030812 -9.796844 -1.019892 23220425906
5.158298 -9.806651 -0.470719 23220450914
5.177912 -9.649745 0.529559 23220475918
5.060232 -9.345738 1.853457 23220500931
5.011199 -8.884827 2.284950 23220525919
5.187718 -8.316040 2.451663 23220550940
5.079845 -7.766868 2.863542 23220575940
5.315205 -7.256922 3.295035 23220601648
5.619211 -6.766589 3.304842 23220625912
5.668244 -6.570456 3.304842 23220650914
5.609405 -4.569900 4.540480 23220696014
5.481918 -4.334540 4.658159 23220725737
5.481918 -4.334540 4.658159 23220726494
4.824872 -2.941995 5.197526 23220755381
4.883712 -2.216303 5.197526 23220778218
4.609126 -1.922104 5.021006 23220800940
4.324733 -1.461191 5.609405 23220825895
4.824872 -0.088260 6.276257 23220850929
4.589513 -0.539366 6.717556 23220875931
4.275700 -0.215746 7.139242 23220900923
4.187440 -0.156906 7.531508 23220925931
3.471555 -0.313813 8.296427 23220950958
2.530116 -0.431493 8.345461 23220975933
2.108430 -0.156906 8.355267 23221000949
2.010364 0.039227 8.649467 23221025951
2.226110 0.686466 8.629853 23221050923
2.304563 0.853179 8.590627 23221075901
2.696829 0.617819 8.316040 23221100924
5.736891 1.274865 10.140078 23221125942
5.168105 0.980665 10.140078 23221150911
4.599319 1.686744 9.885104 23221175910
4.599319 2.255530 9.041733 23221201352
3.883434 2.069203 8.757339 23221225948
3.618654 2.412436 8.894632 23221250967
3.814787 3.138128 9.551678 23221275917
4.275700 3.638267 9.571292 23221300988
3.589234 2.971415 7.149048 23221325984
3.295035 3.059675 7.658995 23221350983
3.265615 3.589234 8.139521 23221375978
2.951802 4.599319 8.276814 23221400988
3.010642 5.079845 9.041733 23221426096
2.696829 5.079845 8.433721 23221451037
2.559536 5.609405 7.698222 23221476034
2.177077 6.080123 8.286621 23221501022
1.618097 6.070317 8.325847 23221526069
1.333705 6.129157 8.610240 23221551061
1.853457 6.423357 8.865212 23221576064
3.079288 6.815622 8.080681 23221601243
3.922661 6.570456 7.570735 23221626131
4.540480 5.982057 7.443248 23221651118
4.687580 6.658716 7.158855 23221676166
4.560093 7.060789 7.109822 23221702004
4.726806 7.462861 6.187996 23221726157
4.138407 8.012034 4.324733 23221751150
2.961608 8.521980 3.020448 23221776148
2.539923 8.698500 2.029977 23221801084
1.892684 8.776953 1.676937 23221826251
0.951245 8.580820 1.745584 23221851245
-0.686466 8.080681 1.735777 23221876253
-1.775004 7.247115 2.706636 23221901263
-2.608569 7.502088 2.912575 23221926266
-3.196968 7.786481 1.931910 23221951255
-3.755947 7.453054 0.813952 23221976281
-4.393380 7.345181 0.529559 23222001249
-5.423078 7.011755 0.882599 23222026265
-7.070595 6.276257 1.098345 23222051263
-7.541315 6.148770 0.715886 23222076275
-7.933581 5.982057 0.264780 23222102454
-8.119907 5.756504 0.009807 23222126273
-8.453333 5.305398 0.176520 23222151266
-8.561207 5.089652 0.509946 23222176290
-8.718113 4.942552 0.549172 23222201278
-8.571013 4.824872 0.598206 23222226270
-8.051261 4.775839 0.755112 23222251265
-7.815901 5.021006 0.823759 23222276291
-7.678608 5.334818 0.951245 23222301274
-7.129435 6.570456 -0.333426 23222326275
-7.041175 7.168662 -0.490333 23222351267
-7.305955 6.796009 0.323619 23222375987
-7.364795 6.746976 0.617819 23222400989
-7.247115 6.237030 0.764919 23222425985
-7.364795 6.119350 0.882599 23222450976
-7.776674 6.344903 0.647239 23222475986
-7.855128 6.237030 1.088538 23222500974
-7.609962 5.972251 1.372931 23222525980
-7.609962 5.825150 1.225831 23222550972
-7.649189 5.785924 1.196411 23222575986
-7.766868 5.805537 1.196411 23222600987
-8.521980 5.707471 1.265058 23222626003
-8.855406 5.599597 1.147378 23222650989
-9.051538 5.501531 0.912019 23222676008
-8.924053 5.148491 0.970859 23222701000
-8.551400 5.070039 1.157185 23222725997
-8.257200 5.119072 1.196411 23222750991
-8.070874 5.207332 1.245445 23222775994
-7.806095 5.393658 1.304285 23222801027
-7.796288 5.462305 1.343511 23222825969
-7.874741 5.570178 1.323898 23222850988
-7.953194 5.589791 1.294478 23222876004
-7.953194 5.727084 1.235638 23222900983
-7.923775 5.766311 1.245445 23222926000
-7.894354 5.923217 1.147378 23222950989
-7.708028 5.923217 1.274865 23222976016
-7.600155 5.893797 1.245445 23223000993
-7.609962 5.952637 1.225831 23223025995
-7.590348 6.040897 1.206218 23223050983
-7.541315 6.119350 1.196411 23223075999
-7.502088 6.138963 1.225831 23223101001
-7.541315 6.109544 1.255251 23223126004
-7.521701 6.178190 1.284671 23223150982
-7.541315 6.266450 1.294478 23223176006
