9.677500 21.612499 -4.130000 23218847448
15.610000 24.797501 0.175000 23218868522
12.547500 12.915000 -0.595000 23218893810
14.700000 3.552500 -1.190000 23218919787
11.567500 6.177500 1.662500 23218943570
14.087500 2.537500 -1.155000 23218982105
13.020000 0.857500 -2.677500 23218993548
10.920000 -2.975000 -4.725000 23219018517
3.167500 7.490000 -4.550000 23219048897
8.575000 17.307501 3.535000 23219068524
10.045000 2.870000 -2.415000 23219094074
11.270000 -7.840000 -3.605000 23219118526
8.400000 -8.802500 -0.770000 23219143506
-0.735000 -10.517500 0.700000 23219168542
-3.622500 -11.462500 -2.590000 23219193545
-2.520000 -9.555000 -5.512500 23219219215
6.737500 -1.732500 -2.765000 23219243595
6.545000 6.335000 0.507500 23219268598
4.900000 4.515000 0.105000 23219293597
5.355000 5.967500 -0.787500 23219318562
6.842500 8.365000 0.140000 23219343536
6.107500 6.702500 -0.455000 23219368553
6.282500 7.175000 -1.015000 23219393574
6.002500 -0.857500 -6.580000 23219418560
9.695000 -16.747499 -10.097500 23219446592
6.230000 -34.317501 -6.965000 23219468553
0.385000 -36.924999 1.662500 23219494858
-4.130000 -29.557501 11.690000 23219518588
-1.592500 -18.900000 19.932501 23219543523
5.950000 -10.605000 28.577499 23219568546
5.250000 -9.362500 33.337502 23219593540
6.160000 -14.840000 21.070000 23219618527
6.667500 -5.985000 16.905001 23219644314
9.590000 -5.722500 21.297501 23219668558
13.142500 0.560000 65.940002 23219693545
15.610000 4.340000 91.157501 23219718555
13.457500 -11.445000 74.760002 23219743572
36.767502 -6.125000 72.590004 23219768891
37.012501 -1.295000 77.105003 23219793521
35.279999 -1.820000 92.050003 23219818545
37.467499 -11.077500 84.052498 23219843534
41.720001 -7.455000 79.362503 23219868515
45.902500 0.857500 75.565002 23219893577
50.172501 1.855000 64.032501 23219918576
52.360001 -6.650000 51.240002 23219943557
52.132500 -3.972500 57.312500 23219968556
57.924999 0.315000 75.425003 23219993542
74.322502 5.740000 84.122498 23220019132
78.855003 15.487500 87.114998 23220043523
72.852501 15.575000 87.324997 23220068523
77.209999 -0.647500 85.032501 23220093536
89.547501 -24.639999 81.199997 23220118537
101.465004 -14.822500 58.450001 23220143532
96.757500 11.165000 39.917500 23220168544
79.205002 32.410000 36.067501 23220193541
42.139999 8.732500 39.707500 23220219266
76.072502 9.152500 26.180000 23220243551
103.110001 14.402500 -13.965000 23220268552
105.962502 27.895000 -59.027500 23220293543
112.980003 18.812500 -66.062500 23220318535
112.139999 13.597500 -82.040001 23220343568
114.607498 16.607500 -96.495003 23220368540
91.507500 26.897501 -79.152504 23220393552
70.875000 43.610001 -61.827499 23220418529
48.090000 56.945000 -61.757500 23220443559
55.212502 73.290001 -70.629997 23220468595
81.025002 69.264999 -98.209999 23220493566
120.190002 66.605003 -116.095001 23220518731
127.680000 63.087502 -122.885002 23220543565
132.597504 89.337502 -114.922501 23220568627
129.272507 82.757500 -130.619995 23220608425
138.862503 72.887497 -122.972504 23220618648
133.227493 83.772499 -120.732498 23220643580
136.500000 83.160004 -130.654999 23220669261
137.759995 73.622498 -139.807495 23220696552
120.697502 61.424999 -143.220001 23220726865
112.752502 60.707500 -145.985001 23220743510
109.882500 50.347500 -142.309998 23220768607
94.622498 62.317501 -124.197502 23220793576
79.309998 53.707500 -122.395004 23220818537
67.025002 36.645000 -119.227501 23220843570
39.427502 55.334999 -93.852501 23220868661
8.487500 67.375000 -91.595001 23220893527
11.130000 62.965000 -84.735001 23220918991
14.927500 62.527500 -75.652504 23220943549
12.407500 36.224998 -70.997498 23220968577
23.240000 24.412500 -48.142502 23220993600
34.545002 9.030000 -33.897499 23221018529
31.097500 -24.535000 -34.387501 23221043552
39.007500 -35.840000 -35.209999 23221068550
29.889999 -69.947502 -23.047501 23221093816
0.962500 5.320000 -59.377499 23221118528
45.884998 8.645000 -85.172501 23221143532
78.434998 -17.447500 -81.375000 23221168529
60.480000 -8.767500 -71.487503 23221193507
43.049999 2.047500 -56.612499 23221218597
35.840000 0.350000 -67.847504 23221243570
38.132500 -1.697500 -77.805000 23221268573
34.597500 -23.292500 -55.369999 23221293549
9.275000 -23.975000 -47.040001 23221318643
15.015000 1.522500 -64.959999 23221343615
48.509998 5.740000 -90.142502 23221368631
79.099998 0.122500 -91.192497 23221393636
71.434998 -9.642500 -93.362503 23221418658
62.107502 -2.730000 -93.362503 23221443715
24.307501 6.790000 -88.882500 23221468732
11.567500 30.572500 -76.492500 23221493724
25.532499 -7.437500 -64.995003 23221518842
37.852501 -63.017502 -59.290001 23221543712
64.260002 -154.244995 -54.424999 23221568762
88.864998 -201.442505 -50.102501 23221593721
76.894997 -224.122498 -46.549999 23221618825
52.552502 -169.434998 -94.535004 23221643734
76.632500 -144.619995 -149.467499 23221668910
132.527496 -169.732498 -172.917496 23221693870
135.274994 -245.367508 -205.134995 23221718896
137.934998 -239.452499 -229.740005 23221743806
116.445000 -182.857498 -240.764999 23221768852
86.695000 -189.787506 -252.927505 23221793848
79.502502 -160.824997 -256.567505 23221818975
69.754997 -126.752502 -249.725006 23221844075
63.244999 -136.324997 -259.035004 23221869043
60.795002 -118.824997 -260.190002 23221894085
52.430000 -106.294998 -232.802505 23221919105
58.799999 -86.625000 -207.602493 23221944050
84.157501 -55.947502 -188.649994 23221969049
57.557499 -56.367500 -189.524994 23221994057
31.325001 -35.892502 -183.294998 23222019103
24.552500 -25.777500 -157.675003 23222044051
36.680000 -28.700001 -140.350006 23222069046
46.724998 -24.010000 -119.175003 23222094029
47.757500 -18.270000 -85.172501 23222119119
28.332500 -19.932501 -67.357498 23222144064
16.135000 -22.942499 -42.735001 23222169060
14.927500 -32.375000 -29.120001 23222194068
17.027500 -28.892500 -18.655001 23222219107
21.787500 -25.760000 -3.605000 23222244067
28.367500 -24.692499 1.102500 23222269061
32.445000 -24.587500 1.925000 23222294066
42.105000 -28.875000 -5.810000 23222319103
39.445000 -16.607500 -4.130000 23222344082
7.315000 -1.592500 11.480000 23222368911
-11.865000 -22.995001 6.580000 23222393626
4.935000 -41.720001 3.167500 23222418632
10.132500 -64.242500 9.450000 23222443642
14.997500 -59.185001 11.252500 23222468625
14.875000 -24.657499 1.995000 23222493627
10.990000 9.117500 -17.307501 23222518635
-9.555000 13.230000 -28.490000 23222543624
-14.595000 9.187500 -34.299999 23222568632
-15.645000 10.010000 -40.320000 23222593631
-14.892500 8.032500 -37.520000 23222618641
-13.527500 -11.252500 -24.272501 23222643651
-6.177500 -13.370000 -10.080000 23222668654
-3.167500 -2.485000 5.267500 23222693650
-3.360000 -3.325000 11.637500 23222718664
0.682500 -4.760000 9.397500 23222743645
1.767500 -3.255000 7.455000 23222768650
0.420000 -4.497500 6.930000 23222793705
-1.452500 -7.140000 7.490000 23222818661
-1.907500 -6.965000 9.852500 23222843656
-2.100000 -8.592500 9.800000 23222868656
-1.137500 -10.062500 8.365000 23222893653
0.490000 -8.365000 8.277500 23222918664
1.680000 -9.432500 8.925000 23222943656
2.870000 -7.052500 10.605000 23222968654
3.395000 -10.062500 8.925000 23222993839
4.340000 -9.485000 5.687500 23223018663
4.917500 -8.890000 5.390000 23223043647
4.007500 -6.825000 7.612500 23223068657
2.677500 -6.142500 7.577500 23223093655
1.540000 -5.600000 5.810000 23223118680
0.542500 -6.090000 4.655000 23223143650
0.420000 -6.562500 3.937500 23223168649
0.630000 -6.055000 3.972500 23223193613
