-0.120000 12.480000 5.760000 23218870952
-0.480000 12.240000 5.400000 23218898186
-0.480000 12.240000 5.520000 23218924470
-0.240000 12.120000 5.640000 23218944993
-0.120000 12.240000 5.160000 23218995494
-0.120000 12.240000 5.160000 23219019559
-0.120000 12.360000 5.640000 23219032809
-0.180000 12.300000 5.700000 23219049323
-0.420000 12.540000 5.580000 23219065438
-0.300000 12.420000 5.700000 23219090170
-0.300000 12.420000 5.220000 23219115817
-0.240000 12.480000 5.280000 23219140296
-0.300000 12.179999 4.980000 23219166031
-0.300000 12.300000 5.340000 23219190182
-0.300000 12.179999 5.340000 23219215194
-0.060000 12.660000 5.460000 23219241230
-0.420000 12.059999 5.340000 23219265266
-0.480000 12.480000 5.040000 23219290872
-0.360000 12.000000 5.400000 23219315290
-0.540000 12.540000 4.980000 23219340703
-0.240000 12.000000 4.920000 23219365307
-0.360000 12.240000 5.040000 23219390395
-0.240000 12.120000 5.040000 23219419095
-0.420000 12.179999 4.620000 23219450975
-0.360000 12.480000 5.040000 23219464095
-0.780000 12.179999 4.860000 23219497534
-0.300000 12.059999 5.100000 23219514385
-0.540000 12.420000 5.340000 23219538271
-0.120000 12.360000 4.920000 23219565251
-0.540000 12.300000 4.980000 23219588885
-0.420000 12.420000 5.100000 23219614494
-0.060000 12.059999 5.220000 23219638683
0.060000 12.420000 5.220000 23219663538
0.180000 12.420000 5.100000 23219688800
-0.180000 12.179999 5.460000 23219713574
0.060000 12.660000 4.980000 23219738819
0.420000 13.020000 4.740000 23219764299
0.480000 12.960000 4.920000 23219788530
0.780000 13.020000 4.500000 23219813063
1.680000 13.080000 4.560000 23219838172
1.260000 13.139999 4.140000 23219863024
1.860000 13.380000 4.380000 23219897081
2.040000 13.080000 3.960000 23219913092
2.340000 13.139999 4.020000 23219938079
2.460000 13.259999 3.780000 23219963142
2.820000 13.259999 3.660000 23219988085
2.700000 13.139999 3.420000 23220013108
2.820000 13.380000 3.300000 23220038118
3.180000 12.900000 2.820000 23220065502
3.480000 12.960000 3.240000 23220088031
3.780000 13.020000 2.700000 23220113037
3.840000 12.840000 2.400000 23220140567
4.200000 12.719999 2.280000 23220165750
4.320000 12.480000 2.280000 23220188698
4.440000 12.480000 2.160000 23220213055
4.320000 12.240000 1.800000 23220239334
4.500000 12.179999 1.980000 23220263031
4.260000 11.940000 1.620000 23220289385
4.560000 11.639999 1.200000 23220313058
4.380000 11.580000 1.260000 23220340748
3.960000 11.639999 0.720000 23220363865
3.780000 11.340000 1.020000 23220388967
3.600000 11.280000 0.480000 23220413797
3.600000 11.160000 0.720000 23220443255
3.840000 10.920000 0.600000 23220464028
3.780000 11.099999 0.420000 23220488687
3.780000 10.980000 0.060000 23220518075
3.960000 10.559999 0.240000 23220538063
4.140000 10.260000 0.300000 23220563978
4.200000 9.960000 0.120000 23220588116
3.780000 10.139999 0.180000 23220613578
4.260000 9.660000 -0.420000 23220638037
4.320000 9.240000 -0.480000 23220664613
4.680000 8.880000 -0.480000 23220701990
4.620000 8.820000 -0.540000 23220732122
4.320000 9.000000 -0.480000 23220746633
4.200000 8.280000 -0.480000 23220769446
4.560000 8.639999 -0.600000 23220797874
4.800000 8.639999 -0.360000 23220813694
4.620000 8.220000 -0.540000 23220839307
5.100000 8.340000 -0.540000 23220864495
5.160000 8.280000 -0.360000 23220892514
4.980000 8.099999 -0.300000 23220914303
5.220000 8.220000 -0.180000 23220938330
5.640000 8.280000 -0.360000 23220963243
5.400000 8.040000 -0.360000 23220988048
5.520000 8.639999 -0.120000 23221013208
5.580000 8.460000 -0.300000 23221038570
5.400000 8.160000 -0.120000 23221063053
5.160000 8.400000 -0.120000 23221088052
4.860000 8.460000 -0.300000 23221113023
5.100000 8.220000 -0.420000 23221138168
4.980000 7.740000 -0.300000 23221163054
5.040000 8.160000 -0.600000 23221188703
4.980000 7.980000 -0.420000 23221213118
5.280000 7.800000 -0.720000 23221238429
5.160000 7.680000 -0.480000 23221263033
4.860000 7.500000 -0.660000 23221288050
4.920000 8.040000 -0.480000 23221313195
5.040000 7.440000 -0.600000 23221338225
4.320000 7.440000 -0.480000 23221363190
5.040000 7.320000 -0.720000 23221388222
4.860000 7.260000 -1.140000 23221413648
5.040000 7.440000 -0.600000 23221438474
4.980000 7.260000 -0.900000 23221463410
4.800000 7.440000 -0.840000 23221488472
4.980000 7.260000 -0.900000 23221513697
4.980000 7.020000 -0.780000 23221543331
4.380000 7.140000 -1.140000 23221563580
4.320000 6.960000 -1.200000 23221588706
3.240000 6.480000 -1.080000 23221614418
2.640000 6.840000 -0.960000 23221641383
2.040000 6.120000 -1.080000 23221665258
1.920000 5.640000 -1.080000 23221688961
1.260000 5.340000 -1.020000 23221713901
0.540000 5.220000 -0.540000 23221738911
0.420000 4.260000 -0.900000 23221763835
0.360000 4.080000 -0.900000 23221788904
0.360000 3.600000 0.120000 23221814325
0.120000 3.360000 0.240000 23221839272
0.540000 2.820000 0.420000 23221864319
0.480000 2.400000 0.960000 23221889531
1.020000 2.220000 1.020000 23221914346
0.960000 1.680000 1.200000 23221939516
1.500000 1.620000 1.380000 23221964485
1.680000 1.200000 1.920000 23221989526
1.980000 1.020000 1.500000 23222014322
2.400000 0.720000 1.680000 23222039520
2.760000 0.720000 1.560000 23222064320
3.120000 0.840000 1.920000 23222089549
3.600000 0.600000 2.160000 23222114350
3.360000 0.480000 1.920000 23222139539
3.540000 0.660000 1.740000 23222164324
3.840000 0.600000 2.040000 23222189517
4.020000 0.420000 2.220000 23222214316
4.020000 0.660000 2.100000 23222239518
3.480000 0.600000 2.280000 23222264324
3.540000 0.420000 2.100000 23222289511
3.480000 0.480000 2.280000 23222314318
4.080000 0.480000 2.400000 23222339539
3.780000 0.300000 2.460000 23222364358
3.420000 0.660000 2.580000 23222388481
3.660000 0.300000 2.460000 23222413482
3.900000 0.660000 2.580000 23222438367
3.300000 0.420000 2.460000 23222463301
3.360000 0.360000 2.640000 23222488373
3.240000 0.480000 2.520000 23222513297
3.540000 0.540000 2.700000 23222538376
3.720000 0.600000 2.640000 23222563291
3.840000 0.600000 2.400000 23222588373
3.420000 0.420000 2.340000 23222613164
3.960000 0.600000 2.400000 23222638331
3.780000 0.420000 2.460000 23222663389
3.900000 0.300000 2.340000 23222688680
3.780000 0.660000 2.340000 23222713230
3.960000 0.840000 2.280000 23222738483
3.960000 0.480000 2.640000 23222763390
3.900000 0.420000 2.460000 23222788478
3.900000 0.420000 2.100000 23222814731
3.900000 0.660000 2.460000 23222840490
3.780000 0.780000 2.220000 23222863739
3.720000 0.600000 2.400000 23222888311
3.720000 0.480000 2.520000 23222913734
3.360000 0.240000 2.400000 23222938314
3.900000 0.420000 2.340000 23222963950
3.540000 0.540000 2.340000 23222988642
3.780000 0.300000 2.340000 23223013702
3.540000 0.540000 2.340000 23223039853
3.660000 0.420000 2.220000 23223063960
3.540000 0.420000 2.100000 23223089734
3.420000 0.660000 2.580000 23223113457
3.480000 0.840000 2.640000 23223139636
3.180000 0.420000 2.220000 23223163503
3.600000 0.480000 2.400000 23223189524
3.480000 0.600000 2.280000 23223213606
