0.000000 28725000225
0.000000 28725022564
0.000000 28725047573
0.000000 28725072561
0.000000 28725097559
0.000000 28725122599
0.000000 28725147600
0.000000 28725172595
0.000000 28725197600
0.000000 28725222643
0.000000 28725247641
0.000000 28725272638
0.000000 28725297639
0.000000 28725322679
0.000000 28725347677
0.000000 28725372674
0.000000 28725397675
0.000000 28725422733
0.000000 28725447735
0.000000 28725472729
0.000000 28725497741
0.000000 28725522864
0.000000 28725547864
0.000000 28725572854
0.000000 28725597867
0.000000 28725622858
0.000000 28725647857
0.000000 28725672859
0.000000 28725697859
0.000000 28725722849
0.000000 28725747859
0.000000 28725772856
0.000000 28725797863
0.000000 28725822867
0.000000 28725847861
0.000000 28725872834
0.000000 28725897839
0.000000 28725922831
0.000000 28725947838
0.000000 28725972835
0.000000 28725997814
0.000000 28726022850
0.000000 28726047836
0.000000 28726072836
0.000000 28726097840
0.000000 28726122842
0.000000 28726147839
0.000000 28726172838
0.000000 28726197830
0.000000 28726222844
0.000000 28726247840
0.000000 28726272832
0.000000 28726297838
0.000000 28726322839
0.000000 28726347829
0.000000 28726372836
0.000000 28726397837
0.000000 28726422842
0.000000 28726447831
0.000000 28726472829
0.000000 28726497831
0.000000 28726522846
0.000000 28726547925
0.000000 28726572833
0.000000 28726597854
0.000000 28726622850
0.000000 28726647880
0.000000 28726672835
0.000000 28726697848
0.000000 28726722845
0.000000 28726747844
0.000000 28726772826
0.000000 28726797855
0.000000 28726822846
0.000000 28726847836
0.000000 28726872834
0.000000 28726897855
0.000000 28726922837
0.000000 28726947847
0.000000 28726972843
0.000000 28726997848
0.000000 28727024036
0.000000 28727047866
0.000000 28727072833
0.000000 28727097862
0.000000 28727122842
0.000000 28727147860
0.000000 28727172834
0.000000 28727197858
0.000000 28727222837
0.000000 28727247836
0.000000 28727272832
0.000000 28727297855
0.000000 28727322843
0.000000 28727347862
0.000000 28727372831
0.000000 28727397862
0.000000 28727422841
0.000000 28727447859
0.000000 28727472837
0.000000 28727497860
0.000000 28727522887
0.000000 28727547878
0.000000 28727572869
0.000000 28727597841
0.000000 28727622866
0.000000 28727647860
0.000000 28727672834
0.000000 28727697856
0.000000 28727722862
0.000000 28727747861
0.000000 28727772843
0.000000 28727797856
0.000000 28727822855
0.000000 28727847818
0.000000 28727872840
0.000000 28727897852
0.000000 28727922857
0.000000 28727947860
0.000000 28727972838
0.000000 28727997854
0.000000 28728022858
0.000000 28728047855
0.000000 28728072844
0.000000 28728097857
0.000000 28728122858
0.000000 28728147854
0.000000 28728172836
0.000000 28728197850
0.000000 28728222863
0.000000 28728247849
0.000000 28728272819
0.000000 28728297852
0.000000 28728322857
0.000000 28728347854
0.000000 28728372835
0.000000 28728397859
0.000000 28728422855
0.000000 28728447855
0.000000 28728472847
0.000000 28728497863
0.000000 28728522859
0.000000 28728547853
0.000000 28728572841
0.000000 28728597854
0.000000 28728622859
0.000000 28728647858
0.000000 28728672840
0.000000 28728697859
0.000000 28728722854
0.000000 28728747859
0.000000 28728772835
0.000000 28728797853
0.000000 28728822852
0.000000 28728847855
0.000000 28728872830
0.000000 28728897860
0.000000 28728922860
0.000000 28728947854
0.000000 28728972835
0.000000 28728997855
0.000000 28729022836
0.000000 28729047845
0.000000 28729072840
0.000000 28729097856
0.000000 28729122860
0.000000 28729147854
0.000000 28729172826
0.000000 28729197856
0.000000 28729222856
0.000000 28729247858
0.000000 28729272837
0.000000 28729297852
0.000000 28729322854
0.000000 28729347847
0.000000 28729372832
0.000000 28729397852
0.000000 28729422857
0.000000 28729447845
0.000000 28729472840
0.000000 28729497856
0.000000 28729522851
0.000000 28729547855
0.000000 28729572837
0.000000 28729597857
0.000000 28729622854
0.000000 28729647853
0.000000 28729672835
0.000000 28729697856
0.000000 28729722853
0.000000 28729747854
0.000000 28729772838
0.000000 28729797855
0.000000 28729822856
0.000000 28729847855
0.000000 28729872826
0.000000 28729897858
0.000000 28729922851
0.000000 28729947817
0.000000 28729972826
0.000000 28729998417
0.000000 28730022858
0.000000 28730047858
0.000000 28730072833
0.000000 28730097864
0.000000 28730122853
0.000000 28730147857
0.000000 28730172831
0.000000 28730197853
0.000000 28730222824
0.000000 28730247806
0.000000 28730272842
0.000000 28730297844
0.000000 28730322854
0.000000 28730347861
0.000000 28730372837
0.000000 28730397856
0.000000 28730422856
0.000000 28730447854
0.000000 28730472841
0.000000 28730497860
0.000000 28730522852
0.000000 28730547869
0.000000 28730572842
0.000000 28730597855
0.000000 28730622851
0.000000 28730647861
0.000000 28730672834
0.000000 28730697856
0.000000 28730722865
0.000000 28730747856
0.000000 28730772835
0.000000 28730797853
0.000000 28730822856
0.000000 28730847856
0.000000 28730872839
0.000000 28730897853
0.000000 28730922856
0.000000 28730947854
0.000000 28730972840
0.000000 28730997856
0.000000 28731022855
0.000000 28731047856
0.000000 28731072836
0.000000 28731097853
0.000000 28731122857
0.000000 28731147852
0.000000 28731172838
0.000000 28731197850
0.000000 28731222860
0.000000 28731247855
0.000000 28731272838
0.000000 28731297852
0.000000 28731322855
0.000000 28731347857
0.000000 28731372836
0.000000 28731397851
0.000000 28731422848
0.000000 28731447856
0.000000 28731472817
0.000000 28731497841
0.000000 28731522856
0.000000 28731547852
0.000000 28731572836
0.000000 28731597852
0.000000 28731622852
0.000000 28731647850
0.000000 28731672834
0.000000 28731697859
0.000000 28731722850
0.000000 28731747853
0.000000 28731772830
0.000000 28731797851
0.000000 28731822857
0.000000 28731847855
0.000000 28731872842
0.000000 28731897852
0.000000 28731922847
0.000000 28731947854
0.000000 28731972843
0.000000 28731997856
0.000000 28732022852
0.000000 28732047847
0.000000 28732072842
0.000000 28732097858
0.000000 28732122856
0.000000 28732147853
0.000000 28732172838
0.000000 28732197855
0.000000 28732222853
0.000000 28732247852
0.000000 28732272827
0.000000 28732297841
0.000000 28732325388
0.000000 28732347888
0.000000 28732372844
0.000000 28732397845
0.000000 28732422857
0.000000 28732447859
0.000000 28732472818
0.000000 28732497852
0.000000 28732522843
0.000000 28732547854
0.000000 28732572842
0.000000 28732597837
0.000000 28732622844
0.000000 28732647839
0.000000 28732672843
0.000000 28732697846
0.000000 28732722851
0.000000 28732747837
0.000000 28732772840
0.000000 28732797840
0.000000 28732822850
0.000000 28732847843
0.000000 28732872835
0.000000 28732897842
0.000000 28732922847
0.000000 28732947843
0.000000 28732972824
0.000000 28732997843
0.000000 28733022845
0.000000 28733047838
0.000000 28733072838
0.000000 28733097832
0.000000 28733122844
0.000000 28733147829
0.000000 28733172834
0.000000 28733197847
0.000000 28733222830
0.000000 28733247834
0.000000 28733272843
0.000000 28733297842
0.000000 28733322840
0.000000 28733347856
0.000000 28733372834
0.000000 28733397852
0.000000 28733422848
0.000000 28733447853
0.000000 28733472839
0.000000 28733497854
0.000000 28733522852
0.000000 28733547863
0.000000 28733572833
0.000000 28733597838
0.000000 28733622840
0.000000 28733647839
0.000000 28733672824
0.000000 28733697840
0.000000 28733722848
0.000000 28733747847
0.000000 28733772833
0.000000 28733797845
0.000000 28733822840
0.000000 28733847847
0.000000 28733872833
0.000000 28733897849
0.000000 28733922824
0.000000 28733947839
0.000000 28733972844
0.000000 28733997842
0.000000 28734022827
0.000000 28734047847
0.000000 28734072824
0.000000 28734097847
0.000000 28734122824
0.000000 28734147849
0.000000 28734172836
0.000000 28734197846
0.000000 28734222829
0.000000 28734247849
0.000000 28734272838
0.000000 28734297842
0.000000 28734322825
0.000000 28734347843
0.000000 28734372838
0.000000 28734397840
0.000000 28734422831
0.000000 28734447845
0.000000 28734472815
0.000000 28734497853
0.000000 28734522834
0.000000 28734547848
0.000000 28734572837
0.000000 28734597846
0.000000 28734622922
0.000000 28734647841
0.000000 28734672873
0.000000 28734697852
0.000000 28734722901
0.000000 28734747842
0.000000 28734772840
0.000000 28734797850
0.000000 28734822858
0.000000 28734847844
0.000000 28734872839
0.000000 28734897845
0.000000 28734922860
0.000000 28734947848
0.000000 28734972839
0.000000 28734997832
0.000000 28735022842
0.000000 28735047840
0.000000 28735072829
0.000000 28735097831
0.000000 28735122854
0.000000 28735147835
0.000000 28735172832
0.000000 28735197840
0.000000 28735222860
0.000000 28735247838
0.000000 28735272834
0.000000 28735297838
0.000000 28735322850
0.000000 28735347832
0.000000 28735372835
0.000000 28735397835
0.000000 28735422853
0.000000 28735447835
0.000000 28735472841
0.000000 28735497838
0.000000 28735522857
0.000000 28735547838
0.000000 28735572840
0.000000 28735597878
0.000000 28735622850
