0.068647 0.078453 9.522259 22463573827
0.058840 0.127486 9.561485 22463598819
0.009807 0.107873 9.561485 22463623824
0.068647 0.098067 9.532065 22463648822
0.088260 0.058840 9.492838 22463673826
0.058840 0.058840 9.532065 22463698813
0.039227 0.078453 9.522259 22463723818
0.039227 0.058840 9.532065 22463748814
0.029420 0.088260 9.483032 22463773817
0.019613 0.127486 9.522259 22463798811
0.039227 0.107873 9.512452 22463823826
0.019613 0.117680 9.512452 22463848823
0.029420 0.117680 9.512452 22463873824
0.058840 0.117680 9.512452 22463898804
0.009807 0.127486 9.541871 22463923819
0.039227 0.098067 9.551678 22463948829
0.088260 0.107873 9.551678 22463973803
0.049033 0.117680 9.561485 22463998808
0.039227 0.098067 9.581099 22464023805
0.039227 0.098067 9.561485 22464048813
0.049033 0.088260 9.492838 22464073811
0.068647 0.098067 9.532065 22464098825
0.078453 0.088260 9.473226 22464123807
0.078453 0.107873 9.473226 22464148806
0.333426 -0.078453 9.551678 22464173828
0.196133 0.039227 9.532065 22464198818
0.117680 0.078453 9.532065 22464223812
0.098067 0.078453 9.522259 22464248813
0.029420 0.127486 9.522259 22464273820
0.205940 0.205940 9.532065 22464298815
0.294200 0.147100 9.512452 22464323823
0.147100 0.068647 9.571292 22464348828
0.264780 0.019613 9.532065 22464373822
0.284393 -0.088260 9.600712 22464398812
0.137293 -0.058840 9.532065 22464423820
0.029420 -0.049033 9.541871 22464448822
0.049033 -0.019613 9.522259 22464473826
0.147100 -0.039227 9.581099 22464498813
0.176520 0.049033 9.590905 22464523810
0.078453 0.088260 9.630132 22464548825
0.107873 0.078453 9.590905 22464573829
0.049033 0.176520 9.532065 22464598826
0.058840 0.117680 9.532065 22464623810
0.058840 0.127486 9.532065 22464648816
0.009807 0.127486 9.571292 22464673813
-0.029420 0.205940 9.541871 22464698824
0.029420 0.156906 9.590905 22464723821
0.019613 0.166713 9.571292 22464748818
0.039227 0.176520 9.492838 22464773817
0.078453 0.078453 9.571292 22464798811
0.078453 0.088260 9.512452 22464823819
0.088260 0.127486 9.502645 22464848822
0.098067 0.088260 9.502645 22464873807
0.049033 0.088260 9.630132 22464898812
0.156906 0.039227 9.590905 22464923817
0.147100 0.058840 9.532065 22464948836
0.107873 0.078453 9.551678 22464973812
0.205940 0.117680 9.522259 22464998817
0.215746 0.088260 9.610518 22465023806
0.176520 0.039227 9.581099 22465048821
0.137293 0.058840 9.551678 22465073800
0.137293 0.166713 9.532065 22465098813
0.156906 0.078453 9.522259 22465123803
0.107873 0.078453 9.541871 22465148810
0.049033 0.166713 9.581099 22465173807
0.088260 0.196133 9.483032 22465198811
0.078453 0.068647 9.571292 22465223814
-0.019613 0.196133 9.551678 22465248813
-0.019613 0.235360 9.541871 22465273805
0.019613 0.117680 9.571292 22465298774
0.039227 0.068647 9.512452 22465323818
0.058840 0.117680 9.620325 22465348828
0.127486 0.019613 9.522259 22465373824
0.166713 0.019613 9.512452 22465398819
0.127486 0.088260 9.532065 22465423819
0.117680 0.088260 9.541871 22465448823
0.098067 0.039227 9.551678 22465473825
0.098067 0.019613 9.502645 22465498816
0.117680 0.068647 9.571292 22465523803
0.137293 0.068647 9.463418 22465548822
0.088260 0.058840 9.473226 22465573805
0.058840 0.107873 9.512452 22465598821
0.039227 0.176520 9.532065 22465623806
0.088260 0.186326 9.541871 22465648826
0.058840 0.127486 9.492838 22465673821
0.058840 0.196133 9.384965 22465698819
0.029420 0.294200 9.512452 22465723817
0.009807 0.274586 9.443805 22465748826
0.078453 0.333426 9.522259 22465773827
-0.019613 0.362846 9.551678 22465798815
-0.049033 0.313813 9.492838 22465823811
-0.029420 0.098067 9.512452 22465854159
0.049033 0.029420 9.512452 22465873836
0.019613 -0.009807 9.483032 22465898823
-0.049033 0.039227 9.512452 22465923817
0.029420 0.098067 9.512452 22465948812
0.137293 0.098067 9.541871 22465973810
0.107873 0.098067 9.522259 22465998819
0.009807 0.098067 9.492838 22466023813
-0.029420 0.137293 9.522259 22466048818
-0.009807 0.098067 9.502645 22466073812
-0.009807 0.058840 9.463418 22466098814
-0.078453 0.039227 9.561485 22466123803
-0.147100 0.029420 9.541871 22466148806
-0.068647 0.127486 9.502645 22466173816
-0.049033 0.098067 9.532065 22466198781
0.049033 0.039227 9.561485 22466223804
0.039227 0.049033 9.581099 22466248829
-0.019613 0.068647 9.620325 22466273812
0.137293 0.039227 9.551678 22466298823
0.176520 0.049033 9.551678 22466323856
0.137293 0.078453 9.541871 22466348828
0.068647 0.137293 9.522259 22466373828
0.245166 0.245166 9.492838 22466398824
0.235360 0.039227 9.541871 22466423927
0.186326 -0.215746 9.571292 22466448820
0.019613 -0.117680 9.581099 22466473809
-0.078453 0.019613 9.610518 22466498824
0.009807 0.039227 9.532065 22466523820
0.127486 0.039227 9.522259 22466548822
0.117680 0.019613 9.551678 22466573820
-0.147100 0.196133 9.532065 22466598826
-0.137293 0.196133 9.561485 22466623808
-0.215746 0.235360 9.561485 22466648825
0.392266 -0.078453 9.600712 22466673818
0.372653 -0.088260 9.502645 22466698821
0.078453 0.186326 9.522259 22466723825
-0.186326 0.304006 9.433999 22466748821
-0.088260 0.147100 9.483032 22466773830
-0.039227 0.098067 9.512452 22466798825
-0.009807 0.098067 9.541871 22466823799
-0.029420 0.068647 9.483032 22466848822
0.117680 0.058840 9.532065 22466873817
0.147100 0.049033 9.492838 22466898821
0.088260 0.019613 9.571292 22466923817
0.009807 0.098067 9.512452 22466948824
0.156906 0.049033 9.443805 22466973818
0.156906 0.039227 9.463418 22466998825
0.215746 0.009807 9.512452 22467023813
0.137293 0.019613 9.541871 22467048824
-0.019613 0.058840 9.541871 22467073826
-0.058840 0.049033 9.581099 22467098796
-0.058840 0.078453 9.600712 22467123826
-0.039227 0.098067 9.600712 22467148835
-0.088260 0.117680 9.600712 22467173821
-0.068647 0.098067 9.600712 22467198824
-0.039227 0.049033 9.590905 22467223817
-0.058840 0.156906 9.551678 22467248830
-0.009807 0.098067 9.561485 22467273815
0.029420 0.098067 9.600712 22467298827
0.009807 0.117680 9.502645 22467323843
-0.058840 0.147100 9.502645 22467348811
-0.019613 0.098067 9.512452 22467373820
0.049033 0.078453 9.502645 22467398808
0.068647 0.039227 9.483032 22467423823
0.137293 0.019613 9.551678 22467448816
0.058840 0.049033 9.512452 22467473805
0.049033 0.019613 9.492838 22467498808
0.058840 0.029420 9.473226 22467523821
0.039227 0.039227 9.502645 22467548815
0.049033 0.029420 9.532065 22467573816
0.009807 -0.009807 9.502645 22467598820
-0.019613 0.049033 9.483032 22467623828
-0.029420 0.058840 9.532065 22467648817
-0.058840 0.098067 9.610518 22467673818
-0.058840 0.068647 9.532065 22467698807
-0.029420 0.009807 9.522259 22467723820
0.029420 0.019613 9.522259 22467748816
0.078453 -0.009807 9.512452 22467773802
0.068647 0.117680 9.512452 22467798811
0.009807 0.117680 9.502645 22467823827
-0.049033 0.088260 9.571292 22467848815
-0.039227 0.029420 9.561485 22467873807
-0.039227 0.078453 9.590905 22467898795
-0.029420 0.049033 9.571292 22467923817
0.009807 0.029420 9.502645 22467948806
0.058840 0.068647 9.571292 22467973811
0.058840 0.117680 9.551678 22467998811
0.029420 0.127486 9.561485 22468023830
0.029420 0.156906 9.571292 22468048810
-0.137293 0.117680 9.512452 22468073802
-0.088260 0.058840 9.532065 22468098811
-0.088260 0.019613 9.581099 22468123822
-0.078453 0.009807 9.561485 22468148820
-0.117680 0.068647 9.659552 22468173817
-0.127486 0.088260 9.561485 22468198817
-0.107873 0.088260 9.894911 22468223815
-0.117680 0.137293 9.610518 22468248808
-0.215746 0.186326 9.963558 22468273817
-0.107873 0.088260 9.728198 22468298786
-0.039227 0.088260 9.541871 22468323800
-0.039227 0.049033 9.777231 22468349273
-0.049033 0.058840 9.747811 22468373825
-0.039227 0.058840 9.630132 22468398801
-0.019613 0.049033 9.551678 22468423828
-0.019613 0.068647 9.512452 22468448826
-0.039227 0.078453 9.541871 22468473817
-0.029420 0.058840 9.561485 22468498806
-0.029420 0.068647 9.532065 22468523810
0.019613 0.058840 9.483032 22468548812
0.019613 0.039227 9.512452 22468573809
0.009807 0.058840 9.532065 22468598815
-0.019613 0.058840 9.522259 22468623827
-0.019613 0.078453 9.561485 22468648809
-0.019613 0.058840 9.610518 22468673813
-0.009807 0.049033 9.541871 22468698803
-0.009807 0.088260 9.502645 22468723826
-0.009807 0.068647 9.561485 22468748804
-0.009807 0.078453 9.571292 22468773801
0.009807 0.058840 9.424192 22468798819
0.009807 0.088260 9.433999 22468823812
0.009807 0.049033 9.453611 22468848831
0.058840 0.058840 9.326125 22468873794
0.058840 0.049033 9.541871 22468898813
0.049033 0.039227 9.590905 22468923826
0.019613 0.058840 9.541871 22468948821
0.196133 -0.078453 9.600712 22468973813
0.117680 -0.009807 9.551678 22468998826
0.049033 -0.039227 9.512452 22469023809
-0.009807 -0.068647 9.561485 22469048828
0.009807 0.039227 9.541871 22469073818
0.039227 0.098067 9.551678 22469098810
-0.019613 0.058840 9.541871 22469123811
0.029420 0.078453 9.532065 22469148826
0.009807 0.088260 9.463418 22469173814
-0.009807 0.107873 9.600712 22469198811
0.039227 0.088260 9.600712 22469223814
0.068647 0.039227 9.571292 22469248827
-0.009807 -0.029420 9.571292 22469273822
-0.078453 -0.029420 9.492838 22469298818
-0.137293 -0.039227 9.571292 22469323817
-0.068647 -0.117680 9.561485 22469348822
-0.019613 -0.127486 9.522259 22469373815
-0.078453 -0.127486 9.571292 22469398822
-0.107873 -0.107873 9.639938 22469423816
0.029420 -0.049033 9.610518 22469448811
-0.058840 0.009807 9.541871 22469473822
-0.068647 0.068647 9.541871 22469498824
-0.088260 0.098067 9.502645 22469523820
-0.088260 0.147100 9.688972 22469548829
-0.068647 0.186326 9.551678 22469573811
-0.088260 0.098067 9.551678 22469598820
-0.068647 0.068647 9.532065 22469623806
-0.058840 0.068647 9.502645 22469648830
-0.039227 0.068647 9.502645 22469673813
-0.176520 0.029420 9.571292 22469698818
-0.176520 0.068647 9.571292 22469723810
-0.127486 0.058840 9.561485 22469748822
0.009807 -0.029420 9.659552 22469773814
0.029420 -0.068647 9.639938 22469798811
-0.117680 -0.068647 9.551678 22469823802
-0.225553 0.019613 9.581099 22469848815
-0.245166 -0.127486 9.561485 22469873815
-0.205940 -0.117680 9.492838 22469902684
-0.313813 -0.137293 9.551678 22469923829
-0.235360 -0.225553 9.649745 22469948821
-0.088260 -0.068647 9.502645 22469973821
-0.078453 0.039227 9.561485 22469998818
0.078453 -0.107873 9.463418 22470023793
0.058840 -0.107873 9.463418 22470048819
0.019613 -0.019613 9.590905 22470073827
-0.019613 -0.058840 9.473226 22470098820
0.107873 0.068647 9.483032 22470123803
0.039227 0.245166 9.698778 22470148828
-0.058840 0.205940 9.375159 22470173820
-0.098067 0.147100 9.463418 22470198802
-0.107873 0.166713 9.551678 22470223816
-0.147100 0.147100 9.502645 22470248803
-0.186326 0.088260 9.571292 22470273821
-0.147100 0.068647 9.649745 22470298810
-0.107873 -0.009807 9.532065 22470323801
-0.068647 -0.098067 9.630132 22470348820
-0.019613 -0.068647 9.639938 22470373809
-0.019613 -0.078453 9.669358 22470398816
-0.009807 0.088260 9.571292 22470423802
-0.078453 0.019613 9.492838 22470448820
-0.078453 0.049033 9.659552 22470473818
-0.215746 -0.058840 9.522259 22470498817
-0.225553 0.019613 9.522259 22470523803
-0.235360 0.078453 9.502645 22470548814
-0.117680 0.098067 9.483032 22470573821
-0.088260 0.098067 9.639938 22470598817
-0.029420 0.156906 9.541871 22470623803
0.029420 0.196133 9.590905 22470648819
-0.029420 0.137293 9.551678 22470673826
0.029420 0.049033 9.581099 22470698812
0.039227 0.009807 9.551678 22470723801
0.039227 -0.058840 9.630132 22470748826
0.196133 -0.058840 9.561485 22470773809
0.176520 0.068647 9.532065 22470798826
0.137293 0.117680 9.630132 22470823799
0.098067 0.068647 9.610518 22470848824
-0.029420 0.039227 9.502645 22470873818
-0.117680 0.049033 9.512452 22470898818
-0.098067 0.078453 9.512452 22470923800
-0.058840 -0.343233 9.551678 22470948820
0.147100 -0.176520 9.522259 22470973815
0.049033 -0.137293 9.532065 22470998822
-0.058840 -0.019613 9.551678 22471023801
0.117680 -0.019613 9.541871 22471048823
0.166713 -0.019613 9.512452 22471073818
0.196133 0.029420 9.590905 22471098822
0.156906 0.098067 9.620325 22471123797
0.049033 0.215746 9.649745 22471148826
0.117680 0.245166 9.600712 22471173803
0.049033 0.186326 9.512452 22471198815
-0.019613 0.137293 9.483032 22471223821
-0.058840 0.186326 9.512452 22471248788
-0.009807 0.127486 9.532065 22471273808
0.088260 0.098067 9.492838 22471298784
0.264780 0.078453 9.492838 22471323743
0.078453 0.009807 9.492838 22471348815
0.107873 0.029420 9.512452 22471373822
-0.107873 -0.039227 9.483032 22471398819
0.078453 0.049033 9.463418 22471423813
0.205940 0.058840 9.502645 22471448814
0.088260 0.107873 9.404578 22471473810
0.058840 0.049033 9.473226 22471498817
-0.117680 0.009807 9.394772 22471523806
0.039227 0.137293 9.473226 22471548808
-0.098067 0.107873 9.551678 22471573808
0.127486 0.107873 9.443805 22471598809
-0.039227 -0.068647 9.590905 22471623816
0.196133 0.049033 9.581099 22471648811
0.127486 0.137293 9.669358 22471673811
0.107873 0.029420 9.610518 22471698813
0.156906 0.029420 9.590905 22471723810
0.117680 -0.029420 9.639938 22471748806
0.284393 -0.029420 9.512452 22471773803
0.215746 -0.019613 9.581099 22471798793
0.107873 -0.058840 9.551678 22471823819
0.009807 0.098067 9.522259 22471848800
-0.019613 0.098067 9.512452 22471873812
-0.039227 -0.019613 9.522259 22471898812
-0.019613 -0.009807 9.600712 22471923820
-0.156906 -0.049033 9.728198 22471948797
-0.274586 -0.049033 9.600712 22471973807
-0.186326 0.009807 9.610518 22471998814
-0.068647 0.039227 9.541871 22472023815
-0.058840 -0.049033 9.590905 22472048809
-0.068647 0.068647 9.571292 22472073809
-0.156906 0.098067 9.473226 22472098806
-0.205940 0.078453 9.483032 22472123827
-0.078453 0.186326 9.600712 22472148815
0.313813 0.137293 9.492838 22472173829
0.313813 0.284393 9.502645 22472198799
0.205940 0.274586 9.502645 22472223829
0.205940 0.068647 9.394772 22472248812
-0.029420 0.019613 9.581099 22472273821
-0.068647 -0.068647 9.630132 22472298814
0.009807 -0.019613 9.581099 22472323830
0.205940 -0.019613 9.571292 22472348820
0.098067 0.127486 9.610518 22472373821
0.019613 0.225553 9.512452 22472398809
0.009807 0.156906 9.483032 22472423826
0.137293 -0.029420 9.571292 22472448802
0.117680 -0.029420 9.502645 22472473837
0.117680 0.009807 9.492838 22472498823
0.068647 -0.029420 9.483032 22472523826
0.117680 -0.009807 9.502645 22472548815
0.068647 0.127486 9.502645 22472573829
0.039227 0.254973 9.571292 22472598816
-0.098067 0.431493 9.571292 22472623817
-0.127486 0.205940 9.581099 22472648807
-0.068647 0.127486 9.541871 22472673817
-0.039227 0.147100 9.532065 22472698798
0.068647 0.176520 9.532065 22472723817
0.127486 0.127486 9.571292 22472748791
0.107873 -0.029420 9.551678 22472773812
0.068647 0.029420 9.561485 22472798803
-0.078453 -0.039227 9.571292 22472823829
-0.009807 0.049033 9.532065 22472848801
0.068647 0.039227 9.551678 22472873804
0.098067 0.078453 9.512452 22472898807
0.098067 0.088260 9.512452 22472923817
0.107873 0.098067 9.483032 22472948803
0.127486 0.117680 9.463418 22472973831
0.147100 0.078453 9.541871 22472998795
0.107873 0.088260 9.502645 22473023821
0.107873 0.107873 9.522259 22473048811
0.117680 0.107873 9.581099 22473073804
0.068647 0.058840 9.688972 22473098803
0.078453 0.058840 9.600712 22473123832
0.098067 0.088260 9.571292 22473148804
0.098067 0.098067 9.561485 22473173824
0.058840 0.088260 9.522259 22473198804
0.029420 0.127486 9.502645 22473223831
0.049033 0.196133 9.473226 22473248808
0.058840 0.058840 9.502645 22473273825
0.049033 0.029420 9.414385 22473298805
0.039227 0.049033 9.463418 22473323825
0.039227 0.049033 9.502645 22473348795
-0.235360 0.176520 9.581099 22473373825
-0.019613 0.009807 9.581099 22473398807
0.009807 0.019613 9.492838 22473423831
-0.009807 0.039227 9.502645 22473448790
-0.009807 0.058840 9.522259 22473473836
-0.049033 0.098067 9.532065 22473498841
-0.009807 0.078453 9.483032 22473523828
-0.049033 0.058840 9.492838 22473548906
