2.380000 -5.810000 -0.910000 22463600940
2.590000 -5.827500 -0.892500 22463625867
2.572500 -5.477500 -0.665000 22463650806
2.625000 -5.495000 -0.997500 22463675842
2.677500 -5.915000 -0.717500 22463700942
2.695000 -5.512500 -0.962500 22463725863
2.870000 -5.757500 -0.910000 22463750810
2.572500 -5.565000 -0.560000 22463775841
2.310000 -5.600000 -0.787500 22463800909
2.555000 -5.722500 -0.840000 22463825876
2.345000 -5.355000 -0.997500 22463850803
2.765000 -5.670000 -0.910000 22463875847
2.695000 -5.880000 -0.735000 22463900934
2.590000 -5.845000 -0.630000 22463925868
2.887500 -5.810000 -0.577500 22463950812
2.485000 -6.072500 -0.717500 22463975833
2.590000 -6.405000 -0.840000 22464000966
3.115000 -6.492500 -0.787500 22464025872
2.450000 -7.192500 -0.770000 22464050775
2.922500 -6.072500 -0.980000 22464075848
2.555000 -6.650000 -0.805000 22464100943
2.607500 -6.807500 -0.787500 22464125861
2.712500 -6.440000 -0.752500 22464150810
2.677500 -6.107500 -0.927500 22464175838
2.345000 -7.157500 -13.405000 22464200934
2.940000 -6.615000 -12.337500 22464225860
2.975000 -6.720000 -14.245000 22464250802
2.975000 -7.210000 -22.680000 22464275841
2.975000 -7.035000 -30.537500 22464300948
3.360000 -7.612500 -34.790001 22464325876
3.202500 -7.752500 -34.860001 22464350805
3.412500 -7.052500 -29.767500 22464375841
2.905000 -7.227500 -22.067499 22464400948
2.922500 -7.245000 -21.017500 22464425870
3.185000 -7.262500 -29.400000 22464450799
3.045000 -6.737500 -35.577499 22464475843
3.080000 -7.122500 -45.290001 22464500932
3.220000 -7.665000 -53.952499 22464525863
3.255000 -7.927500 -59.692501 22464550798
3.325000 -7.910000 -58.082500 22464575837
3.167500 -7.787500 -58.922501 22464600949
3.500000 -7.805000 -62.510002 22464625866
3.622500 -8.032500 -62.492500 22464650837
3.640000 -7.787500 -57.575001 22464675842
3.517500 -7.910000 -58.135002 22464700957
3.552500 -7.840000 -59.097500 22464725867
3.622500 -7.350000 -48.702499 22464750838
3.290000 -7.175000 -45.465000 22464775840
3.377500 -7.315000 -48.352501 22464801437
3.552500 -7.367500 -51.380001 22464825871
3.377500 -7.192500 -50.014999 22464850840
3.307500 -7.560000 -49.227501 22464875849
3.272500 -7.840000 -54.075001 22464900959
3.430000 -7.507500 -54.810001 22464925872
3.412500 -7.700000 -53.584999 22464950841
3.605000 -7.507500 -52.325001 22464975841
3.605000 -7.472500 -53.130001 22465000993
3.360000 -7.630000 -57.207500 22465025870
3.325000 -8.085000 -60.514999 22465050861
3.342500 -8.085000 -62.369999 22465075857
3.395000 -8.032500 -63.472500 22465100961
3.675000 -7.192500 -57.837502 22465125862
3.150000 -7.437500 -57.137501 22465150850
3.640000 -8.312500 -54.635002 22465175850
3.395000 -7.490000 -51.134998 22465200952
2.905000 -7.385000 -43.207500 22465225872
2.922500 -7.052500 -41.702499 22465250838
3.220000 -7.280000 -36.295002 22465275807
3.465000 -7.192500 -37.432499 22465300912
3.745000 -6.877500 -38.202499 22465325869
3.132500 -7.472500 -38.639999 22465350848
3.080000 -7.157500 -39.497501 22465375844
3.255000 -7.227500 -45.902500 22465400959
3.850000 -7.175000 -49.349998 22465425874
3.552500 -7.525000 -52.185001 22465450846
3.675000 -7.402500 -53.480000 22465475868
3.517500 -8.260000 -57.505001 22465500970
3.587500 -7.630000 -61.180000 22465525865
3.465000 -8.032500 -62.632500 22465550847
3.552500 -7.822500 -62.825001 22465575845
3.885000 -7.682500 -62.492500 22465600959
3.395000 -8.015000 -61.775002 22465625871
3.465000 -8.032500 -62.912498 22465650844
4.025000 -7.910000 -63.262501 22465675846
3.850000 -7.490000 -67.357498 22465700946
3.867500 -8.155000 -65.362503 22465725866
3.657500 -7.577500 -61.022499 22465750847
3.500000 -7.297500 -60.742500 22465775844
3.657500 -7.962500 -58.362499 22465800981
3.675000 -7.700000 -52.045002 22465825863
3.797500 -7.245000 -45.395000 22465855169
3.570000 -7.192500 -44.712502 22465875855
3.640000 -7.297500 -49.262501 22465900976
3.465000 -7.035000 -43.224998 22465925872
3.325000 -6.632500 -36.750000 22465950846
3.202500 -6.895000 -39.865002 22465975840
3.430000 -7.402500 -43.662498 22466000982
3.412500 -6.825000 -45.255001 22466025873
3.062500 -6.965000 -44.292500 22466050856
3.430000 -7.385000 -40.617500 22466075838
3.430000 -7.105000 -39.165001 22466100962
3.377500 -6.790000 -37.240002 22466125867
3.272500 -7.315000 -29.434999 22466150844
3.027500 -7.000000 -24.955000 22466175851
3.045000 -6.475000 -22.820000 22466200950
3.377500 -7.245000 -26.075001 22466225869
3.272500 -6.965000 -25.042500 22466250846
3.377500 -6.737500 -23.572500 22466275845
3.132500 -6.685000 -23.275000 22466300981
3.237500 -6.825000 -28.717501 22466325851
3.150000 -6.335000 -34.439999 22466350858
3.062500 -5.792500 -34.264999 22466375857
3.272500 -6.195000 -33.127499 22466401430
3.220000 -6.912500 -49.367500 22466425881
3.395000 -8.242500 -59.937500 22466450850
3.762500 -7.840000 -54.232502 22466475880
3.692500 -7.192500 -41.247501 22466500972
3.027500 -7.105000 -41.404999 22466525881
3.202500 -7.175000 -46.970001 22466550846
3.482500 -7.490000 -57.645000 22466575842
3.342500 -7.297500 -50.872501 22466600960
3.605000 -6.300000 -34.720001 22466625866
3.290000 -6.387500 -23.747499 22466650847
2.992500 -6.632500 -9.607500 22466675798
2.782500 -7.262500 -41.895000 22466700957
2.905000 -5.617500 -42.384998 22466725895
2.905000 -3.377500 -21.752501 22466750842
2.065000 -5.985000 -10.255000 22466775887
2.695000 -6.440000 -9.975000 22466800968
2.660000 -6.632500 -10.447500 22466825883
3.027500 -9.922500 -8.015000 22466850839
2.607500 -6.055000 -7.420000 22466875953
2.782500 -6.527500 -16.835001 22466900960
2.625000 -6.772500 -20.580000 22466925891
2.957500 -6.720000 -17.447500 22466950853
3.220000 -6.072500 -16.782499 22466975852
2.887500 -6.405000 -24.167500 22467000981
3.045000 -6.475000 -37.432499 22467025860
3.202500 -7.402500 -46.742500 22467050852
3.605000 -8.067500 -48.404999 22467075816
3.605000 -7.070000 -42.490002 22467101588
3.150000 -6.632500 -41.334999 22467125814
3.307500 -7.035000 -38.937500 22467150846
3.622500 -7.490000 -35.209999 22467175807
3.465000 -7.210000 -34.072498 22467200975
3.465000 -7.175000 -33.670002 22467225809
2.940000 -7.105000 -33.862499 22467250847
3.132500 -6.895000 -31.062500 22467275818
3.447500 -7.927500 -33.810001 22467304384
3.220000 -7.455000 -33.459999 22467325828
3.185000 -7.542500 -34.474998 22467350851
3.150000 -7.245000 -33.670002 22467375831
3.465000 -7.350000 -37.152500 22467400990
3.290000 -7.595000 -39.549999 22467425833
3.377500 -7.560000 -44.712502 22467450856
3.587500 -7.542500 -46.305000 22467475815
3.640000 -7.385000 -46.305000 22467500978
3.412500 -8.190000 -48.685001 22467525828
3.762500 -7.980000 -48.264999 22467550807
3.605000 -7.560000 -45.849998 22467575815
3.290000 -7.402500 -46.112499 22467600967
3.377500 -7.385000 -46.025002 22467625818
3.395000 -7.840000 -45.430000 22467650849
3.657500 -7.717500 -44.695000 22467675819
3.465000 -7.997500 -41.160000 22467700971
3.097500 -7.525000 -40.670002 22467725813
3.587500 -7.472500 -44.642502 22467750851
3.447500 -7.525000 -53.935001 22467775813
3.342500 -7.962500 -61.792500 22467800931
3.710000 -8.032500 -60.112499 22467825801
3.692500 -7.490000 -53.917500 22467850855
3.395000 -7.857500 -50.522499 22467875813
3.447500 -7.157500 -46.462502 22467900953
3.395000 -6.702500 -44.590000 22467925807
3.202500 -7.770000 -44.555000 22467950851
3.237500 -7.472500 -49.455002 22467975669
3.447500 -7.752500 -52.395000 22468000999
3.325000 -7.560000 -52.237499 22468025801
3.587500 -7.507500 -48.055000 22468050807
3.272500 -7.262500 -43.732502 22468075814
2.887500 -7.017500 -38.517502 22468100970
3.097500 -7.122500 -35.227501 22468125841
3.307500 -7.052500 -32.882500 22468150840
2.975000 -6.860000 -26.075001 22468175843
3.027500 -6.720000 -20.597500 22468200955
3.150000 -6.825000 -13.195000 22468225842
2.940000 -6.387500 -9.957500 22468250849
2.782500 -5.197500 -4.287500 22468275819
2.607500 -4.900000 -0.805000 22468300951
2.817500 -6.737500 -0.892500 22468325846
2.870000 -5.162500 -0.840000 22468351224
2.817500 -6.195000 -0.665000 22468375853
2.240000 -6.317500 -0.577500 22468400993
2.765000 -5.600000 -0.577500 22468425840
2.625000 -5.670000 -0.770000 22468450874
2.537500 -5.722500 -0.822500 22468475852
2.712500 -5.722500 -0.630000 22468500973
2.765000 -5.635000 -0.612500 22468525830
2.642500 -5.810000 -0.805000 22468550802
2.800000 -6.002500 -0.630000 22468575853
2.730000 -5.705000 -0.770000 22468600967
2.677500 -5.722500 -0.735000 22468625849
2.362500 -5.705000 -0.910000 22468650855
2.730000 -5.932500 -0.822500 22468675849
2.555000 -5.792500 -0.735000 22468700982
2.572500 -5.880000 -0.717500 22468725852
2.835000 -5.722500 -0.822500 22468750847
2.222500 -5.530000 -0.612500 22468775854
2.782500 -3.955000 -0.525000 22468800934
2.467500 -4.970000 -0.892500 22468825836
2.520000 -3.902500 -1.015000 22468850841
1.960000 -6.265000 -0.735000 22468875858
3.097500 -5.880000 -0.752500 22468900955
2.712500 -5.110000 -0.980000 22468925842
2.677500 -4.900000 -0.857500 22468950839
2.572500 -6.037500 -7.682500 22468975841
2.625000 -6.842500 -23.747499 22469001001
3.010000 -6.825000 -30.467501 22469025850
3.605000 -7.105000 -35.910000 22469050852
3.395000 -7.122500 -34.492500 22469075847
3.360000 -6.860000 -31.605000 22469100955
3.062500 -7.122500 -31.587500 22469125847
2.957500 -6.562500 -33.599998 22469150832
3.027500 -6.562500 -34.422501 22469175836
3.202500 -7.700000 -36.137501 22469200961
3.185000 -6.335000 -35.279999 22469225838
3.290000 -6.405000 -40.862499 22469250845
3.167500 -7.542500 -47.880001 22469275845
3.780000 -7.752500 -52.377499 22469300930
3.640000 -7.910000 -55.912498 22469325844
3.885000 -7.542500 -63.455002 22469350848
3.657500 -7.840000 -72.957497 22469375850
4.270000 -9.292500 -85.557503 22469400959
4.497500 -7.647500 -91.139999 22469425666
4.287500 -8.260000 -91.559998 22469450854
4.655000 -7.665000 -91.455002 22469475816
4.427500 -8.330000 -91.962502 22469500967
4.462500 -6.930000 -89.477501 22469525843
4.007500 -7.315000 -86.887497 22469550852
4.147500 -6.405000 -81.654999 22469575843
4.200000 -6.597500 -73.324997 22469600961
3.902500 -4.305000 -70.769997 22469625863
3.832500 -3.570000 -71.837502 22469650851
3.762500 -6.667500 -70.892502 22469675842
4.375000 -8.102500 -69.282501 22469700950
4.462500 -5.775000 -66.010002 22469725867
4.217500 -6.772500 -63.070000 22469750851
4.357500 -6.387500 -65.065002 22469775845
4.357500 -8.855000 -70.927498 22469800942
4.882500 -7.052500 -69.894997 22469825868
4.602500 -3.360000 -70.629997 22469850859
3.710000 -7.280000 -80.692497 22469875846
5.040000 -8.032500 -82.599998 22469903836
5.267500 -6.702500 -83.842499 22469925881
5.355000 -7.577500 -92.224998 22469950856
5.285000 -9.712500 -99.715004 22469975861
6.020000 -8.557500 -101.972504 22470001031
5.687500 -10.185000 -101.552498 22470025873
6.597500 -11.007500 -88.567497 22470050881
6.177500 -10.395000 -73.517502 22470075853
5.215000 -9.275000 -74.025002 22470101003
5.075000 -8.977500 -78.154999 22470125872
4.777500 -9.432500 -74.480003 22470150851
4.655000 -5.477500 -69.457497 22470175843
4.235000 -6.300000 -62.650002 22470200954
4.515000 -7.420000 -60.042500 22470225663
4.410000 -7.805000 -57.242500 22470250662
4.252500 -8.365000 -52.272499 22470275660
4.865000 -8.995000 -49.787498 22470300826
4.375000 -8.225000 -48.930000 22470325662
3.937500 -9.310000 -52.535000 22470350660
4.235000 -8.592500 -55.702499 22470375727
4.707500 -9.257500 -59.814999 22470400764
4.462500 -14.472500 -61.040001 22470425748
4.567500 -11.900000 -62.072502 22470450735
4.515000 -7.945000 -68.337502 22470475749
3.692500 -4.165000 -72.065002 22470500754
3.430000 -4.550000 -72.537498 22470525819
4.165000 -4.672500 -67.480003 22470550745
4.007500 -7.140000 -61.232502 22470575707
4.427500 -6.352500 -52.045002 22470600754
4.182500 -8.330000 -44.904999 22470625733
3.972500 -9.450000 -34.195000 22470650719
3.885000 -7.070000 -27.107500 22470675749
3.255000 -9.555000 -23.485001 22470700752
3.850000 -9.152500 -23.799999 22470725705
3.517500 -11.515000 -31.360001 22470750717
3.587500 -11.585000 -41.125000 22470775709
3.605000 -8.662500 -54.337502 22470800750
3.482500 -8.610000 -62.825001 22470825703
4.147500 -10.815000 -59.832500 22470850718
4.007500 -7.962500 -41.895000 22470875726
3.657500 -6.440000 -30.677500 22470900749
3.202500 -7.595000 -25.602501 22470925723
2.957500 -6.562500 -33.757500 22470950716
2.940000 -6.947500 -50.137501 22470975709
3.290000 -8.452500 -53.287498 22471000752
3.675000 -7.192500 -55.037498 22471025720
3.325000 -8.242500 -55.055000 22471050710
3.972500 -7.245000 -58.170002 22471075721
3.780000 -7.735000 -63.139999 22471100763
3.867500 -7.682500 -67.199997 22471125713
3.990000 -6.615000 -71.084999 22471150724
3.482500 -6.702500 -68.985001 22471175718
4.130000 -7.000000 -66.517502 22471200754
3.850000 -8.400000 -65.957497 22471225722
3.727500 -9.502500 -63.682499 22471250718
4.025000 -7.157500 -55.142502 22471275724
3.552500 -7.455000 -54.250000 22471300789
3.850000 -7.525000 -51.170002 22471325732
3.552500 -7.507500 -50.154999 22471350727
3.430000 -8.277500 -46.514999 22471375716
3.395000 -7.787500 -39.357502 22471400783
2.922500 -7.052500 -34.702499 22471425751
3.237500 -6.020000 -36.889999 22471450751
2.905000 -6.790000 -39.549999 22471475727
3.237500 -8.120000 -42.297501 22471500766
3.307500 -7.175000 -34.685001 22471525741
3.237500 -7.000000 -32.654999 22471550721
3.325000 -7.735000 -24.010000 22471575726
3.010000 -5.617500 -23.520000 22471600793
2.782500 -6.405000 -24.780001 22471625750
3.150000 -7.472500 -24.010000 22471650723
2.712500 -6.545000 -23.170000 22471675727
2.870000 -6.195000 -21.245001 22471700788
3.027500 -6.247500 -26.844999 22471725723
3.500000 -4.637500 -43.557499 22471750717
2.975000 -3.955000 -49.665001 22471775728
2.957500 -1.435000 -58.099998 22471800794
2.817500 -2.450000 -65.432503 22471825724
3.552500 -4.900000 -56.349998 22471850730
3.272500 -4.900000 -41.422501 22471875722
3.325000 -3.937500 -34.580002 22471900757
3.062500 -3.517500 -39.410000 22471925723
2.852500 -6.650000 -43.907501 22471950727
3.237500 -7.577500 -43.837502 22471975706
3.762500 -7.122500 -41.562500 22472000761
3.815000 -7.385000 -34.457500 22472025719
4.112500 -8.277500 -32.077499 22472050750
3.727500 -7.332500 -35.332500 22472075752
3.377500 -5.600000 -49.070000 22472100773
3.937500 -8.085000 -62.702499 22472125729
4.725000 -8.032500 -61.040001 22472150716
4.480000 -9.170000 -31.465000 22472175749
4.042500 -8.487500 -30.520000 22472200790
3.500000 -9.292500 -27.982500 22472225753
4.077500 -6.982500 -30.047501 22472250748
3.465000 -5.740000 -32.340000 22472275753
3.710000 -10.937500 -32.882500 22472300793
3.850000 -9.397500 -32.392502 22472325750
3.692500 -10.850000 -37.660000 22472350756
3.850000 -7.332500 -50.032501 22472375729
3.780000 -6.615000 -45.465000 22472400804
3.290000 -8.872500 -39.795002 22472425732
3.762500 -7.735000 -42.822498 22472450734
3.272500 -9.345000 -49.490002 22472475740
3.867500 -6.947500 -55.737499 22472500747
3.920000 -10.132500 -57.662498 22472525697
3.867500 -8.697500 -60.987499 22472550717
3.815000 -9.257500 -66.290001 22472575745
4.182500 -7.262500 -60.812500 22472600754
3.692500 -7.350000 -43.750000 22472625748
3.675000 -7.542500 -31.780001 22472650727
3.360000 -8.155000 -25.602501 22472675714
3.045000 -6.632500 -20.422501 22472700761
3.097500 -6.440000 -15.697500 22472725731
2.922500 -5.932500 -17.062500 22472750722
2.730000 -7.192500 -17.815001 22472775720
3.062500 -6.422500 -17.272501 22472800759
2.975000 -6.702500 -11.900000 22472825749
2.992500 -5.932500 -0.875000 22472850724
2.537500 -5.915000 -0.700000 22472875732
2.887500 -5.530000 -0.700000 22472900759
2.940000 -6.055000 -0.875000 22472925724
2.555000 -6.037500 -0.822500 22472950731
2.782500 -5.985000 -0.735000 22472975734
2.642500 -6.177500 -1.032500 22473000779
2.642500 -6.282500 -0.787500 22473025752
2.502500 -5.985000 -0.787500 22473050750
2.922500 -5.897500 -1.067500 22473075730
2.730000 -2.747500 -0.752500 22473100759
2.047500 -6.527500 -0.892500 22473125744
2.765000 -5.355000 -0.665000 22473150753
2.782500 -5.547500 -0.945000 22473175749
2.642500 -4.357500 -0.665000 22473200758
2.467500 -3.990000 -1.032500 22473225752
2.135000 -3.220000 -2.800000 22473250721
1.820000 0.297500 -2.170000 22473275757
1.645000 6.842500 -0.577500 22473300771
0.647500 1.085000 -0.560000 22473325748
0.945000 -0.945000 -0.717500 22473350732
1.907500 6.720000 -1.400000 22473375748
-0.350000 -11.970000 -5.530000 22473400751
4.217500 -17.465000 -1.242500 22473425749
4.690000 -7.472500 -0.735000 22473450720
2.905000 -6.405000 -0.682500 22473475750
2.800000 -6.580000 -0.892500 22473500735
2.817500 -7.210000 -0.892500 22473525746
3.027500 -7.017500 -0.735000 22473550721
2.765000 -7.367500 -0.927500 22473575750
