3.540000 11.099999 0.900000 22463589189
3.660000 10.980000 0.900000 22463614202
3.720000 11.160000 0.720000 22463639331
3.720000 11.160000 0.720000 22463664188
3.780000 10.980000 0.900000 22463689183
3.420000 10.980000 0.900000 22463714205
3.900000 10.980000 0.780000 22463739324
3.660000 11.099999 1.260000 22463764190
3.840000 11.040000 1.200000 22463789182
3.780000 11.219999 0.900000 22463814205
3.960000 11.280000 0.840000 22463839323
3.660000 10.860000 0.900000 22463864189
3.660000 10.860000 1.020000 22463889184
3.660000 11.219999 0.900000 22463914186
3.420000 11.219999 0.780000 22463939320
3.420000 10.860000 1.140000 22463964206
3.480000 11.040000 1.080000 22463989201
3.540000 10.860000 1.020000 22464014312
3.660000 10.860000 0.900000 22464039336
3.720000 11.160000 1.080000 22464064186
3.600000 11.040000 0.840000 22464089195
3.720000 11.160000 0.600000 22464114179
3.840000 10.920000 1.080000 22464139327
3.360000 11.280000 0.720000 22464164181
3.600000 11.160000 1.080000 22464189185
3.600000 11.040000 1.320000 22464214187
3.540000 10.980000 1.020000 22464239312
3.420000 11.099999 1.020000 22464264192
3.480000 11.040000 1.080000 22464289187
3.540000 10.980000 1.020000 22464314182
3.540000 10.500000 0.780000 22464339320
3.540000 10.860000 1.140000 22464364206
3.300000 11.219999 1.260000 22464389175
3.240000 11.040000 0.960000 22464414198
3.120000 10.920000 0.960000 22464439318
2.940000 11.219999 1.020000 22464464185
3.120000 11.040000 1.080000 22464489189
3.180000 10.980000 1.140000 22464514199
3.000000 11.040000 1.200000 22464539338
2.640000 11.040000 1.080000 22464564189
2.460000 11.219999 1.020000 22464589180
2.400000 11.160000 1.080000 22464614178
2.220000 10.740000 1.260000 22464639318
2.100000 10.980000 1.140000 22464664180
2.160000 10.920000 0.840000 22464689209
1.860000 10.740000 1.020000 22464714182
1.860000 10.980000 1.140000 22464739319
1.500000 10.980000 1.140000 22464764176
1.200000 11.040000 1.200000 22464789178
1.560000 10.800000 1.080000 22464814187
1.440000 10.679999 0.840000 22464839333
1.440000 10.679999 1.080000 22464864176
1.020000 10.380000 1.140000 22464889200
1.080000 10.679999 1.080000 22464914179
1.020000 10.500000 1.140000 22464939332
0.660000 10.500000 1.020000 22464964201
0.600000 10.320000 0.960000 22464989190
0.780000 10.380000 1.140000 22465014286
0.480000 10.559999 0.960000 22465039323
0.540000 10.139999 0.900000 22465064183
0.420000 10.380000 1.140000 22465089187
0.120000 10.320000 1.200000 22465114186
0.300000 9.780000 1.020000 22465139334
0.300000 10.020000 1.260000 22465164177
0.060000 9.660000 1.260000 22465189183
0.060000 9.960000 1.200000 22465214163
-0.480000 9.719999 1.320000 22465239360
-0.420000 9.420000 1.500000 22465264281
-0.420000 9.540000 0.900000 22465289177
-0.540000 9.660000 1.020000 22465314310
-0.420000 9.540000 1.140000 22465339334
-0.360000 9.360000 1.080000 22465364305
-0.540000 9.540000 1.140000 22465389186
-0.540000 9.300000 1.020000 22465414259
-0.480000 9.120000 0.960000 22465439349
-0.660000 9.059999 1.020000 22465464181
-0.900000 9.540000 1.140000 22465489193
-1.140000 8.940000 0.780000 22465514187
-0.900000 8.940000 0.900000 22465539376
-1.380000 8.820000 1.020000 22465564195
-0.840000 8.880000 0.720000 22465589185
-0.960000 8.400000 0.960000 22465614198
-1.080000 8.520000 1.440000 22465639319
-1.020000 8.220000 1.140000 22465664184
-1.320000 8.040000 0.960000 22465689184
-1.440000 8.040000 1.200000 22465714204
-1.080000 7.920000 0.960000 22465739312
-1.500000 7.740000 1.380000 22465764215
-1.440000 7.680000 1.320000 22465789184
-1.440000 7.920000 1.080000 22465814202
-1.740000 7.380000 1.140000 22465839326
-1.440000 7.320000 0.960000 22465864208
-1.680000 7.680000 1.320000 22465889209
-1.740000 7.140000 1.500000 22465914206
-1.620000 7.020000 1.380000 22465939347
-1.620000 7.020000 1.380000 22465964210
-1.980000 7.140000 1.260000 22465989187
-1.860000 7.140000 1.260000 22466014292
-1.740000 6.780000 1.140000 22466039329
-1.740000 6.540000 1.260000 22466064204
-1.560000 6.720000 1.080000 22466089189
-2.100000 6.300000 1.140000 22466114190
-2.040000 6.480000 1.080000 22466139312
-1.740000 6.420000 1.140000 22466164184
-1.740000 6.540000 1.260000 22466189187
-1.860000 6.420000 0.900000 22466214196
-1.680000 6.360000 1.080000 22466239326
-1.560000 6.360000 1.320000 22466264184
-1.920000 6.120000 1.080000 22466289199
-1.860000 6.180000 1.260000 22466314200
-1.740000 6.180000 1.020000 22466339334
-1.980000 5.940000 1.380000 22466364202
-1.620000 5.700000 1.260000 22466389189
-2.040000 6.240000 1.080000 22466414198
-1.560000 5.640000 1.200000 22466439338
-1.800000 5.880000 1.200000 22466464198
-1.560000 5.400000 1.320000 22466489280
-1.920000 5.880000 0.960000 22466514188
-1.800000 5.400000 0.720000 22466539336
-1.620000 5.220000 1.140000 22466564211
-1.740000 5.220000 1.260000 22466589196
-1.620000 4.980000 1.140000 22466614195
-1.260000 4.980000 1.140000 22466639343
-1.740000 4.860000 1.260000 22466664191
-1.560000 5.040000 0.960000 22466689189
-1.680000 5.160000 1.320000 22466714203
-1.500000 4.740000 1.140000 22466739336
-1.620000 4.620000 1.140000 22466764192
-1.560000 4.800000 1.320000 22466789190
-1.320000 4.800000 1.200000 22466814198
-1.740000 4.620000 1.500000 22466839347
-1.380000 4.500000 0.900000 22466864191
-1.680000 4.680000 1.080000 22466889188
-1.800000 4.560000 0.960000 22466914197
-1.380000 4.620000 1.260000 22466939322
-1.800000 4.320000 1.440000 22466964194
-1.560000 4.680000 1.200000 22466989187
-1.620000 4.620000 1.020000 22467014294
-1.800000 4.200000 1.200000 22467039331
-1.200000 4.680000 1.320000 22467064209
-1.380000 4.260000 1.020000 22467089195
-1.320000 4.080000 1.200000 22467114228
-1.260000 4.140000 0.900000 22467139350
-1.500000 3.900000 1.140000 22467164200
-1.440000 3.960000 1.200000 22467189184
-1.560000 4.080000 1.080000 22467214194
-1.380000 3.900000 1.140000 22467239330
-1.200000 3.720000 1.320000 22467264190
-1.080000 3.840000 0.960000 22467289181
-1.440000 3.480000 1.320000 22467314230
-1.200000 3.840000 1.200000 22467339362
-1.200000 3.600000 1.080000 22467364212
-0.840000 3.360000 0.840000 22467389235
-0.900000 3.540000 1.020000 22467414200
-0.900000 3.300000 1.260000 22467439345
-0.960000 3.360000 1.680000 22467464192
-0.540000 3.180000 1.140000 22467489187
-0.900000 2.940000 1.140000 22467514193
-0.540000 2.940000 1.260000 22467539324
-0.900000 3.180000 1.140000 22467564197
-0.600000 2.760000 1.200000 22467589178
-0.240000 2.640000 1.200000 22467614188
-0.360000 2.760000 1.320000 22467639322
-0.600000 3.000000 0.840000 22467664216
-0.060000 2.460000 1.260000 22467689195
-0.240000 2.520000 1.200000 22467714193
-0.300000 2.460000 1.140000 22467739322
-0.240000 2.400000 1.320000 22467764185
0.180000 2.460000 1.380000 22467789192
0.120000 2.520000 1.440000 22467814198
0.180000 2.340000 1.140000 22467839324
0.240000 2.040000 1.080000 22467864180
0.360000 2.160000 1.200000 22467889195
0.300000 1.980000 1.260000 22467914212
0.420000 1.860000 1.260000 22467939345
0.540000 1.980000 1.140000 22467964189
0.720000 1.800000 1.200000 22467990534
0.720000 1.680000 1.200000 22468014305
1.080000 1.920000 1.560000 22468039322
0.900000 1.860000 1.020000 22468064192
1.200000 1.680000 0.600000 22468089188
1.020000 1.620000 1.380000 22468114186
1.500000 1.740000 1.380000 22468139295
1.500000 1.620000 1.260000 22468164185
1.320000 1.680000 1.440000 22468189191
1.200000 1.560000 1.320000 22468214206
1.320000 1.680000 1.440000 22468239286
1.140000 1.500000 1.140000 22468264189
1.500000 1.500000 1.140000 22468289180
1.260000 1.740000 1.260000 22468314184
1.200000 1.440000 1.440000 22468339306
1.500000 1.740000 1.260000 22468365734
1.200000 1.680000 1.440000 22468389198
1.380000 1.620000 1.740000 22468414200
1.080000 1.560000 1.200000 22468439312
1.200000 1.680000 1.320000 22468464191
1.440000 1.440000 1.200000 22468489201
1.620000 1.260000 1.260000 22468514191
1.500000 1.620000 1.260000 22468539287
1.500000 1.260000 1.380000 22468564198
1.560000 1.440000 1.680000 22468589193
1.200000 1.440000 0.960000 22468620550
1.380000 1.620000 1.380000 22468639327
1.140000 1.740000 1.740000 22468664188
1.260000 1.620000 1.260000 22468689187
1.560000 1.440000 1.320000 22468714201
1.620000 1.500000 1.620000 22468739300
1.140000 1.620000 1.380000 22468764183
1.500000 1.380000 1.140000 22468789182
1.260000 1.620000 1.620000 22468814184
1.500000 1.500000 1.620000 22468839419
1.200000 1.560000 1.320000 22468864190
1.500000 1.500000 1.500000 22468889286
1.440000 1.320000 1.560000 22468914193
1.560000 1.320000 1.440000 22468939427
1.560000 1.440000 1.320000 22468964218
1.200000 1.680000 1.560000 22468989426
1.140000 1.260000 1.500000 22469014306
1.620000 1.260000 1.500000 22469039426
1.740000 1.260000 1.500000 22469064193
1.680000 1.560000 1.080000 22469089308
1.980000 1.380000 1.140000 22469114189
1.860000 1.860000 1.620000 22469139423
1.860000 1.140000 1.380000 22469164206
2.160000 1.560000 1.560000 22469189298
2.040000 1.200000 1.080000 22469214188
2.340000 1.260000 1.500000 22469239416
2.280000 1.440000 1.320000 22469264189
2.160000 1.080000 1.320000 22469289291
2.640000 1.080000 1.680000 22469314190
2.880000 1.200000 1.440000 22469339416
2.880000 1.200000 1.320000 22469364194
2.820000 1.140000 1.500000 22469389327
3.120000 0.720000 1.320000 22469414195
3.420000 0.780000 1.140000 22469440779
3.480000 1.320000 1.320000 22469464205
3.720000 1.080000 1.320000 22469489405
4.020000 0.900000 1.260000 22469514189
4.260000 1.140000 1.500000 22469539435
4.140000 1.140000 1.140000 22469564186
4.500000 1.260000 1.380000 22469589253
4.380000 1.260000 1.260000 22469614194
4.680000 1.200000 1.320000 22469639302
4.800000 1.560000 1.440000 22469664191
4.740000 1.260000 1.140000 22469689199
5.220000 1.380000 1.140000 22469714201
5.040000 1.800000 1.200000 22469739318
5.400000 1.680000 1.200000 22469764189
5.460000 1.620000 1.380000 22469789176
5.700000 1.740000 1.260000 22469814205
6.180000 1.860000 1.260000 22469839309
5.580000 1.740000 1.020000 22469864215
5.940000 1.740000 1.380000 22469889179
5.940000 2.220000 1.260000 22469914204
6.480000 2.280000 1.200000 22469939334
6.480000 2.280000 1.440000 22469964308
6.840000 2.520000 1.320000 22469989196
6.780000 2.940000 1.380000 22470014323
7.020000 2.700000 1.140000 22470039340
6.900000 2.820000 1.260000 22470064213
7.320000 3.000000 1.440000 22470089196
7.020000 3.060000 1.380000 22470114211
7.380000 3.300000 1.260000 22470139361
7.140000 3.420000 1.500000 22470164205
7.860000 3.420000 1.260000 22470189182
7.560000 3.600000 1.080000 22470214226
7.380000 3.780000 1.380000 22470240245
7.740000 3.900000 1.260000 22470265127
7.560000 4.080000 1.200000 22470290122
7.860000 4.020000 1.380000 22470315309
7.860000 4.020000 1.140000 22470340269
7.800000 4.440000 1.440000 22470365126
8.160000 4.560000 1.080000 22470389467
7.860000 4.620000 1.140000 22470414724
7.920000 4.800000 1.080000 22470439458
8.220000 4.740000 1.260000 22470464414
8.160000 4.560000 1.320000 22470489441
8.280000 5.040000 1.320000 22470514714
8.040000 5.040000 1.320000 22470539410
8.340000 5.460000 1.380000 22470564383
8.220000 5.220000 1.140000 22470589407
7.920000 5.520000 1.200000 22470614722
8.220000 5.580000 1.140000 22470639488
8.220000 5.700000 1.020000 22470664394
8.400000 5.520000 1.200000 22470689389
8.099999 5.940000 1.140000 22470714706
8.220000 6.060000 1.140000 22470739522
8.220000 5.940000 1.620000 22470764420
8.280000 6.000000 0.960000 22470789395
8.160000 6.480000 1.080000 22470815091
8.160000 6.480000 1.080000 22470839483
7.980000 6.060000 1.140000 22470864386
7.980000 6.420000 1.260000 22470889398
8.280000 6.600000 0.960000 22470914708
7.920000 6.600000 1.320000 22470939495
7.980000 6.540000 1.140000 22470964394
8.040000 6.840000 1.320000 22470989397
8.340000 6.780000 1.500000 22471015123
7.740000 6.900000 0.900000 22471039518
8.220000 7.260000 1.500000 22471064422
8.340000 7.260000 1.260000 22471089396
7.860000 7.260000 1.380000 22471114729
8.040000 7.800000 1.440000 22471139497
8.099999 7.740000 1.380000 22471164393
7.740000 7.980000 1.260000 22471189384
7.980000 7.980000 1.020000 22471214710
7.800000 8.040000 1.200000 22471239490
7.560000 8.400000 1.200000 22471264386
7.620000 8.340000 1.260000 22471289397
7.680000 8.520000 1.200000 22471314722
7.620000 8.580000 1.500000 22471339518
7.440000 8.639999 1.080000 22471364402
7.500000 8.700000 1.020000 22471389416
7.500000 8.580000 1.140000 22471415563
7.320000 9.000000 1.080000 22471439494
7.320000 8.880000 1.200000 22471464380
7.500000 8.820000 1.020000 22471489399
7.140000 8.700000 1.020000 22471514724
7.320000 8.880000 0.960000 22471539507
6.960000 9.240000 1.080000 22471564433
6.840000 9.120000 1.200000 22471589388
7.020000 9.179999 1.020000 22471614735
6.780000 9.420000 1.140000 22471639490
7.020000 8.820000 1.140000 22471664428
7.080000 9.240000 1.440000 22471689407
6.840000 9.360000 1.200000 22471714711
7.020000 9.179999 1.140000 22471739514
6.660000 9.300000 1.020000 22471764399
6.840000 9.360000 1.200000 22471789390
6.480000 9.599999 0.960000 22471814735
6.660000 9.540000 0.900000 22471839499
6.540000 9.660000 1.140000 22471864396
6.480000 9.719999 1.080000 22471889393
6.120000 9.840000 1.080000 22471914713
6.180000 9.900000 1.020000 22471939541
6.240000 9.960000 0.840000 22471964405
6.000000 10.080000 1.200000 22471989422
6.360000 10.080000 1.080000 22472014761
5.940000 10.139999 1.020000 22472039489
5.820000 10.260000 1.380000 22472064385
5.820000 10.380000 0.900000 22472089424
5.820000 10.500000 1.260000 22472115597
5.400000 10.440000 0.960000 22472137822
5.580000 10.500000 1.260000 22472162673
5.640000 10.200000 1.200000 22472187672
5.700000 10.500000 0.900000 22472212904
5.220000 10.500000 0.900000 22472237781
5.280000 10.440000 1.200000 22472262659
5.460000 10.620000 0.780000 22472287650
5.100000 10.620000 1.020000 22472312880
5.040000 10.320000 1.080000 22472337842
5.460000 10.860000 1.140000 22472362651
5.280000 10.679999 0.840000 22472387639
4.860000 10.380000 0.900000 22472412892
4.560000 10.559999 1.080000 22472437775
4.920000 10.559999 1.080000 22472462672
4.920000 10.800000 1.080000 22472487873
4.200000 10.920000 1.080000 22472512886
4.440000 10.679999 0.960000 22472537800
4.260000 10.860000 1.020000 22472562673
4.200000 11.160000 1.320000 22472587704
3.900000 10.860000 1.020000 22472612885
3.960000 11.160000 1.200000 22472637771
4.080000 10.920000 0.960000 22472662644
3.960000 10.679999 1.200000 22472687676
4.080000 11.040000 1.200000 22472712905
3.840000 11.160000 1.200000 22472737775
3.660000 10.860000 1.260000 22472762652
3.540000 10.980000 0.900000 22472787639
3.780000 11.219999 1.020000 22472812928
3.780000 10.860000 1.020000 22472837834
3.900000 10.860000 0.900000 22472862642
3.780000 10.980000 1.140000 22472887648
3.660000 10.980000 1.140000 22472912884
3.900000 11.099999 1.140000 22472937764
3.720000 11.040000 0.720000 22472962656
3.540000 11.219999 0.900000 22472987666
3.540000 11.099999 0.900000 22473012929
3.540000 10.980000 1.020000 22473037780
3.720000 11.160000 0.960000 22473062649
3.780000 10.980000 0.900000 22473087702
3.780000 11.099999 0.900000 22473112870
3.780000 10.740000 0.780000 22473137762
3.480000 11.040000 1.200000 22473162662
3.780000 11.219999 1.140000 22473187639
3.780000 10.980000 1.140000 22473212880
3.540000 10.860000 1.020000 22473237804
3.660000 10.860000 1.140000 22473262630
3.360000 11.040000 1.200000 22473287659
3.600000 11.160000 0.720000 22473312887
3.720000 10.920000 1.200000 22473337833
3.600000 11.040000 0.960000 22473362639
3.780000 10.860000 0.900000 22473387640
3.780000 10.980000 1.140000 22473412863
3.660000 11.099999 1.260000 22473437774
3.600000 11.040000 1.080000 22473462639
3.480000 11.280000 0.840000 22473487641
3.600000 11.040000 0.960000 22473512912
3.480000 11.040000 1.200000 22473537766
3.600000 11.280000 1.080000 22473562655
