12.722500 -3.990000 -2.012500 29228705266
12.460000 -3.080000 -2.870000 29228730258
7.857500 -1.330000 -4.532500 29228755225
-2.292500 -0.402500 -3.430000 29228780224
-1.627500 -1.400000 -2.642500 29228805336
3.500000 5.460000 0.140000 29228830310
1.330000 -9.852500 -6.842500 29228855310
-1.242500 0.437500 -2.467500 29228880305
-1.925000 0.910000 0.297500 29228905333
-0.070000 2.607500 1.032500 29228930309
-0.262500 -1.557500 -1.382500 29228955310
1.645000 -1.085000 -1.820000 29228980303
-3.395000 -0.805000 -1.015000 29229005371
-8.102500 -2.292500 0.332500 29229030324
-3.920000 2.397500 3.325000 29229055323
-0.437500 2.712500 3.202500 29229080308
-1.872500 -3.097500 -1.085000 29229105327
-3.902500 -1.837500 1.732500 29229130314
-8.697500 -3.325000 1.592500 29229155318
-13.352500 5.495000 -2.100000 29229180303
-6.370000 7.035000 -6.352500 29229205331
-5.950000 9.310000 -2.695000 29229230312
-22.469999 12.390000 -3.272500 29229255321
-27.860001 11.865000 -7.105000 29229280307
-24.097500 -21.070000 -9.782500 29229305327
-16.275000 -7.367500 -7.700000 29229330312
-21.945000 -4.882500 -11.077500 29229355323
-18.025000 -9.362500 -10.657500 29229380307
-12.302500 -17.412500 -6.142500 29229405330
-12.810000 -9.695000 -2.730000 29229430316
-15.137500 -5.232500 -5.635000 29229455318
-14.980000 -6.895000 -2.450000 29229480304
-20.090000 31.727501 14.140000 29229505330
-31.920000 21.787500 23.432501 29229530310
-39.532501 -12.915000 5.810000 29229555310
-34.807499 -12.635000 3.430000 29229580305
-19.407499 -12.862500 7.770000 29229605327
-1.050000 1.015000 6.912500 29229630306
6.982500 6.247500 6.230000 29229655318
-0.140000 -11.567500 2.730000 29229680308
-15.102500 -9.397500 8.995000 29229705324
-22.295000 14.017500 20.510000 29229730318
-36.627499 17.605000 17.254999 29229755314
-40.494999 6.142500 15.050000 29229780306
-32.235001 -7.332500 15.925000 29229805325
-29.120001 -5.932500 6.492500 29229830320
-32.042500 -9.292500 6.685000 29229855318
-42.349998 10.517500 15.470000 29229880306
-47.005001 -0.367500 13.142500 29229905329
-42.174999 -0.752500 6.212500 29229930318
-36.382500 -6.842500 -6.597500 29229955318
-49.647499 -24.657499 -7.192500 29229980289
-67.077499 -6.545000 -3.412500 29230005329
-57.137501 -3.832500 -13.772500 29230030319
-48.282501 -22.365000 -29.049999 29230055319
-41.772499 -27.825001 -30.100000 29230080304
-48.755001 -21.980000 -29.277500 29230105326
-57.295002 -9.870000 -17.727501 29230130316
-54.057499 -14.315001 -16.782499 29230155312
-40.022499 -30.747499 -18.830000 29230180307
-38.045002 9.467500 -12.932500 29230205326
-26.915001 31.972500 -1.452500 29230230312
-38.255001 28.700001 7.472500 29230255310
-67.584999 8.995000 4.217500 29230280294
-74.427498 -5.145000 -5.722500 29230305311
-58.642502 -17.465000 -15.225000 29230330290
-42.525002 -30.432501 -11.795000 29230355301
-28.437500 3.027500 4.217500 29230380287
-37.415001 -0.857500 7.052500 29230405309
-61.407501 6.842500 1.487500 29230430298
-63.525002 0.280000 2.432500 29230455300
-59.045002 -15.505000 1.995000 29230480291
-54.250000 -7.087500 3.587500 29230505311
-53.707500 -0.280000 0.315000 29230530300
-60.112499 -2.240000 -7.822500 29230555293
-61.985001 -9.555000 -12.040000 29230580223
-62.474998 -7.980000 -7.175000 29230605332
-61.215000 -8.610000 -5.897500 29230630383
-56.052502 -2.817500 -11.900000 29230655303
-50.452499 7.105000 -6.055000 29230680314
-51.082500 -1.925000 -6.685000 29230705316
-50.820000 6.107500 -2.205000 29230730390
-43.994999 1.330000 -4.497500 29230755296
-41.177502 -4.935000 -12.617500 29230780286
-45.482502 -2.660000 -7.612500 29230805336
-52.605000 -0.350000 -5.792500 29230830289
-52.307499 -5.320000 -11.025000 29230855298
-49.174999 -2.240000 -10.395000 29230880295
-47.547501 4.235000 -15.487500 29230905311
-43.575001 -8.400000 -19.110001 29230930298
-44.047501 -5.285000 -12.740000 29230955302
-43.189999 5.565000 -8.120000 29230980298
-38.220001 14.175000 -12.460000 29231005310
-36.172501 13.475000 -15.295000 29231030294
-37.082500 4.637500 -22.645000 29231055295
-33.564999 3.220000 -26.495001 29231080286
-36.855000 0.577500 -25.112499 29231105312
-47.810001 -3.622500 -18.252501 29231130296
-55.055000 -1.137500 -8.172500 29231155299
-55.457500 4.847500 -7.437500 29231180295
-62.404999 2.922500 -17.080000 29231205312
-65.099998 7.507500 -13.930000 29231230289
-63.577499 1.960000 -15.575000 29231255295
-64.802498 -2.712500 -27.527500 29231280295
-62.965000 -0.017500 -22.645000 29231305310
-63.980000 7.700000 -12.985000 29231330295
-66.360001 -4.095000 -23.730000 29231355292
-67.777504 6.632500 -13.125000 29231380292
-73.535004 10.027500 -2.957500 29231405313
-77.787498 -3.622500 -4.952500 29231430302
-84.525002 -6.177500 -3.622500 29231455291
-96.355003 0.192500 -6.615000 29231480292
-105.525002 -12.565000 -20.895000 29231505309
-111.597504 -15.382500 -8.085000 29231530298
-113.067497 -5.162500 5.565000 29231555294
-111.824997 -1.312500 -14.892500 29231580294
-102.165001 0.700000 -25.812500 29231605311
-95.724998 -0.315000 -16.187500 29231630295
-95.025002 -16.922501 1.715000 29231655293
-86.065002 -10.657500 16.240000 29231680297
-74.882500 -0.175000 12.967500 29231705310
-63.314999 6.265000 1.067500 29231730297
-56.665001 5.967500 -9.485000 29231755295
-51.362499 -0.927500 -22.277500 29231780299
-51.502499 4.077500 -18.182501 29231805312
-52.325001 10.832500 -1.907500 29231830292
-58.170002 14.070000 7.927500 29231855299
-64.067497 8.890000 7.017500 29231880296
-72.029999 0.805000 -6.545000 29231905315
-72.432503 6.387500 -6.475000 29231930293
-68.529999 7.980000 -6.597500 29231955294
-69.842499 -2.152500 -14.262500 29231980297
-74.182503 0.997500 -9.485000 29232005335
-73.202499 1.750000 2.275000 29232030293
-68.827499 4.095000 2.957500 29232055287
-65.309998 10.727500 7.735000 29232080296
-70.822502 8.960000 -0.875000 29232105311
-73.639999 3.832500 -5.950000 29232130298
-70.192497 1.942500 -0.437500 29232155304
-57.207500 4.987500 -3.132500 29232180302
-44.904999 9.905000 -6.615000 29232205329
-37.380001 3.115000 -0.647500 29232230306
-45.744999 -1.522500 1.575000 29232255304
-47.285000 0.822500 0.892500 29232280305
-44.922501 2.397500 -4.235000 29232305309
-43.505001 2.625000 0.052500 29232330307
-45.955002 11.760000 2.187500 29232355298
-53.900002 12.005000 -0.892500 29232380305
-58.782501 3.780000 1.925000 29232405313
-62.037498 0.017500 -1.015000 29232430294
-57.522499 4.672500 -0.227500 29232455296
-54.512501 14.157500 5.442500 29232480305
-67.514999 14.420000 -0.892500 29232505309
-76.527504 12.442500 -0.875000 29232530300
-78.452499 12.180000 5.897500 29232555297
-77.542503 11.357500 -5.460000 29232580302
-77.035004 10.902500 -13.702500 29232605312
-69.037498 5.180000 -10.920000 29232630305
-51.327499 -0.805000 -13.230000 29232655311
-41.930000 -2.660000 -12.985000 29232680308
-36.802502 -8.820000 -20.702499 29232705312
-45.307499 -14.805000 -23.240000 29232730306
-52.902500 -8.890000 -10.570000 29232755295
-49.647499 -8.190000 -14.017500 29232780295
-46.724998 -6.387500 -14.577500 29232805311
-56.980000 -1.907500 -23.870001 29232830292
-69.037498 3.675000 -29.837500 29232855292
-70.647499 0.682500 -17.832500 29232880295
-58.187500 -1.610000 -5.040000 29232905314
-56.665001 -2.712500 -0.647500 29232930302
-57.889999 -2.100000 -17.290001 29232955292
-57.592499 -1.032500 -18.059999 29232980301
-53.497501 1.015000 -20.405001 29233005313
-33.372501 -2.800000 -23.240000 29233030309
-23.065001 0.630000 -14.402500 29233055294
-26.442499 -4.760000 -14.770000 29233080295
-49.857502 -9.030000 -13.282500 29233105311
-70.962502 -15.575000 1.680000 29233130296
-80.220001 -7.682500 5.880000 29233155290
-62.177502 5.092500 -0.210000 29233180293
-46.095001 -0.927500 -12.740000 29233205312
-55.212502 -4.235000 -14.000000 29233230297
-55.650002 -8.890000 -0.700000 29233255289
-51.292500 -1.820000 9.362500 29233280295
-53.602501 14.560000 -6.475000 29233305310
-67.987503 18.270000 -19.127501 29233330296
-78.697502 5.880000 -6.160000 29233355287
-58.345001 -10.010000 22.820000 29233380294
-37.292500 -4.025000 22.434999 29233405311
-36.575001 9.275000 8.225000 29233430294
-46.865002 14.735000 -0.892500 29233455296
-49.087502 9.467500 5.810000 29233480292
-37.887501 20.440001 -6.527500 29233505309
-36.697498 19.600000 -20.877501 29233530277
-42.262501 20.317499 -15.085000 29233555286
-43.400002 28.700001 -18.025000 29233580299
-50.452499 20.370001 -5.267500 29233605307
-51.205002 18.567499 -2.957500 29233630303
-54.389999 16.642500 -2.310000 29233655332
-53.497501 15.750000 -11.882500 29233680292
-43.242500 13.580000 -20.492500 29233705298
-39.252499 10.937500 -12.915000 29233730301
-42.980000 12.302500 -16.117500 29233755371
-45.849998 18.847500 -8.662500 29233780292
-68.425003 14.140000 -8.015000 29233805461
-79.590004 16.975000 -10.062500 29233830296
-77.472504 23.152500 -7.105000 29233855379
-67.410004 25.690001 -3.220000 29233880299
-63.927502 23.625000 3.465000 29233905284
-64.889999 14.490000 -5.547500 29233930301
-62.037498 15.960000 -4.200000 29233955286
-62.755001 14.770000 -9.152500 29233980303
-68.599998 6.685000 -18.672501 29234005289
-60.970001 6.842500 -19.320000 29234030302
-51.904999 6.422500 -25.620001 29234055297
-47.250000 10.097500 -32.182499 29234080306
-41.439999 -2.240000 -27.667500 29234105289
-30.905001 -0.560000 -31.762501 29234130302
-22.855000 -2.520000 -35.507500 29234155298
-27.982500 -14.192500 -37.047501 29234180303
-39.410000 -16.957500 -36.470001 29234205294
-39.795002 -5.390000 -32.654999 29234230306
-40.915001 -6.772500 -34.020000 29234255291
-48.492500 -22.102501 -43.767502 29234280294
-52.902500 -3.797500 -29.715000 29234305291
-28.962500 17.412500 -9.205000 29234330293
-2.747500 16.695000 2.660000 29234355295
10.797500 -0.682500 -29.400000 29234380295
-13.877501 5.372500 -43.522499 29234405300
-25.620001 23.082500 -26.197500 29234430300
-32.672501 33.634998 -10.097500 29234455292
-46.270000 32.514999 1.102500 29234480301
-56.087502 38.395000 2.712500 29234505292
-53.270000 45.360001 14.892500 29234530301
-47.372501 44.747501 15.837500 29234555287
-56.910000 16.152500 -16.695000 29234580305
-71.434998 17.202499 -10.815000 29234605293
-61.302502 34.369999 -6.807500 29234630305
-36.032501 34.720001 2.940000 29234655297
-19.162500 16.030001 10.937500 29234680305
-17.412500 9.415000 -1.417500 29234705293
-13.842500 4.147500 -18.585001 29234730302
-22.960001 -0.070000 -43.172501 29234755290
-46.252499 -4.410000 -26.547501 29234780301
-67.059998 6.387500 -15.662500 29234805296
-59.920002 -2.940000 -34.685001 29234830294
-41.807499 -26.442499 -41.597500 29234855287
-40.512501 -28.262501 -26.057501 29234880303
-48.334999 8.050000 -25.077499 29234905292
-35.682499 -0.892500 -29.977501 29234930304
-34.772499 -15.155000 -27.264999 29234955296
-33.670002 -10.132500 -12.145000 29234980298
-24.762501 6.842500 13.632500 29235005296
-9.292500 -13.160000 22.312500 29235030303
-17.552500 -17.832500 17.885000 29235055285
-32.602501 4.112500 10.710000 29235080294
-25.427500 -4.340000 -4.830000 29235105286
-2.205000 -15.855000 -6.282500 29235130291
5.232500 -21.174999 2.520000 29235155286
-9.152500 -0.350000 14.665000 29235180295
-6.842500 -1.645000 16.502501 29235205277
-1.277500 -33.494999 -5.267500 29235230299
-12.600000 -44.957500 -6.055000 29235255292
-33.932499 4.445000 35.332500 29235280294
-18.392500 -2.835000 31.657499 29235305286
-8.540000 -19.127501 -0.840000 29235330293
-10.902500 -18.077499 -3.290000 29235355298
-23.764999 -8.995000 7.665000 29235380297
-23.047501 -15.767500 10.675000 29235405306
-23.730000 -26.530001 -8.032500 29235430293
-43.400002 -18.777500 -3.815000 29235455268
-53.742500 -2.555000 20.335001 29235480297
-55.650002 -1.470000 19.022501 29235505284
-54.722500 -2.100000 10.115000 29235530297
-59.342499 3.220000 -1.137500 29235555292
-64.294998 5.355000 -8.155000 29235580295
-59.885002 2.222500 -4.252500 29235605289
-60.777500 -2.012500 -24.797501 29235630296
-64.697502 -3.937500 -42.787498 29235655290
-56.279999 4.900000 -39.095001 29235680293
-25.900000 3.447500 -28.787500 29235705274
-9.887500 -6.090000 -23.799999 29235730306
-0.892500 1.207500 -29.872499 29235755292
4.830000 6.387500 -39.689999 29235780297
-6.475000 2.765000 -39.619999 29235805292
-32.392502 -3.570000 -36.557499 29235830294
-34.474998 -2.502500 -20.754999 29235855287
-24.517500 -7.192500 -7.210000 29235880295
-14.612500 -2.222500 -18.252501 29235905302
-8.767500 -1.872500 -32.759998 29235930296
-8.120000 -2.100000 -29.032499 29235955288
-12.810000 -10.447500 -28.612499 29235980296
-17.570000 -0.980000 -30.135000 29236005286
-37.572498 -0.945000 -17.150000 29236030294
-50.049999 -5.337500 -16.799999 29236055293
-63.682499 -4.287500 -24.412500 29236080292
-89.879997 2.712500 -21.997499 29236105274
-101.184998 7.297500 -4.095000 29236130301
-70.279999 11.200000 -1.890000 29236155300
-42.052502 13.685000 0.787500 29236180300
-23.065001 5.040000 8.557500 29236205294
-4.987500 3.605000 8.907500 29236230301
-0.542500 0.087500 4.392500 29236255294
5.880000 -3.815000 0.752500 29236280293
-1.470000 -28.980000 -3.745000 29236305290
-24.237499 0.875000 -3.430000 29236330342
-32.970001 13.475000 -4.725000 29236355300
-45.605000 23.309999 -4.725000 29236380298
-58.450001 8.662500 2.467500 29236405308
-76.107498 -5.687500 0.262500 29236430302
-78.102501 0.385000 9.642500 29236455298
-48.352501 0.157500 5.460000 29236480294
-34.055000 9.922500 -5.005000 29236505289
-17.115000 15.575000 -10.972500 29236530301
-2.485000 5.985000 -6.300000 29236555301
-13.177500 15.365000 -12.740000 29236580296
-33.407501 12.337500 -10.902500 29236605286
-37.799999 -1.942500 -9.817500 29236630301
-33.162498 -4.987500 -13.020000 29236655296
-19.110001 -4.935000 -15.172500 29236680295
-19.057501 1.190000 -19.407499 29236705290
-38.955002 18.567499 -26.424999 29236730300
-54.389999 -5.250000 -19.477501 29236755293
-37.782501 -46.689999 -25.969999 29236780308
-33.547501 -36.750000 -20.247499 29236805309
-26.897501 -37.082500 -20.457500 29236830301
-17.937500 -12.880000 -3.167500 29236855292
-21.262501 3.062500 1.907500 29236880304
-32.462502 -10.132500 2.187500 29236905318
-49.472500 -17.027500 0.140000 29236930301
-42.332500 -15.102500 -4.935000 29236955290
-33.722500 6.982500 -14.752501 29236980307
-26.862499 -1.295000 -12.005000 29237005314
-31.150000 -16.397501 -4.865000 29237030295
-35.595001 -37.257500 -4.655000 29237055293
-43.750000 -27.247499 -8.575000 29237080307
-49.490002 -3.500000 -12.775000 29237105312
-62.072502 -1.557500 -9.415000 29237130300
-47.005001 10.570000 -8.330000 29237155298
-29.960001 -11.830000 -11.410000 29237180307
-18.987499 -12.775000 -14.752501 29237205312
-28.700001 -0.700000 -20.002501 29237230304
-45.185001 -8.330000 -14.157500 29237255289
-45.920002 -15.767500 -7.927500 29237280309
-38.797501 -21.822500 -7.630000 29237305309
-30.100000 -12.337500 -11.795000 29237330306
-35.752499 2.047500 -17.780001 29237355288
-41.334999 -8.995000 -11.707500 29237380309
-35.087502 -10.150000 -5.477500 29237405310
-31.674999 8.802500 -13.177500 29237430295
-36.767502 8.067500 -12.967500 29237455291
-43.627499 -14.315001 -7.000000 29237480305
-48.737499 -7.035000 -7.542500 29237505310
-51.134998 10.237500 -8.890000 29237530302
-39.584999 -0.140000 -3.202500 29237555293
-23.677500 -7.297500 -4.550000 29237580309
-23.187500 -14.140000 -6.965000 29237605311
-27.510000 -11.952500 -5.337500 29237630305
-37.099998 -5.040000 -4.340000 29237655296
-40.145000 -2.030000 -4.690000 29237680308
-43.540001 -18.165001 3.657500 29237705310
-43.837502 -3.745000 -3.762500 29237730306
-44.730000 0.332500 -8.557500 29237755296
-44.117500 -5.215000 -6.720000 29237780306
-35.962502 -19.932501 -4.077500 29237805314
-30.309999 -32.970001 -1.260000 29237830301
-29.085001 -9.642500 -7.262500 29237855292
-39.462502 -3.202500 -2.135000 29237880310
-44.099998 3.377500 -0.892500 29237905299
-41.562500 -7.385000 3.132500 29237930303
-32.549999 -8.960000 4.445000 29237955263
-30.152500 4.217500 0.595000 29237980300
-34.720001 2.957500 3.675000 29238005434
-35.665001 2.817500 5.880000 29238030305
-27.790001 -1.907500 4.847500 29238055331
-28.455000 -5.915000 11.095000 29238080300
-24.500000 -1.435000 7.647500 29238105405
-18.830000 0.875000 -2.765000 29238130300
-18.217501 2.957500 -13.055000 29238155297
-27.895000 -0.227500 -12.460000 29238180302
-29.540001 8.207500 -15.960000 29238205293
-19.915001 -4.602500 -13.212500 29238230292
-13.930000 -11.970000 -7.210000 29238255292
-14.280000 -2.065000 -11.532500 29238280295
-23.275000 -2.782500 -13.475000 29238305318
-25.252501 -6.457500 -9.537500 29238330291
-26.670000 -3.202500 -8.417500 29238355301
-28.665001 -7.840000 -9.607500 29238380291
-36.522499 -5.442500 -4.795000 29238405328
-52.290001 9.572500 -13.422500 29238430304
-66.849998 17.885000 -19.022501 29238455308
-81.707497 5.617500 -11.200000 29238480297
-78.294998 1.767500 -6.702500 29238505325
-50.102501 3.482500 -1.050000 29238530301
-19.950001 -5.530000 0.280000 29238555307
2.660000 -18.112499 3.220000 29238580292
17.219999 -6.860000 -0.332500 29238605331
26.687500 -1.330000 -2.520000 29238630310
30.292500 -4.637500 -3.447500 29238655308
33.005001 -9.205000 -3.762500 29238680304
