0.000000 29228672215
0.000000 29228694275
0.000000 29228719232
0.000000 29228744264
0.000000 29228769253
0.000000 29228794306
0.000000 29228819305
0.000000 29228844322
0.000000 29228869310
0.000000 29228894322
0.000000 29228919309
0.000000 29228944323
0.000000 29228969323
0.000000 29228994330
0.000000 29229019315
0.000000 29229044301
0.000000 29229069309
0.000000 29229094317
0.000000 29229119297
0.000000 29229144314
0.000000 29229169302
0.000000 29229194302
0.000000 29229219293
0.000000 29229244310
0.000000 29229269307
0.000000 29229294312
0.000000 29229319296
0.000000 29229344311
0.000000 29229369305
0.000000 29229394309
0.000000 29229419270
0.000000 29229444300
0.000000 29229469312
0.000000 29229494285
0.000000 29229519296
0.000000 29229544299
0.000000 29229569312
0.000000 29229594301
0.000000 29229619295
0.000000 29229644297
0.000000 29229669312
0.000000 29229694307
0.000000 29229719296
0.000000 29229744301
0.000000 29229769304
0.000000 29229794298
0.000000 29229819298
0.000000 29229844298
0.000000 29229869316
0.000000 29229894296
0.000000 29229919298
0.000000 29229944309
0.000000 29229969306
0.000000 29229994304
0.000000 29230019301
0.000000 29230044296
0.000000 29230069316
0.000000 29230094299
0.000000 29230119291
0.000000 29230144301
0.000000 29230169301
0.000000 29230194294
0.000000 29230219302
0.000000 29230244294
0.000000 29230269289
0.000000 29230294292
0.000000 29230319282
0.000000 29230344284
0.000000 29230369294
0.000000 29230394281
0.000000 29230419375
0.000000 29230444284
0.000000 29230469291
0.000000 29230494296
0.000000 29230519278
0.000000 29230544290
0.000000 29230569297
0.000000 29230594296
0.000000 29230619280
0.000000 29230644282
0.000000 29230669292
0.000000 29230694287
0.000000 29230719295
0.000000 29230744274
0.000000 29230769320
0.000000 29230794284
0.000000 29230819294
0.000000 29230844278
0.000000 29230869309
0.000000 29230894306
0.000000 29230919299
0.000000 29230944308
0.000000 29230969304
0.000000 29230994306
0.000000 29231019297
0.000000 29231044303
0.000000 29231069309
0.000000 29231094291
0.000000 29231119295
0.000000 29231144299
0.000000 29231169314
0.000000 29231194304
0.000000 29231219292
0.000000 29231244304
0.000000 29231269311
0.000000 29231294310
0.000000 29231319290
0.000000 29231344303
0.000000 29231369305
0.000000 29231394301
0.000000 29231419276
0.000000 29231444298
0.000000 29231469308
0.000000 29231494301
0.000000 29231519292
0.000000 29231544301
0.000000 29231569303
0.000000 29231594299
0.000000 29231619295
0.000000 29231644301
0.000000 29231669310
0.000000 29231694295
0.000000 29231719297
0.000000 29231744300
0.000000 29231769308
0.000000 29231794318
0.000000 29231819296
0.000000 29231844299
0.000000 29231869307
0.000000 29231894291
0.000000 29231919292
0.000000 29231944297
0.000000 29231969311
0.000000 29231994325
0.000000 29232019300
0.000000 29232044293
0.000000 29232069301
0.000000 29232094306
0.000000 29232119293
0.000000 29232144309
0.000000 29232169305
0.000000 29232194309
0.000000 29232219288
0.000000 29232244304
0.000000 29232269303
0.000000 29232294304
0.000000 29232319294
0.000000 29232344303
0.000000 29232369309
0.000000 29232394304
0.000000 29232419295
0.000000 29232444300
0.000000 29232469311
0.000000 29232494311
0.000000 29232519291
0.000000 29232544321
0.000000 29232569309
0.000000 29232594312
0.000000 29232619286
0.000000 29232644306
0.000000 29232669293
0.000000 29232694294
0.000000 29232719298
0.000000 29232744316
0.000000 29232769305
0.000000 29232794311
0.000000 29232819292
0.000000 29232844306
0.000000 29232869313
0.000000 29232894318
0.000000 29232919296
0.000000 29232944309
0.000000 29232969311
0.000000 29232994308
0.000000 29233019238
0.000000 29233044290
0.000000 29233069312
0.000000 29233094305
0.000000 29233119294
0.000000 29233144301
0.000000 29233169303
0.000000 29233194301
0.000000 29233219294
0.000000 29233244293
0.000000 29233269307
0.000000 29233294301
0.000000 29233319293
0.000000 29233344303
0.000000 29233369308
0.000000 29233394301
0.000000 29233419286
0.000000 29233444307
0.000000 29233469301
0.000000 29233494301
0.000000 29233519296
0.000000 29233544303
0.000000 29233569302
0.000000 29233594299
0.000000 29233619301
0.000000 29233644298
0.000000 29233669304
0.000000 29233694295
0.000000 29233719288
0.000000 29233744289
0.000000 29233769301
0.000000 29233794284
0.000000 29233819288
0.000000 29233844289
0.000000 29233869305
0.000000 29233894294
0.000000 29233919293
0.000000 29233944290
0.000000 29233969304
0.000000 29233994289
0.000000 29234019288
0.000000 29234044296
0.000000 29234069307
0.000000 29234094290
0.000000 29234119300
0.000000 29234144289
0.000000 29234169315
0.000000 29234194288
0.000000 29234219301
0.000000 29234244293
0.000000 29234269307
0.000000 29234294291
0.000000 29234319301
0.000000 29234344295
0.000000 29234369309
0.000000 29234394290
0.000000 29234419296
0.000000 29234444294
0.000000 29234469314
0.000000 29234494289
0.000000 29234519300
0.000000 29234544300
0.000000 29234569310
0.000000 29234594295
0.000000 29234619297
0.000000 29234644291
0.000000 29234669312
0.000000 29234694287
0.000000 29234719288
0.000000 29234744272
0.000000 29234769307
0.000000 29234794380
0.000000 29234819295
0.000000 29234844315
0.000000 29234869309
0.000000 29234894331
0.000000 29234919315
0.000000 29234944289
0.000000 29234969301
0.000000 29234994331
0.000000 29235019295
0.000000 29235044258
0.000000 29235069303
0.000000 29235094290
0.000000 29235119292
0.000000 29235144301
0.000000 29235169297
0.000000 29235194302
0.000000 29235219293
0.000000 29235244299
0.000000 29235269305
0.000000 29235294306
0.000000 29235319297
0.000000 29235344300
0.000000 29235369297
0.000000 29235394310
0.000000 29235419283
0.000000 29235444305
0.000000 29235469307
0.000000 29235494297
0.000000 29235519293
0.000000 29235544298
0.000000 29235569303
0.000000 29235594302
0.000000 29235619291
0.000000 29235644305
0.000000 29235669304
0.000000 29235694305
0.000000 29235719290
0.000000 29235744304
0.000000 29235769297
0.000000 29235794300
0.000000 29235819293
0.000000 29235844295
0.000000 29235869302
0.000000 29235894295
0.000000 29235919281
0.000000 29235944306
0.000000 29235969301
0.000000 29235994305
0.000000 29236019295
0.000000 29236044297
0.000000 29236069303
0.000000 29236094306
0.000000 29236119295
0.000000 29236144299
0.000000 29236169307
0.000000 29236194297
0.000000 29236219275
0.000000 29236244306
0.000000 29236269303
0.000000 29236294304
0.000000 29236319295
0.000000 29236344322
0.000000 29236369312
0.000000 29236394310
0.000000 29236419313
0.000000 29236444308
0.000000 29236469308
0.000000 29236494303
0.000000 29236519299
0.000000 29236544307
0.000000 29236569306
0.000000 29236594311
0.000000 29236619293
0.000000 29236644302
0.000000 29236669300
0.000000 29236694309
0.000000 29236719290
0.000000 29236744301
0.000000 29236769282
0.000000 29236794307
0.000000 29236819298
0.000000 29236844315
0.000000 29236869286
0.000000 29236894308
0.000000 29236919287
0.000000 29236944298
0.000000 29236969284
0.000000 29236994305
0.000000 29237019294
0.000000 29237044299
0.000000 29237069282
0.000000 29237094308
0.000000 29237119290
0.000000 29237144310
0.000000 29237169286
0.000000 29237194306
0.000000 29237219292
0.000000 29237244297
0.000000 29237269286
0.000000 29237294308
0.000000 29237319290
0.000000 29237344303
0.000000 29237369281
0.000000 29237394302
0.000000 29237419277
0.000000 29237444306
0.000000 29237469277
0.000000 29237494312
0.000000 29237519290
0.000000 29237544316
0.000000 29237569292
0.000000 29237594309
0.000000 29237619293
0.000000 29237644314
0.000000 29237669293
0.000000 29237694314
0.000000 29237719296
0.000000 29237744303
0.000000 29237769265
0.000000 29237794307
0.000000 29237819356
0.000000 29237844310
0.000000 29237869310
0.000000 29237894300
0.000000 29237919331
0.000000 29237944307
0.000000 29237969280
0.000000 29237994296
0.000000 29238019299
0.000000 29238044299
0.000000 29238069284
0.000000 29238094316
0.000000 29238119279
0.000000 29238144308
0.000000 29238169315
0.000000 29238194314
0.000000 29238219298
0.000000 29238244310
0.000000 29238269307
0.000000 29238294308
0.000000 29238319290
0.000000 29238344304
0.000000 29238369291
0.000000 29238394303
0.000000 29238419295
0.000000 29238444306
0.000000 29238469302
0.000000 29238494301
0.000000 29238519287
0.000000 29238544304
0.000000 29238569287
0.000000 29238594297
0.000000 29238619243
0.000000 29238644305
0.000000 29238669295
