7.600155 -3.402908 -6.599876 16775833940
7.815901 -3.677494 -6.570456 16775859671
7.688415 -3.991307 -6.472390 16775883965
7.443248 -4.089374 -6.531229 16775908982
7.629575 -3.765754 -6.462583 16775933963
7.708028 -3.677494 -6.442970 16775959017
7.619768 -3.648074 -6.462583 16775983972
7.590348 -3.746140 -6.158577 16776008973
7.531508 -4.099180 -6.256643 16776033999
7.492281 -4.589513 -6.237030 16776059002
7.217695 -4.883712 -5.913410 16776084007
7.021562 -5.138685 -5.707471 16776109028
7.551122 -4.609126 -7.198082 16776134015
7.266728 -4.942552 -7.001948 16776159033
6.943109 -5.021006 -6.894075 16776184043
6.442970 -5.217138 -6.864655 16776209045
6.138963 -5.501531 -6.521423 16776234027
5.972251 -5.589791 -6.442970 16776259127
5.864377 -5.746698 -6.403743 16776284125
5.432885 -5.374044 -6.609683 16776309012
5.021006 -5.972251 -6.354710 16776334012
4.834679 -6.315483 -6.119350 16776359034
4.775839 -6.099737 -6.109544 16776384011
5.177912 -6.982336 -5.893797 16776410823
4.971972 -7.305955 -5.668244 16776433985
4.834679 -7.609962 -5.550564 16776458967
4.530673 -7.560929 -5.707471 16776483984
4.187440 -8.433721 -5.325011 16776508980
4.246280 -8.384687 -4.952359 16776534039
4.010921 -8.571013 -5.050425 16776559053
3.559814 -8.747533 -5.315205 16776584053
3.393101 -8.924053 -5.295592 16776609040
3.363681 -9.061346 -5.128879 16776634203
3.638267 -9.394772 -4.530673 16776659253
3.226388 -9.335932 -4.677773 16776684192
2.961608 -9.502645 -4.216860 16776709189
2.981222 -9.414385 -3.991307 16776734192
2.922382 -9.532065 -3.785367 16776759260
2.991029 -9.414385 -3.844207 16776784326
2.657602 -9.139799 -3.952080 16776809333
2.549729 -9.463418 -3.716721 16776834315
2.471276 -9.924331 -3.363681 16776859310
2.637989 -10.110658 -2.539923 16776884334
2.922382 -10.336210 -1.951524 16776909324
3.118515 -10.502923 -1.784810 16776934326
4.226666 -10.483310 -1.745584 16776958995
4.285507 -10.257757 -1.578871 16776984011
4.020727 -10.002784 -1.402351 16777009013
3.814787 -9.855684 -1.412158 16777034009
3.873627 -9.649745 -0.843372 16777059017
4.099180 -9.708585 -0.598206 16777084025
4.393380 -9.757618 -0.441299 16777109010
4.599319 -9.698778 -0.078453 16777134036
4.854292 -9.345738 0.676659 16777158997
5.011199 -9.051538 1.029698 16777184028
5.099458 -8.816179 1.421964 16777209010
5.060232 -8.198360 2.373209 16777233992
5.070039 -7.796288 2.824315 16777258965
4.922939 -7.835515 3.020448 16777283965
4.854292 -7.531508 3.265615 16777308981
5.079845 -6.874462 3.628461 16777333981
5.177912 -6.639102 3.706914 16777358996
5.285785 -6.256643 4.265893 16777383999
5.511338 -5.815344 4.589513 16777409029
5.893797 -5.187718 5.021006 16777434037
6.060511 -4.932746 5.452498 16777459105
6.011477 -4.569900 6.109544 16777484033
5.952637 -4.363960 6.492003 16777509040
5.727084 -3.854014 7.090209 16777534055
5.638824 -3.471555 7.404021 16777559037
5.540758 -3.187161 7.688415 16777584028
5.315205 -2.500696 7.904161 16777609058
5.148491 -1.931910 7.884548 16777634061
4.942552 -1.470998 7.972808 16777659068
4.766033 -1.108152 8.012034 16777684052
4.373766 -0.686466 7.953194 16777709038
4.246280 -0.176520 8.129714 16777734046
4.001114 0.264780 8.286621 16777758987
3.657881 0.490333 8.296427 16777784039
3.196968 1.068925 8.286621 16777810713
2.932189 1.402351 8.561207 16777834285
2.422243 2.069203 8.571013 16777878186
2.432050 2.687022 8.021841 16777884009
2.039783 2.363403 7.943388 16777908949
1.696550 2.667409 8.149327 16777933988
1.402351 2.745862 8.188554 16777958981
1.255251 3.147935 7.972808 16777983991
1.059118 3.128322 8.041454 16778008974
0.706079 3.265615 8.061068 16778034018
0.509946 3.559814 8.394494 16778059010
0.323619 3.854014 8.168941 16778084932
0.274586 3.893241 8.090487 16778109067
0.088260 4.050147 7.953194 16778134031
-0.078453 4.148213 8.119907 16778159033
-0.225553 4.511060 7.874741 16778184002
-0.333426 4.511060 7.923775 16778209023
-0.343233 4.775839 8.061068 16778234022
-0.451106 4.766033 8.090487 16778259081
-0.451106 4.903326 8.198360 16778284076
-0.529559 5.148491 8.100294 16778309081
-0.529559 5.472112 8.629853 16778334079
-0.431493 5.315205 8.012034 16778359137
-0.323619 5.246559 7.972808 16778384189
-0.254973 5.138685 7.913968 16778409190
-0.294200 5.168105 8.178747 16778434187
-0.460913 5.197526 8.237587 16778459265
-0.558979 5.138685 8.090487 16778484386
-0.676659 5.295592 8.090487 16778509326
-0.813952 5.285785 8.443527 16778534341
-0.843372 5.197526 8.423914 16778559319
-0.833565 5.197526 8.247394 16778584349
-0.784532 5.364238 8.119907 16778609332
-0.558979 5.589791 7.835515 16778634337
-0.588399 5.589791 7.757061 16778659320
-0.509946 5.815344 7.639381 16778684348
-0.500139 5.942831 7.511894 16778709380
-0.549172 6.060511 7.639381 16778734345
-0.490333 6.040897 7.668801 16778759327
-0.362846 5.991864 7.600155 16778784335
-0.558979 5.844764 7.668801 16778809422
-0.529559 5.923217 7.580542 16778834346
-0.598206 5.815344 7.796288 16778859282
-0.598206 5.903604 7.894354 16778884347
-0.676659 5.893797 7.874741 16778909311
-0.706079 5.982057 7.913968 16778934349
-0.745305 5.991864 7.884548 16778959300
-0.598206 6.011477 7.855128 16778984336
-0.343233 6.070317 7.551122 16779009306
-0.343233 6.148770 7.492281 16779034339
-0.304006 6.168384 7.364795 16779059321
-0.186326 6.197803 7.266728 16779084332
-0.156906 6.178190 7.168662 16779109347
-0.196133 6.119350 7.090209 16779134345
-0.166713 6.129157 7.139242 16779159317
-0.215746 6.158577 7.119628 16779184334
-0.235360 6.178190 7.139242 16779209343
-0.176520 6.158577 7.158855 16779234336
-0.166713 6.187996 7.198082 16779259324
-0.088260 6.237030 7.247115 16779284329
-0.058840 6.237030 7.335375 16779309338
-0.049033 6.237030 7.404021 16779334331
0.009807 6.207610 7.453054 16779359323
0.019613 6.276257 7.413828 16779384335
0.029420 6.237030 7.384408 16779409340
0.019613 6.197803 7.423635 16779434332
0.147100 6.158577 7.305955 16779459319
0.088260 6.178190 7.335375 16779484326
0.058840 6.207610 7.364795 16779509327
0.039227 6.246837 7.404021 16779534323
0.117680 6.158577 7.335375 16779559319

