6.107500 -4.042500 25.952499 16775861053
10.832500 -7.035000 21.472500 16775886081
10.937500 -6.947500 16.030001 16775911037
9.905000 -3.762500 20.947500 16775936064
10.412500 -5.302500 26.460001 16775963352
11.357500 -4.567500 32.480000 16775986058
10.622500 -6.352500 36.347500 16776011063
6.650000 -8.452500 38.937500 16776036095
8.365000 -11.410000 39.584999 16776061111
9.222500 -18.375000 47.057499 16776086092
4.620000 -47.407501 43.557499 16776111105
-6.877500 -21.315001 51.222500 16776136135
7.332500 -9.240000 63.665001 16776161135
18.672501 -2.047500 70.997498 16776186151
20.807501 -4.532500 70.752502 16776211134
22.610001 -13.282500 66.465004 16776236146
28.665001 -18.742500 67.934998 16776261190
33.845001 -27.002501 67.095001 16776286489
43.785000 -32.182499 61.162498 16776311144
43.400002 -27.195000 55.877499 16776336144
48.387501 -22.645000 42.420002 16776361132
47.477501 -8.907500 38.045002 16776386144
46.637501 8.137500 44.642502 16776411303
33.197498 -7.700000 58.345001 16776445142
32.305000 -10.220000 60.514999 16776461079
32.095001 13.597500 58.677502 16776486073
27.702499 4.637500 59.202499 16776511071
31.517500 2.485000 57.767502 16776536144
35.087502 -0.542500 43.837502 16776561144
27.142500 -3.692500 36.470001 16776586166
31.674999 -1.645000 36.259998 16776619263
37.205002 -4.550000 39.480000 16776636362
44.817501 -6.877500 41.597500 16776661363
56.717499 -2.012500 34.107502 16776686354
58.887501 5.145000 38.115002 16776711354
63.174999 3.307500 36.802502 16776736352
61.670002 -12.197500 27.230000 16776761511
62.125000 -21.000000 24.062500 16776786575
62.404999 -24.062500 25.165001 16776811607
49.595001 -5.302500 35.052502 16776836573
39.830002 11.060000 37.222500 16776861563
37.205002 12.810000 39.165001 16776886564
48.142502 7.787500 22.732500 16776911571
66.692497 6.440000 -6.702500 16776936568
80.605003 2.257500 -49.367500 16776961067
79.292503 1.662500 -66.622498 16776986107
86.764999 -7.140000 -76.632500 16777011108
85.557503 5.600000 -84.105003 16777036105
65.817497 18.620001 -76.702499 16777061109
58.590000 26.057501 -73.919998 16777086120
49.437500 50.400002 -77.997498 16777111078
47.599998 58.712502 -91.105003 16777141783
62.947502 43.295002 -101.885002 16777161075
73.972504 41.650002 -110.635002 16777186166
76.930000 52.517502 -115.447502 16777211167
78.417503 66.307503 -116.532501 16777236079
86.974998 70.455002 -112.525002 16777261086
94.587502 84.489998 -111.474998 16777290324
105.052498 92.452499 -102.042503 16777311072
119.752502 91.227501 -85.889999 16777336091
133.122498 94.377502 -61.180000 16777361096
118.474998 87.220001 -57.575001 16777386090
105.227501 64.207497 -52.814999 16777411104
98.139999 54.950001 -50.470001 16777436172
79.345001 67.637497 -54.477501 16777461130
70.752502 68.320000 -51.712502 16777486107
70.699997 60.584999 -53.217499 16777511134
73.727501 76.860001 -55.282501 16777538979
81.322502 80.132500 -54.722500 16777561138
94.307503 66.709999 -57.872501 16777586127
108.622498 55.877499 -65.275002 16777611162
108.307503 53.549999 -77.035004 16777636161
98.070000 49.472500 -74.392502 16777661132
91.052498 49.367500 -75.180000 16777686108
83.230003 55.667500 -84.735001 16777711105
73.097504 53.357502 -82.827499 16777736165
70.822502 58.240002 -83.492500 16777761073
68.705002 50.785000 -88.392502 16777786113
71.102501 48.125000 -92.767502 16777811252
73.097504 33.862499 -95.340004 16777836084
69.474998 19.302500 -97.667503 16777870494
63.892502 21.490000 -96.547501 16777887045
63.209999 27.055000 -87.937500 16777911041
61.232502 17.272501 -89.932503 16777936068
56.227501 4.287500 -89.495003 16777961082
43.750000 13.457500 -84.472504 16777986060
39.462502 27.090000 -77.980003 16778011115
41.439999 5.040000 -81.235001 16778036121
52.605000 -17.027500 -79.904999 16778061134
55.755001 -27.877501 -77.612503 16778086186
54.827499 -22.487499 -74.777504 16778112559
56.157501 -18.462500 -70.787498 16778136805
49.367500 -15.522500 -65.834999 16778161143
40.722500 -35.262501 -63.227501 16778186125
39.322498 -35.279999 -64.382500 16778211126
33.705002 -37.012501 -73.202499 16778236137
21.245001 -31.482500 -74.077499 16778261231
21.000000 -28.437500 -62.895000 16778286209
24.412500 -14.542500 -38.622501 16778311211
21.752501 -18.952499 -27.684999 16778336229
13.842500 -23.135000 -14.892500 16778361484
6.527500 -4.217500 -12.232500 16778386359
-0.910000 5.985000 -13.720000 16778411355
-3.745000 5.407500 -17.184999 16778436382
0.420000 3.972500 -17.395000 16778461780
8.172500 7.735000 -14.700000 16778486576
14.437500 5.477500 -10.272500 16778511570
10.867500 2.940000 -7.682500 16778536595
7.735000 -6.177500 -4.690000 16778561568
9.415000 -11.217500 -3.745000 16778586553
23.292500 -16.292500 -0.735000 16778611571
28.559999 -18.637501 1.032500 16778636599
22.014999 -14.612500 4.025000 16778661586
18.952499 -19.337500 3.465000 16778686604
15.837500 -9.257500 5.670000 16778711571
6.282500 -7.035000 9.870000 16778736596
-0.437500 -9.030000 11.340000 16778761578
-7.455000 -1.592500 4.532500 16778786575
-14.787500 3.727500 -0.122500 16778811570
-10.220000 5.512500 3.535000 16778836594
-4.987500 3.290000 5.740000 16778861570
-1.855000 -6.492500 -1.645000 16778886571
4.165000 -10.657500 -7.630000 16778911573
12.057500 -12.530000 -4.865000 16778936599
16.275000 -17.219999 -0.297500 16778961568
18.059999 -21.210001 2.450000 16778986564
23.642500 -16.590000 -0.647500 16779011526
24.447500 -10.797500 -0.665000 16779036598
17.010000 -13.107500 1.540000 16779061564
13.457500 -15.190001 1.697500 16779086567
12.267500 -12.600000 -0.577500 16779111496
9.800000 -7.402500 -0.140000 16779136595
5.845000 -8.627500 0.402500 16779161585
2.765000 -6.807500 -0.070000 16779186567
1.767500 -6.895000 0.315000 16779211716
1.575000 -10.692500 0.822500 16779236598
1.802500 -13.072500 0.752500 16779261747
0.840000 -11.900000 0.875000 16779286561
-1.610000 -10.097500 3.430000 16779311726
-2.607500 -11.077500 3.377500 16779336590
-0.455000 -11.830000 2.730000 16779361690
2.345000 -8.277500 1.592500 16779386561
5.617500 -8.697500 2.275000 16779411533
4.847500 -13.615000 3.587500 16779436578
2.432500 -6.055000 1.575000 16779461522
0.612500 -2.082500 -0.945000 16779486557
-0.280000 -5.337500 -0.332500 16779511541
0.542500 -6.790000 1.575000 16779536586
0.787500 -6.632500 1.522500 16779561522
1.417500 -5.355000 -0.052500 16779586561
