0.420000 12.660000 5.220000 16775855241
0.660000 12.660000 5.460000 16775874408
0.540000 13.020000 4.980000 16775897443
0.780000 12.780000 5.460000 16775927172
0.780000 12.900000 4.980000 16775947270
0.900000 12.900000 5.100000 16775971792
1.260000 12.780000 5.100000 16775996584
1.440000 12.960000 5.280000 16776022820
1.260000 13.259999 5.220000 16776046743
1.620000 13.139999 4.980000 16776071705
1.320000 12.719999 5.520000 16776096861
1.800000 13.200000 5.280000 16776123216
1.800000 13.200000 5.040000 16776146756
2.100000 13.500000 5.100000 16776171954
2.040000 13.440000 5.520000 16776197016
2.580000 13.380000 5.220000 16776223358
2.880000 13.320000 5.400000 16776250883
3.000000 13.559999 5.160000 16776280964
3.240000 13.679999 4.920000 16776296860
3.120000 13.440000 4.800000 16776327688
3.420000 13.980000 4.620000 16776348730
3.900000 13.620000 4.620000 16776383187
3.720000 13.799999 4.200000 16776402872
3.720000 13.679999 4.440000 16776423250
4.080000 13.679999 4.440000 16776456239
4.080000 13.679999 4.440000 16776473500
4.260000 13.740000 4.380000 16776496586
4.020000 13.860000 4.260000 16776522920
4.440000 13.440000 3.840000 16776546771
4.440000 13.440000 3.720000 16776571863
4.920000 13.440000 3.720000 16776596849
4.980000 13.500000 3.540000 16776624593
4.860000 13.259999 3.540000 16776647396
4.680000 13.320000 3.240000 16776672399
5.160000 13.080000 3.360000 16776697378
4.920000 13.200000 3.240000 16776722378
5.280000 13.200000 2.880000 16776747402
5.160000 12.840000 2.640000 16776773526
5.400000 12.960000 2.520000 16776797862
5.220000 12.540000 2.340000 16776822892
5.520000 12.840000 2.520000 16776847843
5.220000 12.420000 2.220000 16776872885
5.460000 12.540000 2.100000 16776897884
5.820000 12.179999 1.980000 16776922865
5.100000 12.179999 1.860000 16776956821
5.220000 12.179999 1.860000 16776972045
5.340000 12.179999 1.500000 16776996727
4.980000 12.059999 1.260000 16777021684
5.160000 11.880000 1.320000 16777046680
4.920000 11.880000 1.680000 16777072163
4.500000 11.940000 1.140000 16777097145
4.320000 12.480000 1.440000 16777122012
4.200000 12.000000 1.080000 16777152988
4.380000 11.820000 1.020000 16777171943
4.260000 11.700000 1.020000 16777200805
4.200000 11.639999 0.960000 16777222519
4.140000 11.580000 0.540000 16777246586
4.260000 11.460000 0.660000 16777277124
4.140000 11.460000 0.300000 16777296952
3.780000 11.219999 0.540000 16777331415
4.020000 10.860000 0.420000 16777352324
4.140000 10.620000 -0.060000 16777371660
4.440000 9.960000 -0.240000 16777397748
4.440000 10.200000 -0.240000 16777422064
4.620000 10.139999 -0.060000 16777447133
4.800000 9.960000 -0.240000 16777473013
4.860000 9.780000 -0.180000 16777497295
4.980000 9.660000 -0.300000 16777521842
5.100000 9.300000 -0.180000 16777546817
4.980000 9.059999 -0.420000 16777571746
5.160000 9.240000 -0.360000 16777598606
5.220000 8.820000 -0.060000 16777621801
5.820000 8.700000 -0.180000 16777646793
5.640000 8.639999 -0.180000 16777674532
5.340000 8.700000 -0.180000 16777698349
5.760000 8.639999 -0.360000 16777722183
6.120000 8.639999 -0.120000 16777746765
6.000000 8.280000 -0.120000 16777772012
6.120000 8.400000 -0.120000 16777796901
6.120000 8.520000 -0.240000 16777821766
6.240000 8.520000 0.120000 16777848693
6.300000 8.460000 0.060000 16777873178
6.120000 8.400000 0.120000 16777900944
6.360000 8.639999 0.240000 16777921916
6.360000 8.160000 0.240000 16777946714
6.180000 8.700000 0.300000 16777971574
6.000000 8.520000 0.300000 16777996687
6.180000 8.220000 -0.060000 16778023236
6.660000 8.460000 -0.060000 16778046732
6.180000 8.460000 -0.300000 16778071819
6.180000 8.220000 -0.180000 16778096852
6.420000 8.340000 -0.420000 16778122412
5.880000 8.280000 -0.120000 16778147346
6.000000 8.400000 -0.480000 16778171735
5.880000 8.040000 -0.480000 16778196754
5.700000 8.460000 -0.420000 16778221721
5.580000 8.340000 -0.420000 16778247902
5.460000 8.460000 -0.660000 16778271943
5.340000 8.460000 -0.660000 16778296939
5.220000 8.340000 -0.780000 16778321945
5.400000 8.400000 -0.840000 16778346944
5.640000 8.160000 -0.960000 16778372379
5.700000 8.580000 -0.780000 16778397385
5.280000 8.520000 -0.840000 16778422368
5.520000 8.160000 -0.840000 16778447382
5.700000 8.340000 -0.660000 16778472917
5.400000 8.400000 -0.840000 16778497857
5.520000 8.280000 -0.720000 16778522860
5.820000 8.580000 -1.140000 16778547850
5.640000 8.639999 -0.840000 16778572898
5.640000 8.400000 -1.080000 16778597858
5.640000 8.280000 -0.960000 16778622860
5.700000 8.220000 -1.020000 16778647913
5.160000 8.040000 -0.960000 16778672862
5.580000 8.099999 -1.140000 16778697860
5.340000 8.220000 -1.260000 16778722862
5.640000 8.400000 -1.200000 16778747872
5.100000 8.220000 -1.020000 16778772861
5.400000 8.280000 -0.960000 16778797840
5.520000 8.160000 -0.960000 16778822859
5.700000 8.220000 -1.260000 16778847838
5.460000 8.340000 -1.140000 16778872857
5.580000 8.099999 -1.260000 16778897838
5.100000 8.220000 -0.900000 16778922905
5.640000 8.160000 -0.840000 16778947832
5.160000 8.280000 -1.080000 16778972844
5.340000 8.099999 -1.020000 16778998001
5.400000 8.160000 -1.200000 16779022880
5.040000 8.160000 -1.200000 16779047831
5.280000 8.040000 -1.200000 16779072859
5.400000 7.680000 -1.080000 16779097855
5.400000 7.800000 -1.080000 16779122863
5.160000 8.040000 -1.320000 16779147856
5.100000 7.860000 -1.380000 16779172862
5.220000 7.980000 -1.140000 16779197852
5.400000 8.160000 -1.080000 16779222859
5.640000 7.920000 -0.960000 16779247898
5.340000 7.860000 -0.900000 16779272858
5.340000 7.620000 -1.140000 16779297879
5.340000 7.980000 -1.140000 16779322852
5.280000 7.920000 -0.960000 16779347858
5.460000 7.860000 -1.140000 16779372859
4.980000 8.099999 -1.140000 16779397857
5.640000 8.040000 -1.200000 16779422839
5.220000 8.220000 -1.380000 16779447851
5.040000 8.280000 -1.080000 16779472840
5.280000 7.920000 -0.960000 16779497857
5.280000 8.160000 -1.080000 16779522832
4.920000 8.040000 -1.200000 16779547859
5.280000 8.040000 -1.080000 16779572875

