1.890000 0.472500 -0.472500 54380384.000000
-2.957500 1.697500 -33.127499 54480488.000000
-5.390000 0.227500 2.135000 54580464.000000
-5.390000 0.192500 2.100000 54680476.000000
-5.407500 0.227500 2.117500 54780516.000000
-5.425000 0.227500 2.100000 54880488.000000
-5.425000 0.262500 2.100000 54980460.000000
-5.425000 0.262500 2.082500 55080480.000000
-5.390000 0.227500 2.065000 55180620.000000
-5.425000 0.227500 2.100000 55280484.000000
-5.425000 0.192500 2.100000 55380636.000000
-5.407500 0.192500 2.117500 55480480.000000
-5.477500 0.262500 4.112500 55580464.000000
-5.425000 0.472500 4.760000 55680488.000000
-5.897500 1.207500 27.405001 55780664.000000
-1.522500 6.212500 17.832500 55880604.000000
0.227500 10.727500 29.049999 55980532.000000
-19.320000 -0.542500 12.110000 56080688.000000
-10.290000 -17.167500 11.060000 56180516.000000
-2.327500 -2.677500 -7.560000 56280664.000000
8.767500 15.102500 -4.760000 56380616.000000
33.075001 23.572500 -7.892500 56480464.000000
-17.692499 -3.237500 6.965000 56580628.000000
-29.592501 -6.317500 8.330000 56680612.000000
-15.382500 -23.152500 5.845000 56780484.000000
-7.560000 -4.707500 -0.035000 56880640.000000
-11.777500 -10.587500 1.365000 56980600.000000
11.550000 -9.747500 27.772501 57080608.000000
-32.830002 8.732500 56.735001 57180480.000000
-8.242500 -35.857502 31.465000 57280632.000000
-62.492500 -45.237499 20.282499 57380716.000000
-27.160000 22.802500 13.842500 57480484.000000
24.115000 1.417500 13.615000 57580672.000000
19.145000 23.467501 7.997500 57680664.000000
13.230000 38.097500 -3.535000 57780476.000000
1.417500 78.347504 4.235000 57880484.000000
-6.282500 3.937500 11.830000 57980500.000000
-11.970000 11.777500 1.540000 58080508.000000
-4.392500 34.457500 3.465000 58180648.000000
-2.765000 83.947502 4.480000 58280652.000000
-8.610000 151.112503 31.867500 58380376.000000
-62.772499 242.882507 34.334999 58480488.000000
-50.049999 -573.002502 -146.457504 58580524.000000
-455.000000 -573.002502 -105.647499 58680384.000000
565.022522 -573.002502 -334.494995 58780844.000000
-93.047501 -573.002502 361.707489 58880448.000000
-277.987488 -573.002502 86.485001 58980352.000000
-279.667511 -573.002502 -248.080002 59080364.000000
-325.202515 -109.987503 -61.040001 59181048.000000
118.702499 47.897499 -52.884998 59281616.000000
25.129999 153.002502 -222.214996 59380588.000000
6.720000 124.722504 -191.047501 59480492.000000
-17.605000 2.922500 -114.135002 59580388.000000
42.122501 -18.707500 -72.555000 59680380.000000
-66.202499 176.767502 -73.657501 59780352.000000
12.950000 83.842499 -156.222504 59880368.000000
25.480000 31.062500 8.592500 59980372.000000
15.312500 23.782499 -28.525000 60080632.000000
-12.915000 24.447500 -23.467501 60180344.000000
-17.937500 22.977501 -29.627501 60280428.000000
-14.175000 66.937500 -13.002500 60380432.000000
-30.555000 466.672516 0.472500 60480376.000000
-35.927502 436.257507 -86.117500 60580380.000000
64.312500 196.122498 94.989998 60680496.000000
-81.077499 192.167496 -62.212502 60780604.000000
-8.050000 201.302505 2.275000 60880904.000000
-34.090000 244.702499 88.794998 60980472.000000
-26.407499 170.432495 23.100000 61080520.000000
-3.885000 197.277496 16.030001 61181020.000000
-68.022499 263.182495 1.942500 61280684.000000
25.532499 -573.002502 85.224998 61380392.000000
7.490000 -573.002502 -172.602493 61480368.000000
-257.372498 -573.002502 73.587502 61580544.000000
171.342499 -573.002502 -171.639999 61680408.000000
347.970001 -573.002502 153.352493 61780456.000000
470.785004 -313.827515 4.532500 61880564.000000
49.139999 -47.057499 147.857498 61980608.000000
-19.460001 205.292496 9.660000 62080844.000000
-2.537500 48.562500 -4.077500 62180532.000000
3.535000 77.437500 -6.195000 62280464.000000
56.857502 13.142500 17.674999 62380524.000000
21.542500 13.247500 8.067500 62480468.000000
-48.299999 27.107500 -2.712500 62580464.000000
-2.397500 35.402500 1.225000 62680512.000000
-35.805000 -3.482500 -0.945000 62780476.000000
-125.160004 -59.902500 27.755001 62880484.000000
-55.667500 -91.192497 73.167503 62980500.000000
38.570000 -39.707500 37.432499 63080476.000000
17.535000 -23.852501 -18.077499 63180528.000000
157.307495 7.402500 -43.627499 63280588.000000
-50.207500 130.847504 -19.512501 63380664.000000
-46.987499 -21.577499 14.245000 63480488.000000
-71.347504 16.047501 -19.582500 63580524.000000
0.157500 -85.872498 -5.827500 63680524.000000
53.095001 -144.182495 18.882500 63781080.000000
9.940000 91.612503 -10.710000 63880528.000000
-42.665001 161.017502 114.065002 63980536.000000
-17.867500 83.387497 -2.030000 64080576.000000
-25.812500 -10.412500 -10.517500 64180508.000000
-43.224998 -189.157501 -7.595000 64280664.000000
