-29.500000 -18.500000 -18.250000 54382660.000000
-29.875000 -19.750000 -18.750000 54482660.000000
-29.562500 -20.250000 -18.750000 54582660.000000
-29.750000 -19.875000 -18.750000 54682660.000000
-29.312500 -20.125000 -18.625000 54782660.000000
-29.000000 -20.000000 -18.625000 54882660.000000
-29.500000 -19.812500 -18.375000 54982660.000000
-29.562500 -19.687500 -18.500000 55082660.000000
-29.562500 -19.937500 -18.500000 55182660.000000
-29.500000 -19.750000 -18.625000 55282660.000000
-29.750000 -19.937500 -18.687500 55382660.000000
-29.562500 -19.937500 -18.625000 55482660.000000
-29.812500 -19.937500 -18.750000 55582660.000000
-29.875000 -19.812500 -18.687500 55682660.000000
-29.625000 -19.812500 -19.000000 55782660.000000
-29.562500 -19.500000 -19.062500 55882660.000000
-29.625000 -19.000000 -19.437500 55982660.000000
-29.750000 -18.437500 -19.187500 56082660.000000
-30.000000 -17.937500 -19.187500 56182660.000000
-30.375000 -17.187500 -19.437500 56282660.000000
-30.562500 -17.000000 -19.500000 56382660.000000
-30.812500 -16.812500 -19.625000 56482660.000000
-30.812500 -16.375000 -19.687500 56582660.000000
-30.875000 -16.250000 -19.437500 56682660.000000
-31.000000 -16.250000 -18.875000 56782660.000000
-30.937500 -16.187500 -18.625000 56882660.000000
-30.937500 -16.187500 -18.187500 56982660.000000
-30.937500 -15.875000 -17.750000 57082660.000000
-31.125000 -14.937500 -17.187500 57182660.000000
-31.437500 -14.000000 -16.375000 57282660.000000
-31.875000 -13.062500 -15.625000 57382660.000000
-32.562500 -12.000000 -14.875000 57482660.000000
-33.062500 -10.875000 -14.562500 57582660.000000
-33.375000 -9.937500 -14.500000 57682660.000000
-33.312500 -8.687500 -15.375000 57782660.000000
-33.187500 -8.000000 -16.125000 57882660.000000
-33.000000 -7.500000 -17.125000 57982660.000000
-32.562500 -7.187500 -18.375000 58082660.000000
-31.937500 -7.000000 -20.250000 58182660.000000
-30.312500 -6.875000 -23.187500 58282660.000000
-27.250000 -6.187500 -26.500000 58382660.000000
-20.937500 -4.875000 -29.812500 58482660.000000
-16.250000 -6.312500 -22.812500 58582660.000000
-14.812500 -9.937500 -20.625000 58682660.000000
-8.375000 -12.062500 -20.750000 58782660.000000
-1.312500 -15.000000 -15.750000 58882660.000000
4.750000 -18.437500 -9.875000 58982660.000000
10.312500 -22.187500 -5.500000 59082660.000000
14.562500 -26.437500 0.687500 59182660.000000
16.500000 -30.062500 7.687500 59282660.000000
20.187500 -29.750000 6.312500 59382660.000000
26.937500 -26.625000 9.875000 59482660.000000
29.562500 -24.250000 15.562500 59582660.000000
30.250000 -20.750000 17.062500 59682660.000000
31.562500 -16.250000 18.750000 59782660.000000
32.437500 -11.187500 22.812500 59882660.000000
32.750000 -5.750000 26.125000 59982660.000000
31.875000 -1.562500 28.687500 60082660.000000
30.562500 1.500000 30.500000 60182660.000000
28.875000 3.687500 32.187500 60282660.000000
22.312500 4.625000 33.875000 60382660.000000
14.687500 4.625000 32.375000 60482660.000000
6.437500 5.000000 29.562500 60582660.000000
-1.562500 4.750000 26.125000 60682660.000000
-9.187500 3.250000 20.562500 60782660.000000
-16.500000 2.312500 13.687500 60882660.000000
-22.125000 1.687500 5.000000 60982660.000000
-26.375000 1.500000 -4.500000 61082660.000000
-25.562500 2.000000 -14.062500 61182660.000000
-19.625000 3.937500 -20.562500 61282660.000000
-19.750000 1.500000 -20.625000 61382660.000000
-16.062500 -2.000000 -17.437500 61482660.000000
-6.437500 -3.250000 -16.187500 61582660.000000
-6.562500 -3.625000 -13.250000 61682660.000000
-7.812500 -5.625000 -11.625000 61782660.000000
-10.437500 -8.375000 -7.125000 61882660.000000
-14.437500 -10.375000 -3.250000 61982660.000000
-21.312500 -13.250000 -1.312500 62082660.000000
-20.812500 -12.875000 -5.375000 62182660.000000
-24.312500 -11.187500 -12.437500 62282660.000000
-33.562500 -11.125000 -15.812500 62382660.000000
-33.125000 -12.250000 -19.750000 62482660.000000
-32.937500 -12.125000 -20.937500 62582660.000000
-32.062500 -11.687500 -24.375000 62682660.000000
-30.625000 -11.687500 -27.312500 62782660.000000
-30.125000 -10.750000 -27.875000 62882660.000000
-30.062500 -9.187500 -27.687500 62982660.000000
-30.000000 -7.437500 -26.937500 63082660.000000
-30.062500 -6.187500 -26.125000 63182660.000000
-30.312500 -5.750000 -25.562500 63282660.000000
-30.312500 -4.937500 -25.500000 63382660.000000
-30.500000 -3.812500 -25.187500 63482660.000000
-31.312500 -3.062500 -24.062500 63582660.000000
-31.937500 -2.687500 -22.750000 63682660.000000
-32.437500 -3.437500 -21.750000 63782660.000000
-32.750000 -3.312500 -21.750000 63882660.000000
-32.062500 -2.312500 -23.062500 63982660.000000
-31.000000 -0.687500 -24.187500 64082660.000000
-30.937500 0.187500 -23.812500 64182660.000000
-31.437500 1.312500 -22.562500 64282660.000000
