0.058840 0.196133 9.679165 28173128502
0.049033 0.196133 9.845878 28173150901
0.068647 0.196133 9.816459 28173175900
0.058840 0.176520 9.855684 28173200916
0.058840 0.166713 9.855684 28173225915
0.058840 0.176520 9.914525 28173250926
0.039227 0.196133 9.904717 28173275927
0.029420 0.166713 9.875298 28173300929
0.068647 0.186326 9.885104 28173326088
0.068647 0.147100 9.885104 28173351073
0.098067 0.166713 9.885104 28173376087
0.098067 0.156906 9.865492 28173401081
0.068647 0.137293 9.943945 28173426201
0.078453 0.156906 9.885104 28173451186
0.078453 0.176520 9.894911 28173476217
0.088260 0.137293 9.885104 28173501215
0.058840 0.137293 9.855684 28173526209
0.068647 0.166713 9.845878 28173551191
0.068647 0.156906 9.806651 28173576216
0.058840 0.156906 9.855684 28173601210
0.039227 0.147100 9.875298 28173626206
0.049033 0.186326 9.865492 28173651200
0.058840 0.176520 9.855684 28173676213
0.088260 0.156906 9.904717 28173701203
0.078453 0.166713 9.865492 28173726203
0.039227 0.186326 9.855684 28173751203
0.029420 0.156906 9.836071 28173776224
0.049033 0.147100 9.904717 28173801209
0.049033 0.166713 9.924331 28173826200
0.049033 0.205940 9.904717 28173851203
0.058840 0.176520 9.885104 28173876215
0.068647 0.196133 9.865492 28173901217
0.078453 0.176520 9.845878 28173926197
0.088260 0.176520 9.816459 28173951199
0.078453 0.186326 9.845878 28173976209
0.039227 0.186326 9.865492 28174001208
0.029420 0.186326 9.865492 28174026202
0.049033 0.147100 9.836071 28174051193
0.098067 0.039227 9.120186 28174076222
0.166713 0.117680 9.757618 28174101209
0.186326 0.147100 9.228059 28174126210
0.078453 0.166713 9.816459 28174151188
0.049033 0.176520 10.012591 28174176215
0.107873 0.205940 9.875298 28174201201
0.098067 0.225553 9.904717 28174226203
0.078453 0.225553 9.865492 28174251203
0.049033 0.186326 9.865492 28174276205
0.058840 0.186326 9.885104 28174301211
0.009807 0.686466 4.971972 28174326201
0.441299 -0.058840 8.531787 28174351205
0.156906 0.098067 9.502645 28174376221
0.117680 0.107873 9.384965 28174401206
0.098067 0.147100 9.492838 28174426193
0.117680 0.137293 9.541871 28174451192
0.107873 0.166713 9.728198 28174476205
0.088260 0.176520 9.826264 28174501217
0.088260 0.186326 9.914525 28174526208
0.068647 0.156906 9.875298 28174551204
0.058840 0.166713 9.885104 28174576211
0.078453 0.156906 9.904717 28174601197
0.049033 0.166713 9.904717 28174626214
0.098067 0.215746 9.855684 28174651206
0.068647 0.186326 9.816459 28174676205
0.068647 0.186326 9.816459 28174701213
0.078453 0.156906 9.865492 28174726213
0.068647 0.156906 9.894911 28174751192
0.058840 0.147100 9.914525 28174776217
0.068647 0.156906 9.924331 28174801205
0.049033 0.166713 9.865492 28174826209
0.039227 0.186326 9.924331 28174851202
0.029420 0.205940 9.885104 28174876210
0.029420 0.196133 9.885104 28174901216
0.058840 0.196133 9.904717 28174926217
0.029420 0.166713 9.826264 28174951208
0.039227 0.166713 9.816459 28174976204
0.058840 0.137293 9.885104 28175001205
0.058840 0.166713 9.875298 28175026209
0.068647 0.176520 9.845878 28175051173
0.068647 0.147100 9.885104 28175076144
0.058840 0.196133 9.865492 28175101175
0.039227 0.186326 9.845878 28175126201
0.019613 0.196133 9.845878 28175151187
0.019613 0.156906 9.855684 28175176198
0.029420 0.176520 9.845878 28175201173
0.078453 0.166713 9.836071 28175226180
0.049033 0.127486 9.855684 28175251179
0.039227 0.186326 9.865492 28175276188
0.019613 0.176520 9.885104 28175301193
0.068647 0.176520 9.894911 28175326197
0.039227 0.186326 9.934137 28175351183
0.039227 0.196133 9.894911 28175376198
0.049033 0.196133 9.924331 28175401189
0.049033 0.196133 9.845878 28175426196
0.049033 0.205940 9.826264 28175451179
0.039227 0.196133 9.855684 28175476193
0.049033 0.186326 9.894911 28175501173
0.058840 0.215746 9.914525 28175526199
0.058840 0.196133 9.894911 28175551183
0.049033 0.166713 9.904717 28175576194
0.039227 0.166713 9.865492 28175601184
0.029420 0.166713 9.865492 28175626189
0.029420 0.166713 9.836071 28175651181
0.058840 0.186326 9.885104 28175676193
0.068647 0.215746 9.845878 28175701179
0.049033 0.176520 9.806651 28175726194
0.049033 0.186326 9.796844 28175751185
0.068647 0.215746 9.836071 28175776186
0.058840 0.166713 9.836071 28175801177
0.049033 0.176520 9.836071 28175826202
0.078453 0.156906 9.806651 28175851185
0.098067 0.156906 9.845878 28175876205
0.078453 0.147100 9.787038 28175901177
0.058840 0.166713 9.796844 28175926194
0.058840 0.176520 9.816459 28175951177
0.049033 0.166713 9.885104 28175976195
0.058840 0.156906 9.875298 28176001177
0.019613 0.156906 9.855684 28176026190
0.039227 0.156906 9.885104 28176051188
0.068647 0.156906 9.885104 28176076188
0.068647 0.147100 9.904717 28176101179
0.078453 0.205940 9.914525 28176126197
0.058840 0.205940 9.865492 28176151186
0.039227 0.215746 9.875298 28176176192
0.039227 0.215746 9.865492 28176201171
0.049033 0.176520 9.904717 28176226187
0.058840 0.156906 9.875298 28176251179
0.068647 0.166713 9.865492 28176276187
0.058840 0.166713 9.865492 28176301179
0.049033 0.127486 9.845878 28176326192
0.058840 0.156906 9.894911 28176351176
0.039227 0.127486 9.855684 28176376193
