0.227500 2.205000 0.367500 13533410645
0.227500 2.940000 0.420000 13533435644
-0.385000 5.390000 -0.402500 13533460559
-3.062500 5.915000 -0.245000 13533485646
-6.212500 5.967500 0.542500 13533510642
-11.287500 6.125000 2.590000 13533535643
-13.912500 8.015000 5.215000 13533560561
-16.082500 2.555000 10.727500 13533585627
-13.930000 -3.062500 16.047501 13533610632
-7.840000 -4.882500 23.712500 13533635600
0.910000 -2.012500 40.180000 13533660550
12.320000 1.120000 53.095001 13533685638
14.945000 -17.062500 60.130001 13533710623
4.830000 -32.672501 55.737499 13533735618
-7.577500 -39.410000 52.517502 13533760547
-18.882500 -39.322498 51.380001 13533785636
-30.380001 -39.619999 51.275002 13533810626
-33.862499 -39.007500 58.834999 13533835617
-33.862499 -38.115002 68.057503 13533860552
-32.777500 -37.240002 74.514999 13533885623
-33.250000 -39.637501 74.847504 13533910631
-36.312500 -42.962502 71.889999 13533935586
-37.029999 -41.422501 71.452499 13533960586
-34.492500 -34.037498 74.707497 13533985651
-23.432501 -28.315001 77.945000 13534010825
-13.440001 -22.330000 79.677498 13534035644
0.420000 -22.627501 78.872498 13534060542
7.035000 -24.465000 77.699997 13534085625
9.572500 -24.307501 75.705002 13534110616
7.332500 -23.730000 73.517502 13534135623
2.922500 -23.695000 67.147499 13534160543
-6.317500 -24.482500 62.562500 13534185619
-14.735000 -25.934999 59.255001 13534210621
-22.837500 -27.702499 55.930000 13534235617
-34.580002 -26.320000 52.202499 13534260545
-40.057499 -24.027500 47.442501 13534285622
-41.562500 -16.327499 39.112499 13534310619
-41.439999 -10.867500 33.740002 13534335621
-39.882500 -7.245000 26.547501 13534360544
-35.507500 -4.882500 22.942499 13534385617
-30.467501 -1.522500 20.072500 13534410618
-22.469999 2.817500 18.165001 13534435619
-10.570000 6.352500 17.097500 13534460542
-4.112500 7.647500 14.560000 13534485621
-0.175000 7.997500 11.427500 13534510799
-1.085000 8.435000 7.035000 13534535620
-3.780000 3.062500 1.872500 13534560556
-9.030000 -1.767500 2.117500 13534585630
-10.552500 -3.255000 4.917500 13534610816
-7.192500 1.750000 4.970000 13534635624
3.587500 6.212500 3.097500 13534660546
11.690000 8.977500 0.140000 13534685618
17.622499 9.240000 -0.962500 13534710618
16.205000 7.437500 0.210000 13534735620
12.757500 3.080000 6.510000 13534760551
4.637500 1.925000 7.945000 13534785626
-2.607500 -1.225000 4.987500 13534810625
-12.792500 -3.430000 4.217500 13534835632
-16.344999 -5.355000 4.235000 13534860545
-16.887501 -7.910000 5.775000 13534885625
-15.417500 -9.030000 6.527500 13534910621
-12.757500 -7.630000 6.737500 13534935623
-8.120000 -1.295000 3.500000 13534960547
0.210000 -0.280000 -0.472500 13534985650
2.922500 -1.767500 -1.680000 13535010621
1.347500 -2.047500 0.945000 13535035623
0.367500 -0.385000 3.395000 13535060544
-0.122500 1.802500 2.345000 13535085620
-0.682500 3.080000 0.577500 13535110625
-0.280000 2.467500 -0.280000 13535135632
