0.000000 13533375275
0.000000 13533400281
0.000000 13533425283
0.000000 13533450284
0.000000 13533475266
0.000000 13533500281
0.000000 13533525279
0.000000 13533550280
0.000000 13533575260
0.000000 13533600266
0.000000 13533625270
0.000000 13533650248
0.000000 13533675266
0.000000 13533700264
0.000000 13533725261
0.000000 13533750269
0.000000 13533775257
0.000000 13533800259
0.000000 13533825264
0.000000 13533850259
0.000000 13533875259
0.000000 13533900265
0.000000 13533925256
0.000000 13533950263
0.000000 13533975268
0.000000 13534000260
0.000000 13534025274
0.000000 13534050265
0.000000 13534075257
0.000000 13534100263
0.000000 13534125265
0.000000 13534150264
0.000000 13534175260
0.000000 13534200267
0.000000 13534225263
0.000000 13534250260
0.000000 13534275255
0.000000 13534300264
0.000000 13534325263
0.000000 13534350251
0.000000 13534375266
0.000000 13534400263
0.000000 13534425245
0.000000 13534450267
0.000000 13534475261
0.000000 13534500260
0.000000 13534525265
0.000000 13534550271
0.000000 13534575264
0.000000 13534600247
0.000000 13534625273
0.000000 13534650256
0.000000 13534675262
0.000000 13534700254
0.000000 13534725360
0.000000 13534750256
0.000000 13534775258
0.000000 13534800271
0.000000 13534825259
0.000000 13534850259
0.000000 13534875266
0.000000 13534900264
0.000000 13534925265
0.000000 13534950269
0.000000 13534975256
0.000000 13535000272
0.000000 13535025265
0.000000 13535050254
0.000000 13535075267
0.000000 13535100263
