12.635000 -3.762500 -1.942500 12751381176
12.635000 -0.857500 -3.710000 12751406157
9.870000 1.890000 -5.215000 12751431152
3.937500 10.517500 -3.237500 12751456148
5.915000 12.180000 -6.667500 12751481258
2.432500 3.762500 -2.660000 12751506260
-0.052500 -0.490000 -1.260000 12751531269
-8.312500 3.745000 -2.502500 12751556261
-10.045000 6.702500 1.312500 12751581262
-0.052500 -0.665000 3.167500 12751606262
1.382500 -6.790000 7.507500 12751631267
-1.067500 1.067500 4.602500 12751656264
2.957500 3.255000 -2.975000 12751681261
6.072500 -7.822500 -2.030000 12751706254
2.100000 -12.512500 1.295000 12751731248
-10.500000 -9.607500 -2.030000 12751756266
-3.237500 1.767500 -9.870000 12751781257
0.105000 -5.285000 -9.800000 12751806260
-9.730000 -8.960000 -4.585000 12751831269
-19.372499 -6.527500 2.870000 12751856264
-12.110000 -1.242500 0.875000 12751881260
-6.510000 10.815000 1.242500 12751906258
-13.300000 5.110000 4.427500 12751931265
-10.167500 6.720000 7.157500 12751956263
-9.012500 4.077500 5.425000 12751981259
-1.085000 6.807500 1.190000 12752006258
5.827500 7.647500 -1.715000 12752031254
4.392500 0.070000 3.167500 12752056263
-5.092500 -0.227500 3.867500 12752081262
-6.947500 4.742500 4.707500 12752106260
-8.557500 8.855000 6.107500 12752131263
-10.412500 11.900000 8.365000 12752156264
-7.070000 5.320000 9.012500 12752181262
1.242500 3.115000 9.415000 12752206255
7.577500 6.562500 4.637500 12752231260
6.212500 4.550000 5.880000 12752256262
6.282500 6.650000 3.500000 12752281262
11.007500 1.190000 5.390000 12752306260
20.072500 0.560000 7.630000 12752331265
17.692499 4.410000 7.367500 12752356067
12.722500 3.010000 9.607500 12752381072
21.017500 -7.105000 11.620000 12752406260
22.645000 -7.490000 10.640000 12752431248
32.952499 -5.530000 12.355000 12752456264
37.852501 -5.390000 10.937500 12752481263
32.830002 -17.167500 15.575000 12752506257
23.730000 -13.562500 16.344999 12752531266
28.262501 -14.350000 18.637501 12752556266
31.710001 -14.210000 14.875000 12752581263
26.757500 -6.422500 8.977500 12752606260
21.577499 -0.070000 5.547500 12752631258
20.352501 -6.352500 8.697500 12752656263
22.540001 -3.062500 11.725000 12752681266
16.870001 7.665000 9.450000 12752706263
23.450001 -1.400000 11.340000 12752731271
31.325001 -0.140000 6.405000 12752756257
35.000000 1.190000 2.170000 12752781267
31.885000 2.555000 -0.402500 12752806260
37.047501 -0.910000 -1.837500 12752831272
44.012501 5.582500 -5.792500 12752856266
40.897499 7.612500 -2.152500 12752881269
47.372501 2.502500 -0.647500 12752906257
52.955002 -3.010000 3.185000 12752931265
50.505001 -6.317500 10.010000 12752956261
39.637501 -5.110000 7.332500 12752981263
37.607502 4.480000 8.977500 12753006261
36.505001 10.132500 13.352500 12753031272
35.945000 -5.722500 14.840000 12753056278
33.740002 -19.792500 20.492500 12753081281
44.467499 -22.277500 14.507500 12753106261
58.782501 -17.342501 12.022500 12753131269
64.032501 1.505000 6.090000 12753156269
44.799999 1.207500 11.952500 12753181277
33.775002 -13.177500 25.200001 12753206266
37.012501 -17.377501 28.070000 12753231268
44.625000 -11.830000 25.847500 12753256266
49.262501 0.542500 18.322500 12753281277
52.342499 14.315001 9.835000 12753306262
47.967499 20.545000 15.207500 12753331256
40.810001 12.810000 19.424999 12753356265
37.799999 23.730000 10.535000 12753381274
30.712500 -5.862500 28.437500 12753406259
29.627501 -5.810000 23.764999 12753431268
37.660000 -4.637500 16.537500 12753456265
42.209999 -0.595000 11.182500 12753481276
40.757500 2.222500 18.094999 12753506263
39.847500 -12.635000 22.785000 12753531276
44.939999 -8.592500 24.184999 12753556269
47.355000 -7.350000 20.002501 12753581278
51.012501 9.800000 17.377501 12753606254
50.610001 2.520000 21.752501 12753631270
52.500000 6.790000 22.014999 12753656266
50.312500 18.410000 24.972500 12753681272
44.485001 1.330000 36.382500 12753706262
43.154999 25.900000 9.450000 12753731267
24.395000 31.920000 13.930000 12753756266
10.745000 26.267500 27.107500 12753781271
12.757500 22.032499 27.090000 12753806261
20.020000 7.122500 31.010000 12753831271
26.057501 10.500000 34.195000 12753856287
39.900002 27.965000 28.385000 12753881284
37.467499 27.457500 17.902500 12753906272
41.702499 -8.295000 35.192501 12753931273
37.240002 -21.490000 46.689999 12753956277
30.555000 -17.762501 35.822498 12753981227
31.955000 27.212500 -2.380000 12754006267
37.275002 23.257500 -6.772500 12754031254
45.185001 -6.387500 23.712500 12754056271
47.880001 -19.827499 32.095001 12754081280
51.240002 -12.722500 13.020000 12754106261
63.857502 11.025000 -9.642500 12754131270
64.907501 14.997500 -12.390000 12754156264
56.035000 2.467500 8.592500 12754181275
55.125000 -15.995000 22.102501 12754206259
51.240002 -5.320000 10.202500 12754231266
38.115002 3.972500 -20.370001 12754256265
37.660000 -10.727500 2.187500 12754281260
36.330002 -6.685000 14.980000 12754306267
25.760000 -10.412500 6.125000 12754331269
15.050000 -22.400000 18.357500 12754356264
9.537500 -2.537500 19.967501 12754381266
14.927500 11.952500 -1.067500 12754406259
17.780001 6.895000 -6.195000 12754431265
14.735000 22.434999 9.870000 12754456265
21.665001 23.747499 -5.460000 12754481266
32.900002 20.825001 -10.745000 12754506258
13.177500 30.555000 5.740000 12754531271
3.570000 0.105000 -1.925000 12754556263
13.720000 10.552500 4.130000 12754581266
1.977500 5.985000 7.000000 12754606263
10.517500 -3.990000 10.605000 12754631260
28.945000 7.105000 17.762501 12754656273
32.322498 -3.867500 19.512501 12754681313
43.837502 -25.637501 42.945000 12754706264
72.292503 -30.275000 36.889999 12754731263
83.580002 -16.975000 21.350000 12754756270
89.197502 12.372500 6.947500 12754781259
74.095001 28.647501 9.170000 12754806261
53.795002 7.105000 28.559999 12754831262
71.067497 -2.747500 37.992500 12754856263
79.817497 -0.280000 33.862499 12754881264
71.995003 20.965000 11.935000 12754906263
37.607502 27.684999 16.799999 12754931248
37.362499 12.057500 33.424999 12754956268
48.230000 -10.832500 52.482502 12754981260
57.924999 -6.247500 35.122501 12755008700
40.670002 12.827500 10.955000 12755031261
5.635000 19.110001 11.322500 12755056267
6.177500 1.557500 26.792500 12755081264
20.632500 -11.270000 36.662498 12755106249
42.262501 -0.175000 15.960000 12755131267
33.285000 6.650000 0.735000 12755156265
7.647500 2.712500 10.500000 12755181257
-3.202500 -7.507500 23.870001 12755206262
7.140000 -20.352501 37.764999 12755231254
38.447498 -15.207500 17.762501 12755256260
33.564999 -5.355000 -4.795000 12755281257
7.420000 2.537500 -3.465000 12755306256
-16.572500 -6.667500 9.607500 12755331263
-2.292500 -17.237499 26.757500 12755356265
26.809999 -15.575000 22.750000 12755381270
37.992500 -7.945000 9.397500 12755406256
31.902500 -5.670000 4.532500 12755431258
2.082500 -3.272500 12.460000 12755456267
0.350000 -6.335000 27.335001 12755481254
35.472500 -15.557500 31.692501 12755506260
65.730003 -19.004999 28.577499 12755531253
76.440002 -15.575000 28.490000 12755556266
62.125000 -9.240000 21.577499 12755581257
39.724998 0.612500 17.727501 12755606261
18.865000 2.537500 25.445000 12755631257
13.825000 -0.962500 29.242500 12755656267
31.727501 -5.285000 23.607500 12755681258
53.252499 -0.052500 24.010000 12755706265
49.997501 2.222500 16.520000 12755731269
34.982502 9.870000 25.322500 12755756267
21.472500 10.500000 36.242500 12755781255
33.897499 0.840000 29.750000 12755806263
34.842499 2.852500 16.187500 12755831071
25.882500 4.847500 2.765000 12755856262
12.285000 10.027500 -7.192500 12755881253
18.602501 10.780000 11.515000 12755906260
27.177500 12.845000 28.174999 12755931255
32.322498 4.865000 23.887501 12755956262
34.317501 -1.767500 15.942500 12755981252
35.700001 13.790000 19.950001 12756006247
32.742500 13.825000 23.625000 12756031263
31.290001 9.957500 28.752501 12756056263
36.452499 6.825000 26.145000 12756081268
41.947498 7.210000 22.557501 12756106272
38.674999 5.075000 21.350000 12756131271
36.889999 2.572500 12.477500 12756156273
41.930000 7.595000 10.850000 12756181264
37.502499 3.062500 15.277500 12756206275
25.690001 0.630000 15.032500 12756231264
20.037500 7.595000 18.340000 12756256277
20.615000 7.052500 15.050000 12756281269
18.497499 0.525000 14.385000 12756306267
13.265000 -5.005000 11.200000 12756331289
15.680000 -5.092500 14.385000 12756356290
25.795000 -12.530000 5.915000 12756381267
33.880001 -1.242500 3.762500 12756406270
26.127501 5.670000 7.840000 12756431266
18.357500 -0.647500 8.015000 12756456267
25.882500 2.467500 12.232500 12756481264
35.384998 12.267500 18.900000 12756506263
44.170002 20.597500 40.897499 12756531260
40.932499 13.300000 45.290001 12756556276
40.705002 14.245000 40.880001 12756581266
43.417500 22.715000 39.007500 12756606263
43.154999 14.665000 35.314999 12756631265
41.930000 7.595000 26.950001 12756656269
42.349998 17.780001 28.525000 12756681269
45.255001 25.147501 29.557501 12756706272
43.924999 26.389999 25.830000 12756731263
25.042500 18.952499 15.645000 12756756277
14.910000 11.987500 -4.322500 12756781261
3.097500 10.150000 -9.607500 12756806266
6.930000 -6.247500 5.407500 12756831268
18.340000 11.427500 29.260000 12756856285
29.049999 8.207500 23.957500 12756881269
14.000000 -1.627500 7.787500 12756906270
2.450000 -5.530000 -6.195000 12756931267
-9.117500 -11.007500 -13.177500 12756956270
-2.467500 -18.532499 -46.217499 12756981268
14.000000 -21.840000 -22.417500 12757006264
15.050000 8.750000 -22.014999 12757031257
54.424999 11.130000 -1.365000 12757056271
75.092499 11.427500 12.355000 12757081344
31.184999 -7.262500 19.862499 12757106261
-16.537500 -14.577500 18.235001 12757131270
-20.037500 -15.137500 22.540001 12757156266
-19.442499 -4.007500 36.189999 12757181274
-4.007500 4.830000 31.622499 12757206262
23.905001 4.847500 20.142500 12757231272
41.282501 -4.987500 14.070000 12757256262
34.090000 -3.500000 16.117500 12757281222
19.844999 -9.170000 2.327500 12757306258
15.190001 -0.052500 -2.992500 12757331232
16.257500 -1.820000 -5.425000 12757356262
20.020000 -11.865000 -7.280000 12757381222
37.117500 -19.215000 -3.745000 12757406245
55.912498 -30.135000 9.012500 12757431223
49.717499 -26.635000 11.287500 12757456269
41.387501 -12.145000 5.915000 12757481220
42.542500 -3.990000 3.762500 12757506258
40.512501 -0.892500 -0.892500 12757531246
41.264999 -10.622500 -8.050000 12757556267
50.084999 -0.455000 -3.675000 12757581228
56.962502 -5.372500 5.670000 12757606257
51.642502 -19.775000 17.674999 12757631256
34.247501 -40.705002 22.225000 12757656270
1.277500 -42.262501 28.262501 12757681229
-14.140000 -27.370001 13.037500 12757706261
-1.977500 -17.167500 5.425000 12757731224
7.140000 -9.397500 4.182500 12757756262
15.960000 0.087500 17.710001 12757781223
35.822498 8.662500 20.230000 12757806264
42.279999 8.102500 9.905000 12757831226
42.910000 6.825000 8.522500 12757856266
54.652500 10.885000 11.725000 12757881221
70.805000 14.507500 10.640000 12757906261
84.682503 20.719999 13.755000 12757931220
84.227501 7.525000 12.512500 12757956266
77.349998 -2.030000 13.020000 12757981224
69.474998 -2.012500 17.605000 12758006263
61.897499 1.190000 26.582500 12758031231
68.074997 3.272500 24.254999 12758056266
70.455002 -2.765000 18.497499 12758081225
62.895000 1.942500 16.799999 12758106258
45.097500 5.005000 17.184999 12758131227
43.557499 -1.697500 11.987500 12758156269
50.557499 2.170000 17.657499 12758181220
47.652500 1.925000 24.885000 12758206259
42.455002 0.980000 19.687500 12758231216
39.584999 4.182500 15.732500 12758256262
42.700001 4.655000 19.512501 12758281220
49.682499 -0.595000 21.017500 12758306243
56.507500 8.085000 18.287500 12758331224
67.602501 20.877501 24.920000 12758356263
82.495003 18.620001 24.325001 12758381222
87.867500 16.467501 16.450001 12758406262
87.324997 6.895000 8.120000 12758431220
74.830002 -1.872500 11.287500 12758456264
66.080002 -3.517500 17.447500 12758481263
69.317497 7.350000 24.920000 12758506267
82.739998 25.585001 37.642502 12758531263
100.117500 24.657499 63.752499 12758556264
84.542503 8.645000 68.495003 12758581266
52.849998 -0.647500 57.417500 12758606262
29.697500 4.042500 47.197498 12758631264
33.950001 8.767500 43.207500 12758656259
37.852501 -5.215000 30.135000 12758681265
36.889999 -15.470000 18.392500 12758706264
31.342501 -23.415001 11.637500 12758731269
30.747499 -21.070000 11.935000 12758756267
52.500000 -20.090000 12.197500 12758781263
77.437500 -17.115000 2.432500 12758806262
102.182503 9.835000 2.380000 12758831269
108.622498 19.932501 10.850000 12758856265
110.022499 21.367500 11.462500 12758881265
94.779999 4.060000 -1.330000 12758906267
71.434998 9.590000 -16.992500 12758931269
33.950001 7.402500 -15.540000 12758956262
15.820000 1.172500 -1.347500 12758981264
5.582500 0.875000 7.367500 12759006249
4.742500 0.752500 1.102500 12759031262
5.635000 9.572500 -5.162500 12759056268
13.877501 -11.690000 -14.770000 12759081266
31.325001 -10.850000 -14.157500 12759106262
27.702499 14.140000 0.402500 12759131264
18.847500 14.472500 9.520000 12759156269
19.915001 17.990000 15.802500 12759181264
24.027500 37.869999 23.222500 12759206258
27.387501 55.842499 28.770000 12759231266
35.192501 45.535000 24.219999 12759256262
58.904999 36.872501 21.700001 12759281269
69.597504 46.567501 25.305000 12759306256
81.462502 85.627502 43.697498 12759331266
94.639999 109.830002 66.797501 12759356260
92.347504 74.497498 65.782501 12759381264
29.872499 -27.790001 55.037498 12759406262
-2.100000 -22.837500 45.937500 12759431268
23.677500 -46.549999 36.645000 12759456268
51.327499 -64.750000 45.412498 12759481260
74.147499 -68.144997 37.974998 12759506260
75.232498 -54.110001 33.127499 12759531264
54.127499 -40.127499 35.647499 12759556264
51.502499 30.205000 46.900002 12759581265
38.447498 74.059998 64.820000 12759606260
10.745000 86.817497 73.430000 12759631274
-2.012500 95.812500 70.175003 12759656265
-1.347500 111.072502 50.645000 12759681263
3.762500 72.029999 46.182499 12759706263
12.582500 14.245000 38.447498 12759731265
43.907501 -15.435000 31.010000 12759756266
59.779999 -48.720001 25.865000 12759781266
69.090004 -49.297501 27.650000 12759806259
64.732498 -48.404999 32.847500 12759831265
65.257500 -48.142502 28.420000 12759856296
79.169998 -43.924999 23.660000 12759881272
73.062500 -38.465000 24.762501 12759906264
73.919998 -29.872499 26.180000 12759931285
64.644997 -35.262501 27.982500 12759956267
59.342499 -50.242500 36.032501 12759981266
71.522499 -40.705002 40.005001 12760007307
78.277504 -28.315001 38.097500 12760031275
70.017502 -14.980000 36.014999 12760056266
63.139999 -6.842500 36.312500 12760081276
68.197502 -9.012500 43.907501 12760106262
76.055000 -13.230000 47.442501 12760131285
80.989998 -11.270000 45.955002 12760156277
81.812500 0.665000 43.872501 12760181269
76.702499 -6.475000 40.810001 12760206257
70.507500 -10.062500 36.084999 12760231274
67.480003 -2.887500 30.432501 12760256278
65.205002 2.275000 25.620001 12760281267
57.277500 -4.182500 19.530001 12760306257
53.235001 -1.697500 17.307501 12760331276
51.187500 -6.317500 16.292500 12760356274
49.805000 -8.855000 10.762500 12760381275
43.907501 1.085000 10.255000 12760406254
37.082500 -1.347500 7.507500 12760431275
28.787500 1.645000 6.300000 12760456269
21.245001 5.880000 5.092500 12760481266
14.892500 9.327500 10.850000 12760506256
-2.222500 0.052500 14.385000 12760531270
-2.642500 1.470000 14.385000 12760556272
4.042500 3.080000 12.302500 12760581268
3.535000 4.480000 8.172500 12760606257
-0.700000 4.882500 3.115000 12760631292
0.595000 9.240000 1.522500 12760656272
3.762500 8.470000 3.115000 12760681264
7.122500 6.895000 4.410000 12760706267
5.355000 5.197500 8.172500 12760731269
10.990000 0.787500 14.507500 12760756272
12.075000 -3.622500 12.407500 12760781265
7.945000 0.560000 8.417500 12760806259
3.517500 2.695000 5.197500 12760831278
4.392500 0.577500 6.667500 12760856286
5.670000 1.295000 4.935000 12760881266
4.200000 6.107500 3.832500 12760906254
3.062500 3.815000 3.710000 12760931265
2.292500 2.957500 4.567500 12760956262
-0.735000 -1.452500 3.465000 12760981256
-1.435000 4.217500 3.482500 12761006256
-3.937500 6.475000 2.170000 12761031264
-4.112500 0.787500 2.205000 12761056261
-3.115000 1.610000 2.240000 12761081264
-5.145000 0.857500 -1.207500 12761106256
