-6.120000 -1.200000 2.400000 12751363871
-6.360000 -1.440000 2.520000 12751388448
-6.060000 -1.620000 2.700000 12751414247
-6.360000 -1.320000 2.400000 12751438877
-6.180000 -1.260000 2.460000 12751464055
-6.360000 -1.440000 2.640000 12751488871
-6.480000 -1.440000 2.520000 12751514046
-6.240000 -1.560000 2.760000 12751538867
-6.240000 -1.440000 2.400000 12751564046
-6.300000 -1.500000 2.820000 12751588888
-6.540000 -1.500000 2.580000 12751614375
-6.060000 -1.860000 2.580000 12751638888
-6.420000 -1.740000 2.820000 12751664044
-6.360000 -1.560000 2.520000 12751688869
-6.660000 -1.620000 2.820000 12751714037
-6.180000 -1.620000 2.700000 12751738863
-6.480000 -1.680000 2.880000 12751764039
-6.300000 -1.500000 2.700000 12751788922
-6.540000 -1.620000 2.700000 12751814055
-6.720000 -2.040000 2.760000 12751838892
-6.660000 -1.860000 2.940000 12751864359
-6.420000 -1.740000 2.700000 12751888871
-6.360000 -1.680000 2.640000 12751914062
-6.120000 -2.040000 3.000000 12751938863
-6.600000 -1.800000 2.640000 12751964043
-6.120000 -1.920000 2.880000 12751988969
-6.180000 -1.980000 3.060000 12752014041
-6.300000 -1.740000 2.820000 12752038862
-6.540000 -2.100000 3.060000 12752064081
-6.240000 -2.040000 2.880000 12752088880
-6.180000 -1.620000 2.940000 12752114360
-6.360000 -1.800000 2.880000 12752138872
-6.240000 -1.800000 3.000000 12752164052
-6.060000 -1.740000 2.820000 12752188886
-6.240000 -1.680000 3.120000 12752214042
-6.000000 -1.680000 2.760000 12752238867
-6.540000 -1.500000 2.580000 12752264041
-6.240000 -1.560000 2.640000 12752288862
-6.180000 -1.620000 2.460000 12752314051
-6.240000 -1.440000 2.640000 12752338883
-6.120000 -1.320000 2.640000 12752364130
-6.000000 -0.960000 2.280000 12752389450
-6.360000 -1.440000 2.280000 12752414074
-5.880000 -1.200000 2.280000 12752438871
-6.060000 -0.780000 2.100000 12752464073
-5.520000 -1.200000 2.040000 12752488867
-5.640000 -1.080000 2.160000 12752514065
-5.700000 -1.020000 2.100000 12752538872
-5.820000 -0.900000 2.100000 12752564062
-5.580000 -1.020000 2.220000 12752588890
-5.580000 -1.020000 1.620000 12752614331
-5.760000 -0.840000 1.800000 12752638866
-5.400000 -0.840000 1.680000 12752664052
-5.340000 -0.780000 1.980000 12752688865
-5.340000 -1.020000 1.620000 12752714060
-5.220000 -0.780000 1.740000 12752738883
-5.520000 -1.080000 1.440000 12752763861
-5.460000 -0.780000 1.500000 12752788728
-5.100000 -0.780000 1.140000 12752813727
-5.520000 -0.840000 1.440000 12752838740
-5.400000 -0.840000 1.440000 12752864001
-5.340000 -0.900000 1.020000 12752888722
-5.220000 -0.900000 0.900000 12752913720
-5.040000 -0.720000 0.720000 12752938730
-5.280000 -0.840000 0.960000 12752963723
-5.400000 -0.840000 0.600000 12752988823
-5.280000 -0.960000 0.720000 12753013739
-5.220000 -1.020000 0.660000 12753038722
-4.980000 -1.140000 0.540000 12753063723
-4.920000 -1.200000 0.840000 12753088732
-5.100000 -1.140000 0.660000 12753113996
-5.100000 -1.140000 0.300000 12753138724
-4.920000 -1.200000 0.240000 12753163731
-5.100000 -1.020000 0.060000 12753188722
-4.680000 -0.840000 0.120000 12753213723
-4.560000 -1.200000 0.240000 12753238728
-4.860000 -1.140000 -0.060000 12753263732
-4.560000 -1.080000 0.120000 12753288738
-4.680000 -1.440000 -0.120000 12753313728
-4.560000 -0.960000 -0.120000 12753338740
-4.620000 -1.020000 -0.300000 12753364006
-4.740000 -1.140000 -0.180000 12753388724
-4.500000 -1.020000 -0.420000 12753413727
-4.260000 -0.900000 -0.180000 12753438724
-4.260000 -1.380000 -0.780000 12753463720
-4.140000 -1.500000 -0.540000 12753488746
-4.260000 -1.020000 -0.780000 12753513728
-4.560000 -1.440000 -0.720000 12753538737
-4.320000 -1.440000 -0.840000 12753563739
-4.080000 -1.200000 -0.600000 12753588745
-4.140000 -1.740000 -1.020000 12753613999
-3.840000 -1.440000 -0.720000 12753638725
-3.840000 -1.560000 -1.200000 12753663720
-3.660000 -1.380000 -1.380000 12753688728
-4.140000 -1.860000 -1.260000 12753713725
-3.780000 -1.500000 -1.620000 12753738724
-3.540000 -1.860000 -1.500000 12753763722
-3.600000 -1.920000 -1.800000 12753788724
-3.420000 -1.500000 -1.380000 12753813721
-3.360000 -1.920000 -1.680000 12753838753
-3.420000 -1.860000 -1.620000 12753863912
-3.420000 -1.860000 -1.620000 12753888775
-3.360000 -2.040000 -2.160000 12753913736
-3.120000 -1.920000 -2.160000 12753938738
-2.760000 -2.280000 -2.040000 12753963735
-3.240000 -2.040000 -2.400000 12753988832
-2.880000 -2.040000 -2.160000 12754013824
-3.240000 -2.280000 -2.040000 12754038728
-2.820000 -1.980000 -2.100000 12754063728
-2.820000 -2.580000 -2.340000 12754088747
-3.060000 -2.220000 -2.340000 12754113880
-3.060000 -2.460000 -2.580000 12754138742
-2.940000 -2.580000 -2.700000 12754163734
-2.760000 -3.120000 -2.520000 12754188731
-2.700000 -3.180000 -2.820000 12754213773
-3.060000 -3.060000 -2.460000 12754238729
-3.060000 -3.060000 -2.700000 12754263735
-2.640000 -3.120000 -2.760000 12754288728
-3.060000 -3.180000 -2.820000 12754313720
-3.120000 -2.880000 -3.000000 12754338739
-2.640000 -3.480000 -3.000000 12754363850
-2.880000 -3.240000 -2.760000 12754388754
-3.000000 -3.240000 -2.880000 12754413724
-3.180000 -3.540000 -2.820000 12754438728
-2.760000 -3.480000 -3.000000 12754463727
-2.940000 -3.660000 -2.940000 12754488726
-2.880000 -3.240000 -2.880000 12754513765
-2.820000 -3.540000 -2.820000 12754538732
-2.580000 -3.660000 -2.700000 12754563723
-2.520000 -3.600000 -2.880000 12754588738
-2.760000 -3.720000 -3.360000 12754613860
-2.760000 -3.600000 -3.000000 12754638731
-2.520000 -3.840000 -3.000000 12754663746
-2.880000 -3.840000 -3.120000 12754688549
-2.760000 -3.840000 -3.480000 12754713472
-2.820000 -4.020000 -3.420000 12754738470
-2.700000 -4.260000 -3.060000 12754763458
-2.580000 -4.500000 -3.300000 12754788454
-2.760000 -4.440000 -3.120000 12754813456
-2.700000 -5.100000 -3.300000 12754838462
-2.520000 -4.920000 -3.240000 12754863464
-2.220000 -5.100000 -3.420000 12754888452
-2.640000 -5.040000 -3.360000 12754913457
-2.700000 -5.460000 -3.180000 12754938475
-2.100000 -5.580000 -3.300000 12754963453
-2.460000 -5.340000 -3.420000 12754988548
-2.280000 -5.520000 -3.360000 12755014526
-2.640000 -5.520000 -3.240000 12755038472
-2.340000 -5.580000 -3.420000 12755063466
-2.280000 -5.400000 -3.000000 12755088472
-2.400000 -5.880000 -3.840000 12755113470
-2.460000 -5.940000 -3.180000 12755138455
-2.280000 -6.000000 -3.240000 12755163463
-2.340000 -5.820000 -3.420000 12755188454
-2.400000 -6.000000 -3.360000 12755213460
-2.100000 -6.180000 -3.420000 12755238454
-2.520000 -5.760000 -3.240000 12755263467
-2.340000 -5.700000 -3.180000 12755288474
-2.640000 -6.000000 -3.240000 12755313462
-2.460000 -5.820000 -3.420000 12755338455
-2.760000 -5.880000 -3.240000 12755363469
-2.580000 -6.060000 -3.540000 12755388456
-2.760000 -6.120000 -3.360000 12755413458
-2.640000 -5.880000 -3.120000 12755438450
-2.700000 -6.180000 -3.300000 12755463464
-2.760000 -6.240000 -3.360000 12755488446
-2.760000 -6.360000 -3.000000 12755513455
-2.820000 -6.660000 -3.420000 12755538452
-2.880000 -6.720000 -3.120000 12755563479
-3.120000 -6.480000 -3.000000 12755588449
-2.580000 -7.260000 -3.060000 12755613463
-3.120000 -6.960000 -3.360000 12755638451
-2.880000 -6.840000 -3.000000 12755663458
-2.460000 -6.780000 -3.180000 12755688453
-3.120000 -6.840000 -2.760000 12755713457
-2.940000 -7.140000 -2.820000 12755738446
-2.880000 -7.080000 -3.000000 12755763460
-3.120000 -6.960000 -3.000000 12755788443
-2.940000 -7.140000 -3.060000 12755813457
-3.000000 -7.560000 -2.880000 12755839694
-3.060000 -7.380000 -3.180000 12755863487
-3.000000 -7.800000 -2.880000 12755888580
-2.820000 -7.500000 -2.820000 12755913461
-2.940000 -7.500000 -2.700000 12755938575
-2.880000 -7.320000 -3.120000 12755963460
-2.820000 -7.500000 -3.060000 12755988657
-2.880000 -7.680000 -2.880000 12756013568
-3.240000 -8.040000 -2.880000 12756038571
-2.940000 -7.620000 -2.940000 12756063458
-2.940000 -7.620000 -2.580000 12756088574
-3.000000 -7.680000 -2.760000 12756113459
-2.820000 -7.860000 -2.580000 12756138588
-3.000000 -7.800000 -2.640000 12756163459
-3.060000 -8.099999 -2.700000 12756188574
-3.300000 -8.220000 -2.700000 12756213458
-3.000000 -8.160000 -2.760000 12756238596
-3.180000 -8.099999 -2.940000 12756263465
-3.360000 -8.280000 -2.640000 12756288574
-3.180000 -8.340000 -2.460000 12756313463
-3.120000 -8.160000 -2.400000 12756338588
-3.300000 -8.220000 -2.700000 12756363472
-3.240000 -8.520000 -2.280000 12756388577
-3.180000 -8.340000 -2.580000 12756413484
-3.240000 -8.280000 -2.280000 12756438572
-3.420000 -8.700000 -2.340000 12756463464
-3.240000 -8.400000 -2.160000 12756488571
-3.240000 -8.400000 -2.160000 12756513463
-3.240000 -8.520000 -2.160000 12756538579
-3.120000 -8.639999 -2.280000 12756563460
-3.240000 -8.760000 -2.280000 12756588574
-3.300000 -9.179999 -2.220000 12756613456
-3.720000 -8.639999 -2.040000 12756638567
-3.360000 -8.880000 -2.040000 12756663459
-3.540000 -9.179999 -1.860000 12756688590
-3.120000 -8.880000 -1.680000 12756713458
-3.360000 -8.760000 -2.040000 12756738573
-3.420000 -8.940000 -1.860000 12756763461
-3.240000 -8.880000 -1.920000 12756788569
-3.480000 -8.880000 -2.040000 12756813455
-3.300000 -8.940000 -1.740000 12756838572
-3.660000 -9.300000 -1.620000 12756863506
-3.300000 -9.179999 -1.860000 12756888569
-3.120000 -9.000000 -1.800000 12756913472
-3.420000 -9.540000 -1.860000 12756938569
-3.600000 -9.240000 -1.800000 12756963537
-3.480000 -8.760000 -1.800000 12756988880
-3.300000 -9.059999 -1.620000 12757013769
-3.540000 -9.179999 -1.740000 12757038585
-3.300000 -9.420000 -1.620000 12757063463
-3.480000 -9.360000 -1.320000 12757088573
-3.480000 -9.240000 -1.560000 12757113464
-3.300000 -9.300000 -1.380000 12757138577
-3.660000 -9.179999 -1.500000 12757163459
-3.540000 -9.059999 -1.260000 12757188569
-3.600000 -9.120000 -1.440000 12757213458
-3.720000 -9.480000 -1.560000 12757238589
-3.720000 -9.599999 -1.320000 12757263459
-3.600000 -9.599999 -1.440000 12757288573
-3.900000 -9.660000 -1.380000 12757313452
-3.660000 -9.420000 -1.140000 12757338580
-4.260000 -9.420000 -1.020000 12757363460
-3.780000 -9.660000 -0.900000 12757388673
-3.600000 -9.840000 -0.840000 12757413454
-4.320000 -9.360000 -0.960000 12757438579
-4.140000 -9.780000 -0.660000 12757463459
-3.960000 -9.599999 -0.360000 12757488572
-4.260000 -9.660000 -0.420000 12757513495
-3.900000 -9.780000 -0.540000 12757538601
-4.080000 -9.840000 -0.360000 12757563470
-3.840000 -9.840000 -0.240000 12757588779
-4.080000 -10.200000 -0.120000 12757613472
-4.020000 -9.900000 0.060000 12757638619
-4.080000 -9.960000 0.060000 12757663465
-4.320000 -9.719999 -0.120000 12757688775
-4.200000 -9.719999 0.240000 12757713462
-4.260000 -10.020000 0.300000 12757738643
-4.140000 -10.020000 0.060000 12757763461
-4.140000 -10.139999 -0.180000 12757788807
-4.560000 -10.080000 0.240000 12757813465
-4.500000 -9.900000 0.180000 12757838768
-4.020000 -9.900000 0.420000 12757863464
-4.320000 -10.320000 0.600000 12757888755
-4.620000 -10.020000 0.540000 12757913458
-4.500000 -10.020000 0.660000 12757938593
-4.380000 -10.260000 0.900000 12757963460
-4.620000 -9.900000 1.260000 12757988736
-4.740000 -10.020000 1.140000 12758013459
-4.800000 -10.080000 1.320000 12758038592
-4.680000 -10.200000 1.560000 12758063476
-4.980000 -10.139999 1.620000 12758088580
-5.040000 -10.080000 1.680000 12758113456
-4.740000 -10.020000 1.740000 12758138580
-4.740000 -9.780000 1.620000 12758163460
-5.100000 -10.020000 2.340000 12758188579
-5.040000 -9.840000 2.040000 12758213459
-4.860000 -9.780000 1.980000 12758238577
-4.980000 -9.780000 2.100000 12758263462
-4.800000 -9.480000 2.280000 12758288579
-5.040000 -9.599999 2.280000 12758313456
-5.400000 -9.840000 2.280000 12758338593
-5.100000 -9.540000 2.940000 12758363462
-5.340000 -9.660000 2.820000 12758388576
-5.040000 -9.599999 2.760000 12758413457
-5.340000 -9.420000 2.940000 12758438581
-5.340000 -9.660000 3.060000 12758463462
-5.460000 -9.179999 3.060000 12758488577
-5.400000 -9.120000 3.480000 12758513458
-5.280000 -9.120000 3.600000 12758538578
-5.880000 -8.639999 3.480000 12758563454
-5.880000 -8.639999 3.840000 12758588580
-5.580000 -8.460000 3.420000 12758613479
-5.640000 -8.400000 3.720000 12758638576
-6.120000 -8.400000 3.960000 12758663458
-5.880000 -8.280000 3.720000 12758688578
-6.120000 -8.160000 3.960000 12758713457
-6.180000 -7.980000 4.140000 12758738578
-6.240000 -7.800000 4.200000 12758763461
-5.940000 -7.500000 4.020000 12758788574
-6.180000 -8.220000 4.500000 12758813452
-6.000000 -7.440000 4.320000 12758838582
-5.880000 -7.680000 4.440000 12758863459
-6.060000 -7.380000 4.620000 12758888597
-6.180000 -7.020000 4.380000 12758913457
-6.240000 -7.320000 4.560000 12758938579
-6.300000 -7.260000 4.260000 12758963454
-6.060000 -7.260000 4.500000 12758988669
-5.820000 -7.380000 4.740000 12759013456
-5.940000 -7.380000 4.620000 12759038578
-5.880000 -6.960000 4.440000 12759063451
-6.060000 -7.140000 4.380000 12759088584
-6.060000 -7.260000 4.500000 12759113451
-6.060000 -7.020000 4.380000 12759138574
-5.940000 -7.380000 4.260000 12759163482
-6.000000 -7.080000 4.680000 12759188574
-6.120000 -6.960000 4.440000 12759213458
-6.420000 -6.540000 4.020000 12759238576
-6.300000 -6.780000 4.140000 12759263459
-6.420000 -6.420000 4.020000 12759288576
-6.600000 -6.360000 4.080000 12759313457
-6.480000 -6.120000 3.600000 12759338575
-6.840000 -5.640000 3.600000 12759363462
-6.720000 -5.880000 3.600000 12759388575
-6.720000 -5.520000 3.240000 12759413458
-6.660000 -5.340000 3.780000 12759438590
-6.660000 -5.100000 3.660000 12759463462
-6.360000 -4.920000 3.720000 12759488571
-6.660000 -4.860000 3.660000 12759513456
-6.540000 -4.980000 4.140000 12759538574
-6.660000 -4.740000 3.780000 12759563715
-6.180000 -4.500000 3.780000 12759588755
-6.300000 -4.380000 3.420000 12759613641
-6.420000 -4.140000 3.420000 12759638768
-6.420000 -4.140000 3.180000 12759663709
-6.720000 -3.720000 3.000000 12759688767
-6.360000 -3.480000 2.520000 12759713724
-6.540000 -3.780000 2.340000 12759738710
-6.240000 -3.600000 2.640000 12759763729
-6.300000 -3.540000 2.100000 12759788706
-6.000000 -3.720000 2.040000 12759813717
-6.120000 -3.960000 2.040000 12759838760
-6.060000 -3.660000 1.740000 12759863704
-6.180000 -3.900000 1.860000 12759888751
-6.000000 -3.960000 2.040000 12759913659
-6.120000 -4.320000 2.160000 12759938690
-5.880000 -4.080000 2.280000 12759963717
-6.240000 -4.440000 1.920000 12759989017
-6.120000 -4.680000 2.280000 12760013869
-5.940000 -4.620000 2.220000 12760038781
-6.120000 -4.680000 2.520000 12760063729
-5.880000 -4.560000 2.160000 12760088699
-6.000000 -4.560000 2.640000 12760113650
-6.180000 -4.500000 2.580000 12760138694
-6.360000 -4.680000 2.760000 12760163650
-6.240000 -4.200000 3.120000 12760188723
-6.360000 -4.680000 2.880000 12760213712
-6.360000 -4.440000 3.360000 12760238725
-6.420000 -4.260000 3.180000 12760263691
-6.420000 -4.020000 3.300000 12760288722
-6.540000 -4.140000 3.300000 12760313709
-6.480000 -3.720000 3.480000 12760338767
-6.360000 -3.480000 3.720000 12760363651
-6.540000 -3.420000 3.900000 12760388753
-6.540000 -3.180000 3.660000 12760413714
-6.660000 -3.300000 4.020000 12760438705
-6.600000 -2.880000 3.480000 12760463705
-6.540000 -3.060000 4.140000 12760488701
-6.360000 -2.760000 3.960000 12760514038
-6.660000 -2.700000 3.660000 12760539039
-6.780000 -2.460000 3.540000 12760564010
-6.480000 -2.520000 3.960000 12760589018
-6.480000 -2.280000 3.720000 12760614051
-6.540000 -2.700000 3.780000 12760639031
-6.840000 -2.520000 3.840000 12760664022
-6.600000 -2.280000 3.840000 12760689005
-6.480000 -2.400000 3.840000 12760714013
-6.600000 -2.160000 3.840000 12760738996
-6.660000 -2.460000 3.660000 12760764032
-6.420000 -2.220000 3.780000 12760789017
-6.300000 -2.220000 3.780000 12760814023
-6.660000 -2.220000 3.780000 12760838999
-6.540000 -1.860000 4.020000 12760864010
-6.540000 -2.460000 3.900000 12760888991
-6.900000 -2.220000 3.900000 12760914007
-6.600000 -2.280000 3.480000 12760938995
-6.720000 -1.920000 3.960000 12760963996
-6.120000 -2.280000 3.840000 12760989096
-6.840000 -2.160000 4.080000 12761014001
-6.600000 -2.040000 3.360000 12761038991
-6.720000 -1.920000 3.960000 12761064008
-6.600000 -2.040000 3.960000 12761089012
