0.000000 12751348754
0.000000 12751370649
0.000000 12751395740
0.000000 12751420442
0.000000 12751445431
0.000000 12751470429
0.000000 12751495479
0.000000 12751520453
0.000000 12751545450
0.000000 12751570457
0.000000 12751595430
0.000000 12751620449
0.000000 12751645458
0.000000 12751670457
0.000000 12751695480
0.000000 12751720450
0.000000 12751745454
0.000000 12751770456
0.000000 12751795488
0.000000 12751820456
0.000000 12751845452
0.000000 12751870447
0.000000 12751895482
0.000000 12751920452
0.000000 12751945450
0.000000 12751970454
0.000000 12751995479
0.000000 12752020453
0.000000 12752045457
0.000000 12752070531
0.000000 12752095483
0.000000 12752120455
0.000000 12752145450
0.000000 12752170456
0.000000 12752195481
0.000000 12752220460
0.000000 12752245459
0.000000 12752270451
0.000000 12752295481
0.000000 12752320461
0.000000 12752345448
0.000000 12752370439
0.000000 12752395480
0.000000 12752420460
0.000000 12752445451
0.000000 12752470456
0.000000 12752495477
0.000000 12752520455
0.000000 12752545460
0.000000 12752570461
0.000000 12752595481
0.000000 12752620445
0.000000 12752645453
0.000000 12752670455
0.000000 12752695483
0.000000 12752720452
0.000000 12752745455
0.000000 12752770451
0.000000 12752795483
0.000000 12752820455
0.000000 12752845450
0.000000 12752870452
0.000000 12752895480
0.000000 12752920457
0.000000 12752945449
0.000000 12752970456
0.000000 12752995452
0.000000 12753020457
0.000000 12753045456
0.000000 12753070466
0.000000 12753095480
0.000000 12753120448
0.000000 12753145453
0.000000 12753170448
0.000000 12753195427
0.000000 12753220450
0.000000 12753245456
0.000000 12753270442
0.000000 12753295479
0.000000 12753320452
0.000000 12753345457
0.000000 12753370444
0.000000 12753395487
0.000000 12753420450
0.000000 12753445456
0.000000 12753470443
0.000000 12753495482
0.000000 12753520454
0.000000 12753545454
0.000000 12753570452
0.000000 12753595480
0.000000 12753620448
0.000000 12753645457
0.000000 12753670453
0.000000 12753695482
0.000000 12753720447
0.000000 12753745448
0.000000 12753770443
0.000000 12753795483
0.000000 12753820450
0.000000 12753845521
0.000000 12753870468
0.000000 12753895474
0.000000 12753920444
0.000000 12753945448
0.000000 12753970419
0.000000 12753995469
0.000000 12754020449
0.000000 12754045457
0.000000 12754070449
0.000000 12754095486
0.000000 12754120459
0.000000 12754145462
0.000000 12754170451
0.000000 12754195481
0.000000 12754220451
0.000000 12754245454
0.000000 12754270515
0.000000 12754295483
0.000000 12754320529
0.000000 12754345457
0.000000 12754370443
0.000000 12754395486
0.000000 12754420454
0.000000 12754445451
0.000000 12754470451
0.000000 12754495480
0.000000 12754520452
0.000000 12754545452
0.000000 12754570452
0.000000 12754595487
0.000000 12754620455
0.000000 12754645457
0.000000 12754670499
0.000000 12754695534
0.000000 12754720442
0.000000 12754745462
0.000000 12754770445
0.000000 12754795432
0.000000 12754820449
0.000000 12754845463
0.000000 12754870443
0.000000 12754895490
0.000000 12754920455
0.000000 12754945459
0.000000 12754970446
0.000000 12754995496
0.000000 12755020453
0.000000 12755045453
0.000000 12755070453
0.000000 12755095523
0.000000 12755120452
0.000000 12755145463
0.000000 12755170445
0.000000 12755195487
0.000000 12755220446
0.000000 12755245455
0.000000 12755270434
0.000000 12755295485
0.000000 12755320448
0.000000 12755345460
0.000000 12755370449
0.000000 12755395484
0.000000 12755420445
0.000000 12755445447
0.000000 12755470449
0.000000 12755495483
0.000000 12755520444
0.000000 12755545453
0.000000 12755570451
0.000000 12755595484
0.000000 12755620458
0.000000 12755645457
0.000000 12755670452
0.000000 12755695485
0.000000 12755720447
0.000000 12755745451
0.000000 12755770451
0.000000 12755795483
0.000000 12755820451
0.000000 12755845453
0.000000 12755870447
0.000000 12755895483
0.000000 12755920450
0.000000 12755945454
0.000000 12755970452
0.000000 12755995479
0.000000 12756020463
0.000000 12756045452
0.000000 12756070548
0.000000 12756095477
0.000000 12756120447
0.000000 12756145444
0.000000 12756170446
0.000000 12756195475
0.000000 12756220447
0.000000 12756245466
0.000000 12756270445
0.000000 12756295473
0.000000 12756320457
0.000000 12756345455
0.000000 12756370449
0.000000 12756395481
0.000000 12756420448
0.000000 12756445440
0.000000 12756470449
0.000000 12756495472
0.000000 12756520441
0.000000 12756545442
0.000000 12756570443
0.000000 12756595475
0.000000 12756620450
0.000000 12756645430
0.000000 12756670454
0.000000 12756695480
0.000000 12756720450
0.000000 12756745439
0.000000 12756770442
0.000000 12756795472
0.000000 12756820448
0.000000 12756845436
0.000000 12756870455
0.000000 12756895485
0.000000 12756920450
0.000000 12756945447
0.000000 12756970529
0.000000 12756995437
0.000000 12757020435
0.000000 12757045446
0.000000 12757070452
0.000000 12757095478
0.000000 12757120455
0.000000 12757145451
0.000000 12757170455
0.000000 12757195469
0.000000 12757220453
0.000000 12757245459
0.000000 12757270453
0.000000 12757295469
0.000000 12757320459
0.000000 12757345444
0.000000 12757370457
0.000000 12757395482
0.000000 12757420453
0.000000 12757445458
0.000000 12757470449
0.000000 12757495485
0.000000 12757520455
0.000000 12757545463
0.000000 12757570457
0.000000 12757595480
0.000000 12757620451
0.000000 12757645463
0.000000 12757670455
0.000000 12757695483
0.000000 12757720452
0.000000 12757745458
0.000000 12757770456
0.000000 12757795481
0.000000 12757820450
0.000000 12757845463
0.000000 12757870455
0.000000 12757895481
0.000000 12757920455
0.000000 12757945458
0.000000 12757970455
0.000000 12757995483
0.000000 12758020457
0.000000 12758045457
0.000000 12758070456
0.000000 12758095487
0.000000 12758120451
0.000000 12758145453
0.000000 12758170450
0.000000 12758195481
0.000000 12758220454
0.000000 12758245452
0.000000 12758270457
0.000000 12758295483
0.000000 12758320453
0.000000 12758345454
0.000000 12758370456
0.000000 12758395485
0.000000 12758420454
0.000000 12758445454
0.000000 12758470454
0.000000 12758495483
0.000000 12758520456
0.000000 12758545455
0.000000 12758570449
0.000000 12758595483
0.000000 12758620456
0.000000 12758645452
0.000000 12758670459
0.000000 12758695481
0.000000 12758720446
0.000000 12758745462
0.000000 12758770460
0.000000 12758795487
0.000000 12758820459
0.000000 12758845463
0.000000 12758870460
0.000000 12758895482
0.000000 12758920459
0.000000 12758945458
0.000000 12758970450
0.000000 12758995483
0.000000 12759020455
0.000000 12759045461
0.000000 12759070448
0.000000 12759095485
0.000000 12759120456
0.000000 12759145456
0.000000 12759170462
0.000000 12759195489
0.000000 12759220459
0.000000 12759245448
0.000000 12759270456
0.000000 12759295484
0.000000 12759320455
0.000000 12759345453
0.000000 12759370460
0.000000 12759395483
0.000000 12759420451
0.000000 12759445457
0.000000 12759470459
0.000000 12759495485
0.000000 12759520454
0.000000 12759545453
0.000000 12759570449
0.000000 12759595484
0.000000 12759620454
0.000000 12759645454
0.000000 12759670448
0.000000 12759695479
0.000000 12759720450
0.000000 12759745443
0.000000 12759770446
0.000000 12759795464
0.000000 12759820448
0.000000 12759845445
0.000000 12759870465
0.000000 12759895470
0.000000 12759920441
0.000000 12759945443
0.000000 12759970440
0.000000 12759995545
0.000000 12760020429
0.000000 12760045442
0.000000 12760070537
0.000000 12760095463
0.000000 12760120450
0.000000 12760145420
0.000000 12760170438
0.000000 12760195465
0.000000 12760220443
0.000000 12760245424
0.000000 12760270450
0.000000 12760295460
0.000000 12760320444
0.000000 12760345435
0.000000 12760370455
0.000000 12760395464
0.000000 12760420444
0.000000 12760445428
0.000000 12760470443
0.000000 12760495465
0.000000 12760520444
0.000000 12760545427
0.000000 12760570439
0.000000 12760595467
0.000000 12760620453
0.000000 12760645433
0.000000 12760670442
0.000000 12760695468
0.000000 12760720447
0.000000 12760745431
0.000000 12760770443
0.000000 12760795463
0.000000 12760820443
0.000000 12760845437
0.000000 12760870446
0.000000 12760895467
0.000000 12760920453
0.000000 12760945439
0.000000 12760970452
0.000000 12760995435
0.000000 12761020453
0.000000 12761045433
0.000000 12761070448
