0.304006 4.001114 8.835793 30630480993
0.156906 4.236474 9.022120 30630506009
-0.078453 4.236474 8.688693 30630531003
-0.343233 4.462027 8.757339 30630555993
-0.902212 4.922939 9.267285 30630580978
-2.186883 6.364516 10.071430 30630606061
-5.403465 13.395885 14.023510 30630631049
-5.795731 14.376550 14.288290 30630656053
-4.942552 12.729033 12.885940 30630681033
-3.677494 9.914525 11.532621 30630706189
-0.961052 4.128600 8.492560 30630731175
0.755112 0.343233 7.129435 30630756202
2.902769 -4.197247 5.785924 30630781162
5.021006 -8.718113 4.442413 30630806183
6.511616 -10.022397 2.814509 30630831175
4.844486 -7.315762 3.236195 30630856183
2.559536 -3.903047 4.334540 30630881160
0.451106 0.009807 6.178190 30630906188
-3.344068 6.864655 9.237865 30630931187
-4.962165 10.100850 10.493117 30630956183
-5.736891 12.346573 11.101129 30630981132
-6.011477 14.249063 11.581655 30631006171
-7.247115 15.063017 12.326960 30631031187
-7.335375 15.219924 12.993813 30631056179
-6.952915 14.317711 13.758731 30631081159
-5.119072 9.433999 13.209558 30631106184
-3.432328 6.442970 11.640495 30631131186
-1.686744 3.491168 9.914525 30631156183
0.068647 0.921825 8.443527 30631181154
3.363681 -3.206775 7.050982 30631206185
4.560093 -5.050425 6.501810 30631231176
5.334818 -6.276257 5.697665 30631256223
5.344625 -5.825150 5.070039 30631281128
3.363681 -1.794617 5.462305 30631306198
2.029977 0.372653 6.227223 30631331178
0.539366 2.892962 7.296148 30631356190
-0.892405 5.805537 8.521980 30631381163
-2.343790 9.286899 9.296705 30631406183
-3.020448 10.247950 9.522259 30631431182
-3.402908 11.091323 10.140078 30631456180
-3.442135 10.846155 10.620603 30631481162
-2.079010 7.688415 10.061625 30631506178
-1.392545 6.560650 9.787038 30631531174
-0.725692 5.599597 9.679165 30631556185
-0.196133 4.609126 9.532065 30631581155
0.147100 3.755947 9.061346 30631606183

