6.746976 -4.246280 -6.433163 13408432238
6.737169 -4.089374 -6.560650 13408457245
6.913689 -4.001114 -6.178190 13408482323
7.462861 -4.481639 -6.717556 13408507325
7.776674 -4.854292 -6.874462 13408532323
7.315762 -5.266171 -6.992142 13408557291
6.766589 -5.560371 -6.472390 13408582319
6.629296 -5.982057 -6.364516 13408607320
6.531229 -6.874462 -6.472390 13408632327
6.541036 -6.531229 -6.570456 13408657291
5.795731 -7.178468 -6.354710 13408682329
5.393658 -7.266728 -7.011755 13408707310
5.226945 -6.433163 -7.041175 13408732324
5.442691 -5.883991 -7.041175 13408757287
6.452776 -5.962444 -7.600155 13408782325
5.933024 -6.864655 -7.090209 13408807321
5.727084 -6.697943 -6.766589 13408832314
5.403465 -7.864934 -6.835236 13408857289
5.864377 -7.590348 -5.168105 13408882328
5.785924 -8.943666 -5.285785 13408907315
6.805816 -8.041454 -4.667966 13408932325
8.541594 -7.649189 -3.618654 13408957294
9.022120 -7.031369 -3.353875 13408982328
8.982893 -7.453054 -3.530394 13409007326
9.159412 -6.933302 -2.559536 13409032334
9.296705 -6.423357 -0.147100 13409057281
9.296705 -6.207610 -0.392266 13409082312
8.904439 -5.785924 -0.402073 13409107315
8.414106 -5.187718 -0.215746 13409132307
8.276814 -3.285228 1.559257 13409157277
8.374881 -2.520309 2.383016 13409182315
8.708306 -1.539644 3.138128 13409207315
9.071153 -0.813952 3.432328 13409232315
8.875020 -0.225553 2.892962 13409257278
8.561207 0.980665 3.206775 13409282310
7.874741 1.333705 3.510781 13409307308
7.188275 1.647517 4.609126 13409332317
5.825150 2.736056 5.982057 13409357277
5.442691 3.295035 5.481918 13409382309
5.236752 4.099180 5.197526 13409407316
4.834679 4.530673 5.481918 13409432323
3.824594 4.903326 5.217138 13409457278
3.589234 5.079845 5.864377 13409482312
3.344068 5.099458 6.119350 13409507305
2.785089 5.442691 6.178190 13409532308
1.971137 5.972251 6.639102 13409557276
1.873070 6.050704 6.678329 13409582297
1.833844 6.178190 6.776396 13409607314
1.510224 6.550843 6.962722 13409632311
1.441578 6.639102 7.149048 13409657277
1.588677 6.609683 7.119628 13409682318
1.794617 6.619490 7.011755 13409707317
1.775004 6.972529 7.021562 13409732316
1.686744 7.011755 7.080402 13409757278
1.598484 7.050982 7.041175 13409782324
1.559257 7.080402 7.070595 13409807316
1.382738 7.060789 7.090209 13409832300
1.117958 7.119628 7.188275 13409857278
0.931632 7.158855 7.109822 13409882305
0.784532 7.149048 7.031369 13409907318
