-0.892500 8.977500 0.367500 13408468510
-2.415000 4.515000 9.345000 13408493485
-8.575000 3.360000 21.735001 13408518478
-0.017500 -7.945000 39.007500 13408543494
4.777500 -14.262500 38.674999 13408568478
4.690000 -13.930000 31.430000 13408593483
20.947500 -19.320000 37.380001 13408618476
27.020000 -12.337500 60.340000 13408643498
35.805000 -7.875000 66.727501 13408668488
41.107502 41.422501 90.002502 13408693487
28.139999 3.430000 45.465000 13408718488
57.785000 0.227500 26.757500 13408743491
82.197502 12.057500 34.702499 13408768478
102.532501 27.772501 44.625000 13408793480
118.300003 50.137501 46.619999 13408818476
151.130005 15.085000 46.042500 13408843478
172.934998 5.127500 37.555000 13408868475
198.555008 -6.195000 54.407501 13408893491
183.522507 -8.102500 44.432499 13408918481
139.667496 32.007500 24.797501 13408943545
135.502502 30.485001 -33.459999 13408968490
53.917500 21.945000 -74.042503 13408993484
19.442499 62.667500 -141.119995 13409021640
-16.292500 75.827499 -174.527496 13409043477
-22.365000 77.577499 -217.805008 13409068470
-28.927500 100.730003 -300.457489 13409093483
8.260000 159.494995 -315.945007 13409118465
32.462502 203.682495 -319.200012 13409143467
33.564999 197.820007 -323.295013 13409168476
27.597500 162.014999 -318.622498 13409193468
37.012501 125.387497 -310.432495 13409218467
53.795002 99.977501 -320.337494 13409243471
49.647499 131.425003 -299.600006 13409268471
23.205000 189.210007 -221.392502 13409293465
-9.187500 199.570007 -213.832504 13409318470
-9.835000 163.169998 -215.389999 13409343467
0.420000 76.247498 -189.699997 13409368470
31.132500 60.007500 -172.147507 13409393469
30.642500 81.129997 -151.077499 13409418479
12.845000 92.820000 -138.897507 13409443469
9.380000 102.672501 -115.709999 13409468473
-2.870000 102.777504 -86.029999 13409493469
-12.600000 94.815002 -72.782501 13409518468
-1.347500 78.767502 -53.165001 13409543469
-1.312500 35.507500 -28.507500 13409568471
1.102500 30.537500 -19.215000 13409593464
2.537500 12.040000 -13.650000 13409618470
1.750000 -0.175000 -9.590000 13409643466
-3.692500 -8.732500 -0.472500 13409668479
-5.127500 -3.675000 8.330000 13409693469
-0.420000 5.617500 2.450000 13409718457
-3.727500 10.465000 -1.872500 13409743469
-11.252500 3.517500 -3.482500 13409768476
-6.650000 6.125000 -3.062500 13409793465
-5.705000 11.147500 -7.525000 13409818472
-6.125000 15.277500 -11.585000 13409843472
-7.892500 10.622500 -12.652500 13409868468
-2.957500 1.925000 -6.527500 13409893472
-0.472500 -0.122500 -3.692500 13409918490
-1.662500 0.787500 -2.642500 13409943471
