-0.780000 -1.740000 6.900000 13408450739
-0.540000 -2.100000 6.900000 13408475555
-0.780000 -1.740000 6.660000 13408500483
-0.720000 -1.800000 6.840000 13408525568
-0.600000 -1.920000 6.960000 13408550483
-0.600000 -2.160000 7.080000 13408575478
-0.360000 -1.920000 6.600000 13408600587
-0.180000 -1.980000 6.780000 13408625587
0.060000 -1.620000 6.660000 13408650649
-0.060000 -1.500000 6.660000 13408675537
0.600000 -1.800000 6.360000 13408700591
0.240000 -1.800000 6.360000 13408725489
0.600000 -1.320000 6.480000 13408750480
0.300000 -1.140000 5.940000 13408775482
0.540000 -1.140000 5.460000 13408800600
0.660000 -1.140000 5.460000 13408825537
0.720000 -0.840000 4.800000 13408850540
0.720000 -0.480000 4.920000 13408875473
1.020000 -0.180000 4.260000 13408900682
0.780000 -0.180000 3.660000 13408925558
1.140000 -0.180000 3.780000 13408951783
1.200000 -0.360000 3.840000 13408975662
0.600000 -0.360000 3.480000 13409000548
0.480000 -0.360000 3.720000 13409027832
-0.540000 -0.060000 3.660000 13409052107
-0.360000 -0.240000 4.080000 13409077205
-1.740000 0.180000 3.780000 13409102297
-2.040000 0.240000 3.840000 13409127206
-3.120000 -0.240000 3.600000 13409152094
-4.140000 -0.540000 3.420000 13409177203
-4.800000 -1.080000 3.120000 13409202297
-5.700000 -1.500000 3.060000 13409227211
-6.300000 -1.980000 2.700000 13409252089
-6.840000 -2.880000 1.920000 13409277206
-6.900000 -3.660000 2.340000 13409302274
-6.900000 -3.900000 1.620000 13409327228
-6.840000 -4.200000 1.320000 13409352088
-6.960000 -4.560000 0.840000 13409377209
-7.020000 -5.340000 1.020000 13409402294
-6.900000 -5.700000 0.420000 13409427220
-6.780000 -6.180000 1.020000 13409452097
-6.480000 -6.720000 0.360000 13409477228
-6.480000 -6.480000 0.600000 13409502288
-6.480000 -6.600000 -0.120000 13409527216
-6.180000 -6.780000 -0.060000 13409552108
-6.240000 -6.720000 -0.240000 13409577201
-5.940000 -6.900000 -0.060000 13409602282
-6.180000 -6.900000 -0.540000 13409627233
-6.180000 -7.020000 -0.420000 13409652087
-6.180000 -7.020000 -0.060000 13409677210
-6.180000 -7.020000 -0.300000 13409702295
-6.180000 -6.900000 -0.180000 13409727221
-6.120000 -6.840000 -0.180000 13409752085
-5.700000 -7.020000 -0.180000 13409777207
-5.820000 -7.140000 -0.300000 13409802286
-6.060000 -6.780000 -0.180000 13409827236
-6.060000 -7.020000 -0.300000 13409852103
-5.880000 -7.200000 -0.480000 13409877087
-6.720000 -6.840000 -0.480000 13409902301
-6.000000 -7.080000 -0.120000 13409927096
