0.000000 13408432238
0.000000 13408457245
0.000000 13408482323
0.000000 13408507325
0.000000 13408532323
0.000000 13408557291
0.000000 13408582319
0.000000 13408607320
0.000000 13408632327
0.000000 13408657291
0.000000 13408682329
0.000000 13408707310
0.000000 13408732324
0.000000 13408757287
0.000000 13408782325
0.000000 13408807321
0.000000 13408832314
0.000000 13408857289
0.000000 13408882328
0.000000 13408907315
0.000000 13408932325
5.000000 13408957294
5.000000 13408982328
5.000000 13409007326
0.000000 13409032334
0.000000 13409057281
0.000000 13409082312
0.000000 13409107315
0.000000 13409132307
0.000000 13409157277
0.000000 13409182315
0.000000 13409207315
0.000000 13409232315
0.000000 13409257278
0.000000 13409282310
0.000000 13409307308
0.000000 13409332317
0.000000 13409357277
0.000000 13409382309
0.000000 13409407316
0.000000 13409432323
0.000000 13409457278
0.000000 13409482312
0.000000 13409507305
0.000000 13409532308
0.000000 13409557276
0.000000 13409582297
0.000000 13409607314
0.000000 13409632311
0.000000 13409657277
0.000000 13409682318
0.000000 13409707317
0.000000 13409732316
0.000000 13409757278
0.000000 13409782324
0.000000 13409807316
0.000000 13409832300
0.000000 13409857278
0.000000 13409882305
0.000000 13409907318
