-6.972529 7.198082 0.166713 12821931577
-6.943109 7.149048 0.196133 12821956575
-6.884269 7.139242 0.039227 12821981567
-6.903882 7.070595 -0.107873 12822006563
-6.962722 7.011755 -0.254973 12822031573
-7.031369 7.050982 -0.490333 12822056568
-6.894075 6.903882 -1.108152 12822081572
-6.776396 6.815622 -1.510224 12822106574
-6.952915 6.511616 -1.569064 12822131574
-6.972529 6.217417 -1.627904 12822156567
-6.952915 5.903604 -1.618097 12822181570
-6.854849 6.040897 -1.421964 12822206559
-6.442970 6.187996 -1.794617 12822231581
-5.736891 6.374323 -2.069203 12822256579
-3.981500 6.187996 -3.010642 12822281569
-3.216582 6.246837 -2.824315 12822306568
-2.765476 6.384130 -3.393101 12822331443
-1.490611 5.903604 -3.599041 12822356584
0.078453 5.177912 -4.373766 12822381557
2.029977 5.021006 -4.403186 12822406569
3.118515 5.011199 -4.795453 12822431582
4.569900 4.991585 -4.903326 12822456579
6.501810 4.452219 -4.981779 12822481574
7.727641 4.363960 -4.256087 12822506564
7.913968 4.638546 -3.795174 12822531581
10.708863 7.149048 -6.952915 12822556582
11.238422 5.168105 -4.687580 12822581575
10.826543 4.393380 -3.775561 12822606565
11.463975 2.765476 -3.795174 12822631577
12.601546 0.451106 -5.815344 12822656579
11.395329 0.362846 -6.109544 12822681570
10.581376 -0.254973 -5.844764 12822706565
10.159691 -1.196411 -5.560371 12822731578
9.277092 -2.922382 -6.217417 12822756576
8.021841 -1.696550 -13.072265 12822781567
7.708028 -2.265337 -16.230007 12822806564
8.335654 -2.608569 -13.297818 12822831590
6.786202 -3.471555 -9.845878 12822856575
6.315483 -3.638267 -8.796566 12822881573
5.668244 -4.305120 -8.012034 12822906573
5.383852 -4.354153 -7.649189 12822931582
5.158298 -4.246280 -7.227501 12822956579
4.442413 -4.462027 -7.511894 12822981584
3.991307 -4.785646 -8.051261 12823006565
4.422800 -6.040897 -7.453054 12823031674
4.893519 -6.413549 -6.609683 12823056584
5.256365 -5.305398 -8.100294 12823081570
4.991585 -6.237030 -7.963001 12823106572
4.020727 -6.246837 -6.629296 12823131583
2.961608 -5.815344 -7.658995 12823156587
3.147935 -5.707471 -7.227501 12823187393
3.049868 -5.364238 -6.923496 12823206562
3.540201 -4.766033 -7.658995 12823231570
3.599041 -5.432885 -6.668523 12823256560
3.648074 -6.619490 -5.854571 12823281564
3.716721 -7.305955 -6.178190 12823306555
4.991585 -3.510781 -7.698222 12823331571
4.256087 -3.226388 -9.394772 12823356569
4.275700 -4.883712 -8.924053 12823381564
4.569900 -4.952359 -9.188832 12823406553
4.001114 0.539366 -7.815901 12823431563
2.471276 -1.412158 -5.383852 12823456575
3.412714 -0.804145 -9.139799 12823481563
4.971972 -1.421964 -10.924609 12823506552
6.501810 0.176520 -9.698778 12823531567
7.217695 -1.637711 -9.365352 12823556559
8.061068 -2.834122 -9.159412 12823581563
7.825707 -2.333983 -10.002784 12823606549
5.442691 -1.520031 -9.394772 12823631565
5.834958 -1.372931 -8.943666 12823656568
