1.417500 3.377500 1.680000 12821967955
0.647500 6.020000 2.975000 12821992981
1.487500 9.450000 3.237500 12822017958
4.235000 14.752501 2.712500 12822042956
6.527500 17.727501 8.557500 12822067952
12.897500 13.860000 23.467501 12822092977
35.192501 14.262500 42.997501 12822117957
52.290001 29.995001 74.864998 12822142955
58.275002 42.945000 83.527504 12822167954
60.900002 48.860001 87.709999 12822192975
64.347504 40.705002 126.087502 12822217956
84.349998 67.375000 155.190002 12822242963
102.199997 95.864998 179.899994 12822267952
107.764999 110.092499 184.432495 12822292978
100.502502 79.327499 180.774994 12822323627
85.172501 101.762497 220.272507 12822342967
98.367500 116.322502 261.852509 12822367958
91.000000 117.845001 286.422516 12822392981
84.105003 87.709999 299.162506 12822417958
67.497498 66.745003 299.144989 12822442953
51.222500 39.217499 330.225006 12822467957
24.815001 25.042500 339.902496 12822492979
2.432500 6.912500 326.672516 12822517942
-23.835001 -35.507500 336.262512 12822542966
3.990000 -55.387501 290.762512 12822567955
-7.997500 -13.405000 284.602509 12822592978
34.737499 -76.930000 244.125000 12822617955
55.685001 -100.747498 225.977509 12822642958
88.882500 -66.114998 145.774994 12822667958
97.965004 -79.800003 117.407501 12822692977
78.785004 -83.754997 124.110001 12822717961
96.739998 -98.787498 104.107498 12822742954
171.360001 -117.372498 78.242500 12822767954
208.267502 -170.572495 48.264999 12822792981
-74.830002 -35.525002 46.480000 12822817965
-1.662500 -8.015000 41.755001 12822842956
24.360001 16.065001 43.994999 12822867958
40.337502 -21.052500 48.072498 12822892977
63.892502 -49.595001 44.187500 12822917979
73.762497 -39.112499 42.752499 12822942957
59.587502 -13.702500 48.772499 12822967958
47.320000 -10.937500 53.724998 12822992958
36.084999 3.010000 50.889999 12823017874
35.087502 8.347500 30.205000 12823042963
43.907501 -18.357500 13.090000 12823067955
61.494999 -17.342501 -2.187500 12823092982
49.174999 -6.492500 39.970001 12823117961
23.905001 0.945000 14.367500 12823142961
24.237499 -6.002500 33.459999 12823167953
8.697500 -5.337500 34.282501 12823192984
-1.505000 9.922500 33.355000 12823217948
-22.487499 45.500000 31.832500 12823242933
-53.637501 109.672501 14.315001 12823267936
-96.074997 70.122498 4.882500 12823292963
-107.099998 65.607498 -22.592501 12823317938
-129.115005 24.045000 -24.219999 12823342933
-129.639999 -7.192500 -48.160000 12823367941
-144.357498 29.400000 -38.045002 12823392963
-119.787498 -9.905000 -47.687500 12823417928
-103.144997 -68.617500 -152.320007 12823442929
-152.337494 -36.032501 -198.975006 12823467934
-162.854996 -3.570000 -255.937500 12823492962
-140.962494 17.377501 -146.072495 12823517940
-34.912498 26.880001 -73.062500 12823542934
-44.922501 14.175000 7.560000 12823567933
-34.352501 12.740000 4.532500 12823592960
-8.627500 22.155001 -4.200000 12823617936
-0.665000 5.390000 -8.242500 12823642931
12.530000 14.840000 -5.582500 12823667936
8.662500 22.014999 -4.970000 12823692972
