0.420000 -9.780000 5.820000 12821926443
0.120000 -9.480000 5.760000 12821951449
0.300000 -9.420000 6.060000 12821976442
0.600000 -9.360000 5.880000 12822001679
0.420000 -9.300000 6.060000 12822026445
0.180000 -9.540000 6.060000 12822051454
0.060000 -9.420000 5.940000 12822076432
0.180000 -9.300000 5.700000 12822101639
-0.240000 -9.360000 6.000000 12822126432
-0.300000 -9.179999 6.180000 12822151437
-0.300000 -8.940000 6.180000 12822176462
-0.600000 -8.760000 6.240000 12822201644
-0.900000 -8.580000 6.540000 12822226439
-1.680000 -8.520000 6.720000 12822251433
-2.040000 -8.280000 6.600000 12822276433
-2.460000 -7.980000 6.780000 12822301643
-2.700000 -7.860000 6.900000 12822332997
-3.120000 -7.560000 6.960000 12822351464
-3.600000 -6.960000 7.080000 12822376451
-3.900000 -6.420000 6.780000 12822401665
-4.260000 -5.940000 6.660000 12822426437
-4.380000 -5.580000 6.660000 12822451442
-4.200000 -5.040000 6.600000 12822476426
-4.680000 -4.320000 6.480000 12822501651
-4.260000 -4.260000 6.420000 12822526427
-4.020000 -3.780000 6.900000 12822551457
-3.420000 -3.660000 6.540000 12822576431
-3.240000 -2.760000 6.720000 12822601671
-2.820000 -2.580000 6.780000 12822626431
-2.580000 -2.220000 6.540000 12822651447
-2.100000 -1.860000 6.660000 12822676432
-1.800000 -1.680000 6.600000 12822701647
-1.320000 -1.440000 6.240000 12822726432
-0.840000 -1.320000 6.000000 12822751441
-0.480000 -1.080000 5.760000 12822776430
-0.420000 -0.780000 5.820000 12822801641
-0.180000 -0.900000 5.580000 12822826460
0.240000 -1.080000 5.640000 12822851455
0.480000 -0.840000 5.520000 12822876450
0.420000 -0.660000 5.580000 12822901656
0.600000 -0.960000 5.160000 12822926448
0.900000 -0.540000 5.100000 12822951440
0.720000 -0.840000 4.920000 12822976429
0.960000 -0.720000 5.160000 12823001714
1.020000 -1.140000 4.860000 12823026528
1.200000 -0.600000 4.800000 12823051567
1.200000 -1.080000 4.560000 12823076449
0.960000 -0.720000 4.680000 12823101654
1.200000 -0.960000 4.680000 12823126431
1.260000 -0.780000 4.860000 12823151462
1.380000 -0.660000 4.620000 12823176428
1.440000 -1.080000 4.440000 12823201696
1.680000 -0.960000 4.800000 12823226427
1.500000 -0.780000 4.620000 12823251418
1.440000 -1.320000 5.160000 12823276409
1.140000 -1.020000 5.220000 12823301638
1.440000 -1.560000 5.640000 12823326420
1.200000 -2.040000 6.000000 12823351422
1.080000 -1.800000 6.120000 12823376414
0.900000 -2.220000 6.300000 12823401628
0.780000 -2.100000 6.780000 12823426427
0.660000 -2.340000 6.780000 12823451431
0.480000 -2.640000 6.840000 12823476411
-0.060000 -2.580000 7.020000 12823501644
-0.480000 -3.120000 7.320000 12823526417
-0.060000 -3.300000 7.380000 12823551434
-0.060000 -3.720000 7.440000 12823576405
0.120000 -3.480000 7.440000 12823601632
0.060000 -3.180000 7.620000 12823626419
0.120000 -3.240000 7.440000 12823651422
