7.080000 9.240000 1.320000 18842801818
6.900000 9.540000 1.260000 18842826869
7.500000 9.420000 1.260000 18842851826
7.380000 9.540000 1.140000 18842876835
7.320000 9.960000 1.080000 18842901829
7.080000 9.840000 1.080000 18842926837
7.140000 9.300000 1.140000 18842951843
7.200000 9.719999 1.200000 18842976826
7.320000 9.480000 1.200000 18843001852
7.320000 9.599999 1.440000 18843026833
7.080000 9.480000 1.440000 18843051852
6.780000 9.780000 1.260000 18843076830
7.260000 9.660000 1.020000 18843101832
7.020000 9.540000 1.380000 18843126829
7.080000 9.480000 1.080000 18843151832
7.140000 9.540000 1.140000 18843176840
7.020000 9.179999 1.260000 18843201831
6.960000 9.480000 1.320000 18843226828
7.200000 9.599999 1.080000 18843251829
7.020000 9.780000 1.380000 18843276834
7.140000 9.660000 1.380000 18843303129
7.200000 9.599999 1.320000 18843326837
7.140000 9.300000 1.500000 18843351825
7.260000 9.300000 1.140000 18843376847
7.140000 9.420000 1.260000 18843401838
7.260000 9.540000 1.500000 18843426836
7.260000 9.780000 1.260000 18843451852
7.020000 9.540000 1.140000 18843476849
6.960000 9.719999 1.320000 18843501835
7.200000 9.599999 1.440000 18843526841
7.020000 9.540000 1.140000 18843551839
7.020000 9.420000 1.260000 18843576857
7.380000 9.660000 1.380000 18843601838
7.380000 9.660000 1.380000 18843627006
7.080000 9.480000 1.200000 18843651834
7.080000 9.719999 1.320000 18843676837
7.080000 9.000000 1.320000 18843701872
7.440000 9.480000 0.960000 18843726837
7.260000 9.540000 1.140000 18843751831
7.140000 9.179999 1.020000 18843776839
7.080000 9.480000 1.320000 18843801830
7.020000 9.540000 1.380000 18843826854
7.260000 9.179999 1.140000 18843851842
7.020000 9.420000 1.140000 18843876827
7.140000 9.540000 1.260000 18843901831
7.380000 9.300000 1.140000 18843926829
7.320000 9.480000 1.320000 18843951839
7.080000 9.360000 1.080000 18843976833
7.140000 9.540000 1.500000 18844001963
7.320000 9.120000 1.200000 18844026838
7.260000 9.059999 1.140000 18844051874
7.080000 9.599999 1.080000 18844076815
7.380000 9.540000 1.500000 18844101858
7.440000 9.240000 1.560000 18844126875
7.200000 9.240000 1.200000 18844151834
