4.445000 -3.657500 -3.395000 13318615985
0.297500 8.575000 -5.022500 13318640986
0.437500 16.799999 -6.230000 13318665973
-0.437500 16.625000 -3.430000 13318690976
-0.507500 20.160000 -1.435000 13318715985
-0.892500 44.450001 -2.607500 13318740983
-4.077500 60.427502 -3.377500 13318765978
-5.547500 76.352501 -4.917500 13318790975
-8.172500 98.052498 -2.450000 13318815984
-9.205000 113.785004 -3.132500 13318840984
-12.827500 112.000000 -6.860000 13318865974
-11.847500 100.519997 5.285000 13318890975
-1.470000 125.387497 0.175000 13318915983
4.147500 123.970001 5.040000 13318940986
3.342500 140.524994 -4.567500 13318965977
2.485000 164.850006 -6.335000 13318990974
-3.762500 168.979996 -5.600000 13319015964
-3.272500 166.967499 -0.350000 13319040983
-1.522500 176.154999 -11.322500 13319065972
-3.885000 174.597504 -11.060000 13319090970
-6.965000 202.317505 2.800000 13319115976
-6.282500 191.572495 -3.657500 13319140985
-0.507500 172.619995 -3.832500 13319165970
-1.627500 164.727493 4.690000 13319190969
-5.722500 157.867508 0.437500 13319215983
-5.600000 143.184998 -1.610000 13319240981
-4.865000 152.652496 -4.270000 13319265966
-2.852500 172.830002 -8.050000 13319290972
-9.327500 177.205002 -18.725000 13319315979
-21.070000 195.895004 -27.912500 13319340983
-14.945000 215.949997 -30.415001 13319365965
-13.685000 200.847504 -32.410000 13319390973
-21.070000 167.772507 -30.835001 13319415977
-20.772501 158.164993 -22.522501 13319440985
-11.795000 149.887497 -14.717500 13319465962
-13.772500 137.585007 -9.572500 13319490975
-7.367500 115.184998 -9.362500 13319515979
5.967500 108.552498 -2.817500 13319540985
2.905000 110.512497 1.120000 13319565963
3.342500 117.092499 9.520000 13319590977
-0.647500 118.090004 7.647500 13319615985
-0.490000 98.192497 9.870000 13319640973
-0.892500 72.012497 -0.980000 13319665960
-5.232500 74.340004 3.552500 13319690965
-11.952500 79.065002 7.122500 13319715969
-10.395000 75.250000 4.147500 13319740977
-6.352500 90.474998 6.037500 13319765958
-6.895000 71.540001 9.835000 13319790965
-2.747500 48.509998 7.805000 13319815972
-0.787500 38.360001 8.207500 13319840983
-3.132500 32.812500 8.942500 13319865961
-8.435000 32.200001 14.297500 13319890967
-9.310000 39.112499 16.572500 13319915976
-8.487500 37.904999 13.440001 13319940969
-9.782500 47.810001 14.735000 13319965968
-30.520000 82.320000 15.592500 13319990971
-35.017502 88.287498 23.135000 13320015970
-25.812500 85.400002 18.830000 13320040975
1.155000 79.852501 23.537500 13320065956
17.010000 84.402504 22.750000 13320090975
8.645000 61.670002 18.077499 13320115971
0.612500 52.272499 8.680000 13320140977
-3.972500 51.939999 3.202500 13320165963
7.315000 69.370003 -1.172500 13320190966
16.362499 67.305000 -7.735000 13320215968
25.725000 44.099998 -4.182500 13320240973
7.840000 26.495001 -4.287500 13320265963
-5.565000 31.412500 -3.132500 13320290967
-10.797500 50.942501 -2.100000 13320315993
-11.480000 67.637497 -5.810000 13320340983
-20.125000 27.702499 -10.657500 13320365998
-17.062500 37.222500 -7.420000 13320390969
-9.642500 46.532501 -4.147500 13320416018
-10.937500 59.412498 -0.700000 13320440974
-3.465000 67.007500 1.382500 13320466000
1.767500 26.757500 -4.462500 13320490953
-12.022500 32.707500 -1.750000 13320515932
-12.547500 42.542500 1.872500 13320540970
-6.912500 22.924999 2.362500 13320565931
-1.767500 34.422501 1.505000 13320590960
-9.852500 118.387497 5.687500 13320615912
-15.260000 132.649994 8.435000 13320640956
0.227500 125.107498 9.502500 13320665922
14.192500 144.759995 6.982500 13320690952
15.802500 154.945007 6.002500 13320715923
14.840000 139.055008 7.157500 13320740963
7.350000 154.682495 7.997500 13320765923
8.470000 145.302505 7.052500 13320790940
2.555000 140.699997 5.670000 13320815936
-10.255000 123.514999 4.305000 13320840968
-7.315000 116.392502 3.307500 13320865917
5.722500 87.027504 7.280000 13320890948
16.747499 59.290001 4.637500 13320915927
13.037500 28.437500 0.157500 13320940957
12.110000 21.174999 -1.767500 13320966429
9.800000 11.007500 0.735000 13320990966
7.297500 24.237499 2.642500 13321015898
4.550000 29.872499 0.840000 13321040999
6.160000 41.947498 7.420000 13321065927
12.197500 51.730000 24.307501 13321090954
16.695000 44.904999 31.990000 13321115923
20.842501 57.224998 3.517500 13321141245
9.222500 51.852501 -7.840000 13321165944
0.227500 64.959999 -6.037500 13321190958
-3.990000 112.787498 5.740000 13321215927
15.067500 141.470001 10.202500 13321240966
25.987499 156.082504 12.145000 13321265923
19.145000 161.822495 11.480000 13321290950
15.715000 150.237503 6.930000 13321315930
12.407500 114.695000 -4.480000 13321340962
-6.545000 99.820000 -6.370000 13321365963
-14.857500 82.127502 -10.902500 13321390987
-13.807500 92.470001 -12.565000 13321415915
-13.370000 109.077499 -13.895000 13321440966
-10.167500 115.815002 -30.415001 13321465925
-3.552500 121.502502 -39.357502 13321490954
0.402500 139.020004 -39.042500 13321515928
-0.140000 172.235001 -34.877499 13321540920
7.210000 173.757507 -30.747499 13321565935
11.235000 167.964996 -27.492500 13321590950
10.727500 204.610001 -25.322500 13321615922
13.895000 245.157501 -26.809999 13321640963
14.840000 209.772507 -20.212500 13321665926
18.480000 176.312500 -12.320000 13321690962
11.620000 157.902496 -11.585000 13321715920
5.372500 144.550003 -8.557500 13321740971
-5.915000 87.097504 -7.682500 13321765950
-8.085000 91.577499 -8.435000 13321790953
8.435000 72.607498 -3.552500 13321815946
1.680000 68.180000 5.092500 13321841039
-3.080000 63.052502 11.987500 13321865957
-4.147500 69.702499 14.315001 13321890962
-1.802500 61.670002 14.140000 13321915950
-1.960000 59.762501 15.400000 13321940976
-2.940000 72.800003 18.357500 13321965956
-1.995000 68.862503 11.077500 13321990959
-8.627500 76.457497 10.412500 13322015952
-9.275000 79.607498 10.185000 13322040962
-14.402500 78.557503 9.607500 13322065947
-14.700000 79.432503 6.300000 13322090954
-13.177500 74.760002 -0.350000 13322115948
-11.322500 71.592499 -3.867500 13322140966
-14.035000 74.497498 -7.175000 13322165950
-9.362500 60.654999 -8.505000 13322190956
-3.027500 44.747501 -11.970000 13322215944
0.175000 37.869999 -6.125000 13322240968
-2.467500 34.562500 -2.450000 13322265947
-0.490000 25.760000 1.557500 13322290950
1.610000 34.125000 5.442500 13322315942
5.915000 24.132500 2.537500 13322340971
1.382500 13.965000 -2.835000 13322365945
3.062500 3.150000 -0.490000 13322390951
4.410000 -0.490000 0.892500 13322415948
3.692500 6.475000 4.532500 13322440966
5.635000 5.530000 5.827500 13322465984
4.707500 5.705000 2.975000 13322490958
1.627500 5.372500 0.892500 13322515949
2.800000 5.967500 1.610000 13322540976
0.892500 5.267500 3.045000 13322566041
-2.852500 3.377500 3.185000 13322590962
