-2.280000 -0.840000 5.160000 13318600291
-2.460000 -1.140000 5.460000 13318625110
-2.580000 -0.660000 5.460000 13318650219
-2.580000 -0.900000 5.220000 13318675077
-2.520000 -0.960000 5.400000 13318700273
-2.220000 -1.140000 5.340000 13318725086
-2.520000 -1.080000 5.280000 13318750218
-2.700000 -0.900000 4.980000 13318775080
-2.580000 -1.020000 5.460000 13318800268
-2.820000 -1.020000 4.620000 13318825080
-2.940000 -1.020000 5.220000 13318850206
-3.300000 -1.020000 5.100000 13318875004
-3.180000 -1.020000 4.740000 13318900280
-3.720000 -1.080000 4.680000 13318925085
-3.900000 -1.140000 4.500000 13318950216
-4.020000 -1.260000 4.620000 13318975075
-4.080000 -0.960000 4.200000 13319000295
-4.260000 -0.900000 3.900000 13319025083
-4.500000 -1.140000 3.780000 13319050215
-5.040000 -0.720000 3.240000 13319075009
-4.680000 -1.080000 3.240000 13319100269
-4.860000 -1.020000 2.700000 13319125091
-4.980000 -0.900000 2.700000 13319150227
-5.280000 -1.200000 2.280000 13319175080
-5.340000 -1.260000 2.340000 13319200008
-4.800000 -1.080000 1.800000 13319225086
-5.340000 -0.900000 1.740000 13319250204
-5.340000 -0.900000 1.740000 13319275084
-4.920000 -0.960000 1.200000 13319300265
-5.340000 -0.900000 1.500000 13319325090
-5.160000 -1.200000 0.840000 13319350201
-5.040000 -1.200000 0.480000 13319375009
-4.980000 -1.500000 0.180000 13319400010
-5.160000 -1.320000 0.240000 13319425088
-5.220000 -1.140000 -0.180000 13319450217
-4.440000 -1.080000 -0.180000 13319475092
-4.560000 -1.560000 -0.120000 13319500275
-4.320000 -1.560000 -0.720000 13319525089
-4.380000 -1.260000 -0.780000 13319550236
-4.260000 -1.260000 -0.900000 13319575087
-4.020000 -1.260000 -1.020000 13319600282
-3.900000 -1.260000 -1.140000 13319625118
-3.900000 -1.380000 -1.500000 13319650215
-3.780000 -1.380000 -1.380000 13319675087
-3.780000 -1.140000 -1.020000 13319700295
-3.360000 -1.320000 -1.080000 13319725093
-3.060000 -1.500000 -1.620000 13319750230
-2.880000 -1.680000 -1.920000 13319775111
-3.120000 -0.960000 -1.680000 13319800275
-3.060000 -1.260000 -1.500000 13319825099
-2.820000 -1.380000 -1.500000 13319850241
-2.820000 -1.500000 -1.380000 13319875081
-3.000000 -1.080000 -1.440000 13319900282
-2.520000 -1.200000 -1.680000 13319925107
-2.820000 -1.260000 -1.860000 13319950213
-2.520000 -1.200000 -1.560000 13319975084
-2.160000 -1.680000 -1.680000 13320000320
-1.920000 -1.200000 -1.440000 13320025092
-1.680000 -1.440000 -1.680000 13320050226
-1.860000 -1.380000 -1.620000 13320075226
-1.560000 -1.080000 -1.680000 13320100297
-1.500000 -1.380000 -1.620000 13320125090
-1.440000 -1.080000 -1.800000 13320150242
-1.200000 -1.080000 -1.680000 13320175099
-1.140000 -1.620000 -1.500000 13320200284
-0.900000 -1.380000 -2.100000 13320225113
-1.080000 -1.320000 -1.800000 13320250215
-0.840000 -1.200000 -2.040000 13320275096
-1.080000 -1.320000 -1.680000 13320300300
-0.600000 -1.080000 -2.040000 13320325101
-0.600000 -1.080000 -1.680000 13320350218
-0.900000 -1.380000 -1.620000 13320375111
-0.720000 -0.840000 -1.920000 13320400301
-0.600000 -1.080000 -1.560000 13320425121
-0.660000 -1.020000 -1.500000 13320450215
-0.420000 -1.020000 -1.620000 13320475099
-0.660000 -0.900000 -1.500000 13320500295
-0.360000 -1.080000 -1.680000 13320525085
-0.060000 -0.900000 -1.380000 13320550206
-0.480000 -1.080000 -1.440000 13320575095
-0.180000 -1.260000 -1.260000 13320600267
0.180000 -0.900000 -1.020000 13320625083
0.480000 -1.200000 -1.080000 13320650223
0.360000 -1.680000 -1.320000 13320675071
0.660000 -1.260000 -1.500000 13320700267
1.140000 -1.140000 -0.900000 13320725082
1.500000 -1.500000 -0.900000 13320750205
1.560000 -1.560000 -0.840000 13320775090
1.380000 -1.140000 -0.540000 13320800000
1.980000 -1.260000 -0.660000 13320825079
1.800000 -1.200000 -0.120000 13320850214
1.800000 -1.320000 0.120000 13320875069
2.100000 -1.500000 -0.060000 13320900269
2.640000 -1.560000 0.240000 13320925082
2.160000 -1.320000 0.240000 13320950208
2.280000 -1.200000 0.240000 13320975078
2.340000 -1.140000 0.300000 13321000322
2.280000 -1.440000 0.240000 13321027711
2.340000 -1.620000 -0.060000 13321050214
2.040000 -1.920000 0.120000 13321074999
2.160000 -1.560000 0.120000 13321100000
2.820000 -1.380000 0.420000 13321125003
2.580000 -1.620000 0.300000 13321150167
2.640000 -1.440000 0.480000 13321175074
2.400000 -1.680000 0.360000 13321199997
2.820000 -1.500000 0.780000 13321225164
2.760000 -1.800000 1.080000 13321250001
2.760000 -1.320000 1.080000 13321275169
3.060000 -1.380000 1.140000 13321299994
2.880000 -1.560000 1.320000 13321325160
3.000000 -1.800000 1.920000 13321350199
3.120000 -1.680000 2.160000 13321375211
3.000000 -1.200000 2.400000 13321400294
3.000000 -1.560000 2.040000 13321425182
2.940000 -1.380000 2.460000 13321450002
2.820000 -1.500000 2.940000 13321475165
2.640000 -1.680000 2.760000 13321499994
2.520000 -1.200000 3.000000 13321525316
2.400000 -1.200000 3.000000 13321550003
2.040000 -1.080000 3.720000 13321575186
1.740000 -1.140000 4.020000 13321600003
1.680000 -0.960000 4.440000 13321625175
1.380000 -1.140000 4.260000 13321653478
1.440000 -0.960000 4.560000 13321675193
0.960000 -0.960000 5.040000 13321700002
0.660000 -0.540000 4.740000 13321725179
0.360000 -0.840000 4.920000 13321750003
0.420000 -0.780000 4.860000 13321775152
0.120000 -0.960000 4.920000 13321799988
0.300000 -0.900000 4.860000 13321825178
0.300000 -0.840000 4.800000 13321850218
-0.060000 -1.020000 4.860000 13321875204
-0.060000 -1.080000 5.040000 13321900302
-0.060000 -0.900000 5.340000 13321925194
-0.180000 -1.140000 4.980000 13321950203
-0.420000 -0.900000 5.220000 13321975207
-0.300000 -0.900000 5.100000 13322000001
-0.780000 -0.780000 5.460000 13322025180
-0.900000 -1.020000 5.100000 13322050220
-0.840000 -1.080000 5.640000 13322075192
-0.840000 -1.080000 5.400000 13322100267
-0.960000 -0.960000 5.280000 13322125226
-1.080000 -1.080000 5.400000 13322150003
-1.080000 -0.840000 5.520000 13322175192
-1.200000 -1.200000 5.520000 13322200280
-1.440000 -1.200000 5.520000 13322225180
-1.200000 -1.080000 5.640000 13322250005
-1.680000 -0.720000 5.520000 13322275204
-1.380000 -0.780000 5.220000 13322300003
-1.740000 -0.900000 5.340000 13322325193
-1.620000 -1.020000 5.580000 13322350218
-1.380000 -0.780000 5.580000 13322375182
-1.500000 -1.140000 5.340000 13322400006
-1.140000 -0.900000 5.580000 13322425199
-1.500000 -1.140000 5.340000 13322450194
-1.560000 -0.960000 5.520000 13322475194
-1.680000 -0.960000 5.160000 13322500300
-1.800000 -1.080000 5.280000 13322525197
-1.440000 -0.840000 5.520000 13322550225
-1.500000 -0.900000 4.980000 13322575219
