0.000000 13318579861
0.000000 13318604877
0.000000 13318629882
0.000000 13318654876
0.000000 13318679869
0.000000 13318704873
0.000000 13318729875
0.000000 13318754882
0.000000 13318779875
0.000000 13318804868
0.000000 13318829880
0.000000 13318854875
0.000000 13318879864
0.000000 13318904877
0.000000 13318929881
0.000000 13318954878
0.000000 13318979878
0.000000 13319004875
0.000000 13319029877
0.000000 13319054876
0.000000 13319079881
0.000000 13319104877
0.000000 13319129879
0.000000 13319154871
0.000000 13319179873
0.000000 13319204872
0.000000 13319229878
0.000000 13319254879
0.000000 13319279879
0.000000 13319304872
0.000000 13319329879
0.000000 13319354870
0.000000 13319379866
0.000000 13319404874
0.000000 13319429883
0.000000 13319454878
0.000000 13319479880
0.000000 13319504895
0.000000 13319529883
0.000000 13319554973
0.000000 13319579878
0.000000 13319604866
0.000000 13319629886
0.000000 13319654861
0.000000 13319679864
0.000000 13319704867
0.000000 13319729888
0.000000 13319754884
0.000000 13319779853
0.000000 13319804859
0.000000 13319829890
0.000000 13319854855
0.000000 13319879862
0.000000 13319904860
0.000000 13319929882
0.000000 13319954856
0.000000 13319979857
0.000000 13320004857
0.000000 13320029887
0.000000 13320054870
0.000000 13320079881
0.000000 13320104879
0.000000 13320129885
0.000000 13320154866
0.000000 13320179857
0.000000 13320204857
0.000000 13320229890
0.000000 13320254856
0.000000 13320279867
0.000000 13320304853
0.000000 13320329886
0.000000 13320354884
0.000000 13320379857
0.000000 13320404856
0.000000 13320429886
0.000000 13320454857
0.000000 13320479873
0.000000 13320504842
0.000000 13320529873
0.000000 13320554842
0.000000 13320579848
0.000000 13320604847
0.000000 13320629873
0.000000 13320654841
0.000000 13320679856
0.000000 13320704843
0.000000 13320729871
0.000000 13320754856
0.000000 13320779854
0.000000 13320804864
0.000000 13320829873
0.000000 13320854866
0.000000 13320879866
0.000000 13320904868
0.000000 13320929870
0.000000 13320954855
0.000000 13320979863
0.000000 13321004872
0.000000 13321029848
0.000000 13321054871
0.000000 13321079869
0.000000 13321104863
0.000000 13321129871
0.000000 13321154882
0.000000 13321179880
0.000000 13321204873
0.000000 13321229870
0.000000 13321254867
0.000000 13321279857
0.000000 13321304857
0.000000 13321329877
0.000000 13321354869
0.000000 13321379841
0.000000 13321404862
0.000000 13321429874
0.000000 13321454868
0.000000 13321479867
0.000000 13321504874
0.000000 13321529858
0.000000 13321554848
0.000000 13321579874
0.000000 13321604872
0.000000 13321629873
0.000000 13321654877
0.000000 13321679879
0.000000 13321704872
0.000000 13321729871
0.000000 13321754871
0.000000 13321779863
0.000000 13321804861
0.000000 13321829857
0.000000 13321854873
0.000000 13321879870
0.000000 13321904870
0.000000 13321929870
0.000000 13321954870
0.000000 13321979871
0.000000 13322004864
0.000000 13322029867
0.000000 13322054850
0.000000 13322079867
0.000000 13322104869
0.000000 13322129871
0.000000 13322154864
0.000000 13322179867
0.000000 13322204853
0.000000 13322229869
0.000000 13322254862
0.000000 13322279860
0.000000 13322304870
0.000000 13322329873
0.000000 13322354864
0.000000 13322379867
0.000000 13322404863
0.000000 13322429883
0.000000 13322454864
0.000000 13322479861
0.000000 13322504854
0.000000 13322529862
0.000000 13322554845
