-0.931632 0.166713 9.836071 9904203160
-0.804145 0.166713 9.992978 9904228152
-0.862985 0.147100 9.796844 9904253135
-0.951245 0.156906 9.855684 9904278149
-0.882599 0.107873 9.787038 9904303161
-0.745305 0.127486 9.796844 9904328151
-0.941439 0.117680 9.649745 9904353138
-0.892405 0.058840 9.679165 9904378153
-0.696272 -0.009807 10.042011 9904403164
-0.666852 -0.029420 9.865492 9904428149
-0.872792 -0.029420 9.630132 9904453127
-0.961052 -0.049033 9.561485 9904478143
-0.784532 -0.264780 9.983171 9904503145
-0.862985 -0.451106 9.992978 9904528146
-1.206218 -0.470719 9.728198 9904553130
-1.294478 -0.578592 9.718391 9904578138
-1.225831 -0.764919 9.767425 9904603155
-1.216025 -0.941439 9.620325 9904628149
-1.402351 -1.510224 9.885104 9904653129
-1.363124 -1.951524 9.983171 9904678148
-1.520031 -2.020170 9.718391 9904703160
-1.353318 -2.079010 9.355545 9904728147
-1.323898 -2.451663 9.120186 9904753129
-1.265058 -2.902769 9.316319 9904778142
-1.186605 -3.147935 9.483032 9904803155
-1.235638 -3.402908 9.306512 9904828154
-1.137571 -3.608848 9.129992 9904853135
-1.059118 -3.657881 8.845599 9904878155
-1.039505 -3.883434 8.747533 9904903155
-1.255251 -4.393380 8.492560 9904928149
-1.098345 -4.540480 8.080681 9904953138
-0.892405 -4.834679 7.923775 9904978171
-0.912019 -4.922939 8.051261 9905003145
-1.127765 -5.579985 8.012034 9905028152
-1.216025 -5.972251 7.639381 9905053130
-1.343511 -6.178190 7.747255 9905078147
-1.343511 -6.433163 7.600155 9905103161
-1.382738 -6.805816 7.021562 9905128149
-1.382738 -7.276535 6.678329 9905153130
-1.520031 -7.119628 6.835236 9905178155
-1.588677 -7.050982 6.639102 9905203170
-1.402351 -7.462861 6.688136 9905228167
-1.520031 -7.354988 6.305676 9905253126
-1.549451 -7.345181 6.040897 9905278164
-1.343511 -7.462861 5.491724 9905303152
-1.255251 -8.070874 4.981779 9905328172
-1.265058 -8.100294 4.883712 9905353126
-1.343511 -8.070874 4.893519 9905378164
-1.451384 -8.237587 4.883712 9905403157
-1.490611 -8.247394 4.550286 9905428160
-1.451384 -8.394494 4.285507 9905453141
-1.510224 -8.669080 4.050147 9905478232
-1.314091 -8.855406 3.491168 9905503154
-1.255251 -8.806373 3.128322 9905528149
-1.284671 -8.953472 3.226388 9905553134
-1.176798 -9.080959 3.167548 9905578137
-1.196411 -9.159412 2.520309 9905603148
-1.353318 -9.218252 2.245723 9905628156
-1.274865 -9.384965 2.177077 9905653128
-1.284671 -9.473226 1.951524 9905678150
-1.314091 -9.502645 1.431771 9905703161
-1.010085 -9.512452 1.098345 9905728162
-1.088538 -9.532065 0.843372 9905753128
-1.186605 -9.551678 0.460913 9905778151
-1.225831 -9.610518 -0.107873 9905803153
-1.186605 -9.796844 -0.519753 9905828153
-1.117958 -9.894911 -0.568786 9905853129
-1.108152 -9.698778 -0.706079 9905878149
-0.961052 -9.836071 -1.284671 9905903148
-0.921825 -10.002784 -1.971137 9905928153
-0.764919 -10.159691 -1.990750 9905953146
-0.460913 -9.414385 -2.186883 9905978156
-0.470719 -9.080959 -2.383016 9906003150
-0.323619 -9.139799 -2.765476 9906028192
-0.166713 -9.257479 -3.059675 9906053130
-0.284393 -9.198639 -3.226388 9906078152
-0.107873 -8.914246 -3.854014 9906103146
-0.284393 -8.904439 -4.158020 9906128154
-0.431493 -8.718113 -4.756226 9906153128
-0.392266 -8.639660 -5.030812 9906178151
-0.509946 -8.463140 -5.629018 9906203162
-0.460913 -8.227780 -5.697665 9906228160
-0.519753 -8.119907 -5.687858 9906253128
-0.549172 -8.051261 -5.874184 9906278148
-0.774725 -7.845321 -6.158577 9906303149
-0.813952 -7.688415 -6.050704 9906328153
-0.696272 -7.198082 -5.923217 9906353130
-0.706079 -7.247115 -6.403743 9906378150
-0.813952 -7.188275 -6.737169 9906403145
-0.676659 -7.050982 -7.090209 9906428149
-1.068925 -7.462861 -7.413828 9906453117
-0.627626 -6.511616 -7.639381 9906478153
-0.558979 -6.688136 -7.698222 9906503152
-0.912019 -6.737169 -8.139521 9906528148
-1.108152 -6.619490 -8.355267 9906553128
-0.951245 -6.276257 -8.825986 9906578152
-1.000278 -5.874184 -8.502367 9906603159
-1.000278 -5.609405 -8.737726 9906628157
-1.314091 -5.334818 -9.041733 9906653130
-1.569064 -5.128879 -9.669358 9906678146
-1.490611 -5.030812 -10.110658 9906703149
-1.490611 -4.775839 -9.747811 9906728134
-1.412158 -4.452219 -9.384965 9906753132
-1.216025 -4.422800 -9.561485 9906778147
-1.196411 -4.442413 -9.502645 9906803149
-1.294478 -4.491446 -9.433999 9906830309
-0.941439 -4.069760 -7.551122 9906853134
-1.216025 -4.167827 -8.482754 9906878157
-1.284671 -4.265893 -8.884827 9906903145
-1.255251 -4.236474 -9.551678 9906928149
-0.961052 -3.854014 -9.796844 9906953141
-1.108152 -3.765754 -9.777231 9906978158
-1.274865 -3.608848 -9.865492 9907003194
-1.451384 -3.451941 -9.836071 9907028180
-1.843650 -3.226388 -9.561485 9907053136
-1.539644 -3.098902 -10.071430 9907078164
-1.470998 -3.157742 -10.493117 9907103156
-1.304285 -3.059675 -10.434277 9907128158
-1.225831 -2.863542 -9.963558 9907153139
-1.333705 -2.657602 -10.091044 9907178154
-1.392545 -2.549729 -9.904717 9907203163
-1.539644 -2.549729 -10.002784 9907228152
-1.333705 -2.255530 -9.943945 9907253147
-1.470998 -2.177077 -10.091044 9907278156
-1.598484 -2.010364 -10.051817 9907303156
-1.657324 -2.059397 -9.983171 9907328160
-1.608291 -1.206218 -10.404857 9907353137
-1.382738 -1.166991 -10.355824 9907378165
-1.578871 -1.157185 -10.532343 9907403155
-1.696550 -1.216025 -10.738283 9907428153
-1.451384 -1.206218 -10.336210 9907453138
-1.451384 -1.049312 -10.414664 9907478164
-1.372931 -0.853179 -10.620603 9907503170
-1.353318 -0.725692 -10.630409 9907528173
-1.323898 -0.382459 -10.551956 9907553142
-1.363124 -0.304006 -10.502923 9907578164
-1.392545 0.254973 -10.650023 9907603171
-1.274865 0.441299 -10.679443 9907628168
-1.166991 0.588399 -10.650023 9907653139
-1.166991 0.686466 -10.640217 9907678179
-1.206218 0.715886 -10.551956 9907703172
-0.882599 1.078732 -10.630409 9907728166
-0.912019 1.382738 -10.748089 9907753136
-0.853179 1.510224 -10.718670 9907778167
-0.921825 1.588677 -10.571569 9907803171
-1.068925 1.745584 -10.571569 9907828166
-0.990472 2.010364 -10.561764 9907853135
-0.843372 2.383016 -10.434277 9907878169
-0.921825 2.657602 -10.453890 9907903162
-0.794339 3.206775 -10.404857 9907928168
-0.961052 3.089095 -10.444084 9907953139
-0.804145 2.991029 -10.149883 9907978167
-0.745305 3.314648 -10.022397 9908003160
-0.686466 4.226666 -9.669358 9908028162
-0.862985 4.618933 -9.532065 9908053139
-0.715886 4.746419 -9.492838 9908078158
-0.480526 4.962165 -9.512452 9908103161
-0.480526 5.540758 -9.080959 9908128160
-0.294200 5.825150 -9.022120 9908153137
-0.431493 6.099737 -8.688693 9908178160
-0.509946 6.452776 -8.433721 9908203158
-0.049033 6.629296 -8.012034 9908228156
-0.254973 6.570456 -7.825707 9908253138
-0.176520 6.923496 -7.443248 9908278157
0.098067 7.305955 -7.100015 9908303153
0.186326 7.345181 -6.658716 9908328160
-0.088260 7.884548 -6.903882 9908353132
-0.333426 8.384687 -6.590069 9908378174
-0.254973 8.512174 -6.227223 9908403171
-0.068647 8.816179 -5.717278 9908428171
-0.009807 8.904439 -5.462305 9908453144
0.019613 9.208446 -5.285785 9908478173
0.294200 8.933860 -4.108987 9908503167
0.313813 8.776953 -3.726527 9908528173
0.362846 9.061346 -3.736334 9908553149
0.666852 9.492838 -3.628461 9908578167
0.637432 9.365352 -2.569343 9908603166
0.509946 9.649745 -1.971137 9908628166
0.676659 9.963558 -1.755391 9908653131
0.696272 9.698778 -1.059118 9908678173
0.706079 9.384965 -0.539366 9908703170
0.804145 9.649745 -0.009807 9908728167
1.000278 9.698778 0.431493 9908753135
1.059118 9.532065 0.608012 9908778169
1.108152 9.463418 1.725971 9908803166
1.166991 9.277092 2.079010 9908828171
1.019892 9.061346 2.539923 9908853147
0.892405 9.031926 3.442135 9908878166
1.176798 8.924053 4.059954 9908903164
1.049312 8.943666 4.177633 9908928169
0.862985 8.845599 4.324733 9908953140
1.755391 8.217974 5.070039 9908978167
1.431771 8.119907 5.226945 9909003152
1.078732 8.276814 5.854571 9909028174
0.980665 8.041454 6.384130 9909053135
0.980665 7.531508 5.854571 9909078173
0.843372 7.158855 6.119350 9909103174
0.706079 7.168662 6.482196 9909128168
0.755112 7.168662 6.746976 9909153137
0.568786 6.835236 7.404021 9909178171
0.539366 6.413549 7.433442 9909203166
0.696272 5.962444 7.658995 9909228170
0.970859 5.746698 7.894354 9909253135
0.500139 5.266171 8.708306 9909278178
0.578592 4.913132 8.855406 9909303161
0.686466 4.550286 8.845599 9909328160
0.431493 4.197247 8.698500 9909353166
0.215746 3.618654 9.237865 9909378159
0.558979 3.177355 9.257479 9909403151
0.490333 2.755669 9.139799 9909428163
0.304006 2.569343 9.414385 9909453123
0.294200 2.422243 9.855684 9909478163
0.284393 2.098624 9.688972 9909503160
0.196133 1.843650 9.600712 9909528163
0.294200 1.833844 9.738005 9909553137
0.382459 1.824037 9.796844 9909578164
0.431493 1.470998 9.983171 9909603157
0.313813 1.137571 9.600712 9909628161
0.333426 1.176798 9.806651 9909653137
0.460913 0.843372 10.051817 9909678157
0.274586 0.627626 9.865492 9909703160
0.451106 0.353039 10.032204 9909728164
0.529559 0.156906 9.836071 9909753137
0.284393 -0.019613 9.443805 9909778157
0.137293 -0.127486 9.649745 9909803155
0.088260 -0.235360 9.757618 9909828158
0.107873 -0.362846 9.885104 9909853137
-0.137293 -0.500139 9.826264 9909878157
0.009807 -0.127486 9.669358 9909903159
0.009807 -0.117680 9.836071 9909928149
-0.362846 -0.196133 9.855684 9909953139
-0.382459 -0.176520 9.679165 9909978158
-0.196133 0.107873 10.051817 9910003163
-0.392266 -0.088260 9.826264 9910028164
-0.519753 -0.353039 9.639938 9910053140
-0.323619 -0.147100 9.855684 9910078163
-0.156906 0.009807 10.179304 9910103168
-0.274586 -0.166713 9.973364 9910128159
-0.304006 -0.176520 9.924331 9910153136
-0.127486 -0.039227 9.983171 9910178151
-0.137293 -0.127486 9.904717 9910203159
-0.245166 -0.196133 9.777231 9910228158
-0.245166 -0.196133 9.845878 9910253126
-0.274586 0.107873 9.973364 9910278154
-0.304006 0.009807 9.728198 9910303157
