5.425000 -9.572500 2.765000 9904241305
7.052500 -2.730000 2.922500 9904266302
4.112500 -2.135000 3.080000 9904291305
-0.980000 -1.627500 0.717500 9904316296
-5.145000 4.532500 2.520000 9904341306
-5.600000 3.377500 2.572500 9904366308
-8.522500 2.397500 4.865000 9904391305
-13.790000 -2.957500 -2.590000 9904416302
-14.787500 2.222500 -6.422500 9904441313
-14.472500 18.462500 -1.977500 9904466297
-46.025002 20.754999 2.852500 9904491304
-46.830002 15.540000 -7.857500 9904516311
-30.817501 8.767500 -8.102500 9904541305
-19.004999 16.275000 -2.765000 9904566295
-33.005001 20.352501 -3.185000 9904591305
-66.535004 19.022501 -7.087500 9904616301
-77.892502 19.670000 -3.482500 9904641323
-72.555000 11.025000 0.927500 9904666302
-55.439999 -15.645000 -3.500000 9904691307
-66.727501 -17.167500 -6.125000 9904716306
-70.699997 -5.495000 3.080000 9904741310
-67.025002 8.522500 5.827500 9904766297
-64.120003 0.752500 -0.822500 9904791306
-58.799999 -8.137500 -5.722500 9904816304
-71.715004 -7.735000 -12.652500 9904841310
-83.142502 -5.005000 -11.007500 9904866298
-73.307503 0.192500 -4.812500 9904891298
-74.147499 2.345000 -2.082500 9904916304
-82.250000 -5.110000 -5.495000 9904941301
-75.004997 -2.870000 -2.187500 9904966320
-66.762497 7.490000 4.322500 9904991317
-76.370003 9.170000 4.987500 9905016313
-83.440002 5.442500 7.787500 9905041317
-92.820000 3.167500 7.892500 9905066314
-89.355003 6.072500 2.240000 9905091316
-68.949997 3.815000 3.272500 9905116318
-49.367500 9.695000 10.325000 9905141323
-44.730000 5.792500 7.385000 9905166328
-46.759998 -0.525000 -1.382500 9905191315
-49.192501 0.385000 -5.757500 9905216321
-60.637501 -1.155000 -11.252500 9905241310
-88.934998 -0.262500 -10.552500 9905266300
-102.445000 1.522500 -8.767500 9905291325
-104.055000 12.302500 3.500000 9905316324
-73.447502 18.340000 13.440001 9905341321
-52.587502 10.377500 9.555000 9905366321
-37.555000 7.087500 2.537500 9905391326
-45.955002 3.640000 -1.837500 9905416314
-62.439999 -4.235000 -0.630000 9905441294
-73.955002 -6.247500 -1.872500 9905466306
-77.489998 -7.280000 -8.382500 9905491313
-80.027504 -2.380000 -5.967500 9905516308
-70.840004 0.787500 -2.502500 9905541349
-59.430000 0.280000 -8.050000 9905566303
-58.345001 -1.312500 -7.332500 9905591309
-66.097504 0.367500 1.207500 9905616306
-70.209999 -2.555000 -0.157500 9905641304
-66.762497 -2.817500 -2.135000 9905666295
-71.662498 -6.177500 -17.972500 9905691303
-77.332497 -6.650000 -20.142500 9905716302
-78.767502 -4.672500 -7.945000 9905741300
-84.769997 -5.215000 -4.637500 9905766296
-88.077499 -1.400000 -4.550000 9905791302
-82.582497 -5.040000 -5.075000 9905816311
-73.587502 -1.697500 -8.470000 9905841322
-68.669998 -3.290000 -10.185000 9905866297
-70.332497 -3.885000 -13.580000 9905891312
-71.382500 -0.105000 -20.860001 9905916301
-74.305000 11.515000 -31.167500 9905941312
-75.792503 17.517500 -43.224998 9905966307
-78.540001 12.635000 -25.357500 9905991318
-74.847504 3.482500 -4.952500 9906016309
-75.389999 4.305000 -1.295000 9906041294
-80.430000 9.362500 4.935000 9906066295
-92.627502 -0.070000 4.970000 9906091301
-104.754997 -0.437500 14.542500 9906116296
-106.364998 -8.435000 17.832500 9906141312
-100.870003 6.702500 15.102500 9906166299
-89.320000 9.922500 15.417500 9906191299
-76.002502 14.472500 17.920000 9906216307
-57.277500 10.202500 24.447500 9906241314
-46.480000 12.460000 23.275000 9906266294
-41.492500 21.892500 15.662500 9906291296
-52.062500 29.155001 18.007500 9906316302
-64.942497 14.612500 21.315001 9906341304
-70.735001 7.700000 31.307501 9906366299
-73.849998 5.495000 34.177502 9906391303
-74.707497 13.107500 21.157499 9906416304
-69.457497 9.817500 17.657499 9906441330
-55.790001 10.815000 5.495000 9906466298
-52.115002 12.005000 22.820000 9906491311
-61.442501 -1.925000 33.757500 9906516304
-53.305000 3.202500 23.572500 9906541304
-52.500000 14.227500 14.735000 9906566295
-57.872501 26.950001 9.940000 9906591302
-62.142502 24.272501 7.822500 9906616309
-62.545002 14.420000 7.822500 9906641301
-57.049999 -0.560000 9.642500 9906666300
-49.437500 4.742500 6.825000 9906691306
-45.325001 12.827500 -1.277500 9906716301
-41.632500 4.042500 -1.435000 9906741302
-26.792500 -2.782500 3.780000 9906766302
-11.952500 -11.340000 7.630000 9906791303
2.712500 -12.005000 8.522500 9906816306
14.945000 -5.722500 5.722500 9906841299
12.215000 -0.262500 0.962500 9906866308
-43.119999 -8.907500 6.807500 9906891295
-62.667500 -4.182500 7.420000 9906916303
-70.559998 3.115000 -4.462500 9906941312
-60.987499 2.555000 0.070000 9906966297
-49.000000 2.852500 4.620000 9906991297
-35.227501 -6.177500 7.017500 9907016251
-29.767500 -10.272500 4.690000 9907041306
-26.565001 -15.977500 -20.877501 9907066297
-30.432501 -19.267500 -9.747500 9907091308
-33.355000 -14.595000 -6.160000 9907116309
-33.127499 2.362500 -2.257500 9907141302
-41.667500 -2.607500 0.752500 9907166297
-44.064999 -8.172500 -6.545000 9907191298
-34.125000 -13.177500 -6.930000 9907216307
-33.564999 -10.832500 -7.752500 9907241312
-28.490000 -15.960000 -1.855000 9907266296
-27.825001 -9.082500 1.522500 9907291313
-36.452499 13.895000 4.410000 9907316301
-34.947498 3.132500 -7.787500 9907341305
-52.360001 2.607500 -6.160000 9907366295
-51.327499 4.847500 5.075000 9907391318
-29.697500 17.202499 7.070000 9907416308
-30.905001 24.307501 4.655000 9907441309
-35.735001 18.567499 7.052500 9907466316
-44.660000 17.622499 4.042500 9907491323
-49.577499 13.387500 4.795000 9907516322
-58.310001 16.047501 6.037500 9907541323
-64.540001 15.417500 0.367500 9907566323
-62.807499 -3.692500 -14.857500 9907591317
-48.842499 2.327500 0.910000 9907616314
-41.090000 13.842500 15.190001 9907641319
-36.785000 12.775000 13.387500 9907666315
-36.522499 12.897500 11.165000 9907691319
-39.689999 12.547500 -5.390000 9907716317
-46.095001 4.270000 -20.299999 9907741309
-49.314999 1.400000 -22.085001 9907766315
-54.127499 6.580000 -11.287500 9907791320
-52.220001 2.625000 -13.545000 9907816326
-44.502499 4.515000 -23.135000 9907841316
-44.152500 2.852500 -27.807501 9907866323
-51.012501 3.115000 -21.629999 9907891325
-58.467499 15.977500 -6.387500 9907916319
-63.402500 11.375000 2.572500 9907941314
-67.112503 16.799999 -0.840000 9907966310
-82.669998 13.387500 -8.627500 9907991316
-88.217499 7.927500 -13.737500 9908016310
-89.232498 2.607500 -6.020000 9908041313
-94.080002 8.172500 3.990000 9908066311
-91.087502 13.125000 7.315000 9908091307
-88.567497 15.522500 -2.940000 9908116304
-90.422501 15.907500 -2.765000 9908141305
-98.017502 17.500000 8.190000 9908166310
-109.392502 20.177500 11.935000 9908191312
-104.860001 22.575001 10.027500 9908216313
-95.059998 14.630000 10.412500 9908241308
-89.985001 18.235001 8.995000 9908266297
-84.507500 10.745000 7.245000 9908291297
-82.617500 10.080000 3.920000 9908316312
-95.987503 1.627500 -3.097500 9908341304
-107.520004 0.175000 -1.487500 9908366314
-106.662498 6.055000 11.182500 9908391315
-99.767502 18.287500 10.780000 9908416325
-90.404999 15.487500 8.995000 9908441326
-90.317497 7.840000 17.605000 9908466292
-95.952499 8.435000 27.177500 9908491301
-110.320000 16.835001 17.150000 9908516320
-119.559998 14.000000 11.865000 9908541325
-126.595001 2.450000 8.452500 9908566327
-124.985001 -5.460000 9.607500 9908591299
-132.789993 -3.010000 11.690000 9908616313
-134.470001 11.042500 8.820000 9908641298
-118.614998 17.937500 13.737500 9908666323
-105.629997 7.332500 16.835001 9908691292
-98.332497 15.242500 10.797500 9908716317
-97.894997 14.770000 7.787500 9908741292
-100.764999 -0.735000 16.047501 9908766326
-123.445000 -2.747500 27.037500 9908791282
-144.059998 -1.907500 28.017500 9908816315
-164.815002 -1.207500 17.482500 9908841302
-170.380005 4.112500 5.722500 9908866311
-163.642502 26.215000 2.485000 9908891288
-84.525002 20.580000 3.990000 9908916322
-47.355000 41.860001 2.310000 9908941281
-61.635002 46.514999 -1.365000 9908966314
-86.555000 38.272499 -19.337500 9908991288
-110.110001 7.857500 -19.407499 9909016319
-113.364998 -11.480000 5.827500 9909041293
-77.157501 -20.457500 19.897501 9909066310
-57.907501 -17.920000 5.127500 9909091290
-84.070000 3.797500 -13.545000 9909116320
-112.892502 7.840000 -30.117500 9909141291
-119.332504 7.735000 -16.817499 9909166319
-112.472504 7.945000 1.050000 9909191293
-103.529999 17.920000 -6.772500 9909216318
-93.187500 19.110001 -25.690001 9909241291
-96.040001 12.180000 -29.067501 9909266319
-112.385002 4.025000 -26.110001 9909291296
-114.834999 -2.520000 -32.619999 9909316314
-111.912498 8.540000 -21.927500 9909341360
-111.790001 10.990000 -16.065001 9909366321
-107.992500 -3.062500 -11.147500 9909391312
-95.567497 -14.490000 -3.675000 9909416315
-75.547501 -7.122500 -2.012500 9909441340
-68.775002 2.485000 -10.482500 9909466321
-64.294998 -6.720000 -8.137500 9909491313
-60.987499 -14.140000 2.905000 9909516312
-59.150002 -8.505000 10.080000 9909541308
-34.527500 -1.837500 3.867500 9909566310
-37.152500 3.587500 6.720000 9909591302
-44.327499 -4.987500 12.757500 9909616308
-37.152500 5.845000 7.525000 9909641306
-29.277500 3.150000 9.992500 9909666305
-34.177502 4.287500 16.432501 9909691306
-35.525002 5.372500 9.922500 9909716303
-32.322498 9.502500 0.910000 9909741314
-27.615000 6.597500 8.505000 9909766309
-21.594999 26.512501 2.625000 9909791303
-22.155001 30.835001 -9.660000 9909816308
-27.895000 30.292500 -13.090000 9909841309
-19.547501 28.542500 -1.855000 9909866305
-27.457500 23.257500 -4.182500 9909891309
-17.272501 29.277500 -7.665000 9909916308
-8.295000 18.567499 -5.985000 9909941310
-7.087500 6.142500 -4.602500 9909966298
2.100000 5.950000 -4.707500 9909991305
10.412500 5.215000 2.450000 9910016310
-1.697500 0.892500 4.532500 9910041315
-0.997500 -2.100000 0.787500 9910066302
6.300000 0.490000 3.342500 9910091309
7.665000 -6.072500 10.360000 9910116300
-6.860000 -7.472500 8.260000 9910141311
-1.102500 -6.755000 4.480000 9910166301
2.012500 -2.310000 7.717500 9910191311
-6.002500 -3.062500 10.097500 9910216307
-3.552500 0.700000 2.065000 9910241307
5.705000 1.522500 2.012500 9910266301
6.912500 -4.567500 6.545000 9910291313
0.332500 -3.692500 5.985000 9910316311
0.595000 -3.220000 4.707500 9910341308
