-2.760000 -10.080000 -1.680000 9904223491
-2.460000 -10.139999 -1.260000 9904248299
-2.460000 -10.139999 -1.380000 9904273290
-2.580000 -9.900000 -1.500000 9904298299
-2.520000 -9.840000 -1.320000 9904323495
-2.760000 -9.840000 -1.320000 9904348300
-2.640000 -9.840000 -1.560000 9904373290
-2.640000 -9.960000 -1.560000 9904398301
-2.760000 -9.599999 -1.560000 9904423502
-2.400000 -9.719999 -1.320000 9904448300
-2.460000 -9.660000 -1.620000 9904473290
-2.400000 -9.599999 -1.800000 9904498306
-2.580000 -9.660000 -1.620000 9904523493
-2.400000 -9.480000 -1.920000 9904548297
-2.700000 -9.540000 -2.100000 9904573403
-2.460000 -9.540000 -2.220000 9904598301
-2.280000 -9.360000 -2.280000 9904623496
-2.520000 -9.000000 -2.160000 9904648299
-2.400000 -9.000000 -2.040000 9904673292
-2.460000 -8.820000 -2.700000 9904698318
-2.700000 -9.059999 -2.340000 9904723489
-2.460000 -8.940000 -2.460000 9904748299
-2.340000 -8.580000 -2.580000 9904773287
-2.340000 -8.460000 -2.340000 9904798301
-2.400000 -8.160000 -2.880000 9904823496
-2.520000 -8.040000 -2.760000 9904848306
-2.940000 -7.860000 -3.180000 9904873295
-2.400000 -7.920000 -2.760000 9904898304
-2.640000 -7.560000 -3.240000 9904923493
-2.580000 -7.860000 -3.300000 9904948297
-2.700000 -7.380000 -3.060000 9904973299
-2.520000 -7.080000 -3.120000 9904998297
-2.280000 -7.080000 -3.240000 9905023520
-2.400000 -6.720000 -3.000000 9905048386
-2.580000 -6.660000 -3.420000 9905073292
-2.520000 -6.120000 -3.360000 9905098290
-2.700000 -6.060000 -3.420000 9905123491
-2.280000 -6.240000 -3.000000 9905148277
-2.520000 -6.120000 -3.480000 9905173290
-2.700000 -5.820000 -3.540000 9905198282
-2.580000 -5.580000 -3.420000 9905223510
-2.700000 -5.340000 -3.300000 9905248280
-2.700000 -5.340000 -3.420000 9905273287
-2.580000 -4.980000 -3.180000 9905298278
-2.820000 -4.980000 -3.300000 9905323490
-2.460000 -4.620000 -3.300000 9905348276
-2.460000 -4.860000 -3.420000 9905373290
-2.400000 -4.200000 -3.360000 9905398281
-2.280000 -4.200000 -3.360000 9905423486
-2.520000 -4.200000 -3.480000 9905448282
-2.580000 -3.900000 -3.300000 9905473298
-2.700000 -4.020000 -3.060000 9905498310
-2.640000 -3.960000 -3.240000 9905523500
-2.700000 -3.420000 -3.060000 9905548310
-2.700000 -3.180000 -3.300000 9905573305
-2.640000 -3.240000 -3.120000 9905598289
-2.580000 -3.060000 -3.060000 9905623501
-2.580000 -2.940000 -2.820000 9905648278
-2.820000 -2.580000 -2.700000 9905673291
-2.640000 -2.640000 -2.760000 9905698289
-2.940000 -2.460000 -2.460000 9905723510
-2.940000 -2.220000 -2.340000 9905748279
-2.760000 -2.280000 -2.160000 9905773293
-3.000000 -2.040000 -2.280000 9905798279
-2.700000 -1.740000 -2.340000 9905823488
-2.820000 -1.860000 -1.860000 9905848281
-3.300000 -1.500000 -1.740000 9905873292
-2.940000 -1.740000 -1.740000 9905898280
-2.940000 -1.380000 -1.620000 9905923490
-3.060000 -1.380000 -1.380000 9905948282
-2.940000 -1.260000 -1.500000 9905973303
-3.420000 -0.900000 -1.020000 9905998279
-3.000000 -1.200000 -1.200000 9906023540
-3.180000 -0.900000 -0.900000 9906048281
-3.180000 -0.900000 -1.140000 9906073298
-3.180000 -0.420000 -0.660000 9906098285
-3.000000 -0.360000 -0.360000 9906123493
-3.060000 -0.420000 -0.180000 9906148283
-2.880000 -0.240000 0.120000 9906173292
-2.820000 -0.180000 0.180000 9906198286
-2.880000 -0.120000 0.120000 9906223504
-2.760000 -0.360000 0.120000 9906248267
-2.760000 -0.240000 0.240000 9906273294
-2.880000 -0.240000 0.840000 9906298470
-2.400000 0.240000 0.360000 9906323498
-2.400000 0.120000 0.720000 9906348447
-2.580000 0.300000 0.900000 9906373291
-2.580000 0.180000 1.260000 9906398454
-2.700000 0.300000 1.260000 9906423493
-2.100000 0.300000 1.140000 9906448336
-2.460000 0.180000 1.140000 9906473302
-1.920000 0.360000 1.800000 9906498289
-2.160000 0.360000 1.800000 9906523519
-2.160000 0.240000 1.920000 9906548290
-2.040000 0.360000 2.160000 9906573291
-2.100000 0.540000 1.860000 9906598295
-1.680000 0.360000 2.640000 9906623496
-1.920000 0.120000 2.520000 9906648299
-1.740000 0.060000 2.340000 9906673300
-1.860000 0.300000 2.460000 9906698303
-2.040000 0.120000 2.880000 9906723497
-1.800000 0.360000 2.880000 9906748296
-1.980000 0.180000 2.940000 9906773290
-1.920000 0.120000 2.880000 9906798289
-1.440000 0.360000 2.880000 9906823510
-1.560000 0.240000 2.880000 9906848306
-1.740000 0.300000 2.940000 9906873300
-1.920000 0.720000 3.240000 9906898313
-1.560000 0.720000 3.240000 9906923502
-1.680000 0.120000 3.240000 9906948311
-1.740000 0.180000 3.300000 9906973302
-1.620000 0.300000 3.420000 9906998307
-1.740000 -0.060000 3.660000 9907023310
-1.680000 0.120000 3.600000 9907048309
-1.800000 0.360000 3.720000 9907073298
-1.380000 0.060000 3.900000 9907098315
-1.920000 0.120000 3.840000 9907123503
-1.740000 -0.060000 4.020000 9907148304
-1.440000 0.120000 4.320000 9907173295
-1.560000 0.120000 4.080000 9907198301
-1.740000 -0.180000 4.500000 9907223505
-1.560000 0.120000 4.320000 9907248303
-1.440000 -0.360000 4.560000 9907273287
-1.440000 -0.480000 4.440000 9907298302
-1.500000 -0.060000 4.620000 9907323495
-1.320000 -0.360000 4.440000 9907348301
-1.500000 -0.540000 5.100000 9907373296
-1.620000 -0.420000 4.860000 9907398295
-1.380000 -0.420000 4.860000 9907423489
-1.500000 -0.660000 4.740000 9907448301
-1.620000 -0.180000 5.100000 9907473293
-1.680000 -0.720000 5.040000 9907498301
-1.620000 -0.660000 5.220000 9907523490
-1.620000 -0.780000 5.700000 9907548310
-1.620000 -0.900000 5.460000 9907573294
-1.500000 -1.020000 5.580000 9907598295
-1.740000 -1.140000 5.820000 9907623521
-1.620000 -1.140000 5.460000 9907648298
-1.680000 -0.960000 5.880000 9907673292
-1.680000 -0.960000 5.760000 9907698308
-1.860000 -1.260000 5.820000 9907723494
-1.500000 -1.380000 5.820000 9907748299
-1.680000 -1.560000 6.240000 9907773292
-1.800000 -1.440000 6.000000 9907798293
-1.740000 -1.740000 6.180000 9907823489
-2.040000 -2.040000 6.120000 9907848296
-1.920000 -1.800000 6.360000 9907873296
-1.980000 -1.860000 6.060000 9907898311
-1.980000 -1.980000 6.420000 9907923494
-2.040000 -2.040000 6.720000 9907948297
-1.980000 -2.220000 6.540000 9907973296
-2.160000 -2.640000 6.480000 9907998300
-2.100000 -2.820000 6.660000 9908023525
-1.860000 -2.940000 7.260000 9908048302
-1.860000 -3.060000 7.140000 9908073386
-1.920000 -3.480000 6.960000 9908098299
-2.160000 -3.600000 7.440000 9908123494
-2.040000 -3.600000 7.560000 9908148303
-1.860000 -3.900000 7.620000 9908173402
-2.160000 -4.440000 7.440000 9908198300
-2.340000 -4.620000 7.380000 9908223501
-2.340000 -4.740000 7.620000 9908248307
-2.220000 -4.860000 7.140000 9908273293
-2.160000 -4.920000 7.320000 9908298303
-2.220000 -5.220000 7.500000 9908323492
-2.220000 -5.340000 7.500000 9908348299
-2.340000 -5.700000 7.380000 9908373286
-2.400000 -6.240000 7.200000 9908398299
-2.280000 -6.240000 7.320000 9908423508
-2.640000 -6.600000 7.080000 9908448309
-2.460000 -6.540000 7.380000 9908473440
-2.520000 -7.080000 7.320000 9908498298
-2.580000 -7.260000 7.140000 9908523500
-2.580000 -7.380000 7.020000 9908548328
-2.640000 -7.920000 6.840000 9908573305
-2.460000 -7.980000 6.780000 9908598293
-2.520000 -8.280000 6.480000 9908623495
-2.400000 -8.520000 6.360000 9908648297
-2.640000 -8.400000 6.000000 9908673290
-2.880000 -8.880000 6.480000 9908698417
-2.760000 -9.000000 6.360000 9908723513
-2.520000 -9.480000 5.520000 9908748417
-2.700000 -9.660000 5.700000 9908773293
-2.340000 -10.020000 5.460000 9908798404
-2.760000 -10.080000 5.040000 9908823492
-2.820000 -10.139999 4.500000 9908848405
-2.760000 -10.200000 4.440000 9908873289
-2.940000 -10.020000 4.260000 9908898414
-2.640000 -10.320000 4.200000 9908923488
-3.000000 -10.920000 4.080000 9908948409
-3.060000 -10.500000 3.780000 9908973299
-2.940000 -10.620000 3.540000 9908998413
-3.000000 -10.679999 3.000000 9909023516
-2.580000 -10.860000 3.060000 9909048406
-3.240000 -10.679999 2.880000 9909073293
-2.880000 -10.679999 2.760000 9909098408
-2.880000 -11.040000 2.880000 9909123491
-2.940000 -11.219999 2.460000 9909148421
-2.760000 -10.920000 2.040000 9909173292
-3.000000 -11.040000 2.040000 9909198411
-3.060000 -10.980000 1.620000 9909223514
-2.760000 -11.040000 1.320000 9909248413
-2.880000 -11.040000 0.960000 9909273293
-2.820000 -10.740000 0.660000 9909298371
-2.580000 -10.860000 0.780000 9909323494
-2.520000 -10.800000 0.600000 9909349344
-2.580000 -10.980000 0.420000 9909373324
-2.400000 -10.679999 0.240000 9909398307
-2.520000 -10.920000 0.120000 9909423528
-2.280000 -10.800000 0.120000 9909448356
-2.340000 -10.860000 -0.420000 9909473306
-2.640000 -10.320000 -0.360000 9909498323
-2.400000 -10.320000 -0.720000 9909523510
-2.820000 -10.620000 -0.420000 9909548309
-2.580000 -10.380000 -0.780000 9909573297
-2.880000 -10.320000 -0.720000 9909598293
-2.460000 -10.020000 -1.140000 9909623508
-2.640000 -9.960000 -1.080000 9909648302
-2.700000 -9.900000 -1.020000 9909673291
-2.280000 -9.840000 -0.960000 9909698306
-2.700000 -10.139999 -1.140000 9909723498
-2.820000 -10.380000 -1.260000 9909748301
-2.820000 -9.900000 -1.020000 9909773296
-2.760000 -9.960000 -1.080000 9909798300
-2.700000 -10.020000 -1.140000 9909823491
-2.520000 -9.960000 -1.200000 9909848300
-2.580000 -9.900000 -1.500000 9909873293
-2.280000 -9.719999 -1.560000 9909898299
-2.520000 -9.960000 -1.560000 9909923488
-2.340000 -9.780000 -1.500000 9909948299
-2.160000 -9.840000 -1.440000 9909973294
-2.280000 -9.719999 -1.320000 9909998307
-2.280000 -9.719999 -1.680000 9910023540
-2.040000 -9.840000 -1.320000 9910048303
-2.400000 -9.960000 -1.440000 9910073298
-2.640000 -9.840000 -1.560000 9910098312
-2.220000 -9.780000 -1.500000 9910123498
-2.520000 -9.840000 -1.560000 9910148295
-2.220000 -9.900000 -1.260000 9910173301
-2.340000 -9.780000 -1.380000 9910198308
-2.400000 -9.719999 -1.440000 9910223492
-2.520000 -10.080000 -1.560000 9910248305
-2.460000 -9.780000 -1.860000 9910273291
-2.940000 -9.900000 -1.260000 9910298315
-2.280000 -10.080000 -1.320000 9910323490
