0.774725 -0.039227 9.228059 20170262118
0.804145 -0.078453 9.296705 20170287124
0.804145 -0.098067 9.355545 20170312108
0.804145 -0.088260 9.404578 20170337118
0.735499 -0.029420 9.590905 20170362100
0.696272 -0.009807 9.659552 20170387133
0.657046 0.019613 9.649745 20170412102
0.588399 0.019613 9.718391 20170437133
0.608012 0.039227 9.679165 20170462108
0.608012 0.039227 9.639938 20170487111
0.608012 0.009807 9.639938 20170512111
0.696272 0.039227 9.522259 20170537123
0.706079 0.009807 9.532065 20170562088
0.657046 0.058840 9.561485 20170587134
0.617819 0.039227 9.698778 20170612118
0.608012 0.039227 9.610518 20170637138
0.706079 0.009807 9.551678 20170662109
0.735499 0.019613 9.679165 20170687104
0.764919 0.009807 9.551678 20170712109
0.804145 -0.029420 9.384965 20170737140
0.872792 -0.088260 9.296705 20170762110
1.029698 -0.029420 9.414385 20170787124
0.529559 0.107873 9.659552 20170812125
0.353039 0.107873 9.286899 20170837127
-0.127486 -0.088260 9.816459 20170862098
-0.372653 -0.078453 10.091044 20170887118
-0.794339 -0.402073 9.894911 20170912112
-0.892405 -0.362846 9.806651 20170937110
-0.912019 -0.215746 9.610518 20170962096
-1.363124 -0.343233 9.424192 20170987053
-1.775004 -0.470719 9.365352 20171012108
-2.284950 -0.539366 9.296705 20171037140
-2.628183 -0.500139 8.894632 20171062104
-3.187161 -0.647239 8.541594 20171087140
-3.746140 -0.774725 8.620047 20171112117
-4.216860 -0.666852 8.786759 20171137140
-4.589513 -0.686466 8.845599 20171162096
-4.854292 -0.637432 8.316040 20171187116
-4.913132 -0.568786 8.051261 20171212092
-5.128879 -0.549172 7.972808 20171237137
-5.285785 -0.519753 7.953194 20171262109
-5.442691 -0.568786 7.864934 20171287113
-5.550564 -0.549172 7.658995 20171312115
-5.707471 -0.529559 7.531508 20171337125
-6.050704 -0.500139 7.286342 20171362111
-6.109544 -0.549172 7.266728 20171387120
-6.335097 -0.578592 7.188275 20171412131
-6.609683 -0.480526 7.011755 20171437144
-6.972529 -0.313813 6.707749 20171462103
-7.129435 -0.274586 6.590069 20171487134
-7.198082 -0.313813 6.550843 20171512119
-7.237308 -0.402073 6.472390 20171537118
-7.472668 -0.304006 6.305676 20171562109
-7.531508 -0.264780 6.168384 20171587138
-7.619768 -0.284393 6.001670 20171612121
-7.658995 -0.147100 5.589791 20171637141
-7.737448 -0.098067 5.521145 20171662059
-7.894354 -0.196133 5.442691 20171687135
-8.012034 -0.235360 5.383852 20171712120
-8.345461 -0.235360 5.109265 20171737110
-8.482754 -0.156906 5.040619 20171762111
-8.561207 -0.196133 4.883712 20171787133
-8.669080 -0.254973 4.579706 20171812113
-8.659273 -0.137293 4.530673 20171837119
-8.698500 -0.068647 4.462027 20171862113
-8.727920 -0.088260 4.265893 20171887418
-9.002505 -0.215746 3.981500 20171912116
-9.149606 -0.117680 3.746140 20171937142
-9.120186 -0.049033 3.746140 20171962111
-8.982893 -0.039227 3.746140 20171987140
-9.110379 -0.107873 3.265615 20172012116
-9.237865 -0.176520 3.020448 20172037142
-9.355545 -0.274586 2.912575 20172062110
-9.394772 -0.343233 2.647796 20172087118
-9.424192 -0.431493 2.363403 20172112104
-9.512452 -0.382459 2.206496 20172137130
-9.630132 -0.421686 1.951524 20172162100
-9.787038 -0.411879 1.451384 20172187118
-9.796844 -0.411879 1.294478 20172212101
-9.865492 -0.372653 1.088538 20172237133
-9.875298 -0.411879 1.039505 20172262098
-9.826264 -0.411879 0.500139 20172287132
-9.875298 -0.392266 0.196133 20172312104
-9.943945 -0.421686 0.078453 20172337118
-9.943945 -0.343233 -0.127486 20172362101
-10.012591 -0.294200 -0.608012 20172387141
-10.022397 -0.274586 -0.823759 20172412114
-9.983171 -0.372653 -0.980665 20172437134
-9.914525 -0.421686 -1.176798 20172462089
-9.943945 -0.343233 -2.000557 20172487135
-9.943945 -0.333426 -2.373209 20172512122
-9.953751 -0.353039 -2.412436 20172537129
-9.836071 -0.362846 -2.598763 20172562194
-9.777231 -0.313813 -2.755669 20172587130
-9.777231 -0.235360 -2.922382 20172612257
-9.688972 -0.254973 -3.079288 20172637115
-9.581099 -0.215746 -3.785367 20172662154
-9.522259 -0.156906 -4.010921 20172687103
-9.247672 -0.411879 -4.177633 20172712109
-8.884827 -0.519753 -4.462027 20172737125
-8.825986 -0.333426 -5.393658 20172762106
-9.022120 -0.245166 -5.197526 20172787097
-8.718113 -0.441299 -4.883712 20172812109
-8.404300 -0.519753 -5.560371 20172837115
-8.316040 -0.558979 -6.109544 20172862107
-8.247394 -0.568786 -6.256643 20172887107
-8.119907 -0.608012 -6.384130 20172912088
-8.090487 -0.519753 -6.580263 20172937106
-8.237587 -0.353039 -6.668523 20172962104
-8.090487 -0.411879 -6.776396 20172987125
-7.874741 -0.490333 -6.962722 20173012113
-7.688415 -0.245166 -6.845042 20173037112
-7.531508 -0.235360 -6.845042 20173062097
-7.354988 -0.254973 -7.119628 20173087106
-7.158855 -0.294200 -7.325568 20173112122
-6.952915 -0.353039 -7.384408 20173137125
-6.796009 -0.617819 -7.786481 20173162103
-6.805816 -0.676659 -8.080681 20173187123
-6.609683 -0.637432 -8.159134 20173212120
-6.364516 -0.735499 -8.325847 20173237120
-6.089930 -0.725692 -8.678886 20173262106
-5.785924 -0.725692 -8.992700 20173287105
-6.011477 -0.098067 -8.472947 20173312117
-5.668244 -0.500139 -8.845599 20173337123
-5.374044 -0.372653 -9.100572 20173362101
-5.040619 -0.068647 -9.443805 20173387171
-4.883712 -0.039227 -9.551678 20173412151
-4.736613 -0.068647 -9.512452 20173437135
-4.589513 -0.058840 -9.502645 20173462101
-4.471833 -0.068647 -9.610518 20173487108
-4.452219 -0.049033 -9.659552 20173512119
-4.471833 -0.049033 -9.600712 20173537120
-4.501253 -0.009807 -9.581099 20173562106
-4.373766 -0.215746 -9.787038 20173587101
-3.971694 -0.117680 -9.718391 20173612436
-3.844207 0.068647 -9.610518 20173637127
-3.912854 0.009807 -9.845878 20173662110
-3.903047 0.009807 -9.718391 20173687115
-3.824594 -0.009807 -9.836071 20173712118
-3.736334 0.098067 -10.493117 20173737131
-3.500974 -0.029420 -10.042011 20173762113
-3.314648 -0.245166 -10.179304 20173787130
-3.040062 -0.402073 -9.963558 20173812128
-2.736056 -0.411879 -9.639938 20173837118
-2.716442 -0.490333 -9.924331 20173862118
-2.922382 -0.441299 -9.894911 20173887126
-2.981222 -0.637432 -10.346016 20173912132
-2.677216 -0.617819 -10.473503 20173937152
-2.177077 -0.480526 -10.591184 20173962124
-1.902490 -0.657046 -10.650023 20173987130
-1.765197 -0.696272 -10.463697 20174012113
-1.618097 -0.568786 -10.659830 20174037137
-1.529838 -0.519753 -10.806930 20174062130
-1.490611 -0.568786 -10.865769 20174087125
-1.441578 -0.588399 -10.728477 20174112114
-1.333705 -0.392266 -10.689250 20174137133
-1.274865 -0.382459 -10.718670 20174162110
-1.284671 -0.382459 -10.767703 20174187130
-1.333705 -0.519753 -10.650023 20174212119
-1.235638 -0.304006 -10.404857 20174237118
-1.117958 -0.245166 -10.591184 20174262119
-0.970859 -0.245166 -10.620603 20174287036
-0.715886 -0.117680 -10.532343 20174312131
-0.568786 -0.019613 -10.522536 20174337139
-0.411879 -0.019613 -10.787316 20174362111
-0.264780 -0.029420 -10.944223 20174387129
0.078453 0.029420 -11.218809 20174412140
0.058840 -0.058840 -11.365909 20174437137
0.353039 0.078453 -11.336489 20174462116
0.686466 0.078453 -11.101129 20174487135
1.343511 0.049033 -10.532343 20174512126
1.598484 0.058840 -10.404857 20174537138
1.843650 0.068647 -10.385243 20174562108
2.412436 0.127486 -10.365630 20174587122
2.736056 0.127486 -10.228337 20174612124
2.991029 0.068647 -10.061625 20174637126
3.118515 0.029420 -9.943945 20174662112
3.628461 -0.049033 -9.639938 20174687129
3.736334 -0.058840 -9.129992 20174712122
3.795174 -0.186326 -9.326125 20174737118
3.834401 -0.078453 -9.679165 20174762136
3.844207 0.147100 -10.159691 20174787200
3.824594 0.156906 -10.385243 20174812120
3.716721 0.098067 -10.424470 20174837159
3.520588 0.058840 -10.238144 20174862097
3.500974 -0.333426 -10.630409 20174887120
3.844207 -0.245166 -9.590905 20174912117
4.128600 -0.186326 -9.394772 20174937130
4.285507 -0.137293 -10.071430 20174962106
4.373766 -0.117680 -10.091044 20174987753
4.393380 -0.196133 -10.032204 20175012117
4.520866 -0.274586 -9.924331 20175037133
4.775839 -0.333426 -9.718391 20175062108
4.864099 -0.382459 -9.630132 20175087136
4.913132 -0.402073 -9.541871 20175112114
4.971972 -0.451106 -9.443805 20175137140
5.207332 -0.509946 -9.247672 20175162131
5.295592 -0.539366 -9.159412 20175187130
5.275978 -0.558979 -9.316319 20175212342
5.452498 -0.608012 -8.757339 20175237137
5.619211 -0.539366 -8.502367 20175262108
5.736891 -0.529559 -8.482754 20175287128
5.815344 -0.549172 -8.600433 20175312109
5.923217 -0.509946 -9.002505 20175337125
5.844764 -0.539366 -9.129992 20175362097
5.903604 -0.519753 -9.071153 20175387089
6.050704 -0.529559 -8.737726 20175412119
6.393937 -0.451106 -8.443527 20175437092
6.541036 -0.480526 -8.276814 20175462108
6.629296 -0.598206 -8.129714 20175487113
6.717556 -0.745305 -7.992421 20175512123
6.874462 -0.608012 -8.100294 20175537100
6.943109 -0.549172 -8.286621 20175562126
7.011755 -0.558979 -8.374881 20175587104
7.247115 -0.519753 -8.786759 20175612247
7.698222 -0.500139 -7.462861 20175637100
7.835515 -0.676659 -6.462583 20175662105
7.894354 -0.745305 -6.187996 20175687107
8.178747 -0.862985 -6.187996 20175712117
8.316040 -0.833565 -6.227223 20175737098
8.423914 -0.872792 -6.237030 20175762107
8.620047 -0.833565 -6.099737 20175787121
8.688693 -0.862985 -5.903604 20175812117
8.816179 -0.823759 -5.619211 20175837104
8.963279 -0.804145 -5.374044 20175862091
8.953472 -0.833565 -5.256365 20175887113
8.982893 -0.804145 -5.315205 20175912097
9.051538 -0.784532 -5.226945 20175937097
9.012313 -0.715886 -5.413271 20175962101
9.071153 -0.735499 -5.295592 20175987106
9.100572 -0.735499 -4.883712 20176012113
9.149606 -0.745305 -4.736613 20176037111
9.218252 -0.725692 -4.707192 20176062111
9.247672 -0.912019 -4.873906 20176087117
9.129992 -0.823759 -4.334540 20176112111
9.218252 -0.843372 -3.412714 20176137102
9.630132 -0.715886 -1.882877 20176162100
9.738005 -0.774725 -2.000557 20176187093
9.806651 -0.804145 -2.265337 20176212113
9.885104 -0.794339 -2.157463 20176237087
10.032204 -0.764919 -1.500418 20176262110
10.081238 -0.745305 -1.333705 20176287084
10.081238 -0.764919 -0.951245 20176312125
10.061625 -0.735499 -0.617819 20176337102
10.100850 -0.715886 -0.127486 20176362100
10.091044 -0.657046 0.019613 20176387111
10.120463 -0.735499 0.176520 20176412138
10.061625 -0.686466 0.558979 20176437124
10.022397 -0.637432 0.980665 20176462087
9.943945 -0.568786 1.284671 20176487118
9.845878 -0.539366 1.559257 20176512118
9.512452 -0.509946 2.010364 20176537099
9.335932 -0.519753 2.343790 20176562092
9.228059 -0.539366 2.716442 20176587094
9.208446 -0.519753 3.157742 20176612115
8.953472 -0.490333 3.540201 20176637180
8.776953 -0.451106 3.765754 20176662099
8.639660 -0.362846 4.118793 20176687135
8.463140 -0.431493 4.854292 20176712102
8.227780 -0.519753 5.070039 20176737165
8.061068 -0.431493 5.246559 20176762095
7.963001 -0.431493 5.511338 20176787119
7.717835 -0.382459 6.168384 20176812126
7.374601 -0.421686 6.227223 20176837104
7.188275 -0.411879 6.266450 20176862104
7.198082 -0.205940 6.354710 20176887120
6.707749 -0.382459 7.060789 20176912125
6.462583 -0.362846 7.217695 20176937108
6.305676 -0.343233 7.286342 20176962098
6.011477 -0.343233 7.531508 20176987093
5.815344 -0.353039 7.678608 20177012128
5.609405 -0.304006 7.708028 20177037120
5.413271 -0.284393 7.747255 20177062108
5.070039 -0.304006 8.100294 20177087116
4.864099 -0.313813 8.267007 20177112108
4.687580 -0.343233 8.345461 20177137117
4.609126 -0.313813 8.404300 20177162098
4.236474 -0.323619 8.727920 20177187099
4.030534 -0.362846 8.786759 20177212103
3.804981 -0.333426 8.718113 20177237105
3.589234 -0.362846 8.943666 20177262101
3.255808 -0.372653 9.080959 20177287105
3.098902 -0.372653 9.129992 20177312116
2.951802 -0.382459 9.110379 20177337110
2.588956 -0.353039 9.179026 20177362101
2.471276 -0.411879 9.139799 20177387086
2.284950 -0.333426 9.257479 20177412117
2.226110 -0.313813 9.247672 20177437100
1.892684 -0.264780 9.384965 20177462091
1.716164 -0.235360 9.512452 20177487098
1.588677 -0.225553 9.492838 20177512118
1.520031 -0.215746 9.502645 20177537103
1.196411 -0.225553 9.679165 20177562091
1.010085 -0.176520 9.571292 20177587106
0.862985 -0.127486 9.590905 20177612116
0.725692 -0.068647 9.649745 20177637097
0.637432 -0.127486 9.747811 20177662103
0.588399 -0.068647 9.747811 20177687107
0.490333 -0.039227 9.610518 20177712117
0.392266 -0.117680 9.669358 20177737109
0.382459 -0.186326 9.796844 20177762094
0.304006 -0.117680 9.679165 20177787114
0.274586 -0.068647 9.639938 20177812118
0.068647 0.098067 9.571292 20177837103
0.019613 0.049033 9.630132 20177862102
0.019613 -0.058840 9.894911 20177887100
0.186326 -0.098067 9.688972 20177912118
0.254973 -0.088260 9.796844 20177937107
0.333426 -0.058840 10.002784 20177962113
0.519753 0.058840 9.228059 20177987123
0.941439 -0.068647 9.492838 20178012134
1.010085 -0.058840 9.561485 20178037530
1.049312 -0.088260 9.473226 20178062109
0.931632 -0.068647 9.473226 20178087125
0.882599 -0.088260 9.473226 20178112133
0.970859 -0.117680 9.335932 20178137123
1.019892 -0.156906 9.404578 20178162105
1.059118 -0.245166 9.345738 20178187114
0.980665 -0.166713 9.708585 20178212128
0.951245 -0.166713 9.639938 20178237120
0.892405 -0.215746 9.630132 20178262120
0.862985 -0.156906 9.581099 20178287130
0.833565 -0.147100 9.659552 20178312152
0.843372 -0.147100 9.620325 20178337122
0.843372 -0.127486 9.630132 20178362104
0.862985 -0.137293 9.679165 20178387113
0.872792 -0.147100 9.679165 20178412116
0.882599 -0.147100 9.718391 20178437107
0.912019 -0.137293 9.698778 20178462091
0.823759 -0.009807 9.394772 20178487112
0.862985 -0.068647 9.345738 20178512131
0.794339 -0.058840 9.218252 20178537097
0.676659 -0.009807 9.041733 20178562090
0.813952 -0.078453 9.384965 20178587111
0.961052 -0.196133 9.679165 20178612122
1.059118 -0.284393 9.571292 20178637096
0.961052 -0.353039 9.904717 20178662089
0.872792 -0.421686 9.845878 20178687103
0.882599 -0.441299 9.738005 20178712113
0.882599 -0.382459 9.718391 20178737087
0.921825 -0.304006 9.581099 20178762095
0.931632 -0.284393 9.600712 20178787105
0.941439 -0.254973 9.620325 20178812126
0.931632 -0.166713 9.433999 20178837080
0.921825 -0.156906 9.473226 20178862094
0.912019 -0.205940 9.326125 20178887112
0.951245 -0.225553 9.335932 20178912111
0.951245 -0.137293 9.375159 20178937090
0.902212 -0.186326 9.463418 20178962096
0.862985 -0.137293 9.433999 20178987098
