3.237500 1.540000 2.695000 20170289490
4.095000 1.102500 -0.052500 20170314470
3.377500 -1.837500 -1.925000 20170339459
1.312500 -4.795000 -2.117500 20170364463
0.857500 -3.097500 -0.752500 20170389471
3.097500 -3.237500 0.367500 20170414479
4.655000 -4.445000 0.402500 20170439464
4.497500 -6.492500 -0.122500 20170464488
4.585000 -7.997500 -0.630000 20170489458
4.340000 -7.437500 0.682500 20170514464
3.097500 -8.540000 2.362500 20170539463
4.357500 -5.582500 3.657500 20170564497
6.422500 -2.520000 6.142500 20170590208
9.012500 -3.132500 7.140000 20170614488
8.505000 -3.325000 7.105000 20170639478
7.630000 2.047500 6.580000 20170664477
3.255000 -0.997500 4.760000 20170689482
-0.595000 -8.295000 3.080000 20170714473
-2.572500 -8.102500 1.435000 20170739486
-2.992500 -4.322500 1.330000 20170764491
-4.970000 3.937500 3.045000 20170789492
-4.445000 36.820000 7.227500 20170814497
-1.155000 67.707497 9.257500 20170839483
-14.560000 74.252502 15.295000 20170864473
-11.795000 50.189999 16.012501 20170889478
-14.892500 32.165001 16.520000 20170914497
-20.352501 47.057499 10.185000 20170939484
-25.077499 61.687500 9.117500 20170964495
-19.302500 91.822502 7.560000 20170989488
-2.502500 102.514999 4.007500 20171014490
4.655000 111.317497 -0.647500 20171039470
3.657500 119.595001 -6.020000 20171064497
8.032500 124.529999 -2.012500 20171089445
15.155000 119.665001 0.647500 20171114491
14.437500 83.317497 0.017500 20171139480
4.235000 48.947498 -0.157500 20171164491
0.770000 29.277500 -2.117500 20171189488
-3.622500 35.420002 -1.190000 20171214489
-3.395000 42.052502 1.172500 20171239475
-2.135000 42.105000 2.397500 20171264495
-1.872500 36.522499 2.607500 20171289479
-0.455000 35.980000 0.997500 20171314465
0.980000 45.045002 0.700000 20171339480
4.585000 53.602501 2.327500 20171364479
8.365000 61.337502 2.800000 20171389479
12.337500 58.152500 -1.102500 20171414486
16.065001 46.077499 -2.030000 20171439477
15.067500 39.462502 1.085000 20171464482
12.355000 39.987499 3.482500 20171489510
12.757500 39.567501 5.005000 20171514491
11.987500 30.082500 1.995000 20171539476
11.707500 26.897501 -0.507500 20171564482
11.235000 24.150000 -1.662500 20171589474
11.287500 27.440001 -2.222500 20171614479
12.897500 40.180000 -1.330000 20171639483
12.390000 51.275002 2.187500 20171664482
13.615000 53.689999 2.432500 20171689482
13.142500 53.480000 -0.857500 20171714330
13.562500 45.237499 -5.057500 20171739482
10.815000 39.270000 -7.105000 20171764436
9.765000 33.722500 -7.595000 20171789481
8.487500 37.380001 -8.610000 20171814476
3.325000 35.174999 -7.490000 20171839478
2.922500 17.780001 -4.550000 20171864481
5.880000 14.402500 -4.095000 20171889483
9.625000 24.955000 -4.742500 20171914477
9.205000 47.810001 -6.632500 20171939373
6.720000 51.134998 -6.317500 20171964483
9.257500 35.035000 -6.545000 20171989481
14.717500 35.577499 -8.942500 20172014495
17.955000 52.709999 -9.257500 20172039482
16.117500 53.112499 -8.505000 20172064479
15.837500 49.542500 -7.612500 20172089481
16.082500 52.517502 -7.000000 20172114487
14.682500 46.847500 -4.550000 20172139486
12.985000 46.252499 -2.887500 20172164497
10.185000 49.384998 -0.892500 20172189457
7.927500 53.619999 0.332500 20172214381
7.297500 51.099998 0.840000 20172239494
6.615000 47.215000 1.242500 20172264494
6.755000 44.590000 -0.385000 20172289503
6.142500 52.937500 0.315000 20172314464
3.972500 66.342499 1.785000 20172339481
1.120000 67.165001 2.117500 20172364492
0.857500 71.294998 2.100000 20172389490
0.910000 62.177502 3.482500 20172414481
-1.190000 54.635002 2.730000 20172439482
-2.135000 45.990002 1.347500 20172464482
-1.680000 44.712502 0.840000 20172489487
-2.572500 61.705002 0.525000 20172514422
-4.077500 72.257500 0.385000 20172539482
-6.160000 66.657501 0.682500 20172564479
-6.195000 61.057499 0.577500 20172589481
-4.970000 47.355000 1.417500 20172614466
-4.270000 37.695000 1.575000 20172639465
-1.015000 39.322498 1.522500 20172664465
3.727500 52.955002 4.270000 20172689477
5.302500 56.227501 2.415000 20172714464
5.775000 74.654999 -19.512501 20172739472
11.357500 135.607498 -25.392500 20172764462
14.105000 146.615005 -9.345000 20172789473
10.377500 45.867500 0.507500 20172814453
-1.032500 3.395000 -0.507500 20172839451
-0.035000 2.100000 -0.262500 20172864471
4.515000 13.020000 -0.140000 20172889460
-0.875000 13.230000 -0.700000 20172914444
-4.182500 18.480000 -1.802500 20172939456
-6.912500 30.012501 0.805000 20172964465
-8.452500 33.424999 5.687500 20172989453
-11.830000 59.709999 3.902500 20173014538
-9.747500 64.154999 3.080000 20173039468
-5.932500 47.477501 3.552500 20173064510
-0.017500 37.992500 2.870000 20173089465
8.067500 42.244999 4.725000 20173114704
12.442500 29.347500 5.460000 20173139465
13.877501 14.805000 -0.175000 20173164530
11.672500 36.049999 -2.852500 20173189480
6.860000 50.540001 -3.867500 20173214593
-3.080000 56.910000 -7.245000 20173239465
-5.967500 72.169998 -14.945000 20173264465
-8.802500 87.675003 -28.594999 20173289477
-21.857500 80.902504 -21.174999 20173314428
-19.040001 59.307499 -6.265000 20173339459
-10.675000 39.270000 -6.247500 20173364448
-17.377501 26.827499 -6.212500 20173389512
-14.070000 22.907499 -1.225000 20173414449
-14.630000 17.867500 1.242500 20173439470
-11.270000 16.782499 1.627500 20173464462
-4.655000 11.480000 1.190000 20173489470
1.400000 8.487500 0.350000 20173514453
2.205000 10.045000 0.490000 20173539458
2.187500 7.542500 5.355000 20173564457
0.245000 9.012500 7.087500 20173589471
-0.980000 21.367500 4.707500 20173614479
-2.555000 -0.017500 -5.967500 20173639469
-1.960000 2.992500 -6.440000 20173664406
-3.535000 9.712500 -6.387500 20173689488
-1.085000 12.985000 -6.475000 20173714473
0.945000 20.125000 -7.927500 20173739476
0.402500 41.790001 -8.277500 20173764474
-3.605000 41.282501 -10.325000 20173789488
2.187500 55.842499 -16.905001 20173814468
8.260000 51.222500 -35.139999 20173839487
33.215000 67.532501 -44.590000 20173864477
44.327499 41.545002 -30.415001 20173889497
27.912500 29.505001 -14.227500 20173914460
14.770000 28.157499 -7.612500 20173939439
1.540000 9.922500 -1.872500 20173964474
-6.737500 9.590000 0.735000 20173989488
-4.042500 13.685000 0.700000 20174014487
2.205000 10.482500 3.552500 20174039474
5.285000 7.297500 6.370000 20174064472
-0.560000 10.622500 6.825000 20174089486
-11.707500 9.817500 7.455000 20174114336
-12.302500 3.605000 7.822500 20174139484
-11.042500 -3.955000 8.050000 20174164437
-14.717500 -0.630000 8.470000 20174189477
-15.662500 25.690001 11.112500 20174214461
-6.142500 25.427500 11.777500 20174239477
-5.005000 14.367500 11.742500 20174264473
-7.420000 19.337500 11.445000 20174289493
-7.700000 32.567501 12.810000 20174314469
-5.617500 24.097500 12.950000 20174339477
-6.317500 18.305000 11.690000 20174364477
-9.590000 32.217499 11.760000 20174389439
-8.662500 47.302502 14.507500 20174414468
-8.837500 75.057503 12.810000 20174439473
-4.637500 87.290001 6.142500 20174464481
0.595000 98.787498 5.005000 20174489489
3.815000 98.752502 1.732500 20174514476
4.865000 85.207497 1.050000 20174539467
9.275000 71.312500 1.225000 20174564476
6.755000 72.345001 0.280000 20174589473
3.815000 74.760002 2.712500 20174614405
0.122500 60.742500 2.047500 20174639477
0.297500 55.090000 0.490000 20174664478
-0.052500 39.007500 -1.750000 20174689469
4.270000 -4.130000 -4.007500 20174714476
15.697500 -35.507500 -6.685000 20174739474
15.032500 -39.865002 -9.660000 20174764491
12.530000 -30.432501 -11.252500 20174789277
6.702500 -29.452499 -6.492500 20174814475
5.827500 -20.545000 -0.927500 20174839470
4.532500 -16.030001 0.437500 20174864461
2.152500 85.959999 6.247500 20174889459
5.757500 55.195000 5.635000 20174914474
7.122500 3.377500 11.620000 20174939475
15.575000 6.930000 14.262500 20174964483
14.227500 27.370001 15.592500 20174989279
11.777500 32.514999 14.350000 20175014475
7.490000 33.652500 12.180000 20175039377
2.135000 33.302502 12.582500 20175064478
0.297500 32.777500 12.985000 20175089477
-1.032500 31.184999 11.252500 20175114474
-3.272500 32.095001 9.345000 20175139471
-2.450000 33.705002 7.840000 20175164474
-2.415000 37.170002 8.592500 20175189475
-0.262500 38.447498 6.632500 20175214494
1.470000 37.834999 2.695000 20175239484
5.512500 20.877501 1.067500 20175264445
5.127500 6.440000 1.207500 20175289481
3.622500 -6.457500 2.415000 20175314488
4.882500 -7.192500 2.677500 20175339479
6.125000 7.402500 2.310000 20175364485
4.865000 28.052500 -1.890000 20175389378
-0.612500 35.875000 -2.240000 20175414495
-2.747500 29.014999 0.560000 20175439500
-3.710000 28.174999 4.287500 20175464466
-2.047500 20.632500 9.590000 20175489488
0.525000 17.552500 12.757500 20175514458
3.465000 11.585000 8.330000 20175539487
5.950000 16.117500 5.810000 20175564464
4.917500 41.755001 7.315000 20175589459
2.467500 111.930000 5.215000 20175614475
-8.942500 143.184998 8.925000 20175639493
1.207500 75.040001 12.722500 20175664462
-0.052500 46.654999 12.040000 20175689460
1.242500 35.875000 12.635000 20175714466
5.932500 33.880001 8.067500 20175739487
4.760000 31.150000 4.410000 20175764474
1.942500 37.782501 -0.560000 20175789472
1.890000 43.312500 -1.032500 20175814463
2.607500 42.630001 -0.910000 20175839479
2.275000 31.955000 -0.595000 20175864455
2.065000 23.764999 -2.205000 20175889467
1.890000 20.510000 -0.612500 20175914467
2.135000 21.262501 0.420000 20175939482
1.382500 23.047501 -0.157500 20175964455
1.680000 43.365002 0.507500 20175989461
3.395000 44.747501 0.542500 20176014462
2.432500 40.040001 -1.120000 20176039482
2.327500 49.490002 -1.137500 20176064529
4.165000 75.739998 -2.607500 20176089455
5.792500 122.482498 -2.660000 20176114468
15.645000 125.195000 0.087500 20176139484
20.562500 94.237503 -1.505000 20176164490
20.807501 48.107502 -2.782500 20176189457
19.670000 45.237499 -1.242500 20176214455
15.487500 54.320000 0.630000 20176239490
10.517500 58.397499 0.822500 20176264549
5.110000 54.442501 -2.012500 20176289462
2.257500 57.365002 -2.660000 20176314419
0.647500 58.187500 -3.430000 20176339508
-0.122500 52.552502 -3.360000 20176364440
0.507500 53.742500 -4.585000 20176389482
0.157500 59.692501 -5.267500 20176414436
-0.350000 70.507500 -5.617500 20176439507
-0.892500 80.377502 -6.317500 20176464468
-1.837500 80.044998 -7.297500 20176489470
-3.500000 80.097504 -8.697500 20176514466
-3.885000 82.757500 -7.227500 20176539501
-6.107500 88.934998 -4.515000 20176564467
-7.297500 96.355003 -4.935000 20176589468
-5.477500 83.965004 -7.595000 20176614474
-4.182500 74.900002 -7.192500 20176639492
-3.850000 79.415001 -3.587500 20176664473
-4.672500 80.885002 -2.835000 20176689480
-3.097500 75.215004 -2.852500 20176714472
-2.257500 70.595001 -4.497500 20176739491
-0.140000 75.897499 -4.375000 20176764475
-1.400000 76.702499 -2.590000 20176789480
-1.522500 69.160004 -4.340000 20176814471
1.277500 61.372501 -3.920000 20176839492
2.782500 68.775002 -0.542500 20176864478
1.662500 72.590004 2.240000 20176889480
3.640000 69.807503 0.542500 20176914479
3.290000 58.992500 1.295000 20176939484
6.020000 57.522499 2.660000 20176964462
5.460000 58.782501 4.235000 20176989466
5.862500 53.182499 3.955000 20177014466
6.580000 50.540001 3.850000 20177039520
5.810000 56.105000 6.160000 20177064463
4.655000 58.834999 7.192500 20177089274
3.850000 56.122501 7.175000 20177114447
2.432500 50.224998 5.477500 20177139489
1.680000 52.360001 4.340000 20177164459
2.117500 54.845001 1.120000 20177189524
1.540000 50.154999 -0.752500 20177214453
2.852500 49.787498 -1.435000 20177239469
2.450000 47.424999 -2.502500 20177264464
1.522500 43.189999 -3.115000 20177289464
2.187500 40.355000 -3.850000 20177314473
4.007500 41.317501 -2.870000 20177339471
6.072500 42.017502 -0.910000 20177364455
5.355000 39.900002 1.435000 20177389423
5.862500 22.942499 3.255000 20177414456
7.070000 30.730000 2.730000 20177439415
7.192500 37.099998 2.345000 20177464457
8.330000 34.195000 2.397500 20177489418
7.175000 30.572500 2.695000 20177514454
5.600000 35.122501 2.432500 20177539455
7.805000 31.517500 1.715000 20177564460
8.697500 29.260000 1.365000 20177589466
8.610000 32.287498 3.220000 20177614455
7.542500 27.090000 3.692500 20177639454
7.367500 19.215000 4.165000 20177664460
9.100000 9.957500 1.872500 20177689460
9.292500 5.897500 1.190000 20177714463
8.942500 19.197500 -1.522500 20177739477
7.490000 11.147500 -3.587500 20177764465
5.827500 -1.977500 -7.227500 20177789473
2.625000 -1.522500 -7.350000 20177814471
2.800000 0.805000 -5.425000 20177839466
4.462500 -1.102500 -4.322500 20177864467
4.655000 -19.635000 -3.307500 20177889468
3.990000 -39.900002 -2.905000 20177914461
1.942500 -45.884998 -2.257500 20177939464
-0.892500 -66.972504 -1.365000 20177964477
-0.840000 -66.552498 -1.225000 20177989487
-5.460000 5.810000 -2.275000 20178014493
-6.772500 -7.350000 -1.295000 20178039339
-5.215000 -10.815000 0.490000 20178064482
-3.447500 -5.740000 2.660000 20178089385
-2.572500 -9.152500 4.392500 20178114484
-2.310000 -2.870000 4.970000 20178139479
0.822500 0.945000 3.727500 20178164480
2.555000 1.785000 2.082500 20178189493
2.170000 1.050000 -0.262500 20178214492
1.312500 -6.142500 -1.505000 20178239484
2.590000 -6.370000 -3.202500 20178264486
2.817500 -3.762500 -4.095000 20178289576
2.992500 -4.200000 -2.590000 20178314493
4.077500 -4.252500 -0.157500 20178339477
5.547500 -4.095000 0.525000 20178364338
5.845000 -3.797500 -0.192500 20178389340
5.162500 -6.177500 0.367500 20178414336
5.757500 -7.420000 -0.455000 20178439338
6.300000 -7.052500 -1.540000 20178464348
8.050000 -5.530000 -1.942500 20178489466
4.882500 -12.950000 -2.572500 20178514336
-1.382500 -14.612500 1.172500 20178539469
-7.927500 1.382500 16.240000 20178571480
-13.702500 6.335000 18.217501 20178589341
-11.935000 -1.767500 14.052500 20178614340
0.752500 -0.280000 8.400000 20178639344
5.845000 -3.307500 2.205000 20178664479
7.052500 -15.505000 -2.240000 20178689338
0.840000 -14.192500 -2.537500 20178714329
-3.062500 -9.905000 -1.260000 20178739474
-0.507500 -4.900000 1.802500 20178764334
7.140000 -2.677500 2.572500 20178789328
7.980000 -7.805000 -0.052500 20178814333
4.550000 -9.100000 -0.892500 20178839337
3.465000 -7.052500 -0.875000 20178864353
4.672500 -3.990000 0.980000 20178889338
5.215000 -3.517500 0.770000 20178914334
4.550000 -2.887500 -0.122500 20178939332
2.677500 -3.920000 -1.942500 20178964332
1.925000 -3.150000 -1.540000 20178989472
2.345000 -4.165000 0.070000 20179014329

