-0.196133 0.304006 -9.924331 28551412118
-0.137293 0.225553 -10.306790 28551433494
-0.205940 0.176520 -10.502923 28551458078
-0.147100 0.186326 -10.650023 28551483174
-0.205940 0.264780 -10.630409 28551508165
-0.186326 0.156906 -10.591184 28551533161
-0.176520 0.107873 -10.640217 28551558170
-0.156906 0.068647 -10.689250 28551583159
-0.176520 0.107873 -10.757896 28551608157
-0.098067 0.068647 -10.620603 28551633152
-0.058840 0.058840 -10.551956 28551658170
-0.058840 0.137293 -10.728477 28551683150
0.068647 0.166713 -10.767703 28551708163
-0.078453 0.215746 -10.934416 28551733157
-0.068647 0.186326 -10.934416 28551758164
-0.078453 0.215746 -10.738283 28551783154
-0.098067 0.274586 -10.640217 28551808169
-0.088260 0.254973 -10.463697 28551833163
-0.039227 0.294200 -10.483310 28551858167
0.009807 0.441299 -10.797122 28551883166
-0.068647 0.529559 -10.718670 28551908152
-0.147100 0.657046 -10.757896 28551933155
-0.127486 0.637432 -10.797122 28551958162
-0.049033 0.666852 -10.963836 28551983164
0.058840 0.696272 -10.914803 28552008160
0.058840 0.774725 -10.846155 28552033145
-0.009807 0.892405 -10.875576 28552058153
0.049033 1.049312 -10.630409 28552083155
0.078453 1.108152 -10.453890 28552108159
-0.107873 1.343511 -10.424470 28552133164
-0.225553 1.421964 -10.512731 28552158157
0.019613 1.500418 -10.512731 28552183167
0.019613 1.549451 -10.561764 28552208141
-0.019613 1.716164 -10.434277 28552233156
0.088260 1.863264 -10.140078 28552258154
0.127486 1.971137 -10.365630 28552283158
-0.068647 2.206496 -10.669637 28552308154
-0.166713 2.432050 -10.669637 28552333154
-0.107873 2.637989 -10.669637 28552358154
-0.019613 2.726249 -10.551956 28552383158
0.078453 2.863542 -10.287177 28552408136
0.068647 2.951802 -9.865492 28552433138
-0.127486 3.520588 -9.894911 28552458158
-0.039227 3.863821 -9.894911 28552483150
-0.058840 4.010921 -9.590905 28552508149
-0.078453 4.265893 -9.384965 28552533151
0.009807 4.756226 -9.228059 28552558154
0.107873 5.030812 -9.581099 28552583151
0.088260 5.589791 -9.600712 28552608148
0.009807 5.834958 -9.061346 28552633138
-0.058840 6.364516 -8.521980 28552658148
0.166713 6.501810 -8.139521 28552683148
0.284393 6.658716 -8.041454 28552708147
0.225553 7.031369 -8.100294 28552733144
0.176520 7.394215 -7.580542 28552758147
0.608012 7.511894 -7.423635 28552783157
0.862985 7.708028 -7.217695 28552808139
0.902212 7.884548 -6.550843 28552833155
0.990472 8.580820 -5.844764 28552858153
1.078732 8.718113 -5.266171 28552883146
1.098345 8.708306 -4.795453 28552908135
1.049312 9.129992 -3.648074 28552933153
1.235638 9.267285 -3.285228 28552958165
1.657324 9.433999 -2.824315 28552983160
1.745584 9.355545 -2.383016 28553008140
1.696550 9.453611 -1.353318 28553033166
1.765197 9.581099 -0.764919 28553058151
1.833844 9.453611 -0.196133 28553083151
1.804424 9.169219 0.343233 28553108164
2.177077 9.375159 0.755112 28553133142
2.049590 9.237865 1.000278 28553158161
1.941717 9.571292 1.088538 28553183141
1.922104 9.610518 1.117958 28553208156
2.206496 9.610518 1.667131 28553233142
2.128043 9.296705 1.873070 28553258166
2.118237 9.247672 2.039783 28553283133
2.167270 9.433999 2.029977 28553308142
1.951524 9.865492 1.922104 28553333136
1.990750 9.698778 2.118237 28553358146
2.196690 9.198639 2.559536 28553383134
2.177077 8.933860 2.902769 28553408144
1.784810 9.345738 3.118515 28553433136
1.725971 9.355545 3.373488 28553458144
1.814230 9.247672 3.540201 28553483134
1.922104 9.129992 3.599041 28553508135
1.735777 9.120186 3.736334 28553533122
1.745584 8.904439 3.638267 28553558151
1.520031 9.051538 3.716721 28553583130
1.490611 9.061346 3.952080 28553608141
1.490611 8.914246 4.099180 28553633135
1.529838 8.727920 4.118793 28553658152
1.569064 8.737726 4.246280 28553683135
1.520031 8.816179 4.383573 28553708142
1.569064 8.992700 4.285507 28553733135
1.588677 9.051538 4.246280 28553758140
1.794617 9.159412 4.148213 28553783134
1.520031 9.061346 4.020727 28553808143
1.598484 9.031926 3.922661 28553833130
1.775004 9.228059 3.510781 28553858147
1.735777 9.414385 3.236195 28553883196
1.569064 9.512452 2.814509 28553908153
1.578871 9.394772 2.706636 28553933150
1.470998 9.433999 2.696829 28553958138
1.245445 9.306512 2.706636 28553983171
1.343511 9.590905 2.383016 28554008150
1.470998 9.826264 2.079010 28554033125
1.176798 9.747811 2.029977 28554058142
1.363124 9.600712 1.686744 28554083124
1.480804 9.639938 1.098345 28554108149
1.618097 9.885104 0.706079 28554133124
1.627904 10.110658 0.166713 28554158143
1.402351 10.081238 0.147100 28554183128
1.402351 9.718391 -0.205940 28554208150
1.196411 9.718391 -0.402073 28554233114
1.078732 9.836071 -0.813952 28554258145
1.225831 9.992978 -1.353318 28554283130
1.068925 9.688972 -1.745584 28554308144
1.078732 9.453611 -1.902490 28554333115
1.176798 9.492838 -2.128043 28554358148
1.196411 9.600712 -2.863542 28554383121
1.245445 9.522259 -3.206775 28554408145
1.333705 9.463418 -3.383295 28554433133
1.255251 9.365352 -3.599041 28554458146
1.147378 9.071153 -3.824594 28554483122
1.088538 8.992700 -4.040340 28554508144
1.059118 8.973086 -4.265893 28554533115
1.078732 8.845599 -4.462027 28554558152
1.019892 8.531787 -4.844486 28554583136
1.039505 8.551400 -5.275978 28554608142
0.804145 8.492560 -5.491724 28554633133
0.755112 8.433721 -5.864377 28554658145
0.470719 8.453333 -6.560650 28554683131
0.166713 8.208167 -6.560650 28554708135
0.421686 7.923775 -6.678329 28554733143
0.627626 7.747255 -6.825429 28554758151
0.608012 7.708028 -6.923496 28554783128
0.323619 7.423635 -6.815622 28554808134
0.588399 7.266728 -7.041175 28554833138
0.735499 7.178468 -7.404021 28554858153
0.470719 6.864655 -7.923775 28554883132
0.196133 6.619490 -8.090487 28554908147
0.137293 6.531229 -8.051261 28554933144
0.088260 6.393937 -8.168941 28554958155
0.147100 6.168384 -8.894632 28554983125
-0.107873 5.844764 -8.796566 28555008138
-0.333426 5.374044 -8.571013 28555033157
-0.186326 5.070039 -9.433999 28555058152
-0.313813 4.991585 -9.483032 28555083126
-0.382459 4.922939 -9.561485 28555108139
-0.274586 4.756226 -9.630132 28555133136
-0.353039 4.579706 -9.698778 28555158147
-0.411879 4.491446 -9.610518 28555183134
-0.500139 4.246280 -9.365352 28555208139
-0.313813 4.089374 -9.129992 28555233141
-0.127486 3.883434 -9.718391 28555258146
-0.284393 3.716721 -9.806651 28555283129
-0.186326 3.706914 -9.826264 28555308132
-0.078453 3.442135 -9.600712 28555333143
-0.539366 3.442135 -9.983171 28555358135
-0.666852 3.177355 -9.963558 28555383126
-0.558979 2.843929 -10.316597 28555408130
-0.519753 2.716442 -10.561764 28555433144
-0.235360 2.579149 -10.738283 28555458159
-0.421686 2.461469 -10.512731 28555483132
-0.382459 2.432050 -10.424470 28555508136
-0.304006 2.392823 -10.365630 28555533140
-0.254973 2.118237 -10.336210 28555558139
-0.166713 1.824037 -10.110658 28555583133
0.107873 1.686744 -10.346016 28555608137
0.009807 1.686744 -10.748089 28555633148
-0.088260 1.304285 -11.071709 28555658148
-0.304006 1.166991 -11.218809 28555683149
-0.294200 1.000278 -11.120742 28555708146
-0.166713 0.598206 -10.855963 28555733158
-0.039227 0.509946 -10.757896 28555758146
-0.078453 0.441299 -10.444084 28555783142
-0.107873 0.460913 -10.395051 28555808149
0.049033 0.274586 -10.316597 28555833143
0.225553 0.117680 -10.522536 28555858155
0.500139 -0.088260 -10.571569 28555883153
0.764919 -0.147100 -10.395051 28555908155
0.872792 -0.362846 -10.375437 28555933164
0.931632 -0.519753 -10.522536 28555958158
0.980665 -0.686466 -10.453890 28555983135
0.794339 -0.755112 -10.306790 28556008138
1.029698 -1.353318 -10.189111 28556033137
1.147378 -1.637711 -10.218531 28556058147
1.000278 -1.853457 -10.502923 28556083135
0.833565 -2.059397 -10.699056 28556108146
0.990472 -2.441856 -10.355824 28556133143
0.970859 -2.579149 -10.355824 28556158150
1.029698 -2.726249 -10.385243 28556183144
1.088538 -2.941995 -9.943945 28556208149
1.520031 -3.334261 -9.316319 28556233145
1.470998 -3.540201 -9.267285 28556258151
1.323898 -3.716721 -9.129992 28556283141
1.451384 -3.922661 -8.884827 28556308146
1.363124 -4.579706 -8.404300 28556333211
1.186605 -4.707192 -9.002505 28556358105
0.961052 -4.775839 -9.188832 28556383156
0.872792 -5.089652 -9.002505 28556408166
0.735499 -5.521145 -9.012313 28556433149
0.843372 -5.727084 -9.120186 28556458164
1.029698 -6.060511 -8.580820 28556483153
0.990472 -6.580263 -8.345461 28556508150
0.980665 -6.423357 -8.208167 28556533150
0.961052 -6.648909 -8.129714 28556558155
1.000278 -6.658716 -7.766868 28556583154
0.970859 -6.864655 -7.256922 28556608157
1.147378 -6.972529 -7.492281 28556633151
1.137571 -6.962722 -7.325568 28556658152
1.176798 -7.198082 -6.992142 28556683155
0.902212 -7.649189 -6.580263 28556708156
0.912019 -7.649189 -6.805816 28556733151
1.137571 -7.874741 -6.688136 28556758157
1.372931 -8.119907 -6.237030 28556783147
1.157185 -8.168941 -5.638824 28556808149
1.108152 -8.168941 -5.315205 28556833145
1.274865 -8.316040 -4.913132 28556858142
1.265058 -8.345461 -4.971972 28556883162
1.588677 -8.580820 -4.491446 28556908154
1.667131 -8.727920 -4.383573 28556933137
1.392545 -8.796566 -4.403186 28556958151
1.441578 -8.894632 -4.079567 28556983134
1.863264 -9.384965 -3.520588 28557008144
1.804424 -9.355545 -3.461748 28557033155
1.676937 -9.316319 -3.422521 28557058149
1.676937 -9.326125 -3.559814 28557083132
2.000557 -9.522259 -2.481083 28557108142
2.098624 -9.532065 -2.618376 28557133144
1.971137 -9.384965 -2.569343 28557158127
2.069203 -9.551678 -2.177077 28557183132
1.902490 -9.522259 -2.206496 28557208135
1.618097 -9.502645 -1.990750 28557233139
1.647517 -9.581099 -1.755391 28557258143
1.598484 -9.747811 -1.186605 28557283132
1.598484 -9.639938 -1.127765 28557308139
1.863264 -9.571292 -1.108152 28557333143
2.157463 -9.659552 -1.176798 28557358143
2.284950 -9.816459 -0.343233 28557383127
2.343790 -9.836071 -0.490333 28557408133
2.294756 -9.630132 -0.627626 28557433149
2.167270 -9.630132 -0.676659 28557458153
2.167270 -9.688972 -0.794339 28557483158
2.196690 -9.728198 -0.451106 28557508153
2.235916 -9.747811 -0.235360 28557533152
2.226110 -9.688972 -0.009807 28557558155
2.432050 -9.620325 -0.254973 28557583149
2.412436 -9.512452 -0.235360 28557608152
2.275143 -9.502645 0.264780 28557633145
2.255530 -9.561485 0.460913 28557658141
2.451663 -9.649745 0.215746 28557683155
2.373209 -9.590905 0.411879 28557708150
2.079010 -9.433999 0.647239 28557733143
1.990750 -9.512452 0.813952 28557758141
2.088817 -9.649745 1.049312 28557783143
2.235916 -9.708585 0.980665 28557808149
2.314370 -9.630132 0.549172 28557833145
2.118237 -9.492838 0.294200 28557858156
1.990750 -9.532065 0.421686 28557883137
2.186883 -9.679165 0.784532 28557908151
2.324176 -9.698778 0.804145 28557933140
2.039783 -9.492838 -0.039227 28557958152
2.079010 -9.522259 0.137293 28557983150
2.128043 -9.610518 0.304006 28558008149
1.941717 -9.649745 0.402073 28558033137
1.657324 -9.659552 0.637432 28558058146
1.765197 -9.728198 0.706079 28558083142
1.971137 -9.826264 0.676659 28558108147
2.039783 -9.796844 0.480526 28558133144
1.873070 -9.620325 0.186326 28558158149
2.039783 -9.718391 0.323619 28558183155
2.069203 -9.777231 0.568786 28558208138
1.902490 -9.649745 0.500139 28558233140
1.647517 -9.502645 0.039227 28558258148
2.020170 -9.571292 -0.009807 28558283143
2.226110 -9.610518 0.049033 28558308145
2.020170 -9.610518 0.088260 28558333138
1.853457 -9.414385 -0.156906 28558358145
2.020170 -9.502645 0.107873 28558383139
2.196690 -9.551678 0.215746 28558408145
2.069203 -9.512452 0.176520 28558433143
1.804424 -9.502645 0.107873 28558458146
1.882877 -9.581099 -0.029420 28558483142
2.059397 -9.649745 -0.107873 28558508142
2.147657 -9.688972 0.009807 28558533141
2.088817 -9.590905 -0.176520 28558558138
1.912297 -9.541871 -0.304006 28558583147
1.882877 -9.541871 -0.156906 28558608147
1.863264 -9.571292 -0.372653 28558633148
1.794617 -9.571292 -0.657046 28558658148
1.706357 -9.600712 -0.755112 28558683137
1.784810 -9.688972 -0.598206 28558708148
1.922104 -9.885104 -0.304006 28558733143
1.941717 -9.796844 -0.333426 28558758155
1.990750 -9.767425 -0.362846 28558783141
1.902490 -9.718391 -0.431493 28558808145
1.804424 -9.698778 -0.392266 28558833141
1.784810 -9.649745 -0.372653 28558858164
1.912297 -9.708585 -0.402073 28558883144
1.922104 -9.659552 -0.480526 28558908146
1.716164 -9.590905 -0.598206 28558933144
1.667131 -9.532065 -0.764919 28558958150
1.735777 -9.532065 -0.725692 28558983151
