-5.820000 -6.780000 4.740000 28551427007
-5.820000 -6.660000 4.500000 28551451488
-5.700000 -6.540000 4.380000 28551476644
-6.060000 -6.780000 4.740000 28551501402
-5.880000 -6.840000 4.920000 28551526594
-5.880000 -6.720000 4.560000 28551551430
-6.240000 -6.720000 4.200000 28551576553
-5.880000 -6.960000 4.560000 28551601843
-6.120000 -6.840000 4.800000 28551626767
-5.640000 -6.840000 4.440000 28551651574
-5.760000 -7.080000 4.560000 28551676786
-5.880000 -6.720000 4.680000 28551701855
-5.760000 -6.960000 4.560000 28551726774
-6.000000 -6.960000 4.440000 28551751433
-6.060000 -6.660000 4.860000 28551776774
-5.760000 -6.840000 4.800000 28551801406
-5.880000 -6.960000 4.200000 28551826524
-5.940000 -6.540000 4.860000 28551851432
-5.820000 -6.540000 4.140000 28551876568
-5.880000 -6.960000 4.440000 28551901841
-6.180000 -6.900000 4.380000 28551926772
-5.760000 -6.960000 4.320000 28551951422
-5.820000 -7.020000 4.380000 28551976522
-5.820000 -6.900000 4.620000 28552001883
-5.880000 -6.840000 4.560000 28552026772
-5.700000 -6.780000 4.620000 28552051416
-5.940000 -7.020000 4.620000 28552076887
-6.120000 -6.840000 4.320000 28552101847
-5.940000 -6.900000 4.380000 28552126651
-6.000000 -6.840000 4.560000 28552151986
-5.940000 -6.540000 4.260000 28552176409
-6.000000 -7.080000 4.320000 28552201400
-6.240000 -6.960000 4.320000 28552226411
-5.880000 -6.960000 4.320000 28552251465
-6.120000 -7.080000 4.320000 28552276406
-5.820000 -6.900000 4.020000 28552301422
-6.000000 -7.080000 4.200000 28552326818
-6.180000 -7.380000 4.140000 28552351432
-5.640000 -7.200000 4.200000 28552376407
-5.700000 -7.500000 4.140000 28552401841
-5.940000 -7.380000 3.780000 28552426444
-5.820000 -7.620000 3.780000 28552451433
-5.880000 -7.560000 4.080000 28552476653
-6.060000 -7.620000 3.780000 28552501409
-6.120000 -7.560000 3.720000 28552526847
-6.000000 -7.560000 3.960000 28552551468
-5.940000 -7.620000 3.780000 28552576651
-6.180000 -7.620000 3.780000 28552601846
-5.880000 -7.920000 3.720000 28552626432
-6.120000 -7.560000 3.480000 28552651551
-6.000000 -7.920000 3.480000 28552676411
-5.940000 -7.980000 3.420000 28552701404
-6.180000 -7.620000 3.300000 28552726401
-6.060000 -7.500000 3.060000 28552751412
-6.000000 -7.680000 3.240000 28552776403
-5.940000 -7.980000 2.940000 28552801405
-6.240000 -7.800000 2.400000 28552826431
-6.240000 -8.040000 2.520000 28552851428
-6.240000 -7.560000 2.640000 28552876432
-6.360000 -7.440000 2.160000 28552901434
-6.360000 -7.320000 2.520000 28552926409
-6.300000 -7.260000 2.100000 28552951426
-6.480000 -7.440000 2.160000 28552976519
-6.600000 -7.080000 1.920000 28553001888
-6.180000 -7.140000 2.220000 28553026542
-6.600000 -7.080000 1.800000 28553051783
-6.300000 -7.260000 1.740000 28553076545
-6.240000 -6.960000 1.800000 28553101427
-6.480000 -6.960000 1.320000 28553126820
-6.660000 -7.140000 1.620000 28553151432
-6.720000 -6.840000 1.200000 28553176406
-6.300000 -7.140000 1.500000 28553201402
-6.240000 -7.320000 1.320000 28553226847
-6.780000 -7.260000 1.260000 28553251434
-6.480000 -7.200000 1.200000 28553276633
-6.480000 -6.840000 1.200000 28553301390
-6.240000 -6.840000 1.200000 28553326788
-6.360000 -6.960000 1.320000 28553351452
-6.420000 -6.660000 1.500000 28553376391
-6.480000 -6.960000 1.320000 28553401435
-6.300000 -6.660000 1.020000 28553426786
-6.720000 -6.600000 1.080000 28553451376
-6.300000 -6.780000 1.140000 28553476379
-6.600000 -6.960000 0.840000 28553501828
-6.480000 -7.080000 0.840000 28553526611
-6.600000 -6.960000 1.080000 28553551416
-6.540000 -7.020000 1.140000 28553576611
-6.420000 -6.780000 0.900000 28553601813
-6.540000 -6.780000 1.020000 28553626618
-6.240000 -6.840000 1.080000 28553651737
-6.420000 -6.900000 0.660000 28553676617
-6.660000 -6.780000 0.900000 28553701809
-6.300000 -6.780000 0.900000 28553726394
-6.240000 -6.720000 0.840000 28553751746
-6.420000 -7.380000 1.140000 28553776381
-6.780000 -6.780000 0.900000 28553801401
-6.360000 -7.200000 0.960000 28553826404
-6.420000 -7.020000 1.140000 28553851421
-6.600000 -7.200000 1.080000 28553876390
-6.420000 -7.380000 1.140000 28553901829
-6.300000 -7.260000 1.260000 28553926386
-6.540000 -7.260000 1.500000 28553951753
-6.420000 -7.380000 1.140000 28553976620
-6.780000 -7.260000 1.740000 28554001503
-6.540000 -7.380000 1.380000 28554026386
-6.540000 -7.260000 1.740000 28554051938
-6.360000 -7.200000 1.800000 28554076406
-6.300000 -7.380000 1.620000 28554101409
-6.540000 -7.020000 1.620000 28554126387
-6.480000 -7.320000 1.800000 28554151972
-6.360000 -7.320000 2.040000 28554176389
-6.600000 -7.440000 1.800000 28554201785
-6.360000 -7.440000 1.920000 28554226805
-6.600000 -7.560000 1.920000 28554251764
-6.360000 -7.200000 2.040000 28554276747
-6.360000 -7.320000 2.040000 28554301806
-6.180000 -7.500000 2.220000 28554326619
-6.540000 -7.740000 2.340000 28554351747
-6.360000 -7.680000 2.160000 28554376813
-6.600000 -7.800000 2.280000 28554401800
-6.120000 -7.920000 2.520000 28554426634
-6.360000 -7.320000 2.400000 28554451748
-6.240000 -7.440000 2.160000 28554476614
-6.360000 -7.560000 2.760000 28554501806
-6.240000 -7.440000 2.640000 28554526616
-6.420000 -7.500000 2.820000 28554551768
-6.540000 -7.620000 3.180000 28554576624
-6.480000 -7.440000 2.880000 28554601803
-6.180000 -7.500000 3.180000 28554626613
-6.480000 -7.680000 3.000000 28554651759
-6.180000 -7.620000 3.180000 28554676628
-5.880000 -7.440000 3.120000 28554701744
-6.180000 -7.500000 3.300000 28554726747
-6.420000 -7.620000 3.300000 28554751796
-6.300000 -7.260000 3.180000 28554776646
-6.180000 -7.500000 3.660000 28554801740
-6.180000 -7.380000 3.540000 28554826789
-6.000000 -7.200000 3.720000 28554851771
-6.120000 -7.200000 3.720000 28554876623
-6.000000 -7.440000 3.480000 28554901770
-6.060000 -7.140000 3.900000 28554926791
-6.240000 -7.080000 4.200000 28554951814
-6.000000 -7.200000 3.960000 28554976626
-6.060000 -7.260000 3.900000 28555001887
-5.820000 -7.260000 4.020000 28555026762
-6.000000 -7.080000 4.320000 28555051770
-5.820000 -6.900000 4.500000 28555076613
-5.760000 -6.840000 4.200000 28555101746
-6.000000 -6.960000 4.320000 28555126800
-5.940000 -6.780000 4.140000 28555151759
-6.060000 -6.660000 4.500000 28555176757
-5.820000 -6.900000 4.620000 28555201738
-5.940000 -6.540000 4.620000 28555226805
-6.000000 -6.480000 4.680000 28555251762
-6.180000 -6.780000 4.500000 28555276620
-5.880000 -6.480000 4.680000 28555301740
-6.180000 -6.540000 4.980000 28555326813
-5.760000 -6.360000 4.680000 28555351739
-6.060000 -6.180000 4.860000 28555376628
-5.880000 -6.360000 4.920000 28555401768
-5.940000 -6.300000 4.620000 28555426749
-6.120000 -6.000000 4.680000 28555451741
-6.060000 -6.300000 4.500000 28555476629
-5.940000 -6.180000 4.740000 28555501765
-5.880000 -5.880000 4.680000 28555526796
-5.880000 -6.000000 4.680000 28555551755
-5.820000 -5.820000 4.740000 28555576744
-6.120000 -5.640000 4.560000 28555601753
-6.180000 -5.340000 4.500000 28555626757
-5.880000 -5.880000 4.800000 28555651735
-6.300000 -5.580000 4.620000 28555676430
-5.580000 -5.820000 4.740000 28555701494
-6.000000 -5.520000 4.680000 28555726429
-6.120000 -5.640000 4.680000 28555751531
-6.240000 -5.640000 4.560000 28555776423
-6.300000 -5.940000 4.740000 28555801560
-6.180000 -5.820000 4.380000 28555826410
-6.180000 -5.580000 4.140000 28555851532
-5.940000 -5.580000 4.260000 28555876424
-6.120000 -5.280000 4.320000 28555901520
-6.480000 -5.640000 4.440000 28555926425
-6.720000 -5.400000 4.440000 28555951542
-6.060000 -5.220000 4.140000 28555976510
-6.240000 -5.280000 3.960000 28556001499
-6.480000 -5.280000 3.840000 28556026513
-6.060000 -5.460000 3.660000 28556051648
-6.420000 -5.340000 4.260000 28556076717
-6.360000 -5.160000 4.080000 28556101507
-6.540000 -5.100000 4.260000 28556126799
-6.660000 -5.220000 4.020000 28556151530
-6.420000 -5.100000 3.900000 28556176623
-6.480000 -5.160000 4.200000 28556201502
-6.480000 -5.280000 3.840000 28556226396
-6.360000 -5.040000 3.960000 28556251555
-6.600000 -4.800000 3.840000 28556276386
-6.720000 -4.920000 3.720000 28556301499
-6.540000 -4.740000 4.020000 28556327402
-6.240000 -5.160000 3.960000 28556351583
-6.480000 -4.560000 4.200000 28556376414
-6.180000 -4.980000 4.260000 28556401589
-6.480000 -4.920000 4.080000 28556426402
-6.300000 -4.740000 3.900000 28556451543
-6.300000 -4.500000 4.500000 28556476399
-6.660000 -4.740000 4.260000 28556501504
-6.420000 -4.740000 4.020000 28556526396
-6.420000 -4.740000 4.380000 28556551554
-6.420000 -4.860000 4.260000 28556576390
-6.180000 -4.740000 4.020000 28556601504
-6.420000 -4.500000 4.140000 28556626406
-6.360000 -4.800000 4.200000 28556651569
-6.660000 -4.740000 4.140000 28556676399
-6.600000 -4.320000 3.960000 28556701503
-6.360000 -4.560000 3.960000 28556726390
-6.360000 -4.440000 3.840000 28556751554
-6.840000 -3.960000 3.600000 28556776389
-6.420000 -4.380000 3.780000 28556801501
-6.720000 -4.080000 3.600000 28556826412
-6.720000 -3.960000 3.240000 28556851552
-6.540000 -4.020000 3.420000 28556876415
-6.420000 -4.020000 2.940000 28556901502
-6.480000 -3.960000 2.880000 28556926829
-6.300000 -4.020000 3.180000 28556951527
-6.540000 -3.540000 2.940000 28556976622
-6.600000 -4.080000 2.880000 28557001721
-6.660000 -3.660000 2.700000 28557026398
-6.660000 -3.900000 2.580000 28557051644
-6.780000 -3.900000 2.460000 28557076625
-6.720000 -3.960000 2.400000 28557101506
-6.480000 -4.080000 2.520000 28557126388
-6.420000 -3.780000 2.580000 28557151505
-6.720000 -3.960000 2.400000 28557176430
-6.720000 -3.840000 2.400000 28557201506
-6.660000 -3.660000 2.220000 28557226399
-6.540000 -3.900000 2.220000 28557251568
-6.720000 -4.080000 2.520000 28557276413
-6.840000 -3.840000 2.160000 28557301501
-6.540000 -4.020000 2.460000 28557326788
-6.840000 -3.840000 2.520000 28557351500
-6.600000 -4.200000 2.040000 28557376623
-6.600000 -3.840000 2.640000 28557401516
-6.600000 -4.080000 2.880000 28557426418
-6.660000 -4.020000 2.460000 28557451638
-6.360000 -4.080000 2.520000 28557476400
-6.720000 -4.440000 2.520000 28557501629
-6.360000 -3.960000 2.400000 28557526390
-6.420000 -3.540000 2.220000 28557551639
-7.080000 -3.840000 2.520000 28557576393
-6.780000 -3.900000 2.340000 28557601628
-7.080000 -3.960000 2.280000 28557626396
-6.660000 -3.900000 2.460000 28557651671
-6.780000 -3.900000 2.580000 28557676395
-6.480000 -4.080000 2.160000 28557701638
-6.900000 -4.260000 2.340000 28557726809
-6.600000 -4.200000 2.520000 28557751652
-6.540000 -4.140000 2.460000 28557776619
-6.660000 -4.140000 2.220000 28557801624
-6.600000 -4.200000 2.160000 28557826394
-6.360000 -3.720000 2.400000 28557851647
-6.540000 -3.780000 2.340000 28557876615
-6.780000 -3.900000 1.980000 28557901610
-6.780000 -3.780000 2.100000 28557926789
-6.660000 -4.260000 2.100000 28557951607
-6.600000 -3.960000 2.520000 28557976494
-6.660000 -3.780000 2.220000 28558001843
-6.840000 -4.080000 2.040000 28558026622
-6.660000 -3.660000 2.220000 28558051628
-6.720000 -3.480000 2.400000 28558076618
-6.660000 -3.660000 2.220000 28558101793
-6.540000 -3.660000 2.340000 28558126619
-6.600000 -3.960000 2.880000 28558151970
-7.020000 -4.020000 2.220000 28558176803
-6.480000 -3.960000 2.520000 28558201798
-6.420000 -3.780000 2.340000 28558226609
-6.660000 -3.780000 2.460000 28558251970
-6.600000 -3.720000 2.760000 28558276627
-6.660000 -3.780000 2.460000 28558301799
-6.660000 -3.540000 2.580000 28558326623
-6.660000 -3.780000 2.580000 28558351988
-6.660000 -3.540000 2.820000 28558376615
-6.480000 -3.960000 2.760000 28558401806
-6.540000 -3.780000 2.580000 28558426636
-6.480000 -3.960000 3.000000 28558451963
-6.480000 -3.720000 2.640000 28558476622
-6.360000 -4.080000 2.880000 28558501974
-6.360000 -3.840000 2.520000 28558526793
-6.660000 -3.540000 2.700000 28558551989
-6.480000 -3.720000 2.520000 28558576622
-6.780000 -3.660000 2.700000 28558601809
-6.840000 -3.720000 3.000000 28558626620
-6.300000 -3.900000 2.940000 28558651980
-6.420000 -4.140000 2.820000 28558676623
-6.300000 -3.660000 2.580000 28558702057
-6.120000 -4.080000 3.000000 28558726797
-6.480000 -3.600000 2.520000 28558752097
-6.480000 -3.720000 2.760000 28558776619
-6.660000 -3.900000 2.700000 28558801806
-6.480000 -3.720000 2.880000 28558826630
-6.300000 -3.780000 3.060000 28558851972
-6.420000 -4.020000 2.820000 28558876615
-6.720000 -3.840000 3.000000 28558901807
-6.660000 -3.660000 2.580000 28558926619
-6.660000 -4.020000 2.940000 28558951995
-6.480000 -3.960000 2.640000 28558976704
-6.420000 -3.780000 2.700000 28559002073
