0.000000 28551412118
0.000000 28551433494
0.000000 28551458078
0.000000 28551483174
0.000000 28551508165
0.000000 28551533161
0.000000 28551558170
0.000000 28551583159
0.000000 28551608157
0.000000 28551633152
0.000000 28551658170
0.000000 28551683150
0.000000 28551708163
0.000000 28551733157
0.000000 28551758164
0.000000 28551783154
0.000000 28551808169
0.000000 28551833163
0.000000 28551858167
0.000000 28551883166
0.000000 28551908152
0.000000 28551933155
0.000000 28551958162
0.000000 28551983164
0.000000 28552008160
0.000000 28552033145
0.000000 28552058153
0.000000 28552083155
0.000000 28552108159
0.000000 28552133164
0.000000 28552158157
0.000000 28552183167
0.000000 28552208141
0.000000 28552233156
0.000000 28552258154
0.000000 28552283158
0.000000 28552308154
0.000000 28552333154
0.000000 28552358154
0.000000 28552383158
0.000000 28552408136
0.000000 28552433138
0.000000 28552458158
0.000000 28552483150
0.000000 28552508149
0.000000 28552533151
0.000000 28552558154
0.000000 28552583151
0.000000 28552608148
0.000000 28552633138
0.000000 28552658148
0.000000 28552683148
0.000000 28552708147
0.000000 28552733144
0.000000 28552758147
0.000000 28552783157
0.000000 28552808139
0.000000 28552833155
0.000000 28552858153
0.000000 28552883146
0.000000 28552908135
0.000000 28552933153
0.000000 28552958165
0.000000 28552983160
0.000000 28553008140
0.000000 28553033166
0.000000 28553058151
0.000000 28553083151
0.000000 28553108164
0.000000 28553133142
0.000000 28553158161
0.000000 28553183141
0.000000 28553208156
0.000000 28553233142
0.000000 28553258166
0.000000 28553283133
0.000000 28553308142
0.000000 28553333136
0.000000 28553358146
0.000000 28553383134
0.000000 28553408144
0.000000 28553433136
0.000000 28553458144
0.000000 28553483134
0.000000 28553508135
0.000000 28553533122
0.000000 28553558151
0.000000 28553583130
0.000000 28553608141
0.000000 28553633135
0.000000 28553658152
0.000000 28553683135
0.000000 28553708142
0.000000 28553733135
0.000000 28553758140
0.000000 28553783134
0.000000 28553808143
0.000000 28553833130
0.000000 28553858147
0.000000 28553883196
0.000000 28553908153
0.000000 28553933150
0.000000 28553958138
0.000000 28553983171
0.000000 28554008150
0.000000 28554033125
0.000000 28554058142
0.000000 28554083124
0.000000 28554108149
0.000000 28554133124
0.000000 28554158143
0.000000 28554183128
0.000000 28554208150
0.000000 28554233114
0.000000 28554258145
0.000000 28554283130
0.000000 28554308144
0.000000 28554333115
0.000000 28554358148
0.000000 28554383121
0.000000 28554408145
0.000000 28554433133
0.000000 28554458146
0.000000 28554483122
0.000000 28554508144
0.000000 28554533115
0.000000 28554558152
0.000000 28554583136
0.000000 28554608142
0.000000 28554633133
0.000000 28554658145
0.000000 28554683131
0.000000 28554708135
0.000000 28554733143
0.000000 28554758151
0.000000 28554783128
0.000000 28554808134
0.000000 28554833138
0.000000 28554858153
0.000000 28554883132
0.000000 28554908147
0.000000 28554933144
0.000000 28554958155
0.000000 28554983125
0.000000 28555008138
0.000000 28555033157
0.000000 28555058152
0.000000 28555083126
0.000000 28555108139
0.000000 28555133136
0.000000 28555158147
0.000000 28555183134
0.000000 28555208139
0.000000 28555233141
0.000000 28555258146
0.000000 28555283129
0.000000 28555308132
0.000000 28555333143
0.000000 28555358135
0.000000 28555383126
0.000000 28555408130
0.000000 28555433144
0.000000 28555458159
0.000000 28555483132
0.000000 28555508136
0.000000 28555533140
0.000000 28555558139
0.000000 28555583133
0.000000 28555608137
0.000000 28555633148
0.000000 28555658148
0.000000 28555683149
0.000000 28555708146
0.000000 28555733158
0.000000 28555758146
0.000000 28555783142
0.000000 28555808149
0.000000 28555833143
0.000000 28555858155
0.000000 28555883153
0.000000 28555908155
0.000000 28555933164
0.000000 28555958158
0.000000 28555983135
0.000000 28556008138
0.000000 28556033137
0.000000 28556058147
0.000000 28556083135
0.000000 28556108146
0.000000 28556133143
0.000000 28556158150
0.000000 28556183144
0.000000 28556208149
0.000000 28556233145
0.000000 28556258151
0.000000 28556283141
0.000000 28556308146
0.000000 28556333211
0.000000 28556358105
0.000000 28556383156
0.000000 28556408166
0.000000 28556433149
0.000000 28556458164
0.000000 28556483153
0.000000 28556508150
0.000000 28556533150
0.000000 28556558155
0.000000 28556583154
0.000000 28556608157
0.000000 28556633151
0.000000 28556658152
0.000000 28556683155
0.000000 28556708156
0.000000 28556733151
0.000000 28556758157
0.000000 28556783147
0.000000 28556808149
0.000000 28556833145
0.000000 28556858142
0.000000 28556883162
0.000000 28556908154
0.000000 28556933137
0.000000 28556958151
0.000000 28556983134
0.000000 28557008144
0.000000 28557033155
0.000000 28557058149
0.000000 28557083132
0.000000 28557108142
0.000000 28557133144
0.000000 28557158127
0.000000 28557183132
0.000000 28557208135
0.000000 28557233139
0.000000 28557258143
0.000000 28557283132
0.000000 28557308139
0.000000 28557333143
0.000000 28557358143
0.000000 28557383127
0.000000 28557408133
0.000000 28557433149
0.000000 28557458153
0.000000 28557483158
0.000000 28557508153
0.000000 28557533152
0.000000 28557558155
0.000000 28557583149
0.000000 28557608152
0.000000 28557633145
0.000000 28557658141
0.000000 28557683155
0.000000 28557708150
0.000000 28557733143
0.000000 28557758141
0.000000 28557783143
0.000000 28557808149
0.000000 28557833145
0.000000 28557858156
0.000000 28557883137
0.000000 28557908151
0.000000 28557933140
0.000000 28557958152
0.000000 28557983150
0.000000 28558008149
0.000000 28558033137
0.000000 28558058146
0.000000 28558083142
0.000000 28558108147
0.000000 28558133144
0.000000 28558158149
0.000000 28558183155
0.000000 28558208138
0.000000 28558233140
0.000000 28558258148
0.000000 28558283143
0.000000 28558308145
0.000000 28558333138
0.000000 28558358145
0.000000 28558383139
0.000000 28558408145
0.000000 28558433143
0.000000 28558458146
0.000000 28558483142
0.000000 28558508142
0.000000 28558533141
0.000000 28558558138
0.000000 28558583147
0.000000 28558608147
0.000000 28558633148
0.000000 28558658148
0.000000 28558683137
0.000000 28558708148
0.000000 28558733143
0.000000 28558758155
0.000000 28558783141
0.000000 28558808145
0.000000 28558833141
0.000000 28558858164
0.000000 28558883144
0.000000 28558908146
0.000000 28558933144
0.000000 28558958150
0.000000 28558983151
