3.780000 -6.527500 -1.242500 98358637182
3.150000 -6.195000 -0.332500 98358649180
3.115000 -6.282500 0.192500 98358661183
3.185000 -6.650000 0.560000 98358673182
2.922500 -7.437500 0.560000 98358685191
2.485000 -6.965000 0.297500 98358697180
2.642500 -6.632500 0.017500 98358709180
2.765000 -6.160000 -0.227500 98358721181
2.607500 -6.055000 -0.262500 98358733234
2.940000 -6.387500 -1.032500 98358745232
2.800000 -5.967500 -0.945000 98358757181
3.587500 -5.757500 -1.137500 98358769181
4.130000 -5.985000 -0.717500 98358781182
3.850000 -5.880000 -0.857500 98358793181
4.270000 -6.125000 -1.347500 98358805189
4.375000 -6.737500 -1.487500 98358817180
4.340000 -6.527500 -1.715000 98358829180
4.340000 -5.897500 -1.680000 98358841181
3.955000 -5.880000 -1.277500 98358853236
3.727500 -6.037500 -1.400000 98358865186
2.887500 -5.950000 -1.907500 98358877183
2.835000 -6.055000 -2.222500 98358889182
2.730000 -5.512500 -1.995000 98358901182
2.485000 -5.092500 -1.890000 98358913220
1.522500 -5.197500 -1.242500 98358925206
1.242500 -5.162500 -0.927500 98358937202
1.207500 -5.057500 -0.192500 98358949200
0.857500 -4.707500 0.437500 98358961229
1.295000 -4.515000 0.455000 98358973236
1.715000 -4.532500 0.017500 98358985194
2.467500 -6.300000 -2.572500 98358997191
2.257500 -8.540000 -4.515000 98359009190
1.067500 -9.397500 -4.305000 98359021195
-0.017500 -9.292500 -2.450000 98359033180
-0.035000 -8.610000 0.752500 98359045188
-0.525000 -7.245000 4.095000 98359057182
-0.140000 -6.055000 6.930000 98359069207
2.170000 -5.005000 8.855000 98359081222
5.092500 -3.552500 11.147500 98359093185
7.087500 -3.622500 10.867500 98359105187
8.032500 -3.430000 10.447500 98359117201
9.940000 -4.025000 9.642500 98359129211
11.270000 -4.882500 8.417500 98359143567
12.040000 -5.460000 7.297500 98359153393
11.445000 -5.652500 7.210000 98359165235
9.520000 -6.177500 6.440000 98359177184
7.542500 -7.735000 5.792500 98359189181
7.945000 -11.007500 3.307500 98359201185
7.210000 -13.562500 -0.070000 98359213183
4.830000 -14.997500 -2.712500 98359225189
1.855000 -16.485001 -5.652500 98359237180
-0.945000 -18.707500 -6.510000 98359249182
-4.707500 -18.760000 -3.080000 98359261182
-9.992500 -15.347500 -0.245000 98359273239
-10.622500 -10.727500 2.310000 98359285190
-8.330000 -7.332500 4.182500 98359297181
-5.355000 -6.335000 5.232500 98359309182
-4.532500 -5.617500 5.180000 98359321183
-5.985000 -5.600000 3.867500 98359333214
-6.282500 -6.265000 1.680000 98359345216
-1.767500 -6.212500 0.017500 98359357181
1.207500 -3.710000 -2.520000 98359369181
3.675000 -1.120000 -2.730000 98359381182
5.425000 0.105000 -1.400000 98359393180
5.197500 -0.087500 -0.385000 98359405187
3.937500 -0.560000 1.260000 98359417181
3.552500 -2.555000 2.362500 98359429184
3.045000 3.482500 1.137500 98359441181
5.302500 5.950000 1.470000 98359453185
8.645000 7.595000 1.277500 98359465186
10.867500 5.250000 0.315000 98359477180
10.797500 2.082500 -0.682500 98359489182
7.857500 -0.857500 -1.750000 98359501185
4.532500 -3.710000 -1.190000 98359513184
2.082500 -4.095000 1.400000 98359525189
-0.770000 -2.747500 2.975000 98359537183
-2.607500 -2.485000 5.075000 98359549182
-4.795000 -3.255000 5.810000 98359561181
-7.157500 -4.567500 5.827500 98359573183
-9.327500 -3.220000 7.612500 98359585189
-9.590000 1.505000 10.622500 98359597181
-7.140000 8.522500 16.975000 98359609192
-2.310000 6.632500 16.240000 98359621183
-2.240000 2.905000 13.842500 98359633184
-3.640000 -0.980000 11.375000 98359645190
-5.582500 -3.675000 9.152500 98359657182
-7.367500 -5.530000 7.560000 98359669182
-8.575000 -7.875000 5.425000 98359681181
-10.062500 -9.870000 2.572500 98359693183
-15.522500 -7.857500 2.117500 98359705186
-17.412500 -4.322500 2.310000 98359717181
-16.047501 -1.487500 3.132500 98359729181
-13.247500 -0.175000 3.955000 98359741181
-9.677500 -0.017500 3.220000 98359753181
-6.422500 -1.260000 1.382500 98359765187
-3.850000 -3.605000 -1.522500 98359777183
-2.467500 -11.672500 -6.142500 98359789182
-4.095000 -13.282500 -6.510000 98359801182
-5.285000 -12.740000 -6.055000 98359813183
-6.125000 -10.850000 -5.407500 98359825186
-5.670000 -9.870000 -5.617500 98359837180
-5.022500 -9.240000 -5.285000 98359849180
-4.532500 -7.717500 -5.617500 98359861181
-4.305000 -5.057500 -4.585000 98359873181
-1.627500 -4.900000 -2.450000 98359885187
-0.752500 -6.947500 -1.137500 98359897181
-0.630000 -8.767500 -1.102500 98359909181
-0.700000 -9.922500 -1.330000 98359921181
-0.630000 -10.430000 -2.537500 98359933183
-0.612500 -10.850000 -3.727500 98359945187
-0.262500 -10.552500 -4.375000 98359957181
-0.420000 -9.520000 -4.847500 98359969181
-0.437500 -8.522500 -4.620000 98359981182
0.752500 -7.525000 -3.605000 98359993187
2.870000 -7.420000 -3.080000 98360005189
4.567500 -7.367500 -2.992500 98360017181
5.302500 -7.472500 -2.800000 98360029182
5.582500 -6.930000 -1.750000 98360041181
7.175000 -5.477500 -1.155000 98360053182
8.610000 -4.935000 -0.525000 98360065186
8.365000 -4.585000 0.350000 98360077183
8.207500 -4.147500 1.592500 98360089181
8.365000 -3.727500 2.992500 98360101183
7.892500 -3.587500 4.410000 98360113187
7.227500 -3.832500 5.302500 98360125189
5.862500 -4.847500 1.505000 98360137181
2.992500 -5.215000 -0.910000 98360149181
2.905000 -6.160000 -3.255000 98360161186
2.852500 -7.245000 -4.182500 98360173182
3.010000 -7.472500 -3.622500 98360185188
3.237500 -7.070000 -2.275000 98360197208
3.867500 -7.140000 -0.665000 98360209194
4.077500 -6.807500 0.822500 98360221183
4.095000 -6.352500 0.840000 98360233183
3.902500 -6.090000 0.630000 98360245186
4.305000 -5.320000 0.140000 98360257182
4.987500 -5.127500 -0.542500 98360269181
4.935000 -6.335000 -1.277500 98360281181
5.372500 -6.825000 -1.627500 98360293185
5.862500 -6.352500 -3.150000 98360305188
5.512500 -6.737500 -3.500000 98360317182
5.460000 -7.105000 -3.010000 98360329181
5.302500 -6.860000 -2.625000 98360341181
5.390000 -6.615000 -2.607500 98360353181
5.180000 -6.265000 -2.555000 98360365187
5.320000 -5.880000 -2.870000 98360377181
5.145000 -5.915000 -2.712500 98360389181
4.532500 -6.300000 -2.362500 98360401181
3.377500 -6.492500 -1.715000 98360413183
2.817500 -6.440000 -1.190000 983604251
