0.970859 4.785646 8.747533 12890996916
1.019892 4.785646 8.865212 12891021904
1.000278 4.815066 9.110379 12891046913
1.049312 4.883712 9.228059 12891071917
1.186605 5.893797 14.307903 12891096908
1.098345 4.893519 11.179582 12891121922
0.804145 3.981500 10.493117 12891146926
0.813952 4.462027 9.885104 12891171922
0.862985 4.864099 9.522259 12891196918
0.921825 5.050425 9.404578 12891221921
1.059118 4.942552 8.914246 12891246903
1.235638 4.981779 8.825986 12891271913
0.804145 5.736891 12.444640 12891296925
1.010085 4.952359 9.286899 12891321923
0.666852 3.903047 9.826264 12891346915
0.274586 3.863821 10.473503 12891371918
0.676659 4.050147 10.551956 12891396925
1.010085 4.442413 9.698778 12891421919
1.010085 4.560093 9.218252 12891446911
1.088538 4.648353 8.639660 12891471919
1.147378 4.726806 8.267007 12891496921
0.961052 5.011199 8.208167 12891521910
0.892405 5.060232 8.159134 12891546917
0.951245 5.021006 8.110101 12891571915
0.980665 4.962165 8.208167 12891596918
