0.000000 12890996916
0.000000 12891021904
0.000000 12891046913
0.000000 12891071917
0.000000 12891096908
0.000000 12891121922
0.000000 12891146926
0.000000 12891171922
0.000000 12891196918
0.000000 12891221921
0.000000 12891246903
0.000000 12891271913
0.000000 12891296925
0.000000 12891321923
0.000000 12891346915
0.000000 12891371918
0.000000 12891396925
0.000000 12891421919
0.000000 12891446911
0.000000 12891471919
0.000000 12891496921
0.000000 12891521910
0.000000 12891546917
0.000000 12891571915
0.000000 12891596918
