-0.490333 8.541594 4.618933 28076352602
-0.539366 8.678886 4.864099 28076374985
-0.598206 8.610240 4.913132 28076399992
-0.441299 8.747533 4.854292 28076424984
-0.343233 8.708306 4.746419 28076449982
-0.284393 8.737726 4.756226 28076474998
-0.264780 8.865212 4.628739 28076499994
-0.166713 8.884827 4.560093 28076525133
-0.264780 9.031926 4.756226 28076550119
-0.225553 9.002505 4.805259 28076575116
-0.029420 9.002505 4.677773 28076600116
-0.098067 9.051538 4.520866 28076625123
-0.088260 9.110379 4.697386 28076650189
-0.058840 9.022120 4.873906 28076675173
-0.019613 9.080959 4.795453 28076700167
0.323619 8.806373 4.667966 28076725168
0.264780 8.982893 4.815066 28076750312
0.049033 9.022120 4.805259 28076775310
0.264780 8.943666 4.834679 28076800308
1.274865 8.463140 4.658159 28076825300
1.225831 8.423914 4.158020 28076850316
0.764919 8.629853 4.010921 28076875314
0.421686 8.649467 4.187440 28076900305
-0.323619 9.071153 5.913410 28076925299
0.274586 8.747533 5.011199 28076950309
0.313813 8.933860 4.393380 28076975300
0.156906 8.982893 4.295313 28077000332
0.823759 8.600433 3.961887 28077025320
0.764919 8.561207 3.579428 28077050303
0.862985 8.571013 4.314927 28077075310
0.549172 8.237587 4.246280 28077100311
0.304006 8.600433 4.246280 28077125300
0.392266 8.806373 4.148213 28077150307
0.764919 8.884827 4.285507 28077175316
-0.274586 9.051538 3.255808 28077200292
-0.166713 8.816179 3.236195 28077225309
0.372653 8.767146 3.442135 28077250290
0.617819 8.669080 3.402908 28077275303
0.617819 9.149606 3.677494 28077300282
0.186326 9.041733 3.540201 28077325298
-0.166713 9.286899 3.677494 28077350277
-0.176520 9.198639 3.775561 28077375276
0.627626 8.433721 4.020727 28077400299
0.382459 8.943666 4.275700 28077425301
0.127486 8.982893 3.991307 28077450288
-0.029420 8.963279 4.050147 28077475308
-0.362846 9.404578 4.354153 28077500287
-0.411879 9.375159 4.285507 28077525300
-0.392266 9.149606 4.344347 28077550293
-0.686466 9.286899 4.344347 28077575301
-0.784532 9.041733 4.275700 28077600287
-0.804145 9.051538 4.314927 28077625294
-1.225831 9.208446 4.442413 28077650291
-1.775004 9.159412 4.560093 28077675302
-1.863264 8.884827 4.275700 28077700285
-2.137850 8.825986 4.491446 28077725296
-2.441856 8.875020 4.746419 28077750287
-2.971415 8.345461 4.226666 28077775290
-3.108708 8.090487 4.069760 28077800315
-3.167548 8.129714 4.167827 28077825298
-3.530394 8.139521 4.079567 28077850314
-3.451941 7.874741 4.089374 28077875295
-4.334540 7.453054 3.814787 28077900317
-4.903326 7.384408 3.952080 28077925296
-4.873906 7.492281 4.079567 28077950294
-4.824872 7.198082 4.020727 28077975293
-5.266171 7.384408 4.471833 28078000273
-5.942831 6.913689 3.912854 28078025285
-6.031090 6.992142 3.893241 28078050284
-5.746698 7.001948 4.108987 28078075295
-6.452776 6.786202 4.501253 28078100297
-7.070595 6.619490 4.099180 28078125286
-7.237308 6.295870 3.520588 28078150299
-6.031090 6.364516 4.099180 28078175294
-7.149048 5.658438 4.158020 28078200303
-7.560929 5.011199 3.206775 28078225284
-7.472668 4.756226 3.285228 28078250305
-8.453333 5.001392 3.981500 28078275291
-7.992421 4.628739 3.628461 28078300301
-7.953194 4.256087 3.118515 28078325286
-8.267007 4.422800 3.481361 28078350292
-8.992700 3.314648 3.000835 28078375298
-8.776953 3.334261 3.138128 28078400302
-8.296427 3.079288 3.638267 28078425284
-9.237865 2.598763 3.442135 28078450296
-8.433721 1.902490 2.824315 28078475286
-8.306233 1.706357 3.098902 28078500293
-8.757339 1.882877 3.854014 28078525287
-9.473226 1.549451 3.020448 28078550294
-9.306512 1.059118 2.755669 28078575286
-9.090766 0.912019 2.726249 28078600283
-9.257479 0.784532 2.736056 28078625291
-9.365352 0.706079 2.843929 28078650301
-9.179026 0.402073 2.324176 28078675289
-9.483032 0.176520 1.863264 28078700305
-9.757618 0.156906 2.206496 28078725295
-9.375159 0.186326 2.412436 28078750300
-9.698778 0.186326 1.363124 28078775306
-9.757618 -0.029420 1.255251 28078800303
-9.492838 -0.078453 1.775004 28078825296
-9.679165 0.166713 1.873070 28078850305
-9.581099 0.205940 1.725971 28078875292
-9.463418 0.068647 1.412158 28078900301
-9.551678 0.068647 1.824037 28078925287
-9.943945 0.019613 2.324176 28078950304
-10.130271 -0.068647 2.137850 28078975252
-10.404857 -0.117680 1.686744 28079000458
-10.404857 -0.058840 2.412436 28079025281
-10.267564 -0.127486 2.373209 28079050303
-10.257757 -0.500139 1.804424 28079075291
-10.042011 -0.941439 1.372931 28079100301
-9.943945 -0.921825 2.245723 28079125295
-9.894911 -0.598206 2.343790 28079150305
-10.100850 -0.568786 2.010364 28079175302
-10.100850 -0.519753 1.637711 28079200298
-9.992978 -0.353039 2.275143 28079225303
-10.051817 -0.343233 2.049590 28079250292
-10.051817 -0.166713 1.843650 28079275290
-9.904717 -0.117680 1.637711 28079300309
-9.885104 -0.078453 1.274865 28079325308
-10.051817 -0.019613 1.323898 28079350289
-9.845878 -0.019613 1.372931 28079375306
-9.630132 0.264780 1.922104 28079400284
-9.865492 0.225553 1.235638 28079425317
-9.796844 0.294200 0.912019 28079450301
-9.747811 0.431493 1.039505 28079475306
-9.659552 0.382459 0.882599 28079500275
-9.492838 0.470719 1.274865 28079525308
-9.610518 0.470719 1.441578 28079550299
-9.659552 0.500139 1.706357 28079575309
-9.590905 0.519753 1.696550 28079600304
-9.747811 0.421686 1.412158 28079625307
-9.826264 0.402073 1.647517 28079650281
-9.767425 0.392266 1.765197 28079675300
-9.698778 0.294200 1.539644 28079700302
-9.904717 0.196133 1.627904 28079725300
-10.022397 0.176520 1.676937 28079750281
-10.120463 0.098067 1.392545 28079775288
-10.179304 -0.009807 1.343511 28079800283
-10.012591 0.215746 1.716164 28079825298
-9.894911 0.127486 1.294478 28079850296
-9.983171 0.254973 1.323898 28079875313
-9.943945 0.598206 1.353318 28079900275
-9.738005 0.500139 1.372931 28079925297
-9.728198 0.480526 1.539644 28079950476
-9.855684 0.598206 1.804424 28079975307
-10.032204 0.608012 1.951524 28080000303
-9.963558 0.539366 1.735777 28080025293
-9.806651 0.509946 1.814230 28080050309
-9.777231 0.402073 1.882877 28080075285
-9.973364 0.490333 2.020170 28080100311
-9.796844 0.333426 1.912297 28080125294
-9.767425 0.264780 1.853457 28080150302
-9.924331 0.215746 1.784810 28080175296
-9.747811 0.107873 1.735777 28080200299
-9.630132 0.049033 1.627904 28080225292
-9.639938 0.137293 1.686744 28080250249
-9.757618 0.088260 1.598484 28080275303
-9.914525 0.137293 1.500418 28080300296
-9.767425 0.186326 1.647517 28080325298
-9.669358 0.156906 1.569064 28080350303
-9.894911 0.215746 1.676937 28080375316
-10.296983 0.372653 1.686744 28080400310
-10.100850 0.264780 1.706357 28080425300
-9.953751 0.362846 1.794617 28080450298
-10.012591 0.343233 1.784810 28080475288
-10.071430 0.353039 1.902490 28080500313
-9.845878 0.274586 1.873070 28080525308
-9.728198 0.323619 1.931910 28080550301
-9.845878 0.313813 1.745584 28080575285
-9.836071 0.382459 1.765197 28080600295
-9.865492 0.411879 1.745584 28080625297
-9.894911 0.402073 1.696550 28080650304
-9.767425 0.362846 1.637711 28080675305
-9.728198 0.480526 1.775004 28080700297
-9.738005 0.470719 1.775004 28080725288
-9.777231 0.539366 1.853457 28080750295
