1.794617 -0.068647 8.933860 16397598760
1.745584 -0.049033 8.943666 16397623728
1.667131 -0.156906 9.169219 16397648743
1.657324 -0.235360 9.394772 16397673741
1.755391 -0.343233 9.228059 16397698757
1.804424 -0.284393 9.394772 16397723731
1.559257 -0.127486 9.384965 16397748734
1.510224 -0.078453 9.492838 16397773744
1.588677 -0.205940 9.551678 16397798755
1.461191 -0.107873 9.502645 16397823728
1.421964 -0.107873 9.492838 16397848739
1.265058 0.137293 9.541871 16397873747
1.216025 0.156906 9.502645 16397898761
1.608291 -0.245166 9.777231 16397923727
1.725971 -0.353039 9.649745 16397948731
1.539644 -0.205940 9.688972 16397973748
1.510224 -0.117680 9.571292 16397998765
1.235638 0.029420 9.639938 16398023727
1.088538 0.098067 9.600712 16398048733
1.029698 0.137293 9.522259 16398073749
0.951245 0.039227 9.532065 16398098765
0.804145 0.029420 9.590905 16398123733
0.647239 0.088260 9.649745 16398148743
0.500139 0.176520 9.404578 16398173741
0.254973 0.166713 9.051538 16398198762
0.029420 0.176520 9.620325 16398223826
-0.156906 0.127486 9.826264 16398248746
-0.343233 0.176520 9.267285 16398273789
-0.725692 0.088260 9.404578 16398298756
-1.098345 0.117680 9.365352 16398323887
-1.304285 0.147100 9.424192 16398348740
-1.559257 0.166713 9.433999 16398373755
-2.029977 0.176520 8.992700 16398398753
-2.245723 0.156906 9.198639 16398423761
-2.608569 0.098067 9.286899 16398448747
-3.020448 0.098067 9.002505 16398473761
-3.353875 0.117680 8.855406 16398498765
-3.755947 0.107873 9.031926 16398523753
-4.138407 -0.049033 8.786759 16398548744
-4.677773 -0.480526 7.188275 16398573764
-4.854292 -0.127486 7.325568 16398598765
-5.383852 -0.353039 7.894354 16398623763
-5.638824 -0.431493 7.806095 16398648733
-6.109544 -0.676659 7.158855 16398673756
-6.187996 -0.558979 6.658716 16398698759
-6.393937 -0.657046 6.335097 16398723751
-7.149048 -0.676659 6.325290 16398748744
-7.325568 -0.813952 5.942831 16398773778
-7.560929 -0.931632 5.246559 16398798761
-8.031648 -1.186605 5.148491 16398823768
-8.571013 -1.098345 4.932746 16398848747
-8.669080 -1.127765 4.383573 16398873772
-8.924053 -1.157185 3.706914 16398898767
-9.277092 -1.147378 3.265615 16398923761
-9.522259 -1.049312 2.579149 16398948750
-9.590905 -0.912019 2.128043 16398973771
-9.826264 -1.010085 1.647517 16398998757
-9.865492 -1.196411 1.029698 16399023772
-10.061625 -1.294478 -0.558979 16399048742
-9.943945 -1.323898 -0.294200 16399073769
-9.718391 -1.578871 -0.029420 16399098762
-9.473226 -1.618097 -1.225831 16399123769
-9.502645 -1.696550 -2.226110 16399148731
-9.600712 -1.667131 -2.716442 16399173763
-9.679165 -1.627904 -3.030255 16399198766
-9.610518 -1.559257 -3.893241 16399223772
-9.532065 -1.627904 -4.069760 16399248743
-9.384965 -1.676937 -4.256087 16399273761
-9.228059 -1.667131 -4.795453 16399298769
-8.953472 -1.676937 -5.785924 16399323767
-8.796566 -1.627904 -5.991864 16399348750
-8.649467 -1.510224 -6.384130 16399373769
-7.923775 -1.676937 -6.462583 16399398769
-7.717835 -1.559257 -6.972529 16399423770
-7.629575 -1.353318 -7.315762 16399448758
-7.394215 -1.274865 -7.825707 16399473814
-6.148770 -1.392545 -8.355267 16399498782
-5.579985 -1.441578 -8.943666 16399523772
-5.638824 -1.353318 -8.982893 16399548777
-5.374044 -1.314091 -7.315762 16399573766
-4.501253 -0.961052 -8.639660 16399598769
-4.412993 -0.833565 -9.257479 16399623766
-4.158020 -0.833565 -9.532065 16399648736
-3.942274 -0.872792 -9.924331 16399673855
-3.422521 -0.764919 -10.110658 16399698762
-3.324455 -0.794339 -10.100850 16399723768
-3.275421 -0.853179 -10.120463 16399748740
-2.971415 -1.010085 -10.238144 16399773763
-2.794895 -1.019892 -10.091044 16399798765
-2.677216 -1.098345 -10.002784 16399823772
-2.608569 -1.157185 -10.179304 16399848754
-2.539923 -1.225831 -10.395051 16399873752
-2.333983 -1.147378 -10.287177 16399898768
-1.951524 -1.216025 -10.336210 16399923772
-1.814230 -1.196411 -10.542150 16399948761
-1.716164 -1.186605 -10.757896 16399973764
-1.598484 -1.147378 -10.493117 16399998764
-1.412158 -1.127765 -10.522536 16400023769
-1.225831 -0.970859 -11.209002 16400048747
-0.990472 -0.941439 -11.414942 16400073755
-0.578592 -1.166991 -11.620882 16400098767
-0.235360 -1.039505 -11.748367 16400123770
0.813952 -0.823759 -11.297261 16400148733
1.225831 -0.431493 -9.845878 16400173764
1.549451 -0.196133 -8.992700 16400198777
2.059397 0.176520 -9.090766 16400223761
2.441856 0.147100 -10.218531 16400248754
2.657602 0.049033 -10.502923 16400273770
2.726249 0.147100 -10.483310 16400298764
2.608569 0.058840 -10.502923 16400323770
2.579149 -0.196133 -10.679443 16400348752
2.579149 -0.362846 -10.659830 16400373759
2.637989 -0.304006 -10.708863 16400398773
2.745862 -0.215746 -10.561764 16400423766
2.814509 -0.137293 -11.414942 16400448748
3.069482 0.019613 -11.091323 16400473777
3.344068 0.117680 -10.336210 16400498769
3.726527 0.176520 -9.129992 16400523762
3.952080 0.274586 -9.355545 16400548737
4.167827 0.225553 -9.620325 16400573774
4.403186 0.147100 -9.610518 16400598763
4.873906 -0.284393 -9.865492 16400623780
5.168105 -0.451106 -9.306512 16400648752
5.668244 -0.706079 -8.247394 16400673785
6.707749 -0.676659 -7.619768 16400698776
7.050982 -0.509946 -7.629575 16400723774
7.296148 -0.480526 -7.982615 16400748754
7.462861 -0.480526 -7.904161 16400773767
7.521701 -0.784532 -7.119628 16400798778
8.080681 -0.608012 -6.707749 16400823775
7.904161 -0.853179 -6.599876 16400848753
8.345461 -0.813952 -6.570456 16400873772
9.188832 -0.196133 -3.716721 16400898769
9.414385 -0.098067 -3.069482 16400923774
9.669358 -0.176520 -3.697107 16400948751
9.767425 -0.117680 -3.854014 16400973774
9.855684 -0.166713 -3.981500 16400998780
9.973364 -0.068647 -3.128322 16401023767
9.894911 -0.166713 -2.814509 16401048747
9.924331 -0.235360 -1.686744 16401073777
9.894911 -0.284393 -0.764919 16401098768
9.826264 -0.372653 -0.186326 16401123771
9.747811 -0.490333 0.176520 16401148761
9.787038 -0.598206 0.657046 16401173770
9.796844 -0.529559 0.882599 16401198767
9.816459 -0.558979 1.284671 16401223767
9.816459 -0.588399 1.608291 16401248754
9.688972 -0.666852 2.137850 16401273780
9.679165 -0.637432 2.177077 16401298764
9.404578 -0.666852 2.196690 16401323768
9.237865 -0.725692 2.726249 16401348747
8.933860 -0.764919 3.971694 16401373772
8.727920 -0.725692 4.099180 16401398757
8.541594 -0.755112 4.628739 16401423783
8.227780 -0.558979 4.736613 16401448742
8.070874 -0.558979 5.040619 16401473772
7.835515 -0.509946 5.736891 16401498774
7.658995 -0.529559 6.197803 16401523791
7.266728 -0.519753 6.403743 16401548751
7.100015 -0.588399 6.580263 16401573771
6.962722 -0.598206 6.805816 16401598768
6.825429 -0.568786 6.903882 16401623774
5.864377 -0.372653 5.962444 16401648750
6.335097 -0.431493 5.903604 16401673778
6.089930 -0.598206 6.874462 16401698773
5.305398 -0.921825 8.365073 16401723767
5.070039 -0.774725 9.090766 16401748756
4.746419 -0.745305 8.571013 16401773763
4.550286 -0.686466 8.061068 16401798774
4.285507 -0.764919 8.414106 16401823778
3.922661 -0.843372 8.757339 16401848751
3.638267 -0.813952 8.982893 16401873772
3.442135 -0.686466 9.228059 16401898774
3.246001 -0.706079 9.100572 16401923772
3.177355 -0.666852 8.875020 16401948743
3.049868 -0.637432 8.943666 16401973767
3.030255 -0.598206 9.129992 16401998771
2.863542 -0.529559 9.071153 16402023774
2.765476 -0.519753 9.031926 16402048746
2.667409 -0.509946 9.159412 16402073761
2.353596 -0.490333 9.286899 16402098773
2.255530 -0.509946 9.394772 16402123761
1.892684 -0.411879 9.326125 16402148754
1.598484 -0.372653 9.502645 16402173772
1.431771 -0.343233 9.806651 16402198764
1.314091 -0.353039 9.924331 16402223771
1.216025 -0.402073 9.767425 16402248747
1.206218 -0.382459 9.757618 16402273789
1.176798 -0.362846 9.512452 16402298764
1.235638 -0.608012 9.669358 16402323764
1.549451 -0.666852 10.257757 16402348747
1.186605 -0.460913 9.169219 16402373777
1.343511 -0.304006 8.855406 16402398762
1.480804 -0.215746 9.208446 16402423777
1.441578 -0.186326 9.600712 16402448746
1.166991 -0.166713 9.787038 16402473769
1.029698 -0.215746 9.767425 16402498775
1.049312 -0.304006 9.747811 16402523771
1.019892 -0.323619 9.708585 16402548750
1.029698 -0.294200 9.787038 16402573767
1.049312 -0.313813 9.747811 16402598755
1.078732 -0.304006 9.630132 16402623772
1.049312 -0.343233 9.581099 16402648722
1.147378 -0.323619 9.551678 16402673750
1.137571 -0.313813 9.522259 16402698769
1.147378 -0.323619 9.492838 16402723776
0.931632 -0.245166 9.208446 16402748736
1.000278 -0.147100 9.345738 16402773773
1.088538 -0.205940 9.433999 16402798756
1.059118 -0.215746 9.522259 16402823779
1.098345 -0.294200 9.541871 16402848753
1.078732 -0.304006 9.581099 16402873775
1.088538 -0.304006 9.522259 16402898770
1.127765 -0.254973 9.561485 16402923775
1.166991 -0.215746 9.463418 16402948763
1.196411 -0.205940 9.483032 16402973772
1.186605 -0.215746 9.620325 16402998756
1.176798 -0.205940 9.532065 16403023771
1.853457 -0.274586 9.208446 16403048751
1.245445 -0.509946 9.404578 16403073769
1.333705 -0.480526 9.659552 16403098758
1.529838 -0.166713 9.375159 16403123763
1.539644 -0.215746 9.335932 16403148757
1.500418 -0.254973 9.326125 16403173777
1.539644 -0.274586 9.257479 16403198756
