3.465000 -1.592500 2.625000 16397625870
1.242500 2.292500 2.835000 16397650799
1.732500 2.800000 1.820000 16397675799
6.492500 0.787500 -1.190000 16397700921
5.145000 0.017500 -6.965000 16397725846
-2.555000 -6.457500 -8.225000 16397750761
-6.090000 -6.142500 -6.842500 16397775802
-5.810000 -9.677500 -9.782500 16397800914
-1.662500 -10.675000 -11.112500 16397825860
0.315000 -7.630000 -7.665000 16397850805
1.522500 -3.062500 -0.367500 16397875820
5.180000 -4.812500 5.110000 16397900930
5.792500 -1.557500 2.957500 16397925854
9.380000 2.712500 -2.380000 16397950803
11.987500 11.987500 -3.797500 16397975834
10.587500 17.465000 -0.542500 16398000981
8.330000 21.875000 0.122500 16398025858
7.612500 14.560000 1.557500 16398050804
7.087500 21.927500 6.615000 16398075800
9.152500 27.107500 8.732500 16398100978
7.787500 24.832500 6.807500 16398125850
3.902500 21.629999 5.652500 16398150800
1.837500 23.555000 5.827500 16398175804
-0.262500 52.762501 4.375000 16398200922
2.905000 66.517502 6.072500 16398225864
2.520000 42.507500 5.687500 16398250799
0.052500 55.282501 1.697500 16398275807
0.315000 66.552498 1.697500 16398300912
-1.575000 66.797501 -2.537500 16398325854
-1.120000 69.807503 -1.225000 16398350767
-0.210000 68.074997 0.192500 16398375806
0.332500 75.442497 6.230000 16398400926
4.410000 83.055000 7.385000 16398425851
5.145000 71.014999 8.207500 16398450798
5.687500 72.660004 9.712500 16398475797
0.542500 87.412498 8.347500 16398500917
-8.785000 96.285004 -0.997500 16398525822
-13.265000 79.205002 -7.577500 16398550801
-9.310000 77.945000 -13.230000 16398575937
-9.677500 137.357498 -18.900000 16398600927
-21.612499 115.657501 -19.092501 16398625841
-15.767500 79.135002 -20.002501 16398650831
-12.092500 64.644997 -21.262501 16398675840
-9.327500 75.897499 -16.712500 16398700935
-8.277500 98.542503 -9.782500 16398725834
-7.245000 122.639999 -2.275000 16398750806
-10.570000 114.922501 2.152500 16398775771
-8.365000 125.597504 4.462500 16398800927
-6.580000 142.222504 2.292500 16398825768
-10.657500 123.147499 -0.542500 16398850800
-10.097500 93.712502 -2.905000 16398875769
-6.790000 100.117500 -4.077500 16398900927
-5.442500 116.147499 -9.362500 16398925770
-4.655000 117.862503 -10.255000 16398950805
0.630000 117.092499 -9.432500 16398975776
4.777500 121.992500 -9.905000 16399000952
11.620000 131.389999 -11.095000 16399025771
12.932500 165.147507 -9.555000 16399050801
10.062500 186.112503 -7.105000 16399075802
6.720000 134.312500 -6.510000 16399100923
8.907500 76.492500 -12.337500 16399125782
15.470000 81.095001 -12.110000 16399150801
13.825000 101.849998 -5.600000 16399175773
3.832500 107.730003 2.065000 16399200933
-1.540000 119.017502 3.167500 16399225770
-0.612500 122.272499 6.160000 16399250842
-2.695000 83.440002 6.160000 16399275768
-3.692500 78.172501 5.477500 16399300946
-1.225000 89.302498 4.165000 16399325773
-0.507500 108.692497 4.515000 16399350837
-1.190000 107.362503 5.617500 16399375769
0.945000 102.602501 6.982500 16399400934
2.030000 78.522499 0.525000 16399425768
4.112500 88.340004 5.530000 16399450801
0.822500 128.729996 22.872499 16399475843
-2.485000 162.452499 22.575001 16399500830
-0.997500 178.517502 23.467501 16399525999
-1.365000 248.272507 21.787500 16399550890
-6.422500 125.965004 29.522501 16399575809
-19.495001 14.770000 20.107500 16399601123
-14.385000 24.710001 16.905001 16399625811
-9.905000 8.487500 15.155000 16399650817
-6.072500 18.567499 8.120000 16399675805
5.390000 27.299999 8.645000 16399701047
11.042500 22.260000 9.782500 16399726018
15.995000 28.752501 10.517500 16399750769
16.607500 33.092499 10.797500 16399775768
16.835001 38.867500 9.485000 16399800928
14.315001 38.709999 10.045000 16399825769
11.567500 38.570000 9.817500 16399850839
8.680000 42.735001 7.525000 16399875768
4.585000 43.610001 9.117500 16399900915
4.375000 35.840000 7.682500 16399925771
5.040000 31.920000 4.445000 16399950824
-1.015000 41.212502 3.622500 16399975803
-4.567500 40.337502 2.695000 16400000946
-6.282500 24.377501 1.085000 16400025810
-4.147500 39.392502 -2.625000 16400050777
-6.037500 63.910000 -0.910000 16400075848
-12.792500 114.362503 -2.380000 16400100924
-24.027500 149.904999 -6.335000 16400125810
-29.417500 182.752502 -11.340000 16400150766
-44.240002 165.532501 -14.735000 16400175801
-35.875000 87.132500 -7.612500 16400200951
-16.397501 -14.367500 1.872500 16400225805
5.005000 -23.257500 8.277500 16400250808
8.085000 -15.382500 6.860000 16400275807
-0.630000 -10.972500 -0.245000 16400300912
-8.032500 -14.280000 1.452500 16400325806
-8.120000 -2.485000 2.135000 16400350768
-8.155000 6.352500 1.960000 16400375771
-3.097500 10.727500 -0.682500 16400400934
1.155000 18.900000 -3.972500 16400425776
8.312500 51.764999 -3.237500 16400450813
3.727500 98.472504 -7.192500 16400475771
-3.587500 105.542503 -5.705000 16400500925
8.225000 106.644997 -9.065000 16400525807
19.232500 67.182503 4.357500 16400550925
38.395000 73.587502 8.347500 16400575807
35.070000 75.320000 10.990000 16400600933
25.795000 110.599998 11.357500 16400625811
13.055000 138.880005 8.417500 16400650805
9.712500 131.582504 5.267500 16400675807
6.352500 78.014999 -6.860000 16400700946
-0.647500 71.820000 -4.165000 16400725856
-0.490000 78.662498 5.705000 16400750771
-3.517500 84.175003 5.652500 16400775804
5.250000 96.004997 2.590000 16400800919
11.375000 128.904999 0.350000 16400825765
-0.087500 168.770004 -9.152500 16400850752
-7.490000 198.065002 -15.505000 16400875768
-0.647500 153.947495 -7.542500 16400900925
10.150000 69.737503 -6.667500 16400925765
8.400000 21.665001 -4.147500 16400950772
2.327500 48.055000 -3.447500 16400975778
0.490000 99.610001 0.070000 16401000992
-0.262500 120.084999 0.070000 16401025801
-4.865000 113.697502 5.635000 16401050811
-5.827500 146.404999 12.600000 16401075804
-4.935000 139.580002 16.555000 16401100926
-4.305000 113.154999 17.552500 16401125803
-4.637500 92.172501 16.152500 16401150803
-3.815000 73.237503 12.442500 16401175801
0.945000 81.934998 11.060000 16401200960
1.295000 79.940002 6.650000 16401225797
-0.297500 71.610001 1.820000 16401250798
-2.905000 71.347504 0.402500 16401275772
-3.167500 74.305000 0.490000 16401300946
-7.367500 100.275002 0.315000 16401325772
-6.107500 118.457504 2.835000 16401350768
-3.762500 106.592499 4.410000 16401375771
1.155000 96.162498 4.270000 16401400959
3.920000 83.737503 3.535000 16401425766
10.675000 77.892502 3.115000 16401450768
12.372500 94.832497 0.927500 16401475771
9.117500 98.052498 -0.367500 16401501816
3.815000 77.315002 0.157500 16401525811
2.502500 66.989998 0.472500 16401550840
2.590000 59.972500 0.857500 16401575803
2.467500 52.237499 1.102500 16401601003
0.455000 43.435001 0.857500 16401625812
0.577500 46.882500 0.892500 16401650807
0.227500 106.032501 14.962500 16401675803
-7.262500 138.967499 6.457500 16401700950
-4.007500 107.922501 3.937500 16401725804
-1.627500 73.727501 0.122500 16401750771
4.585000 27.877501 -1.277500 16401775766
4.865000 47.564999 0.630000 16401800949
-0.472500 66.167503 -1.855000 16401825770
-1.872500 60.130001 -1.785000 16401850765
2.047500 54.337502 -2.940000 16401875768
2.870000 34.142502 -0.805000 16401900953
9.380000 16.625000 0.665000 16401925764
11.987500 23.520000 -0.472500 16401950825
9.660000 33.687500 -2.065000 16401975777
9.415000 25.445000 -3.255000 16402000974
12.635000 31.132500 -3.762500 16402025834
12.460000 32.042500 -5.810000 16402050764
9.695000 32.252499 -4.252500 16402075774
8.540000 37.432499 -1.942500 16402100949
6.650000 36.697498 1.645000 16402125760
4.900000 41.474998 6.580000 16402150768
3.535000 39.217499 -3.605000 16402175763
4.410000 30.152500 -2.467500 16402200949
8.260000 23.485001 -2.187500 16402225771
9.677500 8.627500 -3.062500 16402250775
11.200000 7.490000 -2.817500 16402275774
10.412500 7.770000 -2.187500 16402300947
10.552500 -1.610000 -0.822500 16402325756
12.355000 -46.742500 15.855000 16402350768
11.637500 -40.862499 6.055000 16402375797
3.202500 -7.227500 6.212500 16402400921
-3.727500 15.050000 4.725000 16402425800
-4.987500 -1.155000 3.045000 16402450800
-11.287500 12.915000 1.400000 16402475810
-12.005000 20.247499 0.087500 16402500930
-7.000000 6.895000 -0.735000 16402525804
5.600000 0.437500 -1.522500 16402550802
7.735000 -5.425000 -1.837500 16402575800
9.467500 -10.220000 -2.415000 16402600930
6.457500 -9.852500 -3.255000 16402625749
4.007500 -6.335000 -2.590000 16402650720
2.257500 -7.787500 -2.310000 16402675768
3.027500 -7.980000 -2.257500 16402700957
2.765000 -12.565000 -2.467500 16402725769
3.605000 -9.940000 1.907500 16402750770
3.972500 -1.610000 -3.815000 16402775766
6.125000 -7.332500 -1.680000 16402800947
7.070000 -7.647500 -3.220000 16402825841
5.547500 -8.767500 -3.360000 16402850767
5.302500 -7.035000 -2.012500 16402875756
5.810000 -8.155000 -0.945000 16402900961
6.177500 -9.030000 -0.630000 16402925768
5.932500 -8.925000 0.245000 16402950850
5.355000 -8.330000 -0.420000 16402975775
4.620000 -11.410000 -2.327500 16403000976
1.382500 -16.555000 -3.780000 16403025772
0.840000 -12.215000 -1.505000 16403050763
0.420000 -2.957500 -1.032500 16403075770
4.725000 -7.945000 -5.740000 16403100953
4.392500 -6.335000 -5.267500 16403125765
2.047500 -1.242500 -2.975000 16403150764
5.950000 1.995000 -3.692500 16403175759
6.597500 11.970000 -6.667500 16403200947
7.000000 17.570000 -8.925000 16403225774
