6.780000 3.060000 0.540000 16397614113
6.960000 3.480000 0.360000 16397639224
6.900000 3.660000 0.420000 16397664115
6.900000 3.420000 0.420000 16397689190
7.140000 3.180000 0.540000 16397714117
6.840000 3.480000 0.480000 16397739122
6.660000 3.300000 0.420000 16397764121
6.900000 3.420000 0.540000 16397789141
6.900000 3.540000 0.420000 16397814098
6.900000 3.540000 0.540000 16397839130
6.960000 3.480000 0.240000 16397864118
6.960000 3.480000 0.360000 16397889111
6.840000 3.240000 0.720000 16397914109
6.960000 3.360000 0.600000 16397939109
6.600000 3.360000 0.600000 16397964105
7.140000 3.420000 0.780000 16397989123
6.840000 3.480000 0.480000 16398014227
6.780000 3.300000 0.420000 16398039134
7.140000 3.420000 0.660000 16398064147
7.320000 3.480000 0.600000 16398089135
7.140000 3.300000 0.660000 16398114125
7.440000 3.120000 0.840000 16398139122
7.380000 3.300000 1.140000 16398164117
7.380000 3.180000 0.780000 16398189120
7.380000 3.060000 0.900000 16398214126
7.620000 3.300000 1.140000 16398239144
7.320000 3.240000 1.080000 16398264108
7.800000 3.240000 1.440000 16398289104
8.220000 3.420000 1.260000 16398314118
7.980000 3.180000 1.500000 16398339141
8.220000 3.180000 1.860000 16398364119
8.160000 3.120000 1.800000 16398389116
8.280000 3.360000 2.160000 16398414108
8.820000 3.660000 2.220000 16398439124
8.760000 3.480000 2.520000 16398464117
8.760000 3.360000 2.640000 16398489120
8.639999 3.240000 2.880000 16398514112
9.059999 3.300000 3.180000 16398539128
9.179999 3.060000 3.180000 16398564114
9.240000 3.360000 3.120000 16398589119
9.480000 3.600000 3.960000 16398614161
9.240000 4.200000 3.960000 16398639149
9.179999 3.540000 4.140000 16398664109
9.719999 3.600000 4.320000 16398689105
9.420000 3.540000 4.500000 16398714114
9.179999 3.900000 5.100000 16398739119
9.360000 3.720000 5.040000 16398764111
9.540000 3.660000 5.580000 16398789107
9.360000 3.960000 5.880000 16398814102
9.179999 3.780000 6.420000 16398839111
9.480000 3.720000 6.480000 16398864120
9.480000 4.080000 6.960000 16398889131
9.540000 3.780000 7.140000 16398914119
9.000000 3.960000 7.680000 16398939122
8.700000 4.140000 7.620000 16398964117
8.760000 3.840000 8.160000 16398989108
8.820000 4.140000 8.220000 16399014198
8.340000 3.900000 8.580000 16399039123
7.920000 3.840000 9.240000 16399064110
7.740000 4.260000 9.540000 16399089110
7.200000 4.080000 9.480000 16399114134
7.500000 3.900000 9.780000 16399139117
7.140000 4.020000 9.780000 16399164130
6.720000 4.320000 9.840000 16399189113
6.540000 4.500000 10.139999 16399214118
6.180000 3.780000 10.500000 16399239114
6.120000 4.200000 10.320000 16399264126
5.700000 4.140000 10.500000 16399289101
5.400000 4.080000 10.679999 16399314120
4.920000 4.080000 10.679999 16399339121
4.620000 4.140000 10.860000 16399364111
4.440000 4.080000 10.800000 16399389107
3.960000 4.200000 10.559999 16399414120
3.780000 4.380000 10.740000 16399439133
3.600000 4.080000 10.800000 16399464128
3.000000 4.080000 10.800000 16399489171
2.400000 4.080000 10.679999 16399514161
1.980000 4.020000 10.860000 16399543546
1.320000 3.960000 10.440000 16399564170
0.900000 4.020000 10.740000 16399589595
1.020000 3.900000 10.380000 16399614172
0.960000 4.080000 10.200000 16399639710
0.960000 3.960000 10.679999 16399664129
0.720000 3.960000 10.320000 16399689137
0.780000 4.020000 10.500000 16399714672
0.660000 3.660000 10.139999 16399739119
0.540000 3.780000 10.620000 16399764574
0.360000 4.080000 10.559999 16399789122
0.480000 4.080000 10.200000 16399814677
0.060000 4.260000 10.260000 16399839123
-0.180000 4.140000 10.020000 16399864591
-0.420000 4.260000 10.020000 16399889119
-0.480000 4.080000 10.200000 16399914117
-0.360000 4.440000 9.840000 16399939106
-0.180000 4.020000 9.900000 16399964138
-0.660000 4.260000 9.900000 16399989124
-0.660000 4.260000 9.900000 16400014229
-0.720000 4.080000 9.840000 16400039109
-0.660000 4.260000 9.660000 16400064127
-0.720000 3.960000 9.599999 16400089111
-1.560000 3.840000 9.360000 16400114131
-1.560000 3.720000 9.000000 16400139110
-1.860000 3.900000 8.700000 16400164103
-2.280000 3.360000 8.040000 16400192883
-2.340000 3.900000 8.220000 16400212083
-2.280000 3.480000 8.160000 16400237191
-2.280000 3.720000 7.920000 16400262060
-2.160000 3.840000 8.280000 16400287188
-2.280000 3.600000 8.400000 16400312056
-1.980000 3.900000 8.220000 16400337180
-1.980000 3.780000 8.220000 16400362086
-2.160000 3.720000 8.040000 16400387169
-2.160000 3.960000 8.280000 16400412035
-2.460000 3.900000 8.099999 16400443060
-2.340000 3.660000 7.860000 16400462276
-2.460000 3.660000 7.500000 16400487199
-2.640000 3.720000 7.200000 16400512109
-2.820000 3.780000 7.020000 16400537185
-2.760000 3.720000 7.080000 16400562057
-2.940000 3.900000 6.660000 16400587180
-3.000000 3.960000 6.600000 16400612048
-2.940000 4.020000 6.420000 16400642983
-3.240000 3.840000 5.760000 16400662075
-2.940000 3.900000 5.100000 16400687180
-2.820000 3.780000 5.340000 16400712051
-3.240000 3.840000 5.040000 16400737230
-3.240000 4.080000 4.800000 16400762063
-3.240000 3.720000 5.040000 16400787168
-3.240000 3.960000 4.320000 16400812056
-3.060000 3.900000 4.020000 16400837168
-2.940000 3.780000 3.540000 16400862049
-2.640000 3.600000 3.120000 16400887201
-2.520000 3.600000 2.760000 16400912063
-2.580000 3.780000 2.580000 16400937176
-2.340000 3.660000 2.940000 16400962058
-2.520000 3.600000 2.520000 16400987284
-2.220000 3.900000 2.100000 16401012128
-1.860000 3.660000 1.980000 16401037150
-1.500000 3.780000 1.860000 16401062166
-1.620000 3.660000 1.020000 16401087164
-1.320000 3.480000 1.200000 16401112055
-1.260000 3.900000 0.780000 16401137170
-0.720000 3.840000 0.840000 16401162104
-0.660000 4.140000 0.300000 16401187168
-0.300000 4.140000 0.420000 16401212060
-0.600000 3.840000 0.240000 16401237170
-0.120000 3.960000 0.240000 16401262052
0.240000 3.960000 0.240000 16401287159
0.240000 4.080000 -0.120000 16401312113
0.660000 3.900000 -0.180000 16401337192
0.900000 3.780000 -0.300000 16401362057
0.960000 4.320000 -0.600000 16401387171
1.380000 4.020000 -0.420000 16401412082
1.440000 3.960000 -0.600000 16401437185
2.040000 4.080000 -0.600000 16401462068
2.160000 3.960000 -0.600000 16401487177
2.760000 4.320000 -0.960000 16401512211
2.880000 4.080000 -0.720000 16401537203
3.240000 3.840000 -0.840000 16401562067
3.300000 4.020000 -0.900000 16401587195
3.360000 3.960000 -0.960000 16401612089
3.300000 3.900000 -0.780000 16401637178
3.480000 3.960000 -0.960000 16401662059
3.840000 4.200000 -0.360000 16401687194
4.080000 3.960000 -0.600000 16401712067
4.680000 3.840000 -0.480000 16401737206
4.980000 3.780000 -0.660000 16401762061
5.220000 3.780000 -0.540000 16401787053
5.100000 4.020000 -0.660000 16401812059
5.640000 3.840000 -0.360000 16401837083
5.760000 3.960000 -0.360000 16401862060
5.640000 4.080000 -0.360000 16401887060
5.940000 4.020000 -0.300000 16401912059
5.820000 3.900000 -0.180000 16401937078
6.180000 3.900000 -0.060000 16401962067
5.880000 4.080000 0.120000 16401987158
6.360000 3.960000 -0.360000 16402012078
6.600000 3.840000 -0.120000 16402037066
6.600000 3.840000 0.120000 16402062061
6.600000 3.960000 0.120000 16402087065
6.600000 3.720000 0.120000 16402112079
6.960000 3.720000 -0.120000 16402137055
7.020000 3.900000 -0.180000 16402162065
7.020000 3.780000 0.540000 16402187056
7.200000 3.960000 0.360000 16402212056
7.080000 3.840000 0.600000 16402237065
7.140000 3.660000 1.140000 16402262067
7.200000 3.960000 0.600000 16402287056
7.260000 3.540000 0.660000 16402312053
7.380000 3.780000 0.420000 16402337053
7.260000 3.660000 0.180000 16402362094
7.080000 3.240000 0.120000 16402387060
7.020000 3.540000 0.180000 16402412067
7.200000 4.080000 0.480000 16402437055
7.320000 3.600000 0.240000 16402462056
7.560000 3.720000 0.480000 16402487058
7.260000 3.780000 0.540000 16402512059
6.780000 3.660000 0.420000 16402537062
7.440000 3.720000 0.600000 16402562061
7.320000 3.600000 0.720000 16402587057
7.320000 3.960000 0.240000 16402612067
7.260000 3.780000 0.420000 16402637105
7.440000 3.720000 0.360000 16402662037
7.440000 3.720000 0.480000 16402687070
7.320000 3.720000 0.360000 16402712068
7.320000 3.720000 0.480000 16402737062
7.440000 3.720000 0.600000 16402762068
7.260000 3.540000 0.420000 16402787061
7.080000 4.080000 0.480000 16402813865
7.260000 3.660000 0.420000 16402837052
7.680000 4.080000 0.240000 16402862049
7.200000 3.600000 0.480000 16402887084
7.140000 3.420000 0.660000 16402912069
6.960000 3.960000 0.480000 16402937061
7.200000 3.720000 0.720000 16402962073
7.260000 3.900000 0.660000 16402987161
7.440000 3.720000 0.360000 16403012062
7.260000 3.780000 0.300000 16403037063
7.140000 3.540000 0.300000 16403062062
7.020000 3.900000 0.540000 16403087071
7.200000 3.840000 0.360000 16403112051
7.140000 3.660000 0.300000 16403137056
6.900000 3.540000 0.300000 16403162082
7.080000 3.840000 0.360000 16403187056
7.440000 3.720000 0.600000 16403212060
