-0.529559 7.570735 5.236752 30954066710
-0.421686 7.796288 5.226945 30954089695
-0.343233 7.727641 5.374044 30954114715
-0.362846 7.580542 6.040897 30954139697
-0.333426 7.727641 6.168384 30954164716
-0.421686 7.698222 6.089930 30954189715
-0.284393 7.727641 5.834958 30954214839
-0.353039 7.855128 5.521145 30954239841
-0.392266 7.913968 5.638824 30954264842
-0.539366 7.835515 5.736891 30954289835
-0.666852 7.766868 5.727084 30954314844
-0.833565 7.845321 5.746698 30954339842
-0.921825 7.913968 5.472112 30954364910
-0.990472 8.061068 5.236752 30954389894
-0.990472 7.315762 5.491724 30954414895
-1.775004 7.453054 5.021006 30954439889
-1.627904 7.541315 5.109265 30954465118
-1.470998 7.354988 5.246559 30954490111
-1.392545 7.374601 5.177912 30954515304
-0.941439 5.030812 5.893797 30954540107
-1.990750 5.364238 6.452776 30954565110
-2.314370 7.835515 6.717556 30954590100
-1.853457 8.786759 6.393937 30954615301
-1.784810 8.217974 5.207332 30954640111
-1.451384 7.482475 5.246559 30954665106
-1.176798 6.315483 6.629296 30954690116
0.127486 5.619211 8.149327 30954715315
-0.666852 6.864655 6.050704 30954740137
-0.117680 6.550843 5.432885 30954765118
0.088260 5.785924 5.579985 30954790123
-0.274586 5.207332 10.100850 30954815343
-0.706079 5.256365 10.512731 30954840115
-0.500139 5.256365 9.522259 30954865107
-0.274586 5.707471 8.257200 30954890110
0.343233 6.099737 7.168662 30954914982
0.372653 4.275700 7.894354 30954939970
0.627626 2.951802 9.669358 30954965108
1.029698 2.539923 10.855963 30954990136
0.147100 3.491168 10.777510 30955015326
0.970859 3.608848 11.915081 30955040115
1.853457 3.697107 13.415499 30955065106
2.520309 4.138407 10.600989 30955090124
2.069203 1.735777 8.933860 30955115333
2.020170 0.862985 10.689250 30955140110
2.490890 1.216025 9.767425 30955165220
2.736056 1.461191 9.267285 30955190110
1.941717 0.166713 6.138963 30955215330
1.608291 0.627626 7.668801 30955240107
0.862985 0.804145 9.326125 30955265124
-0.431493 0.912019 9.316319 30955290116
-1.569064 0.755112 9.267285 30955315313
-1.323898 0.117680 10.767703 30955340104
-0.980665 -0.470719 10.718670 30955365107
-1.255251 -0.804145 11.012870 30955390102
-1.578871 -0.323619 9.885104 30955415310
-1.274865 -1.549451 9.120186 30955440116
-0.411879 -1.510224 8.855406 30955465107
-0.343233 -1.716164 10.198916 30955490097
-1.569064 -2.177077 7.972808 30955515120
-1.539644 -1.627904 10.218531 30955540353
-0.931632 -1.245445 9.992978 30955565116
-1.902490 -0.774725 9.541871 30955590113
-1.902490 -2.284950 9.590905 30955615303
-0.421686 -2.314370 9.894911 30955640107
-0.058840 -1.814230 9.649745 30955665121
-0.186326 -0.274586 9.953751 30955690105
1.667131 -1.343511 10.179304 30955715305
-1.490611 -1.775004 8.394494 30955740108
-1.716164 -0.137293 11.277648 30955765094
0.009807 0.774725 10.149883 30955790104
-0.058840 0.647239 14.386356 30955815328
-0.392266 0.872792 11.218809 30955840143
0.176520 1.157185 11.542429 30955865114
0.892405 0.568786 9.159412 30955890119
0.353039 0.274586 10.287177 30955915307
-0.049033 -0.578592 13.111492 30955940114
-0.009807 -0.205940 11.061903 30955965113
0.176520 0.117680 10.434277 30955990119
0.215746 -0.049033 10.149883 30956015339
0.147100 0.009807 10.091044 30956040106
0.117680 0.098067 9.963558 30956065113
0.049033 0.117680 10.071430 30956090136
0.029420 0.176520 10.051817 30956115301
0.039227 0.176520 9.914525 30956140116
0.029420 0.176520 9.934137 30956165101
0.058840 0.196133 9.855684 30956190122
0.058840 0.196133 9.934137 30956215301
0.049033 0.196133 9.885104 30956240118
0.039227 0.225553 9.953751 30956265104
0.068647 0.235360 9.855684 30956290114
0.039227 0.196133 9.885104 30956315296
0.058840 0.186326 9.865492 30956340103
0.068647 0.205940 9.894911 30956365123
0.068647 0.196133 9.875298 30956390113
0.058840 0.196133 9.816459 30956415316
0.039227 0.186326 9.875298 30956440116
0.068647 0.176520 9.836071 30956465117
0.049033 0.166713 9.894911 30956490114
0.058840 0.147100 9.904717 30956515314
0.078453 0.176520 9.914525 30956540111
0.029420 0.186326 9.875298 30956565118
0.029420 0.196133 9.885104 30956590111
0.029420 0.215746 9.875298 30956615312
0.029420 0.176520 9.845878 30956640126
0.049033 0.215746 9.885104 30956665116
0.039227 0.186326 9.914525 30956690107
0.068647 0.176520 9.934137 30956715313
0.078453 0.166713 9.894911 30956740104
0.068647 0.186326 9.875298 30956765115
0.058840 0.186326 9.855684 30956790106
0.029420 0.176520 9.875298 30956815313
0.049033 0.176520 9.865492 30956840087
0.068647 0.205940 9.914525 30956865116
0.039227 0.215746 9.865492 30956890103
0.019613 0.225553 9.885104 30956915323
0.029420 0.196133 9.826264 30956940105
0.049033 0.196133 9.816459 30956965098
0.058840 0.196133 9.787038 30956990102
0.068647 0.186326 9.816459 30957015332
0.068647 0.196133 9.855684 30957040140
0.068647 0.176520 9.885104 30957065118
0.058840 0.166713 9.894911 30957090120
0.068647 0.196133 9.963558 30957115311
0.049033 0.215746 9.914525 30957140090
0.039227 0.186326 9.836071 30957165099
0.049033 0.156906 9.845878 30957190118
0.049033 0.186326 9.914525 30957215287
0.078453 0.225553 9.826264 30957240101
0.078453 0.215746 9.836071 30957265093
0.078453 0.186326 9.865492 30957290112
0.088260 0.215746 9.924331 30957315292
0.049033 0.186326 9.885104 30957340096
0.049033 0.176520 9.904717 30957365191
0.058840 0.186326 9.904717 30957390100
0.039227 0.215746 9.816459 30957415285
0.049033 0.225553 9.885104 30957440101
0.068647 0.205940 9.894911 30957465101
0.078453 0.205940 9.836071 30957490096
0.049033 0.196133 9.826264 30957515272
0.078453 0.215746 9.875298 30957540105
0.078453 0.196133 9.885104 30957565093
0.068647 0.186326 9.904717 30957590096
0.058840 0.196133 9.855684 30957615293
0.049033 0.205940 9.894911 30957640088
0.049033 0.205940 9.885104 30957665118
