0.360000 10.559999 1.440000 161336013959
0.360000 10.440000 1.920000 161336025455
0.060000 10.139999 1.860000 161336036936
0.060000 10.620000 1.620000 161336048761
0.060000 10.620000 1.500000 161336060753
-0.060000 10.260000 1.620000 161336072761
0.300000 10.260000 1.740000 161336084750
-0.060000 10.500000 1.500000 161336096737
-0.180000 10.139999 1.620000 161336108994
0.060000 10.139999 1.620000 161336120811
0.180000 10.139999 1.740000 161336132795
0.300000 10.139999 1.380000 161336144791
-0.120000 10.320000 1.440000 161336156782
0.060000 10.260000 1.740000 161336168822
0.060000 10.320000 1.680000 161336180809
-0.060000 10.139999 1.500000 161336192781
0.060000 10.620000 1.500000 161336205233
0.060000 9.960000 1.680000 161336216672
-0.180000 10.020000 1.740000 161336228665
-0.300000 10.260000 1.740000 161336240695
0.120000 10.200000 1.680000 161336252845
-0.120000 10.200000 1.680000 161336265217
-0.120000 10.080000 1.560000 161336277405
0.060000 10.260000 1.620000 161336289411
-0.120000 10.080000 1.680000 161336301695
0.240000 10.440000 1.680000 161336313371
0.060000 9.900000 1.620000 161336325030
0.120000 9.960000 1.440000 161336336956
0.240000 10.080000 1.680000 161336349017
0.060000 10.260000 1.860000 161336361093
-0.120000 10.559999 1.680000 161336373143
-0.060000 10.380000 1.260000 161336385105
-0.060000 10.559999 1.440000 161336397061
0.180000 10.380000 1.620000 161336409235
0.180000 9.960000 1.560000 161336421289
0.420000 9.900000 1.620000 161336433311
0.240000 10.320000 1.440000 161336445594
0.120000 10.200000 1.680000 161336458453
0.120000 10.559999 1.680000 161336471035
0.120000 9.960000 1.320000 161336483257
0.300000 10.380000 1.380000 161336496594
0.180000 10.260000 1.500000 161336508522
0.180000 10.440000 1.560000 161336520323
0.240000 10.200000 1.440000 161336532074
0.180000 10.020000 1.740000 161336543837
0.060000 10.020000 1.500000 161336555629
0.060000 10.020000 1.380000 161336567385
0.060000 10.200000 1.440000 161336579142
-0.300000 10.260000 1.620000 161336590931
-0.060000 10.020000 1.620000 161336602613
-0.120000 10.320000 1.680000 161336614006
0.360000 10.200000 1.560000 161336625390
-0.180000 9.900000 1.740000 161336636741
0.300000 10.380000 1.740000 161336648775
0.060000 10.139999 1.740000 161336660777
-0.060000 10.260000 1.740000 161336672760
0.240000 10.800000 1.800000 161336684809
0.060000 10.020000 1.620000 161336696755
0.180000 10.500000 1.980000 161336709165
-0.060000 10.260000 1.500000 161336720856
-0.180000 10.260000 1.500000 161336732819
0.180000 9.900000 1.740000 161336744696
0.060000 10.620000 1.860000 161336756820
0.240000 10.200000 1.560000 161336768810
0.180000 10.260000 1.740000 161336780832
-0.060000 10.380000 1.620000 161336792815
0.060000 10.260000 1.380000 161336805785
0.060000 10.380000 1.620000 161336817331
-0.120000 10.080000 1.920000 161336828865
0.180000 10.020000 1.380000 161336840970
-0.120000 10.080000 1.560000 161336852956
-0.060000 10.380000 1.860000 161336864934
-0.300000 9.900000 1.980000 161336876888
-0.240000 10.320000 1.080000 161336888884
0.060000 10.260000 1.740000 161336901307
0.060000 10.139999 1.380000 161336913256
0.240000 10.200000 1.440000 161336925104
0.300000 10.020000 1.380000 161336936938
0.360000 10.200000 1.320000 161336948965
0.360000 10.200000 1.680000 161336960819
-0.180000 10.260000 1.740000 161336972945
0.180000 10.139999 1.500000 161336984976
0.120000 10.440000 1.800000 161336996948
0.180000 10.139999 1.380000 161337009564
-0.120000 10.320000 1.560000 161337021310
-0.120000 9.960000 1.560000 161337033085
0.120000 10.320000 1.800000 161337044915
0.060000 10.020000 1.260000 161337057099
-0.060000 10.139999 1.740000 161337069103
-0.060000 10.440000 1.440000 161337081117
-0.060000 10.320000 1.800000 161337092908
0.300000 10.020000 1.500000 161337105270
0.180000 10.139999 1.620000 161337117290
0.300000 10.260000 1.380000 161337129046
0.060000 10.139999 1.620000 161337141486
0.240000 10.200000 1.320000 161337153791
0.240000 10.320000 1.560000 161337166103
0.060000 10.380000 1.500000 161337178375
-0.060000 10.020000 1.380000 161337190675
-0.060000 10.080000 1.800000 161337203354
-0.300000 10.380000 1.860000 161337215741
0.120000 10.080000 1.560000 161337228003
0.120000 9.960000 1.560000 161337240318
0.120000 10.080000 1.680000 161337252589
0.300000 9.900000 1.860000 161337264859
0.120000 9.960000 1.680000 161337277154
-0.060000 10.260000 1.860000 161337289421
0.120000 9.960000 1.800000 161337301667
-0.180000 10.260000 1.860000 161337313241
-0.180000 10.139999 1.500000 161337324609
-0.060000 10.260000 1.380000 161337336020
0.060000 10.260000 1.500000 161337347393
-0.060000 10.380000 1.860000 161337358758
-0.120000 10.080000 1.800000 161337370143
-0.120000 9.960000 1.680000 161337381511
-0.240000 10.320000 1.680000 161337392870
-0.120000 10.200000 1.920000 161337404868
0.120000 10.320000 1.920000 161337416757
-0.120000 9.960000 1.680000 161337428727
-0.120000 10.440000 1.680000 161337440762
0.240000 10.200000 1.800000 161337452747
-0.240000 10.320000 1.800000 161337464723
0.060000 10.500000 1.740000 161337476717
0.060000 10.380000 1.740000 161337488725
0.480000 10.320000 1.800000 161337501157
-0.180000 10.020000 1.620000 161337512854
-0.120000 10.200000 1.800000 161337524843
0.120000 10.320000 1.560000 161337536848
0.240000 10.440000 1.200000 161337548845
-0.060000 10.260000 1.860000 161337560856
-0.060000 10.080000 1.800000 161337572841
0.060000 10.380000 1.380000 161337584843
-0.240000 10.440000 1.440000 161337596831
0.180000 10.260000 1.500000 161337609483
0.120000 10.080000 1.440000 161337621155
0.060000 10.380000 1.860000 161337633002
0.480000 10.679999 1.800000 161337645038
-0.120000 10.200000 1.440000 161337657014
-0.120000 10.440000 1.560000 161337669021
0.180000 10.020000 1.620000 161337680840
0.180000 9.900000 1.380000 161337693013
0.060000 9.780000 1.380000 161337705121
0.060000 10.139999 1.380000 161337717266
0.300000 10.260000 1.380000 161337729434
0.300000 10.080000 1.680000 161337741311
-0.060000 10.260000 1.620000 161337753227
-0.120000 10.080000 1.560000 161337765235
-0.120000 10.320000 1.320000 161337777208
0.120000 10.080000 1.440000 161337789214
0.300000 10.380000 1.380000 161337801458
0.360000 10.320000 1.440000 161337812977
0.300000 10.380000 1.740000 161337824740
-0.180000 10.020000 1.860000 161337836726
0.120000 10.080000 1.560000 161337848725
-0.120000 10.200000 1.560000 161337860744
0.120000 10.200000 1.560000 161337872730
-0.060000 10.139999 1.260000 161337884729
-0.060000 10.260000 1.740000 161337896723
0.120000 10.440000 1.680000 161337909268
0.120000 10.440000 1.680000 161337920965
-0.240000 10.320000 1.560000 161337932837
-0.240000 10.200000 1.680000 161337944852
-0.060000 10.260000 1.740000 161337956847
-0.120000 10.080000 1.800000 161337968833
0.180000 10.139999 1.620000 161337980848
-0.060000 10.500000 1.500000 161337992845
0.120000 10.320000 1.560000 161338005943
0.120000 10.200000 1.680000 161338017601
0.120000 10.200000 1.680000 161338029245
0.180000 10.139999 1.740000 161338041027
0.180000 10.200000 1.320000 161338053006
-0.240000 10.200000 1.560000 161338065036
0.120000 10.200000 1.560000 161338077017
-0.240000 10.080000 1.320000 161338089015
-0.060000 10.020000 1.620000 161338101138
0.420000 10.020000 1.500000 161338113017
0.060000 10.139999 1.620000 161338125332
0.060000 10.380000 1.620000 161338136973
0.120000 10.200000 1.440000 161338149011
0.180000 10.380000 1.620000 161338161059
0.360000 10.320000 1.440000 161338173003
0.240000 10.080000 1.680000 161338185033
0.360000 10.080000 1.440000 161338196809
0.240000 10.320000 1.560000 161338209113
0.240000 10.320000 1.560000 161338221057
0.300000 10.139999 1.620000 161338233258
0.240000 10.080000 1.680000 161338245469
0.180000 9.900000 1.740000 161338257309
0.120000 10.080000 1.680000 161338269225
0.060000 10.139999 1.500000 161338281240
-0.060000 10.260000 1.500000 161338293196
-0.060000 10.020000 1.740000 161338305044
-0.060000 10.139999 1.500000 161338317033
0.420000 10.380000 1.260000 161338329013
0.420000 10.200000 1.560000 161338341278
0.120000 9.840000 1.560000 161338353426
0.180000 10.260000 1.500000 161338365306
0.240000 10.080000 1.680000 161338377209
0.180000 10.020000 2.100000 161338389215
0.180000 9.960000 1.560000 161338401387
0.180000 10.020000 1.620000 161338413250
0.180000 10.200000 1.320000 161338425895
0.180000 10.139999 1.620000 161338437784
0.180000 10.080000 1.560000 161338449664
0.060000 10.260000 1.380000 161338461528
0.060000 10.260000 1.260000 161338473389
0.060000 10.080000 1.680000 161338485265
-0.060000 10.139999 1.740000 161338497216
-0.060000 10.080000 1.680000 161338508925
0.120000 10.320000 1.920000 161338520789
-0.060000 10.139999 1.620000 161338532739
-0.240000 10.200000 1.680000 161338544728
-0.240000 10.200000 1.680000 161338556725
-0.240000 10.200000 1.680000 161338568734
0.120000 10.080000 1.320000 161338580746
-0.060000 10.139999 1.740000 161338592721
-0.120000 10.080000 1.560000 161338605491
0.180000 10.500000 1.860000 161338616995
0.120000 10.200000 1.440000 161338628845
0.300000 10.380000 1.620000 161338640859
0.300000 10.320000 1.440000 161338652843
-0.240000 10.200000 1.320000 161338664832
-0.240000 10.080000 1.920000 161338676835
0.060000 10.380000 1.620000 161338688839
0.120000 10.320000 1.680000 161338701447
0.060000 10.260000 1.620000 161338713051
-0.060000 9.900000 1.620000 161338724944
-0.060000 10.200000 1.320000 161338736956
0.420000 10.260000 1.500000 161338748945
0.180000 10.500000 1.260000 161338760961
0.120000 10.440000 1.560000 161338772753
0.240000 10.559999 1.440000 161338784950
0.240000 10.080000 1.680000 161338796927
0.240000 10.080000 1.440000 161338809103
0.360000 10.320000 1.560000 161338821119
0.300000 10.500000 1.500000 161338832908
0.180000 10.500000 1.500000 161338845137
0.120000 10.320000 1.560000 161338857111
0.060000 10.260000 1.620000 161338869111
0.120000 10.440000 1.680000 161338880922
0.060000 10.139999 1.260000 161338892906
-0.120000 10.200000 1.680000 161338904889
0.180000 10.139999 1.500000 161338917100
0.180000 9.780000 1.740000 161338929097
0.420000 10.260000 1.500000 161338941128
0.420000 10.080000 1.680000 161338953118
0.420000 10.320000 1.680000 161338965168
0.420000 10.200000 1.680000 161338976872
0.300000 10.020000 1.740000 161338989104
-0.180000 10.260000 1.500000 161339000957
-0.360000 10.320000 1.680000 161339013022
-0.240000 10.320000 1.800000 161339025039
-0.180000 9.900000 1.500000 161339037264
-0.480000 10.080000 1.680000 161339049401
-0.480000 10.080000 1.320000 161339061276
0.120000 10.080000 1.560000 161339073214
-0.060000 10.020000 1.500000 161339085232
0.180000 10.139999 1.860000 161339097214
-0.060000 10.380000 1.500000 161339109330
-0.120000 10.080000 1.560000 161339121198
0.120000 10.440000 1.440000 161339133009
0.300000 10.020000 1.380000 161339145005
0.120000 10.080000 1.680000 161339156999
0.060000 10.260000 1.380000 161339169242
0.180000 10.020000 1.500000 161339181446
0.060000 10.139999 1.500000 161339193292
0.060000 10.320000 1.680000 161339206492
0.060000 9.900000 1.740000 161339218530
0.180000 10.139999 1.620000 161339230606
0.120000 10.320000 1.680000 161339242645
-0.060000 10.260000 1.380000 161339254652
-0.060000 10.320000 1.200000 161339266710
0.120000 9.960000 1.800000 161339278755
0.060000 10.380000 1.620000 161339290815
0.240000 10.080000 1.320000 161339302672
0.060000 10.260000 1.620000 161339314055
0.060000 10.440000 2.040000 161339325462
0.420000 10.500000 1.860000 161339336817
0.120000 10.440000 1.680000 161339348788
0.060000 10.139999 1.740000 161339360789
0.240000 10.320000 1.800000 161339372758
0.420000 10.139999 1.740000 161339384758
0.240000 10.080000 1.800000 161339396764
0.060000 10.139999 1.620000 161339408969
0.060000 10.260000 1.740000 161339420846
0.060000 10.139999 1.620000 161339432810
0.060000 10.320000 1.680000 161339444870
0.240000 10.440000 1.680000 161339456817
-0.120000 10.200000 1.560000 161339468807
0.060000 10.020000 1.860000 161339480833
0.120000 10.559999 1.800000 161339492829
0.120000 10.559999 1.920000 161339505783
0.420000 10.139999 1.740000 161339517385
0.180000 10.380000 1.860000 161339528964
0.180000 10.380000 1.500000 161339540996
0.120000 9.960000 1.320000 161339552985
-0.060000 10.139999 1.620000 161339565076
0.120000 10.200000 1.800000 161339576987
-0.180000 10.380000 1.860000 161339589013
0.240000 10.320000 1.920000 161339601438
0.240000 10.200000 1.440000 161339613096
0.180000 9.780000 1.740000 161339625109
0.120000 10.200000 1.800000 161339637068
0.300000 10.380000 1.740000 161339648968
0.180000 10.139999 1.620000 161339660991
-0.240000 10.440000 1.560000 161339672987
0.180000 10.500000 1.500000 161339685142
0.180000 9.900000 1.500000 161339697080
0.300000 10.380000 1.620000 161339709216
0.180000 10.139999 1.740000 161339721165
0.060000 10.020000 1.620000 161339733102
0.300000 10.380000 1.620000 161339745105
0.240000 10.080000 1.680000 161339757166
0.360000 10.200000 1.440000 161339769247
0.300000 10.500000 1.620000 161339781271
0.420000 10.380000 1.980000 161339793240
0.180000 10.139999 1.500000 161339807169
0.060000 10.139999 1.380000 161339819225
-0.420000 10.260000 1.620000 161339831291
0.060000 10.139999 1.740000 161339843299
-0.060000 10.020000 1.380000 161339855358
-0.120000 10.440000 1.440000 161339867386
0.120000 10.200000 1.440000 161339879397
0.060000 10.260000 1.740000 161339891454
-0.060000 10.380000 1.260000 161339903566
