0.029420 0.137293 9.865492 12496363174
0.039227 0.098067 9.845878 12496388138
0.058840 0.127486 9.796844 12496413158
0.049033 0.117680 9.796844 12496438159
0.039227 0.107873 9.865492 12496463168
0.049033 0.137293 9.836071 12496488138
0.107873 -0.098067 9.914525 12496513171
0.117680 -0.068647 9.816459 12496538162
0.058840 -0.078453 9.855684 12496563171
-0.019613 -0.009807 9.904717 12496588144
-0.186326 0.019613 9.963558 12496613164
-0.323619 0.205940 9.757618 12496638158
-0.343233 0.274586 9.875298 12496663171
-0.127486 0.343233 9.875298 12496688146
-0.205940 0.235360 9.845878 12496713160
-0.245166 0.137293 9.787038 12496738160
-0.098067 0.127486 9.757618 12496763172
0.421686 0.039227 9.806651 12496788141
0.686466 0.029420 9.796844 12496813159
0.529559 -0.019613 9.875298 12496838167
0.539366 -0.019613 10.071430 12496863171
0.421686 0.156906 9.973364 12496888136
0.098067 0.225553 9.973364 12496913164
-0.117680 0.382459 10.042011 12496938156
-0.147100 0.313813 9.875298 12496963170
-0.147100 0.117680 9.796844 12496988137
-0.009807 0.186326 9.934137 12497013173
0.019613 0.166713 9.777231 12497038175
-0.088260 0.205940 9.845878 12497063169
-0.058840 0.088260 9.845878 12497088140
0.019613 -0.009807 9.865492 12497113164
0.029420 -0.107873 9.894911 12497138170
-0.009807 -0.009807 9.953751 12497163163
-0.205940 0.176520 10.061625 12497188145
-0.343233 0.284393 10.071430 12497213167
-0.362846 0.294200 9.973364 12497238173
-0.186326 0.205940 9.787038 12497263161
-0.196133 0.225553 9.757618 12497288141
-0.196133 0.353039 9.777231 12497313165
1.343511 1.186605 9.865492 12497338169
0.627626 0.186326 9.885104 12497363165
0.284393 0.333426 9.904717 12497388143
0.049033 0.284393 9.885104 12497413165
-0.147100 0.205940 9.688972 12497438165
-0.294200 0.323619 9.816459 12497463169
-0.215746 0.343233 9.757618 12497488141
-0.156906 0.313813 9.757618 12497513164
-0.068647 0.245166 9.796844 12497538183
0.019613 0.205940 9.875298 12497563171
-0.049033 0.117680 9.914525 12497588146
-0.019613 0.019613 9.904717 12497613173
0.068647 -0.029420 9.992978 12497638169
0.058840 0.039227 9.806651 12497663165
0.058840 0.254973 9.688972 12497688141
0.049033 0.431493 9.787038 12497713162
0.058840 0.480526 9.826264 12497738166
-0.029420 0.294200 9.836071 12497763163
-0.137293 0.098067 9.934137 12497788141
-0.088260 0.147100 9.806651 12497813164
-0.019613 0.264780 9.885104 12497838164
-0.019613 0.274586 9.885104 12497863155
0.196133 0.215746 9.914525 12497888146
0.254973 0.294200 9.894911 12497913161
0.147100 0.323619 9.836071 12497938170
0.009807 0.225553 9.855684 12497963166
0.098067 0.225553 9.865492 12497988142
0.098067 0.205940 9.855684 12498013155
0.058840 0.235360 9.796844 12498038175
0.088260 0.245166 9.806651 12498063142
0.078453 0.323619 9.826264 12498088147
0.058840 0.205940 9.826264 12498113156
-0.088260 0.284393 9.953751 12498138163
-0.196133 0.284393 9.973364 12498163156
-0.304006 0.304006 9.914525 12498188144
-0.156906 0.245166 9.963558 12498213154
0.156906 0.490333 9.845878 12498238168
0.107873 0.519753 9.826264 12498263162
0.088260 0.451106 9.806651 12498288140
0.098067 0.392266 9.904717 12498313162
0.147100 0.225553 9.855684 12498338163
0.088260 0.254973 9.875298 12498363150
0.068647 0.509946 9.836071 12498388141
0.019613 0.431493 9.855684 12498413155
0.049033 0.353039 9.865492 12498438167
0.039227 0.294200 9.826264 12498463160
0.039227 0.274586 9.816459 12498488139
0.039227 0.284393 9.836071 12498513156
0.039227 0.284393 9.855684 12498538168
0.029420 0.304006 9.806651 12498563155
0.009807 0.284393 9.816459 12498588142
0.107873 0.225553 9.787038 12498613153
0.107873 0.372653 9.826264 12498638156
0.009807 0.333426 9.728198 12498663157
0.009807 0.284393 9.796844 12498688154
0.009807 0.039227 9.806651 12498713161
0.009807 0.019613 9.787038 12498738155
0.009807 0.019613 9.767425 12498763155
-0.058840 -0.049033 9.826264 12498788140
-0.029420 -0.078453 9.836071 12498813155
0.019613 -0.039227 9.885104 12498838167
0.098067 0.117680 9.845878 12498863160
0.137293 0.274586 9.855684 12498888144
0.088260 0.264780 9.865492 12498913161
0.039227 0.235360 9.914525 12498938162
0.107873 0.235360 9.914525 12498963150
0.029420 0.137293 9.934137 12498988143
0.049033 0.245166 9.836071 12499013161
-0.039227 0.166713 9.885104 12499038171
-0.049033 0.205940 9.836071 12499063161
-0.088260 0.304006 9.885104 12499088138
0.009807 0.402073 9.826264 12499113153
0.009807 0.519753 9.738005 12499138163
-0.147100 0.421686 9.845878 12499163160
-0.068647 0.588399 9.924331 12499188144
-0.098067 0.490333 9.875298 12499213181
-0.098067 0.568786 9.796844 12499238169
-0.147100 0.608012 9.836071 12499263149
-0.147100 0.353039 9.826264 12499288138
0.039227 0.245166 9.816459 12499313152
-0.009807 0.186326 9.855684 12499338163
-0.029420 0.098067 9.904717 12499363140
-0.039227 0.176520 9.836071 12499388156
-0.107873 0.235360 9.875298 12499413147
-0.156906 0.304006 9.836071 12499438172
-0.117680 0.176520 9.787038 12499463149
0.127486 0.470719 9.669358 12499488143
0.107873 0.431493 9.767425 12499513153
0.039227 0.382459 9.855684 12499538170
-0.058840 0.362846 9.914525 12499563150
-0.147100 0.254973 9.855684 12499588144
-0.088260 0.362846 9.836071 12499613149
0.058840 0.578592 9.816459 12499638170
0.009807 0.568786 9.875298 12499663129
-0.088260 0.500139 9.826264 12499688148
0.029420 0.460913 9.855684 12499713154
0.245166 0.509946 9.806651 12499738169
0.225553 0.451106 9.943945 12499763151
0.068647 0.402073 9.865492 12499788140
-0.186326 0.598206 9.865492 12499813159
-0.147100 0.166713 9.894911 12499838178
-0.196133 0.107873 9.885104 12499863152
-0.215746 0.392266 9.816459 12499888157
0.127486 0.353039 9.365352 12499913154
-0.019613 0.264780 9.777231 12499938169
-0.186326 0.196133 9.836071 12499963127
-0.235360 0.225553 9.875298 12499988113
-0.078453 0.402073 9.865492 12500013179
-0.019613 0.382459 9.904717 12500038175
-0.078453 0.235360 9.855684 12500063176
-0.196133 0.156906 9.865492 12500088148
-0.098067 0.264780 9.787038 12500113269
-0.117680 0.284393 9.836071 12500138175
0.098067 0.372653 9.904717 12500163148
0.205940 0.353039 9.836071 12500188144
0.186326 0.294200 9.826264 12500213148
0.343233 0.294200 9.836071 12500238165
0.147100 0.225553 9.845878 12500263153
0.117680 0.323619 9.855684 12500288143
0.029420 0.343233 9.845878 12500313161
0.137293 0.362846 9.855684 12500338169
0.353039 0.392266 9.845878 12500363160
0.186326 0.411879 9.865492 12500388140
0.039227 0.411879 9.836071 12500413161
0.039227 0.402073 9.836071 12500438170
-0.088260 0.235360 9.855684 12500463162
-0.029420 0.245166 9.963558 12500488139
0.058840 0.431493 10.002784 12500513162
0.019613 0.402073 9.894911 12500538171
0.078453 0.402073 9.836071 12500563158
-0.098067 0.274586 9.787038 12500588139
-0.058840 0.176520 9.806651 12500613154
-0.019613 0.313813 9.914525 12500638167
-0.058840 0.470719 9.885104 12500663161
-0.196133 0.451106 9.904717 12500688139
-0.156906 0.313813 9.914525 12500713156
-0.009807 0.078453 9.885104 12500738168
-0.088260 0.137293 9.865492 12500763159
-0.215746 0.235360 9.885104 12500788142
-0.245166 0.362846 9.845878 12500813173
-0.245166 0.225553 9.836071 12500838166
0.068647 0.186326 9.855684 12500863152
-0.098067 0.304006 9.806651 12500888144
-0.274586 0.411879 9.826264 12500913168
-0.382459 0.549172 9.855684 12500938173
-0.294200 0.304006 9.875298 12500963173
-0.147100 0.127486 9.757618 12500988146
-0.254973 0.039227 9.806651 12501013174
-0.098067 0.274586 9.875298 12501038166
-0.127486 0.166713 9.845878 12501063151
-0.186326 0.088260 9.728198 12501088142
-0.107873 0.147100 9.973364 12501113171
0.009807 0.205940 9.590905 12501138170
-0.235360 0.254973 9.757618 12501163171
-0.098067 0.402073 9.728198 12501188139
-0.068647 0.588399 9.767425 12501213171
-0.107873 0.588399 9.738005 12501238169
-0.137293 0.647239 9.796844 12501263182
-0.304006 0.725692 9.728198 12501288142
-0.490333 0.441299 9.845878 12501313171
-0.254973 0.264780 9.816459 12501338164
0.107873 0.137293 9.943945 12501363170
0.304006 0.078453 9.894911 12501388142
0.323619 0.186326 10.012591 12501413170
0.078453 0.186326 10.032204 12501438168
-0.264780 0.205940 9.904717 12501463172
-0.441299 0.196133 9.836071 12501488144
-0.225553 0.313813 9.806651 12501513168
-0.058840 0.304006 9.914525 12501538169
-0.029420 0.274586 10.002784 12501563172
0.117680 0.166713 9.865492 12501588143
0.137293 0.166713 10.022397 12501613160
0.049033 -0.019613 10.051817 12501638175
-0.049033 0.068647 10.169497 12501663165
0.019613 0.156906 10.051817 12501688134
-0.137293 0.304006 9.806651 12501713149
-0.068647 0.323619 9.943945 12501738159
-0.058840 0.176520 9.885104 12501763173
-0.058840 0.166713 9.738005 12501788130
-0.088260 0.225553 9.747811 12501813174
-0.225553 0.392266 9.747811 12501838164
-0.274586 0.264780 9.738005 12501863171
-0.205940 0.117680 9.865492 12501888136
-0.274586 -0.068647 9.963558 12501913177
-0.294200 -0.049033 9.845878 12501938159
-0.215746 0.176520 9.836071 12501963166
-0.254973 0.558979 9.826264 12501988135
-0.215746 0.294200 9.845878 12502013174
-0.176520 0.362846 9.904717 12502038156
-0.098067 0.382459 9.826264 12502063173
0.156906 0.225553 9.845878 12502088133
0.078453 0.254973 9.894911 12502113175
-0.156906 0.215746 9.885104 12502138163
-0.127486 0.088260 9.836071 12502163175
-0.137293 0.166713 9.894911 12502188133
-0.205940 0.284393 9.855684 12502213176
-0.254973 0.333426 9.875298 12502238155
-0.127486 0.254973 9.865492 12502263169
-0.078453 0.215746 9.875298 12502288134
-0.058840 0.225553 9.904717 12502313171
-0.049033 0.186326 9.855684 12502338160
-0.029420 0.166713 9.885104 12502363173
-0.029420 0.166713 9.855684 12502388113
0.088260 0.411879 9.492838 12502413177
0.019613 0.284393 9.620325 12502438162
-0.098067 0.078453 9.894911 12502463168
-0.078453 0.098067 9.885104 12502488128
-0.039227 0.127486 9.826264 12502513168
-0.039227 0.156906 9.767425 12502538176
-0.058840 0.137293 9.845878 12502563168
-0.039227 0.156906 9.855684 12502588126
-0.039227 0.156906 9.826264 12502613177
-0.019613 0.127486 9.610518 12502638168
-0.029420 0.186326 9.875298 12502663153
-0.068647 0.205940 10.159691 12502688147
-0.009807 0.284393 10.032204 12502713169
0.637432 0.509946 9.992978 12502738171
0.039227 0.274586 10.032204 12502763170
-0.137293 0.578592 9.816459 12502788139
-0.039227 0.451106 9.875298 12502813170
-0.009807 0.353039 9.855684 12502838170
-0.480526 0.117680 9.943945 12502863180
-0.402073 0.039227 9.845878 12502888142
-0.225553 -0.068647 9.924331 12502913169
-0.029420 -0.039227 9.865492 12502938167
-0.068647 0.421686 9.894911 12502963169
-0.225553 -0.019613 9.992978 12502988140
-0.225553 -0.009807 9.973364 12503013169
0.058840 0.049033 9.924331 12503038169
0.058840 0.078453 9.826264 12503063161
-0.156906 -0.078453 9.806651 12503088146
-0.794339 -0.402073 9.875298 12503113173
-0.009807 -0.117680 9.894911 12503138162
0.049033 -0.088260 9.894911 12503163167
-0.019613 -0.107873 9.914525 12503188140
-0.205940 0.127486 9.904717 12503213161
-0.186326 0.470719 9.826264 12503238166
-0.117680 0.627626 9.875298 12503263166
-0.049033 0.608012 9.816459 12503288144
-0.098067 0.353039 9.894911 12503313165
-0.049033 -0.284393 9.953751 12503338168
-0.078453 -0.372653 9.904717 12503363167
-0.147100 -0.196133 9.845878 12503388139
-0.176520 -0.049033 9.826264 12503413167
-0.117680 0.127486 9.806651 12503438164
-0.078453 0.009807 9.836071 12503463170
-0.156906 -0.078453 9.865492 12503488140
-0.235360 0.176520 9.885104 12503513165
-0.323619 0.166713 9.826264 12503538167
-0.254973 0.078453 9.855684 12503563167
-0.166713 0.078453 9.845878 12503588136
-0.196133 0.147100 9.855684 12503613160
-0.274586 0.451106 9.747811 12503638168
-0.127486 0.382459 9.659552 12503663168
-0.088260 0.274586 9.757618 12503688139
-0.058840 0.166713 9.816459 12503713167
-0.176520 0.039227 9.865492 12503738166
-0.264780 0.058840 10.002784 12503763166
-0.176520 0.225553 9.973364 12503788140
-0.176520 0.519753 9.855684 12503813163
0.058840 0.402073 9.894911 12503838155
-0.039227 0.323619 9.855684 12503863164
-0.137293 0.313813 9.865492 12503888136
-0.205940 0.333426 9.806651 12503913162
-0.186326 0.313813 9.816459 12503938165
-0.107873 0.205940 9.875298 12503963169
-0.098067 0.186326 9.865492 12503988134
-0.078453 0.166713 9.875298 12504013167
-0.058840 0.137293 9.845878 12504038165
-0.039227 0.176520 9.865492 12504063147
0.274586 -0.127486 9.894911 12504088136
-0.313813 0.127486 9.845878 12504113164
-0.441299 0.323619 9.836071 12504138167
-0.284393 0.274586 9.787038 12504163162
-0.078453 0.147100 9.767425 12504188137
-0.196133 0.205940 9.777231 12504213162
-0.421686 0.235360 9.738005 12504238163
-0.245166 0.215746 9.806651 12504263153
-0.107873 0.235360 9.963558 12504288128
-0.098067 0.058840 9.894911 12504313162
-0.166713 0.156906 9.894911 12504338163
-0.078453 0.098067 9.904717 12504363162
-0.205940 0.078453 9.924331 12504388131
-0.176520 -0.019613 9.924331 12504413157
-0.156906 -0.039227 9.767425 12504438160
-0.313813 -0.156906 9.885104 12504463167
-0.176520 0.313813 9.904717 12504488131
0.019613 0.245166 9.894911 12504513158
0.196133 0.274586 9.953751 12504538151
0.313813 0.304006 9.875298 12504563163
0.117680 0.304006 9.826264 12504588128
0.029420 0.068647 9.865492 12504613158
-0.058840 0.333426 9.885104 12504638173
-0.166713 0.313813 9.865492 12504663151
-0.088260 0.068647 9.885104 12504688138
0.039227 0.107873 9.865492 12504713144
-0.117680 0.098067 9.875298 12504738234
-0.137293 0.186326 9.914525 12504763162
0.068647 0.313813 9.914525 12504788131
-0.029420 0.166713 9.963558 12504813140
-0.088260 0.137293 9.943945 12504838164
-0.029420 0.274586 9.894911 12504863169
0.088260 0.274586 9.914525 12504888143
0.186326 0.186326 9.904717 12504913171
0.127486 0.196133 9.894911 12504938160
0.107873 0.156906 9.855684 12504963175
0.039227 0.107873 9.865492 12504988143
-0.019613 0.176520 9.806651 12505013870
-0.039227 0.156906 9.806651 12505038175
-0.137293 0.166713 9.777231 12505063175
-0.029420 0.196133 9.894911 12505088145
-0.019613 0.254973 9.845878 12505113179
-0.058840 0.215746 9.855684 12505138175
0.058840 0.176520 9.875298 12505163177
0.068647 0.156906 9.885104 12505188148
0.058840 0.137293 9.796844 12505213168
0.078453 0.127486 9.845878 12505238171
0.019613 0.098067 9.845878 12505263179
-0.019613 0.117680 9.875298 12505288144
0.019613 0.147100 9.855684 12505313176
0.019613 0.205940 9.855684 12505338162
0.058840 0.156906 9.875298 12505363164
0.019613 0.117680 9.855684 12505388116
-0.009807 0.107873 9.943945 12505413173
-0.009807 0.137293 9.934137 12505438164
0.009807 0.147100 9.885104 12505463178
-0.608012 -0.117680 9.836071 12505488142
-0.323619 -0.058840 9.865492 12505513172
-0.156906 0.137293 9.855684 12505538172
0.019613 0.186326 9.826264 12505563168
0.117680 0.225553 9.855684 12505588147
0.166713 0.196133 9.885104 12505613169
0.147100 0.147100 9.845878 12505638168
0.078453 0.156906 9.865492 12505663173
0.058840 0.107873 9.934137 12505688147
0.019613 0.147100 9.904717 12505713168
0.039227 0.156906 9.875298 12505738173
0.049033 0.186326 9.885104 12505763170
0.068647 0.196133 9.885104 12505788144
0.058840 0.186326 9.924331 12505813170
0.058840 0.147100 9.816459 12505838167
