-0.630000 0.875000 0.087500 12496389931
-0.490000 0.945000 0.105000 12496415147
-0.805000 0.962500 -0.157500 12496440138
-0.507500 0.577500 0.210000 12496465091
-0.402500 0.700000 -0.017500 12496489919
-0.735000 1.050000 -2.397500 12496515122
-0.385000 0.945000 -16.572500 12496540089
-0.455000 1.137500 -23.590000 12496565089
-0.612500 2.310000 -45.570000 12496589944
-0.402500 3.482500 -57.575001 12496615116
-0.717500 3.902500 -64.470001 12496640086
-0.665000 2.012500 -61.442501 12496665092
-0.245000 1.190000 -47.722500 12496689918
-0.420000 0.280000 -33.232502 12496715130
-0.087500 0.297500 -36.977501 12496740125
-0.262500 0.315000 -46.182499 12496765096
-0.385000 0.612500 -60.865002 12496789919
0.017500 0.280000 -60.322502 12496815106
-0.070000 0.280000 -61.127499 12496839966
-0.140000 -0.070000 -81.147499 12496865105
0.105000 0.647500 -88.882500 12496889920
-0.070000 0.035000 -81.707497 12496915116
0.070000 -0.560000 -68.197502 12496940093
-0.017500 -0.087500 -56.560001 12496965094
-0.385000 0.297500 -54.372501 12496989918
-0.210000 0.140000 -56.227501 12497015128
-0.140000 0.420000 -56.070000 12497040119
0.052500 0.367500 -47.845001 12497065098
-0.332500 0.245000 -45.220001 12497089938
-0.175000 0.612500 -58.485001 12497115111
-0.280000 0.262500 -72.169998 12497140093
-0.122500 0.140000 -82.775002 12497165090
-0.017500 0.245000 -89.180000 12497189922
0.070000 0.245000 -85.120003 12497215128
-0.087500 -0.245000 -70.245003 12497240090
0.297500 0.735000 -62.807499 12497265106
0.052500 0.455000 -63.805000 12497289912
0.017500 -0.770000 -60.777500 12497315119
-0.035000 -2.607500 -31.412500 12497339971
0.035000 0.297500 -40.564999 12497365093
-0.280000 2.712500 -56.910000 12497389918
-0.665000 0.735000 -58.887501 12497415113
0.035000 0.735000 -48.632500 12497440093
-0.227500 0.455000 -38.884998 12497464970
-0.420000 0.787500 -31.115000 12497489926
-0.402500 0.297500 -27.755001 12497515121
-0.577500 0.490000 -27.160000 12497539991
-0.455000 0.455000 -25.112499 12497565111
-0.490000 0.052500 -26.950001 12497589928
-0.350000 0.052500 -37.677502 12497615120
-0.297500 0.630000 -56.945000 12497640098
-0.035000 0.507500 -64.959999 12497665091
0.052500 0.157500 -69.440002 12497689916
-0.227500 -0.087500 -62.282501 12497715111
-0.192500 0.437500 -47.372501 12497740087
-0.157500 1.627500 -39.147499 12497765088
-0.192500 1.960000 -42.402500 12497789920
-0.262500 2.152500 -44.764999 12497815129
-0.157500 0.175000 -37.712502 12497839972
-0.052500 0.507500 -39.619999 12497865122
-0.105000 0.455000 -47.810001 12497889919
-0.087500 -0.630000 -48.965000 12497915118
-0.052500 0.332500 -44.047501 12497940093
0.105000 -0.735000 -33.092499 12497965095
-0.052500 -0.035000 -31.552500 12497989917
-0.297500 0.822500 -30.065001 12498015319
-0.315000 0.577500 -28.594999 12498040102
-0.420000 0.122500 -27.264999 12498065007
-0.175000 0.087500 -28.087500 12498090246
-0.280000 0.752500 -33.564999 12498115004
-0.420000 0.840000 -35.577499 12498140100
-0.350000 1.890000 -35.840000 12498165100
-0.315000 1.487500 -35.157501 12498189913
-0.315000 1.400000 -34.702499 12498215289
-0.367500 1.942500 -27.702499 12498240102
-0.262500 0.700000 -16.852501 12498265106
-0.490000 0.262500 -13.860000 12498289914
-0.210000 0.157500 -13.772500 12498315290
-0.227500 -0.192500 -14.175000 12498339990
-0.385000 0.910000 -15.680000 12498365117
-0.682500 1.242500 -10.885000 12498389924
-0.560000 0.805000 -0.367500 12498415127
-0.577500 1.190000 -0.017500 12498440107
-0.665000 0.735000 0.105000 12498465101
-0.525000 0.402500 -0.035000 12498489913
-0.490000 0.140000 0.472500 12498515132
-0.437500 -0.210000 0.122500 12498540102
-0.682500 0.122500 -0.192500 12498565107
-0.420000 -0.087500 -0.192500 12498589931
-0.472500 2.047500 -11.182500 12498615128
-0.297500 0.857500 -8.907500 12498640126
-0.560000 0.560000 -0.630000 12498665119
-0.665000 0.017500 -0.035000 12498689919
-0.647500 -0.297500 -5.810000 12498715113
-0.402500 1.330000 -9.415000 12498740106
-0.455000 -0.105000 -14.140000 12498765103
-0.332500 0.805000 -23.379999 12498789914
-0.385000 -0.105000 -37.677502 12498815119
-0.455000 1.137500 -47.320000 12498839983
-0.192500 1.085000 -56.227501 12498865091
-0.210000 1.260000 -59.062500 12498889916
-0.262500 0.840000 -59.779999 12498915139
-0.472500 1.032500 -63.490002 12498940097
-0.140000 0.052500 -66.867500 12498965097
-0.140000 -0.157500 -72.432503 12498989913
-0.297500 0.070000 -79.852501 12499015150
-0.052500 0.052500 -79.397499 12499040106
-0.175000 -0.402500 -80.639999 12499065098
-0.017500 -0.437500 -79.029999 12499089939
-0.140000 0.542500 -77.052498 12499115134
0.105000 0.210000 -72.047501 12499140097
-0.105000 -1.260000 -67.830002 12499165103
0.105000 -1.995000 -62.107502 12499189969
-0.262500 -0.017500 -49.087502 12499215117
-0.385000 0.227500 -40.775002 12499240075
-0.385000 -1.610000 -29.662500 12499265090
-0.420000 0.297500 -26.215000 12499289917
-0.525000 1.557500 -25.375000 12499315290
-0.507500 3.342500 -26.582500 12499340160
-0.455000 0.630000 -34.825001 12499365119
-0.332500 -1.137500 -38.325001 12499389925
-0.280000 -0.367500 -39.357502 12499415327
-0.280000 -1.050000 -38.972500 12499440121
-0.315000 0.857500 -41.037498 12499465104
-0.420000 2.905000 -44.450001 12499489917
-0.332500 3.325000 -42.717499 12499515301
-0.595000 1.417500 -37.625000 12499540103
-0.472500 -1.347500 -34.125000 12499565100
-0.052500 -1.260000 -34.632500 12499589932
-0.402500 -0.735000 -32.865002 12499615128
-0.472500 0.332500 -27.912500 12499640119
-0.577500 2.747500 -20.335001 12499665101
-0.542500 -0.700000 -23.852501 12499689919
-0.105000 -0.280000 -23.327499 12499715132
-0.507500 4.375000 -16.502501 12499739975
-0.682500 4.252500 -4.217500 12499765112
-0.612500 2.222500 -0.035000 12499789920
-0.945000 2.222500 13.160000 12499815106
-0.682500 -0.192500 10.342500 12499839975
-0.525000 1.242500 -7.647500 12499865112
-0.595000 -0.332500 -13.300000 12499889923
-0.612500 -2.362500 -7.035000 12499915150
-0.175000 -1.820000 -12.040000 12499940103
-0.105000 -0.105000 -14.402500 12499965107
-0.612500 1.382500 -28.787500 12499989950
-0.280000 1.242500 -34.317501 12500014992
-0.507500 -0.507500 -32.619999 12500039987
-0.262500 -1.085000 -35.017502 12500065133
-0.245000 -0.770000 -33.652500 12500089912
-0.420000 -0.840000 -34.264999 12500114970
-0.157500 0.980000 -38.062500 12500140122
-0.472500 0.420000 -35.805000 12500164988
-0.507500 -1.190000 -34.457500 12500189917
-0.647500 -0.682500 -35.525002 12500215135
-0.315000 0.385000 -42.945000 12500240112
-0.420000 -0.682500 -43.049999 12500265099
-0.700000 0.122500 -44.607502 12500289922
-0.735000 0.035000 -45.552502 12500315129
-0.560000 0.472500 -53.480000 12500339968
-0.577500 0.682500 -63.542500 12500365110
-0.507500 -0.175000 -54.145000 12500389920
-0.647500 -0.297500 -51.170002 12500415132
-0.542500 0.175000 -51.712502 12500440104
-0.735000 0.227500 -51.677502 12500465107
-0.507500 -0.525000 -55.965000 12500489928
-0.612500 0.017500 -55.562500 12500515136
-0.525000 0.735000 -55.667500 12500540115
-0.455000 0.525000 -57.924999 12500565116
-0.490000 -0.822500 -54.250000 12500589925
-0.577500 0.490000 -58.695000 12500615124
-0.595000 1.522500 -61.635002 12500640100
-0.525000 1.102500 -61.372501 12500665106
-0.507500 0.857500 -54.494999 12500689919
-0.437500 -0.140000 -54.792500 12500715125
-0.210000 0.717500 -62.142502 12500740100
-0.140000 -0.892500 -69.807503 12500765096
-0.420000 0.140000 -64.014999 12500789916
-0.315000 -0.175000 -54.302502 12500815129
-0.367500 -0.560000 -51.834999 12500839973
-0.245000 -0.822500 -61.722500 12500865116
-0.210000 0.612500 -67.305000 12500889917
-0.455000 0.857500 -63.490002 12500915138
-0.472500 0.927500 -56.174999 12500940106
-0.472500 0.962500 -57.154999 12500965090
-0.297500 1.907500 -64.680000 12500989917
-0.612500 2.012500 -78.750000 12501015140
-0.035000 2.905000 -80.727501 12501040100
-0.210000 0.875000 -80.745003 12501064978
-0.227500 -0.385000 -90.474998 12501089935
0.035000 -0.665000 -98.822502 12501115126
0.052500 -1.102500 -104.527504 12501140121
-0.105000 -1.120000 -106.364998 12501165109
-0.140000 -2.047500 -106.400002 12501189918
0.105000 -4.287500 -98.000000 12501215126
0.105000 -2.065000 -91.209999 12501240101
-0.332500 -1.610000 -88.217499 12501265097
-0.297500 0.857500 -70.840004 12501289921
-0.472500 2.485000 -61.950001 12501315129
-0.297500 3.990000 -61.092499 12501339980
-0.017500 2.222500 -67.269997 12501365103
-0.087500 0.525000 -74.690002 12501389928
-0.157500 -0.560000 -83.037498 12501415155
0.122500 -2.240000 -83.720001 12501440118
-0.210000 -2.520000 -82.967499 12501465102
-0.175000 -0.472500 -76.160004 12501489918
-0.525000 -0.472500 -70.279999 12501515140
-0.350000 0.787500 -65.379997 12501540107
-0.035000 0.735000 -67.182503 12501565088
-0.140000 0.682500 -75.862503 12501589941
-0.140000 -2.327500 -86.205002 12501615132
0.017500 -2.012500 -90.125000 12501640105
-0.210000 -2.677500 -85.785004 12501665110
-0.332500 -0.962500 -79.887497 12501689909
-0.315000 0.227500 -71.855003 12501715306
-0.420000 0.525000 -64.364998 12501740115
-0.402500 -1.137500 -66.972504 12501765104
-0.157500 -1.260000 -70.157501 12501789919
-0.227500 -0.157500 -69.947502 12501815293
-0.420000 -1.155000 -61.862499 12501839976
-0.507500 0.315000 -48.107502 12501865103
-0.630000 -0.035000 -48.055000 12501889917
-0.385000 0.315000 -46.830002 12501915294
-0.192500 0.245000 -50.855000 12501940082
-0.280000 -0.595000 -53.619999 12501965114
-0.595000 -1.365000 -40.075001 12501989920
-0.612500 1.032500 -28.787500 12502015126
-0.175000 0.385000 -27.160000 12502040086
-0.612500 1.820000 -23.450001 12502065090
-0.385000 2.100000 -26.792500 12502089923
-0.420000 1.330000 -31.639999 12502115140
-0.542500 0.927500 -21.332500 12502140087
-0.350000 1.172500 -17.797501 12502165100
-0.507500 0.175000 -18.497499 12502189918
-0.525000 0.017500 -12.057500 12502215142
-0.525000 0.787500 -3.482500 12502240106
-0.735000 0.035000 0.122500 12502265094
-0.595000 0.560000 0.070000 12502289921
-0.682500 0.367500 0.315000 12502315121
-0.577500 1.102500 -0.140000 12502339970
-0.770000 1.190000 -0.105000 12502365102
-0.542500 1.347500 0.052500 12502389937
-0.455000 0.595000 2.450000 12502415127
-0.630000 0.595000 1.435000 12502440106
-0.770000 0.997500 -0.192500 12502465102
-0.332500 -0.297500 -0.070000 12502489913
-0.665000 -0.157500 -0.122500 12502515137
-0.647500 2.047500 -0.315000 12502540106
-0.735000 1.540000 0.070000 12502565098
-0.437500 1.330000 0.070000 12502589919
-0.717500 0.577500 0.122500 12502614973
-0.577500 0.490000 -0.017500 12502640112
-0.892500 0.490000 0.052500 12502665101
-0.490000 2.380000 -0.017500 12502689921
-0.367500 0.560000 -0.017500 12502715121
-0.682500 0.297500 4.025000 12502740104
-0.402500 0.455000 -8.085000 12502765097
-0.490000 0.332500 -10.955000 12502789915
-0.560000 1.452500 -20.510000 12502815130
-0.542500 0.420000 -40.022499 12502839966
-0.560000 0.017500 -37.432499 12502865085
-0.630000 0.052500 -27.615000 12502889914
-0.647500 0.332500 -20.510000 12502915131
-0.700000 -0.052500 -17.622499 12502940001
-0.682500 1.610000 -9.590000 12502965105
-0.682500 6.072500 -9.240000 12502989948
-0.245000 3.955000 -13.405000 12503015129
-0.612500 2.765000 -7.087500 12503040136
-0.752500 5.670000 -5.600000 12503065111
-0.420000 10.062500 -6.895000 12503089998
-0.770000 5.880000 -13.825000 12503115138
-0.962500 6.160000 -19.372499 12503140144
-1.260000 2.975000 -36.994999 12503165116
-0.297500 -2.117500 -57.224998 12503189913
1.050000 -2.922500 -69.842499 12503215124
1.015000 -2.887500 -66.202499 12503240096
0.875000 2.800000 -37.922501 12503265102
-0.332500 6.160000 -7.577500 12503289908
-0.980000 6.475000 -2.117500 12503315119
-0.997500 1.085000 -11.235000 12503340119
-0.420000 -5.600000 -40.862499 12503365092
1.715000 -4.637500 -48.090000 12503389909
1.330000 -5.075000 -42.682499 12503415123
1.400000 -0.472500 -33.477501 12503440112
-0.035000 0.857500 -37.922501 12503465095
-0.350000 0.262500 -53.724998 12503489911
-0.087500 -0.315000 -54.740002 12503515118
0.157500 -0.157500 -49.227501 12503540094
0.140000 0.717500 -53.305000 12503565094
-0.087500 -0.227500 -58.327499 12503589913
-0.070000 -0.402500 -54.145000 12503615115
0.175000 0.455000 -46.812500 12503640096
-0.227500 1.855000 -39.584999 12503665094
-0.577500 2.905000 -35.892502 12503689916
-0.577500 2.345000 -39.935001 12503715134
-0.332500 1.487500 -50.277500 12503740095
-0.245000 -0.525000 -67.742500 12503765100
0.490000 -4.725000 -71.610001 12503789911
1.120000 -1.120000 -57.767502 12503815120
1.120000 -1.645000 -49.122501 12503840090
0.122500 -3.115000 -37.922501 12503865091
0.157500 -2.870000 -25.129999 12503889908
-0.245000 -1.855000 -17.184999 12503915115
-0.122500 -0.017500 -4.672500 12503940093
-0.595000 1.382500 -0.367500 12503965095
-0.612500 1.540000 -0.210000 12503989915
-0.717500 1.347500 -0.227500 12504015130
-0.665000 0.857500 0.157500 12504040095
-0.595000 1.697500 -0.070000 12504065100
-0.402500 1.732500 -24.639999 12504089907
-0.385000 0.875000 -40.127499 12504115116
-0.490000 1.592500 -36.400002 12504140098
-0.315000 0.805000 -30.677500 12504165096
-0.490000 0.525000 -38.342499 12504189905
-0.350000 2.975000 -49.805000 12504215279
-0.402500 1.207500 -52.674999 12504240087
-0.087500 0.175000 -55.702499 12504265105
-0.105000 -0.175000 -56.612499 12504289904
-0.210000 -0.157500 -53.270000 12504315273
-0.105000 -0.735000 -46.410000 12504340097
-0.140000 -0.630000 -42.332500 12504365090
-0.280000 -0.402500 -42.437500 12504389901
-0.280000 -0.525000 -44.152500 12504415276
-0.385000 0.490000 -48.107502 12504440086
-0.507500 2.817500 -70.489998 12504465088
0.035000 2.362500 -79.205002 12504489904
0.210000 0.052500 -70.927498 12504515278
-0.035000 -0.017500 -61.092499 12504540104
-0.105000 0.192500 -50.400002 12504565086
-0.280000 -0.402500 -44.887501 12504589917
-0.227500 -1.470000 -61.267502 12504615090
0.087500 -0.665000 -59.045002 12504640095
0.070000 1.015000 -40.075001 12504665099
-0.420000 1.452500 -42.805000 12504689906
-0.332500 0.595000 -55.877499 12504715109
-0.367500 0.087500 -64.662498 12504740108
-0.262500 0.525000 -64.277504 12504765091
-0.297500 -0.315000 -44.257500 12504789910
-0.227500 -0.420000 -39.182499 12504815099
-0.367500 0.822500 -43.872501 12504839967
-0.227500 0.350000 -38.080002 12504865104
-0.262500 0.875000 -29.295000 12504889918
-0.420000 0.945000 -30.695000 12504915002
-0.245000 -0.122500 -34.264999 12504940008
-0.472500 0.140000 -34.790001 12504965092
-0.227500 -0.227500 -36.645000 12504989924
-0.227500 -0.332500 -36.084999 12505014967
-0.192500 0.052500 -34.264999 12505040101
-0.402500 0.822500 -35.472500 12505065111
-0.105000 0.455000 -31.850000 12505089929
-0.385000 0.542500 -23.047501 12505115131
-0.332500 0.997500 -22.837500 12505140100
-0.612500 0.420000 -20.457500 12505165096
-0.385000 0.262500 -13.475000 12505189947
-0.560000 1.120000 -9.327500 12505215273
-0.560000 1.172500 -8.225000 12505240097
-0.472500 0.770000 -9.870000 12505265097
-0.507500 1.452500 -13.825000 12505289915
-0.507500 0.560000 -12.442500 12505315272
-0.542500 0.315000 -8.015000 12505340101
-0.420000 0.245000 -3.710000 12505365088
-0.577500 1.067500 -0.280000 12505389944
-0.700000 0.822500 0.332500 12505415303
-0.577500 0.682500 -0.087500 12505440078
-0.630000 0.070000 0.052500 12505465097
-0.525000 -0.490000 0.210000 12505489919
-0.752500 2.712500 -20.965000 12505515296
-0.455000 1.120000 -22.295000 12505540088
-0.437500 0.315000 -14.402500 12505565113
-0.262500 0.735000 -10.150000 12505589996
-0.647500 0.472500 -5.635000 12505615288
-0.647500 0.315000 -2.607500 12505640089
-0.420000 0.682500 -3.552500 12505665091
-0.717500 0.315000 -3.482500 12505689918
-0.507500 -0.122500 -3.622500 12505715281
-0.647500 0.367500 -2.240000 12505740089
-0.735000 1.032500 -3.115000 12505765086
-0.735000 0.560000 -4.165000 12505789913
-0.787500 0.472500 -3.010000 12505815280
-0.402500 0.385000 -3.430000 12505840111
-0.560000 1.032500 -6.317500 12505865122
