-1.320000 -1.320000 -1.560000 12496376417
-0.840000 -1.440000 -1.680000 12496401362
-1.140000 -1.260000 -1.620000 12496426398
-0.840000 -1.440000 -1.680000 12496451356
-1.080000 -1.440000 -1.560000 12496476353
-1.020000 -1.380000 -1.380000 12496501508
-1.020000 -1.380000 -1.620000 12496526359
-0.900000 -1.260000 -1.500000 12496551400
-1.080000 -1.320000 -1.560000 12496576397
-0.960000 -1.560000 -1.440000 12496601394
-1.200000 -1.080000 -1.560000 12496626394
-1.620000 -1.260000 -1.620000 12496651413
-1.500000 -1.260000 -1.380000 12496676391
-1.500000 -1.020000 -1.620000 12496701399
-1.680000 -1.320000 -1.680000 12496726399
-1.680000 -1.200000 -1.560000 12496751392
-1.800000 -1.320000 -1.680000 12496776390
-1.620000 -1.500000 -1.620000 12496801395
-2.160000 -1.560000 -1.680000 12496826396
-1.920000 -1.320000 -1.560000 12496851394
-2.280000 -1.200000 -1.080000 12496876528
-2.220000 -0.900000 -1.380000 12496901373
-2.460000 -1.380000 -1.740000 12496926356
-2.640000 -1.440000 -1.440000 12496951354
-3.060000 -1.260000 -1.380000 12496976505
-3.060000 -1.860000 -1.740000 12497001411
-3.060000 -1.860000 -1.380000 12497026359
-3.120000 -1.680000 -1.200000 12497051397
-3.180000 -1.380000 -1.260000 12497076357
-3.360000 -1.200000 -1.680000 12497101400
-3.300000 -1.380000 -1.620000 12497126361
-3.180000 -1.860000 -1.740000 12497151400
-3.900000 -1.740000 -1.620000 12497176374
-3.960000 -1.920000 -1.440000 12497201354
-3.840000 -1.680000 -1.320000 12497226396
-4.080000 -1.920000 -1.200000 12497251366
-4.380000 -2.220000 -1.500000 12497276402
-4.200000 -2.400000 -1.680000 12497301402
-4.440000 -2.280000 -1.560000 12497326397
-4.380000 -2.340000 -1.740000 12497351355
-4.560000 -2.280000 -1.680000 12497376398
-4.800000 -2.400000 -1.320000 12497401403
-4.860000 -2.340000 -1.500000 12497426426
-4.560000 -2.640000 -1.680000 12497451357
-4.920000 -2.280000 -1.680000 12497476373
-4.740000 -2.700000 -1.500000 12497501404
-4.560000 -2.400000 -1.320000 12497526407
-4.860000 -2.820000 -1.500000 12497551425
-4.860000 -2.340000 -1.500000 12497576417
-4.920000 -2.760000 -1.560000 12497601375
-5.160000 -2.880000 -1.560000 12497626369
-4.560000 -2.880000 -1.680000 12497651363
-5.280000 -2.760000 -1.440000 12497676400
-4.980000 -3.180000 -1.500000 12497701385
-4.920000 -3.000000 -1.440000 12497726406
-5.280000 -3.000000 -1.560000 12497751403
-5.160000 -3.480000 -1.440000 12497776360
-5.340000 -3.300000 -1.260000 12497801407
-5.100000 -3.540000 -1.500000 12497826366
-5.280000 -3.600000 -1.560000 12497851364
-5.580000 -3.660000 -1.860000 12497876547
-4.980000 -3.780000 -1.860000 12497901370
-5.220000 -4.260000 -1.260000 12497926367
-5.280000 -4.080000 -1.560000 12497951384
-5.760000 -4.080000 -1.560000 12497976499
-5.100000 -4.140000 -1.620000 12498001369
-5.580000 -3.900000 -1.380000 12498026400
-5.640000 -4.080000 -1.200000 12498051361
-5.520000 -4.200000 -1.560000 12498076407
-5.520000 -4.200000 -1.440000 12498101365
-5.760000 -4.200000 -1.200000 12498126359
-5.280000 -4.560000 -1.440000 12498151368
-5.760000 -4.320000 -1.560000 12498176403
-5.580000 -4.620000 -1.500000 12498201362
-5.640000 -4.560000 -1.680000 12498226375
-5.700000 -4.620000 -1.380000 12498251360
-5.700000 -4.620000 -1.260000 12498276360
-5.400000 -4.440000 -1.320000 12498301364
-5.580000 -4.500000 -1.500000 12498326368
-5.580000 -4.740000 -1.500000 12498351356
-5.700000 -4.620000 -1.500000 12498376361
-5.340000 -4.500000 -1.860000 12498401361
-5.340000 -4.500000 -1.380000 12498426360
-5.580000 -4.860000 -1.500000 12498451358
-5.580000 -4.740000 -1.860000 12498476383
-5.580000 -5.100000 -1.380000 12498501366
-5.700000 -4.860000 -1.740000 12498526360
-5.640000 -5.040000 -1.440000 12498551361
-5.400000 -4.800000 -1.680000 12498576363
-5.940000 -4.620000 -1.500000 12498601368
-5.760000 -4.680000 -1.560000 12498626383
-5.640000 -4.920000 -1.200000 12498651377
-5.580000 -4.860000 -1.380000 12498676408
-5.400000 -4.560000 -1.560000 12498701370
-5.760000 -4.920000 -1.560000 12498726372
-5.460000 -4.980000 -1.740000 12498751426
-5.820000 -4.740000 -1.260000 12498776359
-5.880000 -4.920000 -1.440000 12498801357
-5.520000 -5.160000 -1.680000 12498826365
-5.580000 -4.860000 -1.500000 12498851373
-5.580000 -5.100000 -1.620000 12498876501
-5.880000 -5.040000 -1.200000 12498901403
-5.760000 -5.520000 -1.680000 12498926363
-5.700000 -5.340000 -1.380000 12498951354
-5.640000 -5.640000 -1.680000 12498976500
-6.000000 -5.760000 -1.560000 12499001389
-5.460000 -5.940000 -1.380000 12499026343
-5.700000 -5.820000 -1.380000 12499051363
-5.400000 -6.360000 -1.680000 12499076365
-5.400000 -6.480000 -1.680000 12499101376
-5.400000 -6.600000 -1.560000 12499126367
-5.280000 -6.720000 -1.560000 12499151361
-5.340000 -7.140000 -1.260000 12499176361
-5.760000 -6.960000 -1.320000 12499202445
-5.220000 -7.260000 -1.620000 12499226401
-5.400000 -7.320000 -1.560000 12499251409
-5.400000 -7.200000 -1.560000 12499276377
-5.160000 -7.200000 -1.200000 12499301371
-5.280000 -7.440000 -1.200000 12499326363
-5.220000 -7.260000 -1.260000 12499351372
-5.100000 -7.500000 -1.500000 12499376365
-5.100000 -7.500000 -1.140000 12499401374
-5.100000 -7.260000 -1.500000 12499426414
-4.920000 -7.680000 -1.440000 12499451355
-5.160000 -7.560000 -1.440000 12499476358
-4.980000 -7.620000 -1.140000 12499501400
-4.980000 -7.980000 -1.020000 12499526380
-4.740000 -7.860000 -1.260000 12499551402
-4.800000 -8.160000 -1.680000 12499576360
-4.560000 -8.160000 -1.560000 12499601360
-4.740000 -8.220000 -1.500000 12499626397
-4.500000 -8.220000 -1.140000 12499651395
-4.500000 -8.220000 -1.140000 12499676357
-4.380000 -8.099999 -1.500000 12499701362
-4.680000 -8.160000 -1.680000 12499726362
-4.560000 -8.160000 -1.320000 12499751402
-4.380000 -8.099999 -1.500000 12499776396
-4.500000 -8.340000 -1.500000 12499801383
-4.680000 -8.160000 -1.080000 12499826378
-4.440000 -8.280000 -1.680000 12499851370
-4.620000 -8.340000 -1.260000 12499876564
-4.500000 -8.099999 -1.140000 12499901368
-4.500000 -8.340000 -1.380000 12499926364
-4.500000 -8.340000 -1.620000 12499951365
-4.260000 -8.460000 -1.260000 12499976514
-4.380000 -8.460000 -1.140000 12500001386
-4.260000 -8.580000 -1.380000 12500026373
-4.020000 -8.580000 -1.500000 12500051402
-4.500000 -8.340000 -1.620000 12500076376
-4.260000 -8.580000 -1.260000 12500101415
-4.200000 -8.520000 -1.320000 12500126421
-3.840000 -8.760000 -1.560000 12500151359
-4.260000 -8.940000 -1.500000 12500176365
-3.900000 -8.820000 -1.500000 12500201408
-3.900000 -8.700000 -1.380000 12500226369
-3.960000 -8.880000 -1.440000 12500251364
-4.260000 -9.059999 -1.260000 12500276400
-3.600000 -8.760000 -1.680000 12500301396
-3.840000 -9.120000 -1.320000 12500326381
-3.600000 -9.240000 -1.440000 12500351363
-3.540000 -9.179999 -1.380000 12500376363
-3.300000 -9.300000 -1.260000 12500401360
-3.300000 -9.420000 -1.260000 12500426369
-3.300000 -9.179999 -1.500000 12500451369
-3.180000 -9.780000 -1.140000 12500476372
-2.880000 -9.599999 -1.080000 12500501473
-3.060000 -9.540000 -1.380000 12500526360
-2.700000 -9.660000 -1.500000 12500551394
-2.520000 -9.719999 -1.440000 12500576361
-2.640000 -9.599999 -1.440000 12500601416
-2.580000 -9.900000 -1.380000 12500626364
-2.280000 -9.960000 -1.440000 12500651362
-2.220000 -9.900000 -1.500000 12500676361
-2.040000 -9.960000 -1.560000 12500701362
-2.040000 -9.719999 -1.560000 12500726357
-2.160000 -9.840000 -1.560000 12500751356
-1.800000 -9.719999 -1.320000 12500776403
-1.680000 -9.719999 -1.320000 12500801355
-1.200000 -9.960000 -1.560000 12500826395
-1.320000 -10.080000 -1.200000 12500851379
-1.200000 -10.320000 -1.200000 12500876483
-1.440000 -9.960000 -1.680000 12500901358
-1.320000 -10.080000 -1.200000 12500926360
-0.900000 -9.900000 -1.500000 12500951397
-0.720000 -10.080000 -1.320000 12500976455
-0.600000 -9.840000 -1.680000 12501001363
-0.720000 -9.719999 -1.320000 12501026396
-0.060000 -10.020000 -1.260000 12501051364
-0.060000 -9.840000 -1.440000 12501076358
-0.060000 -9.780000 -1.380000 12501101399
0.420000 -9.780000 -1.620000 12501126378
0.360000 -9.719999 -1.320000 12501151363
0.300000 -9.660000 -1.020000 12501176397
0.660000 -9.540000 -1.260000 12501201357
1.140000 -9.300000 -1.260000 12501226366
1.260000 -9.540000 -1.620000 12501251363
1.200000 -9.480000 -1.440000 12501276358
1.320000 -9.480000 -1.320000 12501301364
1.680000 -9.240000 -1.560000 12501326357
1.620000 -9.059999 -1.500000 12501351357
1.920000 -9.120000 -1.440000 12501376373
2.100000 -8.820000 -1.260000 12501401360
2.220000 -9.059999 -1.380000 12501426399
1.800000 -8.760000 -1.560000 12501451395
2.160000 -8.880000 -1.440000 12501476356
2.160000 -8.639999 -1.200000 12501501397
2.400000 -8.639999 -1.200000 12501526405
2.520000 -8.760000 -1.440000 12501551354
2.640000 -8.520000 -1.440000 12501576356
3.120000 -8.400000 -1.440000 12501601360
2.940000 -8.099999 -1.380000 12501626409
2.580000 -8.099999 -1.500000 12501651383
2.940000 -7.980000 -1.620000 12501676355
3.120000 -7.560000 -1.080000 12501701361
3.180000 -7.620000 -1.140000 12501726408
3.180000 -7.500000 -1.620000 12501751367
3.120000 -7.440000 -1.440000 12501776404
3.300000 -7.500000 -1.620000 12501801377
2.880000 -7.200000 -1.440000 12501826404
3.180000 -7.380000 -1.380000 12501851415
3.240000 -6.720000 -1.440000 12501876550
3.180000 -6.540000 -1.500000 12501901388
3.420000 -6.660000 -1.380000 12501926370
3.480000 -6.720000 -1.200000 12501951366
3.240000 -6.720000 -1.320000 12501976458
2.940000 -6.300000 -1.620000 12502001412
3.360000 -6.600000 -1.440000 12502026405
3.000000 -6.600000 -1.200000 12502051406
3.180000 -6.540000 -1.620000 12502076405
3.300000 -6.300000 -1.380000 12502101367
3.480000 -6.360000 -1.320000 12502126404
3.180000 -6.300000 -1.260000 12502151364
3.420000 -6.180000 -1.140000 12502176376
3.240000 -6.000000 -1.560000 12502201409
3.240000 -6.120000 -1.320000 12502226405
3.420000 -5.940000 -1.500000 12502251367
3.360000 -6.000000 -1.560000 12502276409
3.480000 -6.120000 -1.440000 12502301370
3.480000 -6.240000 -1.080000 12502326362
3.540000 -6.300000 -1.740000 12502351367
3.540000 -6.180000 -1.380000 12502376381
3.480000 -6.000000 -1.440000 12502401384
3.000000 -6.240000 -1.680000 12502426390
3.300000 -6.060000 -1.740000 12502451363
3.360000 -6.120000 -0.960000 12502476361
3.360000 -6.240000 -1.680000 12502501369
3.660000 -6.300000 -1.140000 12502526365
3.180000 -6.060000 -1.500000 12502551379
3.300000 -6.060000 -1.500000 12502576357
3.360000 -6.240000 -1.560000 12502601368
3.180000 -5.940000 -1.620000 12502626414
3.300000 -6.060000 -1.380000 12502651410
3.360000 -6.000000 -1.440000 12502676366
3.240000 -6.120000 -1.560000 12502701386
3.420000 -6.300000 -1.620000 12502726409
3.420000 -6.180000 -1.740000 12502751367
3.300000 -6.180000 -1.020000 12502776365
3.300000 -6.300000 -1.380000 12502801408
3.120000 -6.120000 -1.320000 12502826411
3.000000 -6.120000 -1.440000 12502851407
3.240000 -5.640000 -1.800000 12502876406
3.420000 -5.820000 -1.500000 12502901363
3.120000 -6.120000 -1.680000 12502926401
3.300000 -5.700000 -1.620000 12502951379
3.300000 -5.580000 -1.500000 12502976469
3.600000 -5.400000 -1.200000 12503001397
3.360000 -5.640000 -1.800000 12503026366
3.300000 -5.700000 -1.500000 12503051396
3.720000 -5.640000 -1.560000 12503076403
3.180000 -5.700000 -1.500000 12503101367
3.000000 -5.640000 -1.560000 12503126364
3.420000 -5.460000 -1.020000 12503151364
3.420000 -5.460000 -0.900000 12503176399
3.420000 -5.220000 -1.020000 12503201364
3.480000 -5.280000 -1.200000 12503226423
3.180000 -4.980000 -1.140000 12503251402
3.180000 -4.980000 -1.620000 12503276367
3.360000 -5.160000 -1.320000 12503301366
3.360000 -5.160000 -1.560000 12503326365
3.420000 -4.860000 -1.620000 12503351369
3.420000 -4.980000 -1.140000 12503376403
3.420000 -4.980000 -1.620000 12503401366
3.120000 -4.680000 -1.440000 12503426360
3.000000 -4.800000 -1.680000 12503451363
3.180000 -4.380000 -1.500000 12503476382
3.120000 -4.560000 -1.680000 12503501369
3.180000 -4.260000 -1.260000 12503526363
2.880000 -4.560000 -1.200000 12503551366
3.000000 -4.320000 -1.560000 12503576363
2.880000 -4.440000 -1.320000 12503601370
3.120000 -3.960000 -1.320000 12503626368
3.000000 -3.960000 -1.200000 12503651364
2.760000 -3.960000 -1.440000 12503676364
2.760000 -3.720000 -1.440000 12503701366
2.640000 -3.480000 -1.680000 12503726400
2.760000 -3.840000 -1.440000 12503751378
2.940000 -3.420000 -1.380000 12503776363
2.580000 -3.420000 -1.140000 12503801369
2.280000 -3.360000 -1.560000 12503826367
2.460000 -3.180000 -1.380000 12503851361
2.520000 -3.120000 -1.800000 12503876361
2.100000 -2.940000 -1.620000 12503901364
2.280000 -3.360000 -1.440000 12503926406
2.220000 -3.180000 -1.860000 12503951368
2.580000 -3.060000 -1.380000 12503976465
2.340000 -2.940000 -1.620000 12504001394
2.100000 -2.700000 -1.740000 12504026367
2.460000 -3.180000 -1.500000 12504051359
2.460000 -2.820000 -1.740000 12504076352
2.100000 -2.820000 -1.740000 12504101353
2.280000 -3.000000 -1.320000 12504126369
2.040000 -3.000000 -1.560000 12504151361
2.220000 -2.940000 -1.620000 12504176407
2.220000 -2.460000 -1.380000 12504201366
2.280000 -3.000000 -1.440000 12504226360
2.040000 -2.640000 -1.560000 12504251357
2.040000 -2.640000 -1.560000 12504276376
1.620000 -2.580000 -1.620000 12504301367
1.860000 -2.220000 -1.860000 12504326369
1.620000 -2.340000 -1.500000 12504351367
1.560000 -2.160000 -1.680000 12504376360
1.500000 -2.220000 -1.740000 12504401368
1.440000 -2.400000 -1.680000 12504426363
1.500000 -2.100000 -1.500000 12504451363
1.080000 -2.280000 -1.200000 12504476345
0.960000 -2.160000 -1.320000 12504501475
1.140000 -1.860000 -1.380000 12504526387
1.080000 -1.800000 -1.680000 12504551359
0.900000 -1.860000 -1.620000 12504576364
0.600000 -1.920000 -1.680000 12504601612
0.780000 -1.500000 -1.380000 12504626396
0.480000 -1.560000 -1.320000 12504651448
0.720000 -1.440000 -1.680000 12504676370
0.180000 -1.500000 -1.620000 12504701374
0.420000 -1.740000 -1.500000 12504726366
0.120000 -1.320000 -1.680000 12504751360
0.120000 -1.320000 -1.440000 12504776361
-0.240000 -1.440000 -1.680000 12504801386
-0.300000 -1.260000 -1.620000 12504826382
-0.240000 -1.200000 -1.440000 12504851377
-0.360000 -1.200000 -1.800000 12504876406
-0.480000 -1.080000 -1.560000 12504901410
-0.480000 -1.320000 -1.560000 12504926364
-0.540000 -1.260000 -1.260000 12504951357
-0.360000 -1.200000 -1.560000 12504976537
-0.900000 -1.260000 -1.140000 12505001381
-0.660000 -1.140000 -1.260000 12505026381
-0.840000 -1.200000 -1.440000 12505051394
-0.960000 -1.200000 -1.680000 12505076370
-1.020000 -1.260000 -1.380000 12505101559
-0.840000 -1.200000 -1.680000 12505126413
-1.080000 -1.320000 -1.440000 12505151411
-0.960000 -1.320000 -1.920000 12505176364
-0.960000 -1.320000 -1.800000 12505201402
-0.840000 -0.960000 -2.040000 12505226400
-1.080000 -1.440000 -1.560000 12505251400
-0.900000 -1.140000 -1.380000 12505276362
-0.900000 -1.140000 -1.740000 12505301405
-0.960000 -1.200000 -1.560000 12505326421
-1.020000 -1.380000 -1.380000 12505351401
-1.380000 -1.140000 -1.380000 12505376415
-0.840000 -1.680000 -1.440000 12505401424
-1.260000 -1.380000 -1.500000 12505426409
-0.840000 -1.320000 -1.440000 12505451404
-1.380000 -1.380000 -1.620000 12505476402
-1.080000 -0.960000 -1.440000 12505501401
-1.320000 -1.200000 -1.680000 12505526395
-1.260000 -1.500000 -1.620000 12505551364
-1.200000 -1.560000 -1.560000 12505576421
-1.320000 -1.320000 -1.440000 12505601406
-1.500000 -1.140000 -1.500000 12505626406
-1.560000 -1.200000 -1.680000 12505651403
-1.380000 -1.020000 -1.740000 12505676363
-1.200000 -1.320000 -1.560000 12505701365
-1.320000 -1.200000 -1.440000 12505726405
-1.380000 -1.140000 -1.500000 12505751403
-1.320000 -1.440000 -1.320000 12505776362
-1.380000 -1.260000 -1.500000 12505801405
-1.380000 -1.260000 -1.620000 12505826413
-1.620000 -1.500000 -1.500000 12505851376
