0.000000 12496363174
0.000000 12496388138
0.000000 12496413158
0.000000 12496438159
0.000000 12496463168
0.000000 12496488138
0.000000 12496513171
0.000000 12496538162
0.000000 12496563171
0.000000 12496588144
0.000000 12496613164
0.000000 12496638158
0.000000 12496663171
0.000000 12496688146
0.000000 12496713160
0.000000 12496738160
0.000000 12496763172
0.000000 12496788141
0.000000 12496813159
0.000000 12496838167
0.000000 12496863171
0.000000 12496888136
0.000000 12496913164
0.000000 12496938156
0.000000 12496963170
0.000000 12496988137
0.000000 12497013173
0.000000 12497038175
0.000000 12497063169
0.000000 12497088140
0.000000 12497113164
0.000000 12497138170
0.000000 12497163163
0.000000 12497188145
0.000000 12497213167
0.000000 12497238173
0.000000 12497263161
0.000000 12497288141
0.000000 12497313165
0.000000 12497338169
0.000000 12497363165
0.000000 12497388143
0.000000 12497413165
0.000000 12497438165
0.000000 12497463169
0.000000 12497488141
0.000000 12497513164
0.000000 12497538183
0.000000 12497563171
0.000000 12497588146
0.000000 12497613173
0.000000 12497638169
0.000000 12497663165
0.000000 12497688141
0.000000 12497713162
0.000000 12497738166
0.000000 12497763163
0.000000 12497788141
0.000000 12497813164
0.000000 12497838164
0.000000 12497863155
0.000000 12497888146
0.000000 12497913161
0.000000 12497938170
0.000000 12497963166
0.000000 12497988142
0.000000 12498013155
0.000000 12498038175
0.000000 12498063142
0.000000 12498088147
0.000000 12498113156
0.000000 12498138163
0.000000 12498163156
0.000000 12498188144
0.000000 12498213154
0.000000 12498238168
0.000000 12498263162
0.000000 12498288140
0.000000 12498313162
0.000000 12498338163
0.000000 12498363150
0.000000 12498388141
0.000000 12498413155
0.000000 12498438167
0.000000 12498463160
0.000000 12498488139
0.000000 12498513156
0.000000 12498538168
0.000000 12498563155
0.000000 12498588142
0.000000 12498613153
0.000000 12498638156
0.000000 12498663157
0.000000 12498688154
0.000000 12498713161
0.000000 12498738155
0.000000 12498763155
0.000000 12498788140
0.000000 12498813155
0.000000 12498838167
0.000000 12498863160
0.000000 12498888144
0.000000 12498913161
0.000000 12498938162
0.000000 12498963150
0.000000 12498988143
0.000000 12499013161
0.000000 12499038171
0.000000 12499063161
0.000000 12499088138
0.000000 12499113153
0.000000 12499138163
0.000000 12499163160
0.000000 12499188144
0.000000 12499213181
0.000000 12499238169
0.000000 12499263149
0.000000 12499288138
0.000000 12499313152
0.000000 12499338163
0.000000 12499363140
0.000000 12499388156
0.000000 12499413147
0.000000 12499438172
0.000000 12499463149
0.000000 12499488143
0.000000 12499513153
0.000000 12499538170
0.000000 12499563150
0.000000 12499588144
0.000000 12499613149
0.000000 12499638170
0.000000 12499663129
0.000000 12499688148
0.000000 12499713154
0.000000 12499738169
0.000000 12499763151
0.000000 12499788140
0.000000 12499813159
0.000000 12499838178
0.000000 12499863152
0.000000 12499888157
0.000000 12499913154
0.000000 12499938169
0.000000 12499963127
0.000000 12499988113
0.000000 12500013179
0.000000 12500038175
0.000000 12500063176
0.000000 12500088148
0.000000 12500113269
0.000000 12500138175
0.000000 12500163148
0.000000 12500188144
0.000000 12500213148
0.000000 12500238165
0.000000 12500263153
0.000000 12500288143
0.000000 12500313161
0.000000 12500338169
0.000000 12500363160
0.000000 12500388140
0.000000 12500413161
0.000000 12500438170
0.000000 12500463162
0.000000 12500488139
0.000000 12500513162
0.000000 12500538171
0.000000 12500563158
0.000000 12500588139
0.000000 12500613154
0.000000 12500638167
0.000000 12500663161
0.000000 12500688139
0.000000 12500713156
0.000000 12500738168
0.000000 12500763159
0.000000 12500788142
0.000000 12500813173
0.000000 12500838166
0.000000 12500863152
0.000000 12500888144
0.000000 12500913168
0.000000 12500938173
0.000000 12500963173
0.000000 12500988146
0.000000 12501013174
0.000000 12501038166
0.000000 12501063151
0.000000 12501088142
0.000000 12501113171
0.000000 12501138170
0.000000 12501163171
0.000000 12501188139
0.000000 12501213171
0.000000 12501238169
0.000000 12501263182
0.000000 12501288142
0.000000 12501313171
0.000000 12501338164
0.000000 12501363170
0.000000 12501388142
0.000000 12501413170
0.000000 12501438168
0.000000 12501463172
0.000000 12501488144
0.000000 12501513168
0.000000 12501538169
0.000000 12501563172
0.000000 12501588143
0.000000 12501613160
0.000000 12501638175
0.000000 12501663165
0.000000 12501688134
0.000000 12501713149
0.000000 12501738159
0.000000 12501763173
0.000000 12501788130
0.000000 12501813174
0.000000 12501838164
0.000000 12501863171
0.000000 12501888136
0.000000 12501913177
0.000000 12501938159
0.000000 12501963166
0.000000 12501988135
0.000000 12502013174
0.000000 12502038156
0.000000 12502063173
0.000000 12502088133
0.000000 12502113175
0.000000 12502138163
0.000000 12502163175
0.000000 12502188133
0.000000 12502213176
0.000000 12502238155
0.000000 12502263169
0.000000 12502288134
0.000000 12502313171
0.000000 12502338160
0.000000 12502363173
0.000000 12502388113
0.000000 12502413177
0.000000 12502438162
0.000000 12502463168
0.000000 12502488128
0.000000 12502513168
0.000000 12502538176
0.000000 12502563168
0.000000 12502588126
0.000000 12502613177
0.000000 12502638168
0.000000 12502663153
0.000000 12502688147
0.000000 12502713169
0.000000 12502738171
0.000000 12502763170
0.000000 12502788139
0.000000 12502813170
0.000000 12502838170
0.000000 12502863180
0.000000 12502888142
0.000000 12502913169
0.000000 12502938167
0.000000 12502963169
0.000000 12502988140
0.000000 12503013169
0.000000 12503038169
0.000000 12503063161
0.000000 12503088146
0.000000 12503113173
0.000000 12503138162
0.000000 12503163167
0.000000 12503188140
0.000000 12503213161
0.000000 12503238166
0.000000 12503263166
0.000000 12503288144
0.000000 12503313165
0.000000 12503338168
0.000000 12503363167
0.000000 12503388139
0.000000 12503413167
0.000000 12503438164
0.000000 12503463170
0.000000 12503488140
0.000000 12503513165
0.000000 12503538167
0.000000 12503563167
0.000000 12503588136
0.000000 12503613160
0.000000 12503638168
0.000000 12503663168
0.000000 12503688139
0.000000 12503713167
0.000000 12503738166
0.000000 12503763166
0.000000 12503788140
0.000000 12503813163
0.000000 12503838155
0.000000 12503863164
0.000000 12503888136
0.000000 12503913162
0.000000 12503938165
0.000000 12503963169
0.000000 12503988134
0.000000 12504013167
0.000000 12504038165
0.000000 12504063147
0.000000 12504088136
0.000000 12504113164
0.000000 12504138167
0.000000 12504163162
0.000000 12504188137
0.000000 12504213162
0.000000 12504238163
0.000000 12504263153
0.000000 12504288128
0.000000 12504313162
0.000000 12504338163
0.000000 12504363162
0.000000 12504388131
0.000000 12504413157
0.000000 12504438160
0.000000 12504463167
0.000000 12504488131
0.000000 12504513158
0.000000 12504538151
0.000000 12504563163
0.000000 12504588128
0.000000 12504613158
0.000000 12504638173
0.000000 12504663151
0.000000 12504688138
0.000000 12504713144
0.000000 12504738234
0.000000 12504763162
0.000000 12504788131
0.000000 12504813140
0.000000 12504838164
0.000000 12504863169
0.000000 12504888143
0.000000 12504913171
0.000000 12504938160
0.000000 12504963175
0.000000 12504988143
0.000000 12505013870
0.000000 12505038175
0.000000 12505063175
0.000000 12505088145
0.000000 12505113179
0.000000 12505138175
0.000000 12505163177
0.000000 12505188148
0.000000 12505213168
0.000000 12505238171
0.000000 12505263179
0.000000 12505288144
0.000000 12505313176
0.000000 12505338162
0.000000 12505363164
0.000000 12505388116
0.000000 12505413173
0.000000 12505438164
0.000000 12505463178
0.000000 12505488142
0.000000 12505513172
0.000000 12505538172
0.000000 12505563168
0.000000 12505588147
0.000000 12505613169
0.000000 12505638168
0.000000 12505663173
0.000000 12505688147
0.000000 12505713168
0.000000 12505738173
0.000000 12505763170
0.000000 12505788144
0.000000 12505813170
0.000000 12505838167
