-1.907500 -6.755000 3.570000 26522108594
-1.155000 -7.140000 2.817500 26522133595
-0.910000 -7.332500 2.170000 26522158587
0.017500 -7.297500 1.557500 26522183485
0.507500 -7.262500 0.175000 26522208594
-0.122500 -7.980000 0.630000 26522233590
0.035000 -12.652500 -0.122500 26522258594
0.980000 -13.545000 -0.630000 26522283496
0.630000 -11.602500 0.612500 26522308595
-0.210000 -4.515000 1.417500 26522333589
-1.277500 -5.932500 0.595000 26522358589
0.822500 -7.542500 -0.542500 26522383471
2.345000 -9.415000 -0.787500 26522408591
1.417500 -9.100000 -1.627500 26522433578
0.035000 -2.362500 -2.327500 26522458587
-1.155000 3.080000 2.485000 26522483499
1.557500 11.620000 -2.782500 26522508600
-9.135000 -24.465000 -0.122500 26522533594
-26.267500 -2.065000 4.480000 26522558587
-36.959999 -1.295000 9.240000 26522583473
-44.502499 -20.930000 -0.052500 26522608594
-26.004999 -21.402500 -15.662500 26522633600
-3.640000 -13.685000 -18.165001 26522658598
-3.167500 -4.585000 27.912500 26522683508
-36.855000 12.442500 22.732500 26522708609
-59.674999 40.617500 0.175000 26522733610
-56.420002 26.320000 22.067499 26522758591
-95.129997 15.977500 20.317499 26522783479
-113.417503 -5.110000 -21.840000 26522808591
-57.575001 -67.584999 -34.895000 26522833586
-0.402500 -140.612503 -32.602501 26522858590
40.775002 -139.632507 -6.702500 26522883468
10.132500 -77.980003 8.627500 26522908586
-27.684999 68.092499 13.002500 26522933589
-55.790001 62.264999 4.795000 26522958585
-22.120001 -35.542500 2.135000 26522983469
5.512500 -80.972504 -22.504999 26523008591
10.027500 -87.027504 -23.520000 26523033589
10.027500 -75.512497 -14.630000 26523058628
13.720000 -43.785000 7.315000 26523083471
-10.307500 -19.040001 9.292500 26523108591
-34.597500 -19.950001 12.267500 26523133573
-29.400000 -33.180000 21.980000 26523158584
-15.032500 -8.260000 13.300000 26523183471
-25.200001 14.385000 10.920000 26523208585
0.945000 14.280000 9.170000 26523233593
24.639999 -8.855000 4.392500 26523258591
23.835001 -57.820000 2.922500 26523283470
6.125000 -71.330002 6.335000 26523308590
-7.525000 -4.095000 14.122500 26523333589
-38.009998 10.692500 12.197500 26523358583
-14.035000 10.622500 21.157499 26523383475
-5.162500 -5.985000 33.757500 26523408594
-16.887501 -19.792500 36.154999 26523433601
-27.142500 -45.045002 32.514999 26523458595
-45.779999 -34.912498 31.010000 26523483530
-47.967499 -4.637500 28.612499 26523508590
-35.384998 37.572498 31.605000 26523533591
-19.530001 115.639999 36.557499 26523558585
2.502500 88.620003 29.960001 26523583469
-1.120000 26.880001 10.692500 26523608589
4.707500 40.302502 -0.840000 26523633594
2.170000 46.025002 -12.407500 26523658582
-0.122500 54.845001 -17.745001 26523683478
-0.735000 60.462502 -6.002500 26523708583
1.610000 13.335000 7.945000 26523733594
4.095000 5.232500 5.022500 26523758596
3.535000 2.502500 5.425000 26523783470
3.360000 1.995000 7.297500 26523808597
3.622500 19.180000 5.285000 26523833591
3.395000 108.919998 -10.447500 26523858589
1.120000 3.342500 31.150000 26523883467
5.425000 8.172500 13.895000 26523908588
3.815000 -6.317500 -0.822500 26523933589
3.185000 -5.950000 -0.770000 26523958581
3.097500 -6.667500 -0.875000 26523983467
3.010000 -7.140000 -0.875000 26524008585
2.957500 -8.925000 -0.822500 26524033572
2.992500 -7.437500 -0.980000 26524058590
2.310000 -5.372500 -0.752500 26524083489
3.167500 -6.160000 -0.822500 26524108589
2.537500 -5.215000 -0.647500 26524133654
3.220000 -5.460000 -1.050000 26524158591
3.325000 -5.565000 -0.752500 26524183467
3.115000 -5.705000 -0.997500 26524208593
3.010000 -5.722500 -0.945000 26524233593
3.080000 -5.635000 -0.822500 26524258592
2.940000 -5.740000 -0.910000 26524283466
2.712500 -5.617500 -0.927500 26524308593
2.712500 -5.897500 -0.752500 26524333588
3.027500 -5.460000 -0.840000 26524358587
3.167500 -5.775000 -0.787500 26524383473
3.115000 -5.635000 -0.945000 26524408592
3.255000 -6.107500 -0.752500 26524433587
2.590000 -5.915000 -0.822500 26524458589
2.677500 -5.915000 -0.910000 26524483464
2.852500 -5.775000 -0.945000 26524508588
2.712500 -5.792500 -0.892500 26524533590
2.922500 -5.547500 -0.805000 26524558588
3.115000 -5.827500 -0.787500 26524583468
2.730000 -5.635000 -0.752500 26524608587
3.150000 -5.897500 -0.752500 26524633586
3.027500 -5.670000 -0.595000 26524658588
2.940000 -5.880000 -0.822500 26524683469
2.817500 -5.705000 -0.735000 26524708586
2.817500 -6.072500 -0.892500 26524733599
2.922500 -5.705000 -0.927500 26524758619
2.555000 -5.687500 -1.015000 26524783485
2.712500 -5.617500 -0.735000 26524808596
3.360000 -5.565000 -0.822500 26524833590
3.255000 -5.967500 -1.050000 26524858586
2.835000 -5.547500 -0.875000 26524883468
2.870000 -5.775000 -0.700000 26524908588
2.922500 -5.477500 -0.787500 26524933581
2.800000 -5.897500 -0.910000 26524958583
2.870000 -5.897500 -0.665000 26524983467
3.045000 -5.722500 -0.927500 26525008604
2.782500 -5.845000 -0.717500 26525033591
3.290000 -5.617500 -0.682500 26525058595
3.132500 -5.722500 -0.945000 26525083475
