-0.186326 -0.176520 9.483032 169212701990
-0.078453 -0.156906 9.698778 169212713989
0.029420 -0.176520 9.630132 169212725973
0.039227 -0.166713 9.610518 169212737990
0.039227 -0.137293 9.522259 169212749981
-0.088260 -0.137293 9.433999 169212761986
-0.137293 -0.127486 9.414385 169212773959
-0.156906 -0.176520 9.404578 169212785965
-0.127486 -0.225553 9.394772 169212797960
-0.117680 -0.156906 9.365352 169212810063
-0.068647 -0.147100 9.414385 169212821989
-0.009807 -0.137293 9.453611 169212833987
-0.058840 -0.176520 9.424192 169212845989
-0.058840 -0.176520 9.433999 169212857988
-0.058840 -0.166713 9.453611 169212869988
-0.186326 -0.225553 9.532065 169212881995
-0.225553 -0.205940 9.512452 169212893986
-0.205940 -0.196133 9.512452 169212905894
-0.156906 -0.166713 9.483032 169212917884
-0.117680 -0.166713 9.522259 169212929884
-0.039227 -0.127486 9.600712 169212941894
-0.058840 -0.127486 9.581099 169212953899
-0.098067 -0.107873 9.571292 169212965892
-0.117680 -0.058840 9.502645 169212977889
-0.166713 -0.068647 9.433999 169212989889
-0.147100 -0.147100 9.404578 169213001887
-0.117680 -0.166713 9.433999 169213013884
-0.107873 -0.137293 9.433999 169213025883
-0.078453 -0.137293 9.394772 169213037908
-0.137293 -0.186326 9.443805 169213049903
-0.127486 -0.176520 9.571292 169213061891
-0.078453 -0.254973 9.571292 169213073901
0.137293 -0.323619 9.590905 169213085890
0.294200 -0.294200 9.639938 169213097899
0.470719 -0.186326 9.639938 169213109912
0.637432 -0.137293 9.669358 169213121904
0.764919 -0.137293 9.728198 169213133902
0.862985 -0.098067 9.836071 169213145893
1.039505 -0.127486 9.845878 169213157903
1.137571 -0.176520 9.816459 169213169899
1.206218 -0.166713 9.787038 169213181894
1.255251 -0.186326 9.718391 169213193902
1.206218 -0.147100 9.659552 169213205906
1.059118 -0.127486 9.561485 169213217889
1.039505 -0.058840 9.453611 169213229925
0.872792 -0.186326 9.414385 169213241915
0.823759 -0.225553 9.345738 169213253928
0.970859 0.284393 9.041733 169213265911
0.529559 -0.088260 8.845599 169213277926
0.441299 -0.254973 8.698500 169213289924
0.382459 -0.264780 8.639660 169213301914
0.421686 -0.186326 8.678886 169213313952
0.264780 -0.088260 9.129992 169213325926
0.264780 -0.137293 9.277092 169213337950
0.264780 -0.304006 9.306512 169213349948
0.156906 -0.470719 9.316319 169213361936
0.029420 -0.627626 9.296705 169213373944
-0.323619 -0.637432 9.414385 169213385934
-0.431493 -0.519753 9.541871 169213397945
-0.421686 -0.470719 9.620325 169213409943
-0.372653 -0.392266 9.757618 169213421936
-0.304006 -0.470719 9.953751 169213433954
-0.441299 -0.549172 10.061625 169213445943
-0.568786 -0.588399 10.032204 169213457941
-0.706079 -0.578592 9.875298 169213469954
-0.853179 -0.617819 9.728198 169213481951
-1.039505 -0.617819 9.532065 169213493964
-1.137571 -0.509946 9.433999 169213505949
-1.206218 -0.372653 9.277092 169213517993
-1.176798 -0.304006 9.228059 169213529998
-1.127765 -0.323619 9.365352 169213541999
-1.010085 -0.313813 9.443805 169213553987
-0.931632 -0.294200 9.600712 169213565989
-0.961052 -0.264780 9.679165 169213577990
-0.961052 -0.264780 9.688972 169213589988
-0.941439 -0.441299 9.669358 169213601887
-0.990472 -0.549172 9.630132 169213613885
-1.068925 -0.558979 9.600712 169213625922
-1.127765 -0.441299 9.492838 169213637886
-1.068925 -0.470719 9.512452 169213649885
-0.853179 -0.411879 9.600712 169213661884
-0.725692 -0.392266 9.649745 169213673897
-0.608012 -0.441299 9.679165 169213685891
-0.549172 -0.402073 9.698778 169213697889
-0.578592 -0.323619 9.512452 169213709914
-0.608012 -0.313813 9.394772 169213721903
-0.608012 -0.372653 9.355545 169213733902
-0.519753 -0.402073 9.365352 169213745895
-0.411879 -0.431493 9.394772 169213757903
-0.196133 -0.402073 9.443805 169213769898
-0.127486 -0.460913 9.414385 169213781896
-0.137293 -0.451106 9.414385 169213793901
-0.176520 -0.392266 9.365352 169213805923
-0.235360 -0.451106 9.414385 169213817933
-0.304006 -0.539366 9.306512 169213829927
-0.402073 -0.725692 9.306512 169213841916
-0.441299 -0.794339 9.384965 169213853928
-0.451106 -0.715886 9.483032 169213865910
-0.549172 -0.608012 9.698778 169213877926
-0.666852 -0.637432 9.679165 169213889924
-0.794339 -0.696272 9.649745 169213901935
-0.912019 -0.725692 9.639938 169213913925
-1.039505 -0.686466 9.698778 169213925951
-1.206218 -0.686466 9.728198 169213937928
-1.304285 -0.706079 9.669358 169213949951
-1.461191 -0.686466 9.561485 169213961937
-1.608291 -0.647239 9.483032 169213973946
-1.784810 -0.647239 9.473226 169213985934
-1.804424 -0.588399 9.522259 169213997953
-1.804424 -0.509946 9.522259 169214009948
-1.745584 -0.441299 9.551678 169214021940
-1.627904 -0.431493 9.512452 169214033938
-1.363124 -0.441299 9.414385 169214045955
-1.245445 -0.411879 9.424192 169214057963
-1.127765 -0.362846 9.433999 169214069954
-1.068925 -0.343233 9.394772 169214081951
-0.823759 -0.254973 9.345738 169214093985
-0.862985 -0.225553 9.237865 169214106333
-0.794339 -0.186326 9.159412 169214117948
-0.725692 -0.156906 9.100572 169214129937
-0.637432 -0.284393 9.139799 169214141944
-0.549172 -0.264780 9.139799 169214154033
-0.500139 -0.196133 9.120186 169214165984
-0.431493 -0.245166 9.100572 169214177990
-0.333426 -0.274586 8.933860 169214189987
-0.107873 -0.284393 8.796566 169214201975
0.411879 -0.343233 9.247672 169214213967
0.696272 -0.235360 9.934137 169214225965
0.990472 -0.176520 10.600989 169214237964
1.127765 -0.205940 10.806930 169214249989
1.088538 -0.627626 10.404857 169214261992
0.882599 -0.598206 10.198916 169214273992
0.755112 -0.382459 9.963558 169214285990
0.500139 -0.196133 9.914525 169214297988
0.402073 -0.176520 9.845878 169214309896
0.509946 -0.343233 9.757618 169214321886
0.558979 -0.353039 9.679165 169214333885
0.509946 -0.333426 9.679165 169214345884
0.441299 -0.343233 9.600712 169214357883
0.313813 -0.304006 9.433999 169214369896
0.254973 -0.245166 9.316319 169214381891
0.274586 -0.313813 9.296705 169214393899
0.333426 -0.372653 9.384965 169214405892
0.362846 -0.382459 9.365352 169214417899
0.107873 -0.304006 9.384965 169214429898
0.088260 -0.343233 9.414385 169214441890
0.078453 -0.421686 9.365352 169214453899
0.049033 -0.470719 9.365352 169214465886
0.058840 -0.470719 9.306512 169214477899
0.019613 -0.333426 9.286899 169214489898
0.019613 -0.382459 9.228059 169214501889
-0.009807 -0.313813 9.277092 169214513915
-0.019613 -0.254973 9.247672 169214525916
-0.029420 -0.304006 9.198639 169214537925
-0.127486 -0.274586 9.277092 169214549925
-0.186326 -0.205940 9.414385 169214561913
-0.215746 -0.205940 9.532065 169214573924
-0.235360 -0.225553 9.639938 169214585914
-0.235360 -0.294200 9.796844 169214597925
-0.225553 -0.313813 9.904717 169214609928
-0.245166 -0.323619 9.953751 169214621939
-0.196133 -0.362846 9.875298 169214633944
-0.009807 -0.460913 9.767425 169214645934
0.107873 -0.421686 9.747811 169214657944
0.205940 -0.362846 9.728198 169214669938
0.343233 -0.323619 9.679165 169214681935
0.588399 -0.372653 9.639938 169214693943
0.892405 -0.343233 9.718391 169214705943
1.000278 -0.323619 9.659552 169214717935
0.990472 -0.313813 9.590905 169214729937
0.882599 -0.284393 9.463418 169214741936
0.784532 -0.205940 9.404578 169214753990
0.833565 -0.264780 9.041733 169214765964
0.892405 -0.264780 8.933860 169214777988
0.892405 -0.225553 8.992700 169214789985
0.951245 -0.186326 9.080959 169214801957
0.941439 -0.039227 9.365352 169214814001
1.039505 -0.137293 9.463418 169214825994
1.029698 -0.264780 9.532065 169214837990
0.921825 -0.372653 9.561485 169214849989
0.735499 -0.392266 9.561485 169214861989
0.323619 -0.343233 9.483032 169214873992
0.205940 -0.304006 9.463418 169214885991
0.147100 -0.196133 9.384965 169214897990
-0.019613 -0.254973 9.414385 169214909884
-0.186326 -0.284393 9.512452 169214921882
-0.215746 -0.294200 9.512452 169214933882
-0.313813 -0.264780 9.453611 169214945890
-0.333426 -0.294200 9.394772 169214957897
-0.333426 -0.353039 9.394772 169214969895
-0.362846 -0.186326 9.590905 169214981887
-0.402073 -0.186326 9.659552 169214993898
-0.421686 -0.186326 9.757618 169215005898
-0.431493 -0.254973 9.806651 169215017904
-0.431493 -0.274586 9.796844 169215029900
-0.588399 -0.382459 9.541871 169215041892
-0.627626 -0.323619 9.414385 169215053900
-0.696272 -0.274586 9.355545 169215065887
-0.706079 -0.284393 9.296705 169215077900
-0.696272 -0.225553 9.188832 169215089899
-0.647239 -0.235360 9.208446 169215101889
-0.578592 -0.343233 9.394772 169215113919
-0.558979 -0.490333 9.541871 169215125914
-0.539366 -0.558979 9.698778 169215137933
-0.509946 -0.451106 10.081238 169215149932
-0.568786 -0.509946 10.022397 169215161921
-0.676659 -0.568786 9.865492 169215173930
-0.784532 -0.608012 9.747811 169215185919
-0.990472 -0.519753 9.649745 169215197929
-1.127765 -0.490333 9.306512 169215209921
-1.098345 -0.519753 9.267285 169215221914
-0.912019 -0.509946 9.355545 169215233913
-0.725692 -0.519753 9.414385 169215245951
-0.500139 -0.470719 9.512452 169215257957
-0.460913 -0.509946 9.551678 169215269947
-0.470719 -0.539366 9.512452 169215281944
-0.519753 -0.608012 9.483032 169215293955
-0.500139 -0.568786 9.433999 169215305946
-0.382459 -0.549172 9.345738 169215317996
-0.274586 -0.509946 9.424192 169215329979
-0.107873 -0.480526 9.453611 169215341976
0.068647 -0.480526 9.502645 169215353987
0.137293 -0.411879 9.492838 169215365983
0.107873 -0.343233 9.453611 169215377983
0.117680 -0.411879 9.473226 169215389981
0.117680 -0.411879 9.404578 169215401985
0.088260 -0.431493 9.483032 169215413984
0.088260 -0.470719 9.669358 169215425985
-0.068647 -0.529559 9.688972 169215437982
-0.186326 -0.578592 9.708585 169215449981
-0.333426 -0.558979 9.728198 169215461982
-0.529559 -0.529559 9.747811 169215473983
-0.853179 -0.568786 9.679165 169215485984
-1.088538 -0.519753 9.620325 169215497983
-1.314091 -0.509946 9.561485 169215509885
-1.461191 -0.617819 9.541871 169215521882
-1.598484 -0.715886 9.630132 169215533882
-1.657324 -0.715886 9.688972 169215545888
-1.696550 -0.715886 9.757618 169215557896
-1.794617 -0.598206 9.796844 169215569891
-1.853457 -0.480526 9.806651 169215581888
-1.873070 -0.470719 9.639938 169215593895
-1.775004 -0.451106 9.581099 169215605907
-1.716164 -0.431493 9.512452 169215617901
-1.647517 -0.343233 9.424192 169215629900
-1.578871 -0.264780 9.433999 169215641890
-1.353318 -0.294200 9.316319 169215653899
-1.255251 -0.264780 9.267285 169215665887
-1.127765 -0.215746 9.247672 169215677900
-1.039505 -0.156906 9.257479 169215689900
-0.735499 -0.156906 9.267285 169215701911
-0.529559 -0.009807 9.228059 169215713912
-0.343233 -0.078453 9.188832 169215725909
-0.156906 -0.049033 9.218252 169215737910
-0.019613 -0.009807 9.228059 169215749931
0.215746 0.049033 9.198639 169215761920
0.294200 -0.019613 9.257479 169215773930
0.284393 -0.058840 9.316319 169215785920
0.254973 -0.137293 9.483032 169215797937
0.451106 -0.088260 9.365352 169215809950
0.490333 -0.068647 9.375159 169215821936
0.549172 -0.078453 9.345738 169215833958
0.608012 -0.098067 9.443805 169215845945
0.637432 -0.127486 9.463418 169215857958
0.784532 -0.166713 9.659552 169215869945
0.823759 -0.166713 9.688972 169215881946
0.833565 -0.254973 9.777231 169215893961
0.813952 -0.304006 9.777231 169215905960
0.813952 -0.323619 9.767425 169215917952
0.735499 -0.245166 9.826264 169215929953
0.627626 -0.284393 9.806651 169215941953
0.509946 -0.304006 9.787038 169215953954
0.431493 -0.294200 9.777231 169215965955
0.353039 -0.333426 9.590905 169215977954
0.372653 -0.421686 9.424192 169215989954
0.392266 -0.460913 9.502645 169216001971
0.333426 -0.372653 9.561485 169216013979
0.284393 -0.333426 9.571292 169216025968
0.313813 -0.264780 9.551678 169216037980
0.362846 -0.362846 9.639938 169216049954
0.372653 -0.382459 9.669358 169216061953
0.382459 -0.382459 9.630132 169216073956
0.353039 -0.392266 9.551678 169216085955
0.313813 -0.264780 9.571292 169216097953
0.323619 -0.245166 9.639938 169216109901
0.362846 -0.274586 9.630132 169216121889
0.411879 -0.323619 9.551678 169216133896
0.343233 -0.254973 9.512452 169216145888
0.382459 -0.294200 9.610518 169216157895
0.362846 -0.333426 9.659552 169216169894
0.333426 -0.313813 9.649745 169216181890
0.225553 -0.304006 9.571292 169216193897
0.196133 -0.284393 9.404578 169216205910
0.284393 -0.304006 9.463418 169216217914
0.304006 -0.254973 9.522259 169216229915
0.323619 -0.196133 9.551678 169216241905
0.254973 -0.147100 9.453611 169216253915
0.254973 -0.098067 9.453611 169216265899
0.284393 -0.127486 9.453611 169216277913
0.294200 -0.205940 9.375159 169216289913
0.254973 -0.225553 9.433999 169216301905
0.274586 -0.137293 9.433999 169216313893
0.304006 -0.156906 9.473226 169216325888
0.294200 -0.137293 9.414385 169216337924
0.333426 -0.156906 9.424192 169216349923
0.284393 -0.225553 9.532065 169216361913
0.274586 -0.156906 9.590905 169216373921
0.235360 -0.137293 9.532065 169216385912
0.186326 -0.127486 9.561485 169216397921
0.166713 -0.166713 9.590905 169216409927
-0.029420 -0.235360 9.600712 169216421923
-0.088260 -0.235360 9.483032 169216433945
-0.176520 -0.254973 9.365352 169216445933
-0.235360 -0.274586 9.365352 169216457941
-0.225553 -0.343233 9.394772 169216469933
-0.343233 -0.205940 9.473226 169216481932
-0.392266 -0.196133 9.463418 169216493942
-0.470719 -0.156906 9.404578 169216505933
-0.539366 -0.156906 9.424192 169216517941
-0.490333 -0.147100 9.483032 169216529959
-0.529559 -0.137293 9.679165 169216541956
-0.637432 -0.205940 9.708585 169216553957
-0.725692 -0.215746 9.649745 169216565955
-0.774725 -0.166713 9.600712 169216577955
-0.862985 -0.147100 9.571292 169216589954
-0.882599 -0.147100 9.522259 169216601884
-0.853179 -0.205940 9.571292 169216613898
-0.872792 -0.235360 9.590905 169216626211
-0.902212 -0.264780 9.551678 169216637884
-0.970859 -0.264780 9.453611 169216649882
-0.961052 -0.294200 9.404578 169216661881
-0.961052 -0.323619 9.365352 169216673896
-0.951245 -0.294200 9.463418 169216685889
-0.912019 -0.264780 9.512452 169216697896
-0.951245 -0.304006 9.522259 169216709885
-0.941439 -0.313813 9.492838 169216721906
-0.931632 -0.313813 9.443805 169216733912
-0.931632 -0.323619 9.492838 169216745904
-0.872792 -0.362846 9.561485 169216757913
-0.912019 -0.372653 9.561485 169216769909
-0.961052 -0.353039 9.590905 169216781905
-0.941439 -0.362846 9.571292 169216793914
-0.941439 -0.313813 9.551678 169216805901
-0.872792 -0.254973 9.600712 169216817944
-0.843372 -0.235360 9.620325 169216829941
-0.892405 -0.245166 9.649745 169216841931
-0.902212 -0.254973 9.620325 169216853942
-1.000278 -0.156906 9.581099 169216865925
-1.039505 -0.147100 9.453611 169216877943
-1.059118 -0.196133 9.345738 169216889941
-1.059118 -0.254973 9.267285 169216901930
-1.098345 -0.254973 9.247672 169216913939
-1.059118 -0.205940 9.267285 169216925938
-1.000278 -0.176520 9.355545 169216937934
-0.961052 -0.176520 9.502645 169216949957
-0.931632 -0.235360 9.551678 169216961948
-0.941439 -0.205940 9.551678 169216973958
-0.921825 -0.186326 9.502645 169216985943
-0.921825 -0.176520 9.551678 169216997933
-0.892405 -0.235360 9.590905 169217009959
-0.853179 -0.225553 9.561485 169217021957
-0.804145 -0.205940 9.541871 169217033955
-0.804145 -0.166713 9.512452 169217045952
-0.764919 -0.088260 9.463418 169217057952
-0.676659 -0.068647 9.512452 169217069955
-0.549172 -0.117680 9.502645 169217081956
-0.343233 -0.098067 9.581099 169217093954
-0.254973 -0.117680 9.532065 169217105886
-0.245166 -0.107873 9.473226 169217117898
-0.176520 -0.117680 9.483032 169217129896
-0.166713 -0.088260 9.433999 169217141888
-0.088260 -0.039227 9.355545 169217153896
-0.019613 -0.156906 9.443805 169217165886
0.019613 -0.235360 9.443805 169217177895
0.098067 -0.215746 9.473226 169217189897
0.166713 -0.225553 9.571292 169217201900
0.264780 -0.254973 9.512452 169217213896
0.392266 -0.353039 9.502645 169217225896
0.470719 -0.402073 9.492838 169217237894
0.519753 -0.402073 9.522259 169217249913
0.578592 -0.362846 9.522259 169217261905
0.588399 -0.362846 9.492838 169217273913
0.637432 -0.323619 9.492838 169217285905
0.715886 -0.284393 9.483032 169217297914
0.784532 -0.382459 9.443805 169217309939
0.794339 -0.411879 9.522259 169217321934
0.823759 -0.460913 9.610518 169217333946
0.843372 -0.490333 9.630132 169217345932
0.813952 -0.470719 9.718391 169217357943
0.774725 -0.519753 9.649745 169217369934
0.755112 -0.519753 9.728198 169217381932
0.735499 -0.519753 9.728198 169217393941
0.755112 -0.519753 9.777231 169217405932
0.804145 -0.500139 9.757618 169217417941
0.843372 -0.539366 9.688972 169217429940
0.872792 -0.480526 9.512452 169217441934
0.882599 -0.500139 9.610518 169217453936
0.892405 -0.509946 9.561485 169217465940
0.843372 -0.451106 9.512452 169217477958
0.794339 -0.460913 9.473226 169217489953
0.784532 -0.460913 9.443805 169217501949
0.686466 -0.431493 9.492838 169217513988
0.578592 -0.402073 9.424192 169217525986
0.421686 -0.343233 9.463418 169217537981
0.382459 -0.343233 9.502645 169217549983
0.372653 -0.353039 9.532065 169217561981
0.333426 -0.304006 9.522259 169217573982
0.372653 -0.294200 9.541871 169217585975
0.392266 -0.323619 9.532065 169217597981
0.343233 -0.313813 9.483032 169217609885
0.313813 -0.284393 9.483032 169217621906
0.323619 -0.254973 9.433999 169217633883
0.313813 -0.284393 9.375159 169217645884
0.323619 -0.274586 9.306512 169217657882
0.333426 -0.274586 9.355545 169217669883
0.353039 -0.254973 9.375159 169217681882
0.343233 -0.215746 9.551678 169217693883
0.343233 -0.186326 9.522259 169217705876
0.274586 -0.186326 9.610518 169217717901
0.196133 -0.156906 9.649745 169217729897
0.029420 -0.137293 9.620325 169217741890
-0.127486 -0.186326 9.571292 169217753896
-0.176520 -0.215746 9.541871 169217765885
-0.205940 -0.264780 9.561485 169217777897
-0.225553 -0.274586 9.590905 169217789895
-0.264780 -0.254973 9.698778 169217801888
-0.451106 -0.215746 9.728198 169217813912
-0.558979 -0.225553 9.757618 169217825907
-0.686466 -0.254973 9.738005 169217837915
-0.784532 -0.304006 9.738005 169217849915
-0.823759 -0.284393 9.767425 169217861904
-0.961052 -0.294200 9.718391 169217873913
-1.010085 -0.254973 9.679165 169217885905
-1.108152 -0.254973 9.610518 169217897912
-1.166991 -0.254973 9.551678 169217909928
-1.098345 -0.117680 9.414385 169217921934
-1.039505 -0.176520 9.345738 169217933939
-0.990472 -0.235360 9.296705 169217945932
-0.941439 -0.186326 9.237865 169217957941
-1.000278 -0.147100 9.159412 169217969933
-0.970859 -0.205940 9.237865 169217981931
-0.961052 -0.245166 9.335932 169217993942
-1.019892 -0.323619 9.375159 169218005931
-1.049312 -0.343233 9.394772 169218017958
-1.166991 -0.402073 9.326125 169218029954
-1.137571 -0.421686 9.257479 169218041953
-1.166991 -0.392266 9.296705 169218053953
-1.147378 -0.382459 9.335932 169218065952
-1.176798 -0.353039 9.365352 169218077954
-1.137571 -0.274586 9.453611 169218089984
-1.117958 -0.264780 9.424192 169218101969
-1.098345 -0.274586 9.394772 169218113979
-1.088538 -0.284393 9.394772 169218125977
-1.039505 -0.264780 9.384965 169218137957
-1.000278 -0.245166 9.384965 169218149953
-0.970859 -0.235360 9.394772 169218161953
-0.931632 -0.215746 9.433999 169218173956
-0.862985 -0.215746 9.532065 169218185953
-0.755112 -0.284393 9.453611 169218197985
-0.755112 -0.304006 9.483032 169218209892
-0.725692 -0.274586 9.502645 169218221882
-0.735499 -0.254973 9.522259 169218233880
-0.774725 -0.215746 9.492838 169218245888
-0.813952 -0.235360 9.473226 169218257896
-0.862985 -0.215746 9.483032 169218269892
-0.912019 -0.196133 9.433999 169218281887
-0.862985 -0.205940 9.394772 169218293896
-0.706079 -0.235360 9.404578 169218305917
-0.617819 -0.176520 9.463418 169218317906
-0.490333 -0.176520 9.473226 169218329903
-0.421686 -0.196133 9.492838 169218341901
-0.274586 -0.245166 9.473226 169218353920
-0.215746 -0.137293 9.483032 169218365906
-0.147100 -0.098067 9.551678 169218377921
-0.098067 -0.117680 9.551678 169218389921
-0.039227 -0.088260 9.551678 169218401912
0.049033 -0.176520 9.551678 169218413919
0.117680 -0.235360 9.581099 169218425924
0.264780 -0.166713 9.698778 169218437931
0.313813 -0.176520 9.806651 169218449930
0.421686 -0.186326 9.943945 169218461921
0.568786 -0.333426 9.816459 169218473930
0.568786 -0.343233 9.806651 169218485920
0.637432 -0.323619 9.816459 169218497933
0.686466 -0.294200 9.806651 169218509939
0.843372 -0.411879 9.787038 169218521934
0.862985 -0.431493 9.728198 169218533935
0.862985 -0.372653 9.679165 169218545950
0.882599 -0.362846 9.581099 169218557962
0.862985 -0.392266 9.551678 169218569948
0.961052 -0.372653 9.492838 169218581948
1.029698 -0.451106 9.433999 169218593958
1.039505 -0.451106 9.365352 169218605959
0.951245 -0.490333 9.355545 169218617953
0.882599 -0.431493 9.326125 169218629953
0.774725 -0.519753 9.277092 169218641953
0.745305 -0.568786 9.247672 169218653955
0.735499 -0.539366 9.277092 169218665952
0.725692 -0.509946 9.375159 169218677954
0.617819 -0.529559 9.551678 169218689953
0.608012 -0.598206 9.610518 169218701875
0.608012 -0.617819 9.590905 169218713901
0.657046 -0.598206 9.571292 169218725890
0.637432 -0.539366 9.581099 169218737898
0.647239 -0.529559 9.571292 169218749897
0.627626 -0.509946 9.522259 169218761887
0.588399 -0.470719 9.600712 169218773895
0.549172 -0.431493 9.649745 169218785888
0.568786 -0.421686 9.649745 169218797897
0.529559 -0.382459 9.659552 169218809889
0.568786 -0.353039 9.630132 169218821907
0.558979 -0.333426 9.590905 169218833913
0.549172 -0.284393 9.502645 169218845905
0.617819 -0.362846 9.473226 169218857913
0.578592 -0.382459 9.512452 169218869910
0.549172 -0.333426 9.532065 169218881905
0.431493 -0.323619 9.483032 169218893914
0.313813 -0.304006 9.463418 169218905895
0.215746 -0.254973 9.345738 169218917932
0.156906 -0.254973 9.384965 169218929930
0.147100 -0.294200 9.375159 169218941921
0.176520 -0.294200 9.443805 169218953930
0.176520 -0.225553 9.424192 169218965915
0.166713 -0.245166 9.424192 169218977930
0.127486 -0.294200 9.443805 169218989929
0.068647 -0.235360 9.492838 169219001923
0.019613 -0.147100 9.424192 169219013938
-0.147100 -0.196133 9.492838 169219025935
-0.205940 -0.215746 9.453611 169219037935
-0.264780 -0.215746 9.433999 169219049959
-0.362846 -0.196133 9.463418 169219061947
-0.519753 -0.205940 9.581099 169219073958
-0.529559 -0.264780 9.669358 169219085948
-0.549172 -0.333426 9.738005 169219097956
-0.578592 -0.392266 9.826264 169219109957
-0.666852 -0.392266 9.796844 169219122012
-0.853179 -0.411879 9.738005 169219133967
-0.951245 -0.382459 9.610518 169219145966
-1.000278 -0.323619 9.522259 169219157966
-1.108152 -0.353039 9.453611 169219169955
-1.127765 -0.372653 9.414385 169219181953
-1.117958 -0.284393 9.345738 169219193955
-1.117958 -0.254973 9.306512 169219205876
-1.098345 -0.215746 9.306512 169219217870
-1.088538 -0.205940 9.237865 169219229870
-1.108152 -0.353039 9.277092 169219241868
-1.117958 -0.411879 9.257479 169219253882
-1.157185 -0.411879 9.306512 169219265885
-1.206218 -0.421686 9.335932 169219277896
-1.157185 -0.421686 9.443805 169219289897
-1.098345 -0.441299 9.698778 169219301888
-1.176798 -0.460913 9.796844 169219313899
-1.166991 -0.451106 9.836071 169219325906
-1.166991 -0.421686 9.777231 169219337909
-1.078732 -0.441299 9.669358 169219354038
-0.970859 -0.362846 9.610518 169219361889
-0.921825 -0.333426 9.512452 169219373884
-0.892405 -0.274586 9.463418 169219385884
-0.902212 -0.284393 9.394772 169219397921
-0.843372 -0.294200 9.414385 169219409870
-0.862985 -0.313813 9.453611 169219421889
-0.823759 -0.323619 9.453611 169219433890
-0.823759 -0.245166 9.502645 169219445891
-0.833565 -0.186326 9.541871 169219457889
-0.774725 -0.245166 9.551678 169219469889
-0.706079 -0.245166 9.590905 169219481888
-0.676659 -0.254973 9.600712 169219493888
-0.647239 -0.245166 9.600712 169219505917
-0.794339 -0.264780 9.502645 169219517881
-0.902212 -0.264780 9.424192 169219529881
-1.010085 -0.235360 9.365352 169219541884
-1.137571 -0.245166 9.335932 169219553881
-1.157185 -0.264780 9.355545 169219565897
-1.000278 -0.323619 9.306512 169219577885
-0.882599 -0.294200 9.375159 169219589883
-0.774725 -0.304006 9.433999 169219601882
-0.627626 -0.323619 9.424192 169219613922
-0.431493 -0.264780 9.443805 169219625913
-0.392266 -0.205940 9.443805 169219637866
-0.362846 -0.117680 9.433999 169219649886
-0.284393 -0.029420 9.414385 169219661885
-0.137293 -0.049033 9.424192 169219673883
0.058840 -0.127486 9.335932 169219685882
0.156906 -0.127486 9.365352 169219697881
0.254973 -0.137293 9.414385 169219709871
0.215746 -0.196133 9.326125 169219721871
0.284393 -0.098067 9.375159 169219733924
0.304006 -0.215746 9.424192 169219745881
0.372653 -0.284393 9.414385 169219757882
0.451106 -0.372653 9.492838 169219769884
0.509946 -0.343233 9.649745 169219781881
0.706079 -0.470719 9.855684 169219793884
0.755112 -0.549172 9.924331 169219805874
0.745305 -0.549172 10.032204 169219817882
0.735499 -0.519753 10.042011 169219829882
0.637432 -0.539366 10.002784 169219841900
0.588399 -0.382459 9.855684 169219853923
0.500139 -0.362846 9.757618 169219865864
0.460913 -0.353039 9.679165 169219877884
0.470719 -0.353039 9.649745 169219889882
0.441299 -0.421686 9.512452 169219901882
0.382459 -0.411879 9.404578 169219913882
0.304006 -0.353039 9.394772 169219925881
0.235360 -0.313813 9.326125 169219937882
0.264780 -0.333426 9.355545 169219949882
0.323619 -0.343233 9.424192 169219961912
0.353039 -0.402073 9.424192 169219973882
0.372653 -0.480526 9.355545 169219985882
0.323619 -0.470719 9.306512 169219997886
0.274586 -0.392266 9.365352 169220009884
0.205940 -0.362846 9.463418 169220021889
0.176520 -0.392266 9.433999 169220033882
0.098067 -0.323619 9.492838 169220045882
0.019613 -0.274586 9.492838 169220057883
-0.117680 -0.254973 9.433999 169220069881
-0.117680 -0.313813 9.404578 169220081912
-0.156906 -0.323619 9.394772 169220093863
-0.196133 -0.323619 9.433999 169220105867
-0.245166 -0.254973 9.404578 169220117898
-0.294200 -0.284393 9.404578 169220135297
-0.333426 -0.304006 9.443805 169220141975
-0.304006 -0.313813 9.355545 169220153872
-0.313813 -0.362846 9.375159 169220165874
-0.353039 -0.323619 9.433999 169220177910
-0.323619 -0.294200 9.512452 169220189865
-0.264780 -0.323619 9.541871 169220201875
-0.264780 -0.353039 9.590905 169220213874
-0.274586 -0.323619 9.581099 169220225872
-0.353039 -0.304006 9.620325 169220237873
-0.353039 -0.294200 9.610518 169220249869
-0.372653 -0.284393 9.679165 169220261868
-0.343233 -0.294200 9.728198 169220273883
-0.225553 -0.333426 9.708585 169220285916
-0.176520 -0.333426 9.541871 169220297904
-0.235360 -0.264780 9.561485 169220309871
-0.362846 -0.225553 9.522259 169220321886
-0.460913 -0.225553 9.532065 169220333883
-0.402073 -0.176520 9.306512 169220345887
-0.382459 -0.245166 9.443805 169220357882
-0.343233 -0.264780 9.414385 169220369882
-0.284393 -0.254973 9.433999 169220381882
-0.362846 -0.284393 9.551678 169220393881
-0.451106 -0.284393 9.384965 169220405916
-0.549172 -0.264780 9.414385 169220417882
-0.588399 -0.235360 9.453611 169220429882
-0.549172 -0.294200 9.483032 169220441882
-0.431493 -0.372653 9.551678 169220453882
-0.411879 -0.343233 9.551678 169220465885
-0.421686 -0.353039 9.502645 169220477882
-0.441299 -0.274586 9.453611 169220489881
