-0.840000 8.760000 1.560000 169212732897
-1.200000 8.760000 1.320000 169212744585
-1.020000 8.700000 1.140000 169212756604
-0.840000 8.880000 1.560000 169212769182
-0.480000 8.639999 1.560000 169212781116
-0.900000 8.820000 1.260000 169212792999
-0.840000 8.880000 1.680000 169212805979
-0.960000 8.880000 1.320000 169212818402
-0.960000 8.760000 1.560000 169212830484
-0.960000 8.880000 1.320000 169212842541
-0.840000 8.760000 1.560000 169212854556
-1.020000 8.820000 1.500000 169212866619
-0.780000 9.059999 1.500000 169212878659
-0.840000 8.760000 1.440000 169212890646
-1.020000 8.700000 1.380000 169212902590
-0.720000 8.880000 1.800000 169212913973
-0.960000 8.880000 1.680000 169212925361
-1.080000 9.120000 1.680000 169212936739
-0.780000 8.700000 1.500000 169212948364
-1.200000 9.000000 1.680000 169212964638
-0.780000 8.700000 1.740000 169212976162
-0.720000 8.760000 1.560000 169212987526
-1.080000 9.000000 1.320000 169212998899
-0.960000 9.000000 1.560000 169213010358
-0.720000 9.000000 1.560000 169213021722
-0.660000 8.820000 1.260000 169213033084
-1.020000 8.820000 1.020000 169213044470
-0.780000 9.059999 1.620000 169213056396
-0.900000 8.820000 1.500000 169213068375
-0.960000 9.000000 1.440000 169213080393
-0.900000 8.820000 1.740000 169213092346
-1.080000 9.120000 1.680000 169213104719
-0.660000 9.059999 1.500000 169213116423
-0.660000 9.179999 1.380000 169213128391
-0.720000 8.639999 1.440000 169213140394
-0.900000 8.820000 1.740000 169213152366
-1.260000 8.940000 1.380000 169213164390
-1.380000 8.820000 1.500000 169213176390
-1.080000 8.880000 1.680000 169213188366
-0.900000 8.820000 1.380000 169213200966
-0.840000 8.760000 1.800000 169213212964
-0.540000 8.820000 1.380000 169213224660
-0.900000 8.940000 1.260000 169213236513
-0.840000 8.880000 1.680000 169213248508
-0.720000 9.000000 1.560000 169213260523
-0.840000 8.639999 1.320000 169213272536
-0.840000 8.760000 1.320000 169213284502
-1.080000 8.760000 1.440000 169213296509
-0.720000 8.639999 1.440000 169213309318
-0.960000 8.639999 1.200000 169213321042
-0.840000 8.760000 1.320000 169213332685
-0.660000 8.580000 1.260000 169213344640
-0.900000 8.700000 1.020000 169213356420
-0.600000 8.760000 1.200000 169213368621
-0.720000 9.000000 1.200000 169213380433
-0.960000 8.639999 1.320000 169213392613
-0.960000 8.760000 0.960000 169213404403
-0.660000 8.700000 1.140000 169213416416
-1.080000 8.639999 1.320000 169213429368
-0.660000 8.580000 0.900000 169213441207
-0.720000 8.639999 1.320000 169213452934
-0.660000 8.700000 1.500000 169213464722
-1.140000 8.700000 1.140000 169213476500
-0.780000 8.940000 1.260000 169213488492
-0.660000 8.580000 1.260000 169213500503
-1.080000 8.880000 1.080000 169213513875
-0.900000 8.460000 1.380000 169213525972
-0.960000 8.639999 1.200000 169213538055
-1.020000 8.580000 1.380000 169213550152
-0.960000 8.520000 1.440000 169213562198
-0.780000 8.460000 1.500000 169213574318
-1.140000 8.700000 1.500000 169213586412
-0.900000 8.700000 1.260000 169213598357
-0.960000 8.760000 1.560000 169213609882
-1.080000 8.400000 1.680000 169213621272
-0.840000 8.639999 1.560000 169213633086
-1.140000 8.580000 1.500000 169213644456
-1.080000 8.520000 1.560000 169213656401
-1.140000 8.700000 1.260000 169213668341
-1.020000 8.820000 1.500000 169213680371
-1.080000 8.639999 1.440000 169213692348
-1.140000 8.940000 1.500000 169213704907
-1.020000 8.340000 1.500000 169213716437
-0.900000 8.700000 1.740000 169213728391
-1.200000 8.520000 1.800000 169213740411
-1.260000 8.460000 1.620000 169213752366
-1.200000 8.400000 1.320000 169213764375
-1.080000 8.639999 1.680000 169213776393
-1.080000 8.520000 1.920000 169213788375
-1.260000 8.940000 1.620000 169213800765
-1.440000 8.520000 1.200000 169213812760
-1.020000 8.340000 1.740000 169213824525
-1.020000 8.820000 1.500000 169213836521
-0.840000 8.400000 1.680000 169213848509
-1.140000 8.580000 1.620000 169213860538
-1.080000 8.280000 1.680000 169213872553
-1.200000 8.639999 1.560000 169213884489
-1.320000 8.639999 1.680000 169213896515
-1.140000 8.460000 1.500000 169213908331
-0.960000 8.520000 1.440000 169213921409
-1.260000 8.580000 1.500000 169213933125
-1.080000 8.520000 1.440000 169213944767
-1.020000 8.580000 1.380000 169213956456
-1.140000 8.340000 1.620000 169213968408
-1.080000 8.280000 1.560000 169213980431
-1.200000 8.760000 1.800000 169213992404
-1.320000 8.639999 1.320000 169214005444
-0.900000 8.580000 1.020000 169214017209
-1.260000 8.460000 1.380000 169214028928
-0.900000 8.700000 1.380000 169214040773
-1.320000 8.400000 1.680000 169214052484
-1.140000 8.820000 1.380000 169214064474
-0.960000 8.880000 1.680000 169214076712
-0.840000 8.400000 1.440000 169214088524
-0.600000 8.760000 1.560000 169214101041
-0.720000 9.000000 1.440000 169214115620
-1.080000 8.639999 1.200000 169214127524
-0.960000 8.880000 1.440000 169214139367
-0.540000 8.820000 1.380000 169214152288
-0.720000 8.760000 1.320000 169214163851
-0.600000 9.000000 1.440000 169214175397
-0.900000 8.820000 1.500000 169214186890
-0.120000 8.639999 1.560000 169214198699
-0.480000 8.880000 1.440000 169214211707
-0.540000 8.820000 1.620000 169214223738
-0.540000 8.820000 1.380000 169214235807
-0.480000 8.880000 1.080000 169214247846
-0.360000 9.240000 1.320000 169214259787
-0.240000 9.120000 1.200000 169214271841
-0.840000 9.000000 0.840000 169214283786
-0.660000 8.700000 1.620000 169214295749
-0.660000 9.059999 1.140000 169214307820
-0.780000 9.179999 1.620000 169214319208
-0.480000 8.880000 1.200000 169214330598
-0.660000 9.059999 1.500000 169214341953
-0.900000 8.940000 1.500000 169214353321
-0.720000 9.000000 1.200000 169214364683
-0.300000 9.059999 1.500000 169214376418
-0.660000 8.580000 1.140000 169214388376
-0.900000 8.700000 1.380000 169214400435
-0.660000 8.940000 1.260000 169214412384
-0.600000 8.880000 1.200000 169214424374
-0.660000 8.700000 1.380000 169214436390
-0.660000 8.940000 1.260000 169214448380
-0.780000 8.940000 1.380000 169214460393
-0.540000 8.700000 1.500000 169214472403
-0.480000 8.880000 1.320000 169214484384
-0.900000 9.059999 1.140000 169214496394
-0.960000 8.760000 1.440000 169214509100
-0.660000 9.059999 1.140000 169214520662
-0.660000 8.700000 1.380000 169214532545
-0.540000 9.059999 1.500000 169214544532
-0.840000 8.760000 1.440000 169214556561
-0.600000 8.880000 1.080000 169214568543
-0.840000 8.760000 1.440000 169214580560
-0.840000 8.880000 1.800000 169214592527
-0.720000 8.520000 1.440000 169214605150
-1.020000 8.460000 1.380000 169214616795
-0.480000 8.520000 1.440000 169214628664
-0.900000 8.340000 1.380000 169214640687
-0.960000 9.000000 1.440000 169214652504
-0.660000 8.820000 1.260000 169214664653
-0.960000 8.760000 1.320000 169214676662
-0.540000 8.700000 1.260000 169214688496
-0.780000 8.820000 1.740000 169214701431
-0.780000 8.940000 1.500000 169214713293
-0.960000 9.000000 1.200000 169214725174
-0.420000 9.059999 1.140000 169214737016
-0.780000 8.700000 1.380000 169214748850
-0.600000 8.639999 1.200000 169214760749
-0.900000 8.940000 1.500000 169214772711
-0.660000 8.940000 1.260000 169214784728
-1.020000 8.820000 1.260000 169214796897
-0.720000 8.760000 1.320000 169214810393
-0.960000 9.000000 1.200000 169214822462
-0.780000 8.700000 1.140000 169214834491
-1.080000 8.880000 1.560000 169214846569
-1.320000 8.760000 1.440000 169214858542
-0.960000 8.639999 1.560000 169214870599
-0.840000 8.760000 1.320000 169214882535
-0.900000 8.580000 1.140000 169214894475
-0.840000 8.520000 1.440000 169214906611
-0.780000 8.940000 1.500000 169214917975
-0.900000 8.940000 1.620000 169214929343
-1.320000 8.639999 1.800000 169214940723
-0.840000 8.639999 1.800000 169214952381
-0.960000 8.520000 1.800000 169214964398
-0.960000 8.400000 1.320000 169214976398
-1.080000 8.400000 1.200000 169214988380
-1.140000 8.820000 1.740000 169215000702
-0.900000 8.700000 1.860000 169215012405
-1.020000 8.940000 1.620000 169215024417
-1.320000 8.280000 1.320000 169215036426
-1.140000 8.460000 1.620000 169215048393
-1.320000 8.040000 1.560000 169215060412
-1.260000 8.340000 1.620000 169215072438
-1.140000 8.460000 1.380000 169215084394
-1.200000 8.639999 1.560000 169215096414
-1.560000 8.520000 1.560000 169215109221
-1.200000 8.280000 1.680000 169215121009
-1.140000 8.340000 1.500000 169215132596
-1.200000 8.400000 1.560000 169215144595
-1.140000 8.340000 1.500000 169215156591
-0.960000 8.520000 1.440000 169215168576
-1.020000 8.460000 1.740000 169215180611
-1.380000 8.220000 1.620000 169215192430
-1.380000 8.099999 1.740000 169215205556
-1.140000 8.340000 1.380000 169215217302
-1.200000 8.280000 1.560000 169215229026
-1.140000 7.740000 1.500000 169215240781
-1.200000 8.400000 1.560000 169215252756
-1.140000 8.099999 1.740000 169215264585
-1.260000 8.220000 1.620000 169215276584
-1.440000 8.160000 1.800000 169215288737
-1.260000 8.099999 1.620000 169215300626
-1.140000 8.460000 1.620000 169215312964
-1.140000 8.220000 1.380000 169215325111
-1.140000 8.460000 1.740000 169215337164
-1.260000 8.220000 1.380000 169215349388
-1.260000 8.340000 1.500000 169215361490
-1.020000 8.340000 1.140000 169215373587
-1.020000 8.340000 1.260000 169215385669
-1.140000 8.340000 1.500000 169215397700
-1.080000 8.040000 1.680000 169215409857
-1.140000 8.220000 1.620000 169215421915
-1.080000 8.280000 1.560000 169215433943
-0.720000 8.280000 1.680000 169215446010
-1.320000 8.040000 1.680000 169215458024
-1.200000 8.160000 1.320000 169215470169
-0.780000 8.099999 1.380000 169215482204
-0.960000 8.160000 1.440000 169215494232
-1.200000 8.280000 1.560000 169215506664
-1.320000 8.280000 1.440000 169215518052
-1.380000 8.580000 1.500000 169215529420
-1.260000 8.099999 1.500000 169215540789
-1.260000 8.460000 1.620000 169215552383
-1.020000 8.460000 1.620000 169215564378
-0.960000 8.280000 1.800000 169215576396
-1.260000 8.340000 1.740000 169215588370
-1.140000 8.460000 1.500000 169215600703
-1.200000 8.760000 1.440000 169215612457
-0.900000 8.580000 1.260000 169215624409
-1.020000 8.340000 1.620000 169215636411
-1.080000 8.280000 1.440000 169215648400
-1.200000 8.520000 1.200000 169215660415
-0.840000 8.400000 1.440000 169215672426
-1.080000 8.760000 1.440000 169215684404
-1.080000 8.400000 1.320000 169215696421
-0.780000 8.580000 1.140000 169215708704
-0.840000 8.400000 1.320000 169215720612
-0.600000 8.639999 1.200000 169215732587
-0.720000 8.639999 1.320000 169215744593
-0.900000 8.820000 1.140000 169215756585
-0.720000 8.639999 1.200000 169215768590
-0.720000 8.520000 1.320000 169215780602
-0.900000 8.580000 1.260000 169215792577
-0.480000 8.880000 1.200000 169215805315
-0.540000 9.059999 1.260000 169215817072
-0.540000 8.940000 1.380000 169215828786
-0.720000 8.880000 1.440000 169215840632
-0.480000 9.120000 1.320000 169215852759
-0.480000 8.760000 1.200000 169215864603
-0.360000 8.880000 1.200000 169215876583
-0.720000 9.000000 1.200000 169215888571
-0.420000 8.820000 1.380000 169215901522
-0.660000 8.820000 1.260000 169215913372
-0.300000 8.940000 1.380000 169215925252
-0.420000 8.820000 1.140000 169215937097
-0.480000 8.760000 1.320000 169215948925
-0.720000 9.120000 1.320000 169215960888
-0.420000 9.059999 1.140000 169215972917
-0.540000 9.059999 1.260000 169215984863
-0.540000 9.059999 1.020000 169215996848
-0.720000 9.000000 0.960000 169216008706
-0.480000 8.400000 0.960000 169216020755
-0.600000 9.240000 1.440000 169216032703
-0.600000 8.760000 1.080000 169216044991
-0.360000 8.880000 1.440000 169216056870
-0.660000 8.820000 1.620000 169216068859
-0.780000 8.820000 1.260000 169216080969
-0.780000 9.179999 1.380000 169216092878
-0.900000 8.940000 1.380000 169216104690
-0.540000 9.059999 1.140000 169216116411
-0.840000 9.120000 1.320000 169216128370
-0.960000 8.880000 1.320000 169216140403
-0.720000 9.000000 1.320000 169216152368
-0.660000 8.820000 1.380000 169216164372
-0.540000 8.940000 1.380000 169216176399
-0.600000 9.240000 1.320000 169216188386
-0.660000 8.940000 1.500000 169216200735
-0.720000 8.760000 1.080000 169216212500
-0.960000 8.880000 1.200000 169216224328
-0.600000 8.639999 1.440000 169216236335
-0.780000 8.940000 1.260000 169216248326
-1.020000 8.820000 1.500000 169216260531
-0.780000 8.700000 1.620000 169216272558
-0.900000 8.940000 1.380000 169216284506
-0.600000 8.639999 0.960000 169216296345
-0.420000 8.820000 1.260000 169216308927
-0.660000 8.700000 1.260000 169216320904
-0.600000 8.880000 1.440000 169216332707
-0.780000 8.820000 1.140000 169216344364
-0.840000 8.639999 1.320000 169216356586
-0.780000 8.580000 1.140000 169216368557
-0.900000 8.820000 1.740000 169216380583
-1.200000 8.520000 1.200000 169216392567
-0.780000 8.580000 1.500000 169216405197
-0.840000 8.760000 1.440000 169216416898
-0.960000 8.520000 1.560000 169216428692
-0.720000 8.400000 1.320000 169216440729
-0.900000 8.460000 1.620000 169216452688
-1.140000 8.580000 1.380000 169216464689
-0.960000 8.400000 1.200000 169216476707
-1.200000 8.280000 1.440000 169216488686
-0.840000 8.400000 1.200000 169216500484
-0.660000 8.340000 1.620000 169216512451
-0.900000 8.460000 1.260000 169216525715
-1.200000 8.280000 1.440000 169216537638
-1.140000 7.860000 1.620000 169216549551
-1.140000 8.340000 1.740000 169216561495
-1.020000 8.220000 1.260000 169216573455
-1.140000 7.860000 1.620000 169216585406
-1.320000 8.160000 1.440000 169216597330
-0.840000 8.160000 1.560000 169216608839
-1.080000 8.400000 1.560000 169216620427
-1.320000 8.160000 1.680000 169216632416
-1.320000 8.280000 1.680000 169216644387
-1.140000 8.340000 1.500000 169216656396
-1.080000 8.040000 1.920000 169216668365
-1.260000 8.220000 1.500000 169216680406
-1.140000 8.220000 1.620000 169216692369
-1.440000 8.160000 1.680000 169216704977
-1.380000 8.099999 1.260000 169216716649
-1.080000 8.160000 1.440000 169216728344
-1.140000 8.460000 1.620000 169216740375
-1.320000 8.160000 1.440000 169216752483
-1.380000 8.099999 1.500000 169216764491
-1.140000 8.220000 1.500000 169216776508
-1.260000 8.099999 1.380000 169216788483
-1.500000 8.099999 1.500000 169216800898
-1.140000 7.860000 1.620000 169216812827
-1.260000 8.220000 1.380000 169216824676
-0.960000 8.160000 1.440000 169216836505
-1.260000 8.099999 1.500000 169216848658
-1.440000 8.280000 1.680000 169216860676
-1.320000 8.160000 1.440000 169216872697
-1.260000 8.099999 1.380000 169216884666
-1.140000 8.099999 1.500000 169216896509
-1.440000 8.040000 1.680000 169216908503
-1.320000 7.920000 1.440000 169216921430
-0.960000 8.280000 1.440000 169216933156
-1.020000 8.099999 1.380000 169216944856
-1.080000 8.280000 1.560000 169216956756
-1.140000 8.220000 1.140000 169216968633
-1.020000 8.340000 1.380000 169216980868
-1.140000 8.099999 1.380000 169216992982
-0.840000 8.639999 1.440000 169217005642
-1.200000 8.520000 1.320000 169217017522
-1.440000 8.160000 1.440000 169217029353
-1.260000 8.340000 1.500000 169217041225
-1.020000 8.460000 1.260000 169217053068
-0.900000 8.340000 1.500000 169217064906
-1.020000 8.340000 1.620000 169217076917
-1.020000 8.340000 1.380000 169217088859
-0.960000 8.760000 1.200000 169217101294
-0.840000 8.880000 1.320000 169217112671
-0.960000 8.639999 1.200000 169217124394
-1.080000 8.639999 1.200000 169217136407
-0.540000 8.460000 1.620000 169217148369
-0.840000 8.880000 1.320000 169217160391
-0.840000 9.000000 1.320000 169217172406
-0.780000 8.820000 1.500000 169217184381
-0.780000 9.059999 1.380000 169217196386
-0.600000 8.639999 1.440000 169217208711
-0.540000 8.820000 1.260000 169217220519
-0.360000 8.760000 1.320000 169217232479
-0.720000 8.880000 1.440000 169217244491
-0.660000 8.940000 1.380000 169217256519
-0.660000 9.300000 1.260000 169217268490
-0.780000 9.059999 1.140000 169217280506
-0.420000 8.700000 1.260000 169217292480
-0.540000 8.940000 1.260000 169217305221
-0.660000 9.059999 1.020000 169217316869
-0.600000 8.760000 1.320000 169217328678
-0.420000 9.059999 1.260000 169217340706
-0.660000 9.179999 1.500000 169217352664
-0.780000 8.820000 1.140000 169217364492
-0.900000 9.059999 1.140000 169217376514
-0.600000 9.000000 1.320000 169217388664
-0.840000 9.120000 1.440000 169217400529
-0.480000 9.240000 1.440000 169217412513
-0.540000 9.059999 1.380000 169217425456
-0.720000 9.000000 1.200000 169217437191
-0.780000 8.820000 1.260000 169217448885
-0.540000 9.059999 1.140000 169217460748
-0.840000 9.240000 0.960000 169217472578
-0.600000 9.000000 1.080000 169217484574
-0.480000 9.000000 1.560000 169217496513
-0.600000 8.760000 1.320000 169217509864
-0.420000 8.940000 1.380000 169217521954
-0.960000 9.240000 1.080000 169217533973
-0.780000 8.700000 1.260000 169217546030
-0.720000 8.880000 1.320000 169217557993
-0.780000 9.300000 1.380000 169217569907
-0.540000 8.580000 1.020000 169217581959
-1.020000 9.179999 1.260000 169217593904
-0.900000 8.700000 1.380000 169217605705
-0.720000 9.000000 1.440000 169217621785
-0.720000 8.880000 1.560000 169217633115
-0.900000 9.179999 1.380000 169217644481
-1.320000 8.880000 1.440000 169217655850
-0.600000 8.760000 1.320000 169217667215
-0.780000 8.700000 1.380000 169217678632
-0.660000 8.580000 1.500000 169217689987
-0.960000 8.760000 1.680000 169217701441
-1.020000 8.700000 1.380000 169217712818
-0.780000 8.580000 1.140000 169217724394
-0.960000 8.880000 1.200000 169217736388
-0.660000 8.580000 1.500000 169217748382
-1.140000 8.580000 1.620000 169217760401
-1.260000 8.700000 1.500000 169217772406
-1.320000 8.760000 1.560000 169217784375
-0.960000 8.520000 1.200000 169217796398
-0.900000 8.580000 1.500000 169217808979
-1.020000 8.580000 1.380000 169217820515
-1.020000 8.580000 1.620000 169217832494
-1.140000 8.340000 1.620000 169217844494
-1.200000 8.280000 1.320000 169217856507
-1.080000 8.280000 1.320000 169217868486
-1.080000 8.040000 1.680000 169217880514
-0.960000 8.280000 1.560000 169217892479
-1.260000 8.099999 1.380000 169217905216
-1.080000 8.280000 1.320000 169217916863
-1.140000 7.980000 1.740000 169217928512
-1.200000 8.160000 1.560000 169217940685
-1.500000 8.220000 1.620000 169217952644
-1.140000 7.980000 1.500000 169217964696
-1.200000 8.280000 1.680000 169217976664
-1.500000 8.099999 1.620000 169217988651
-1.320000 7.800000 1.440000 169218000521
-1.200000 7.920000 1.560000 169218013655
-1.500000 8.099999 1.500000 169218025536
-1.260000 7.860000 1.500000 169218037390
-1.020000 8.099999 1.500000 169218049235
-1.140000 8.220000 1.380000 169218061089
-1.320000 8.160000 1.080000 169218072991
-1.200000 7.920000 1.560000 169218084836
-1.260000 7.860000 1.380000 169218096720
-1.260000 8.220000 1.380000 169218108703
-1.500000 8.340000 1.140000 169218120732
-1.200000 8.040000 1.440000 169218133375
-1.200000 8.400000 1.320000 169218145261
-1.080000 7.920000 1.680000 169218157110
-1.260000 8.340000 1.260000 169218168953
-1.440000 8.040000 1.560000 169218180940
-0.900000 8.220000 1.620000 169218192850
-1.380000 8.099999 1.500000 169218204473
-1.140000 8.340000 1.500000 169218216432
-1.260000 7.980000 1.620000 169218228372
-1.260000 8.700000 1.140000 169218240395
-1.200000 8.520000 1.440000 169218252379
-1.200000 8.400000 1.320000 169218264369
-1.020000 8.340000 1.500000 169218276388
-1.200000 8.880000 1.680000 169218288373
-0.900000 8.700000 1.380000 169218300762
-1.080000 8.400000 1.320000 169218312551
-1.200000 8.400000 1.560000 169218324565
-1.140000 8.220000 1.260000 169218336382
-1.440000 8.400000 1.560000 169218348545
-0.900000 8.460000 1.140000 169218360583
-0.720000 8.520000 1.560000 169218372597
-0.840000 9.000000 1.560000 169218384357
-0.960000 8.880000 1.680000 169218396571
-0.900000 8.700000 1.500000 169218408994
-0.720000 9.000000 1.440000 169218420837
-1.140000 8.820000 1.380000 169218432612
-0.780000 8.580000 1.380000 169218444611
-0.720000 8.400000 1.320000 169218456405
-0.840000 8.760000 1.200000 169218468628
-0.840000 8.880000 1.320000 169218480640
-0.480000 9.000000 1.440000 169218492613
-0.720000 8.639999 1.320000 169218505390
-0.660000 8.820000 1.140000 169218517158
-0.900000 8.820000 1.380000 169218528928
-0.600000 9.120000 1.200000 169218540809
-0.240000 8.880000 1.320000 169218552794
-0.360000 8.880000 1.440000 169218564535
-0.600000 9.000000 1.320000 169218576569
-0.840000 9.000000 1.440000 169218588552
-0.420000 8.820000 1.380000 169218601547
-0.660000 9.179999 1.380000 169218613484
-0.540000 9.059999 1.140000 169218625423
-1.020000 9.179999 1.140000 169218637336
-0.600000 9.000000 1.320000 169218649233
-0.480000 9.000000 1.440000 169218661174
-0.960000 9.120000 1.320000 169218673142
-0.420000 9.179999 1.140000 169218685077
-0.540000 9.179999 1.260000 169218696987
-0.840000 9.000000 1.440000 169218708806
-0.840000 9.240000 1.800000 169218720414
-0.840000 9.000000 1.440000 169218732241
-0.660000 8.940000 1.260000 169218744236
-0.720000 9.120000 1.440000 169218756419
-0.780000 9.179999 1.380000 169218768389
-0.540000 9.059999 1.380000 169218780409
-0.600000 9.360000 1.560000 169218792393
-0.420000 9.059999 1.500000 169218804977
-0.600000 8.880000 1.440000 169218816680
-0.660000 8.940000 1.380000 169218828522
-0.900000 8.940000 1.140000 169218840546
-0.720000 9.000000 1.440000 169218852510
-0.960000 9.000000 1.440000 169218864510
-0.780000 8.700000 1.140000 169218876537
-0.420000 8.820000 1.620000 169218888504
-1.080000 8.639999 1.440000 169218900895
-0.780000 8.700000 1.620000 169218912757
-0.780000 8.940000 1.380000 169218924630
-0.780000 9.059999 1.380000 169218936613
-0.840000 8.760000 1.320000 169218948609
-0.900000 8.580000 1.260000 169218960656
-0.900000 8.580000 1.140000 169218972683
-0.900000 8.700000 1.260000 169218984626
-0.660000 8.580000 1.500000 169218996630
-1.020000 8.340000 1.380000 169219009329
-0.780000 8.220000 1.260000 169219021132
-0.840000 8.639999 1.560000 169219032909
-0.780000 8.460000 1.380000 169219044787
-0.960000 8.639999 1.680000 169219056563
-0.840000 8.400000 1.200000 169219068549
-1.260000 8.340000 1.260000 169219080557
-1.020000 8.340000 1.500000 169219092794
-0.900000 8.580000 1.260000 169219104532
-0.900000 8.460000 1.500000 169219116818
-1.200000 8.280000 1.560000 169219129419
-1.080000 8.400000 1.440000 169219142874
-1.200000 8.160000 1.320000 169219155418
-1.260000 8.340000 1.260000 169219167892
-1.380000 7.980000 1.500000 169219179875
-1.320000 8.040000 1.320000 169219191807
-1.200000 8.040000 1.080000 169219203627
-1.140000 8.220000 1.500000 169219215130
-1.440000 8.520000 1.320000 169219226548
-1.200000 8.040000 1.440000 169219237963
-1.260000 8.340000 1.500000 169219249360
-1.260000 7.980000 1.500000 169219260725
-1.260000 8.220000 1.500000 169219272447
-1.500000 8.220000 1.740000 169219284404
-1.080000 8.280000 1.440000 169219296453
-1.200000 8.160000 1.320000 169219308455
-1.380000 8.460000 1.620000 169219320528
-1.380000 8.220000 1.620000 169219332642
-1.440000 8.520000 1.800000 169219349663
-1.320000 8.280000 1.680000 169219364444
-1.200000 8.160000 1.080000 169219377928
-0.900000 7.860000 1.260000 169219391396
-1.380000 8.340000 1.380000 169219405216
-1.320000 7.920000 1.680000 169219418720
-1.020000 7.980000 1.380000 169219432043
-1.320000 8.160000 1.560000 169219445375
-1.320000 8.280000 1.320000 169219458780
-1.140000 7.980000 1.380000 169219472210
-1.260000 7.860000 1.620000 169219485750
-0.960000 8.160000 1.440000 169219499256
-1.080000 8.280000 1.560000 169219512710
-0.960000 8.280000 1.440000 169219526099
-1.080000 8.040000 1.440000 169219539381
-1.140000 8.700000 1.380000 169219552674
-0.780000 7.980000 1.620000 169219566067
-1.140000 8.340000 1.260000 169219579436
-0.900000 8.340000 1.260000 169219592793
-0.840000 8.639999 1.440000 169219606334
-0.720000 8.520000 1.200000 169219619782
-0.780000 8.340000 1.500000 169219633279
-0.900000 8.580000 1.380000 169219646699
-0.900000 8.460000 1.380000 169219659981
-0.900000 8.580000 1.500000 169219673327
-0.720000 8.520000 1.320000 169219686698
-0.840000 8.639999 1.200000 169219700156
-0.780000 8.700000 1.260000 169219713637
-0.720000 8.639999 1.440000 169219727101
-0.900000 8.700000 1.500000 169219740567
-0.900000 9.179999 1.620000 169219753961
-0.780000 8.820000 1.500000 169219767248
-0.540000 9.059999 1.740000 169219780549
-0.480000 8.880000 1.440000 169219793913
-0.900000 9.059999 1.140000 169219807314
-0.840000 8.639999 1.680000 169219820708
-0.660000 9.059999 1.380000 169219834207
-0.600000 9.120000 1.680000 169219847693
-0.780000 8.940000 1.380000 169219861141
-0.540000 8.940000 1.380000 169219874628
-0.780000 8.820000 1.260000 169219887920
-0.600000 9.240000 1.320000 169219901232
-0.780000 9.300000 1.260000 169219914594
-0.600000 8.880000 1.320000 169219927954
-0.540000 9.059999 1.500000 169219941435
-0.900000 9.179999 1.380000 169219954902
-0.840000 9.240000 1.440000 169219968365
-0.420000 9.300000 1.380000 169219981751
-0.600000 9.240000 1.440000 169219995047
-0.660000 9.300000 1.140000 169220008341
-0.720000 9.360000 1.440000 169220021652
-0.480000 8.760000 1.320000 169220035095
-0.660000 8.820000 1.620000 169220048456
-0.840000 9.000000 1.440000 169220061924
-0.780000 8.940000 1.260000 169220075473
-0.720000 9.000000 1.320000 169220088920
-0.960000 9.120000 1.320000 169220102417
-0.840000 9.120000 1.440000 169220116097
-0.720000 8.880000 1.200000 169220129566
-0.840000 9.000000 1.320000 169220144160
-0.360000 9.000000 1.080000 169220157947
-0.840000 9.240000 1.680000 169220171492
-0.660000 8.940000 1.380000 169220184940
-0.780000 9.059999 1.380000 169220198414
-0.600000 9.000000 1.680000 169220211708
-0.780000 9.179999 1.260000 169220225026
-0.600000 9.120000 1.320000 169220238396
-0.660000 9.059999 1.500000 169220251754
-0.600000 8.880000 1.440000 169220265238
-0.960000 9.120000 1.320000 169220278728
-0.780000 9.059999 1.500000 169220292177
-0.660000 9.420000 1.500000 169220305673
-0.720000 9.000000 1.560000 169220319000
-0.840000 9.000000 1.440000 169220332284
-0.720000 8.880000 1.440000 169220345606
-0.480000 8.639999 1.320000 169220359017
-0.540000 9.179999 1.500000 169220372413
-0.660000 8.940000 1.500000 169220385882
-0.540000 8.820000 1.500000 169220399351
-0.720000 9.000000 1.200000 169220412809
-0.720000 9.000000 1.560000 169220426198
-0.540000 8.820000 1.500000 169220439479
-0.900000 9.059999 1.140000 169220452761
-0.600000 9.120000 1.080000 169220466134
-0.660000 9.059999 1.140000 169220479500
-0.480000 9.120000 1.560000 169220492869
-0.540000 9.179999 1.380000 169220506424
-0.540000 9.179999 1.380000 169220519864
-0.600000 9.120000 1.440000 169220533330
-0.720000 9.120000 1.320000 169220546746
-0.720000 9.480000 1.320000 169220560044
-0.660000 9.059999 1.260000 169220573351
-0.720000 9.120000 1.200000 169220586709
-0.780000 9.059999 1.380000 169220600115
-0.840000 9.000000 1.200000 169220613593
-0.840000 9.120000 1.560000 169220627057
-0.420000 9.059999 1.140000 169220640519
-0.780000 8.820000 1.260000 169220653902
-0.720000 9.240000 1.080000 169220667191
