12.547500 -4.165000 -2.117500 27897985381
12.547500 -2.152500 -2.922500 27898010387
8.155000 -2.135000 -3.570000 27898035379
1.050000 -1.627500 -3.360000 27898060411
-2.345000 -2.467500 -2.415000 27898085393
-8.522500 -3.080000 -2.800000 27898110475
-7.630000 -6.317500 0.910000 27898135452
-1.820000 -6.247500 1.102500 27898160450
-0.122500 -1.662500 -3.202500 27898185449
-3.745000 -0.630000 -2.730000 27898210476
-3.465000 -2.625000 -0.682500 27898235513
0.350000 -6.860000 -1.627500 27898260496
6.002500 -5.967500 -4.112500 27898285498
6.387500 -1.260000 -4.935000 27898310535
5.127500 2.362500 -1.120000 27898335630
1.960000 4.970000 1.697500 27898360630
-0.997500 0.945000 3.990000 27898385628
0.525000 -7.997500 -0.770000 27898410723
3.675000 -4.200000 -3.045000 27898435838
0.437500 -0.822500 -2.485000 27898460861
-4.725000 -2.800000 -0.350000 27898486041
-0.735000 -4.287500 -0.490000 27898510824
4.935000 -5.337500 -7.070000 27898535810
3.395000 -6.125000 -7.560000 27898560821
2.975000 -7.315000 -3.710000 27898585802
11.567500 -6.510000 -3.202500 27898610836
10.500000 -9.257500 -6.737500 27898635812
3.780000 -10.237500 -8.925000 27898660810
7.245000 -9.397500 -8.697500 27898685816
10.675000 0.227500 -12.810000 27898710818
6.580000 -3.465000 -10.307500 27898735812
7.980000 -9.152500 -7.262500 27898760816
15.172500 -1.172500 -6.580000 27898785802
12.792500 -0.157500 -4.602500 27898810798
4.900000 -7.997500 -3.832500 27898835825
-5.740000 -4.567500 -2.905000 27898860811
-33.652500 -2.100000 -1.190000 27898885812
-37.520000 -10.552500 -3.902500 27898910817
-21.297501 -8.015000 -6.632500 27898935815
-16.642500 -1.050000 -5.372500 27898960806
-36.189999 1.400000 2.572500 27898985843
-45.482502 -2.940000 7.087500 27899010821
-31.045000 -18.462500 14.192500 27899035798
-48.107502 -28.700001 17.342501 27899060800
-85.364998 5.600000 39.654999 27899085800
-118.300003 33.250000 60.462502 27899110818
-134.137497 31.062500 29.312500 27899135805
-129.710007 36.102501 1.802500 27899160817
-80.989998 20.790001 -6.702500 27899185813
-52.377499 56.279999 8.942500 27899210766
-88.777504 75.582497 42.052502 27899235827
-104.824997 0.822500 29.400000 27899260821
-82.722504 -73.849998 -7.962500 27899285807
-41.002499 -77.122498 0.735000 27899310836
-12.722500 -72.309998 25.934999 27899335819
-18.777500 -34.457500 34.212502 27899360821
-21.665001 -38.814999 48.317501 27899385815
-67.095001 -135.327499 52.412498 27899410818
-68.407501 -198.835007 26.652500 27899435816
-49.105000 -140.472504 6.510000 27899460817
-58.520000 -79.467499 3.832500 27899485823
-88.882500 -55.877499 -10.447500 27899510791
-70.070000 -81.042503 -19.145000 27899535813
-48.947498 -133.735001 -7.542500 27899560800
-29.872499 -95.375000 -2.940000 27899585800
-1.312500 -26.424999 -9.747500 27899610825
-0.297500 -50.330002 -9.275000 27899635829
20.860001 -55.825001 -4.830000 27899660739
25.847500 -49.122501 -3.027500 27899685803
4.235000 -27.195000 8.435000 27899710838
-36.994999 -8.575000 6.160000 27899735814
-10.570000 -54.145000 36.470001 27899760816
-28.892500 182.979996 73.360001 27899785802
-92.434998 143.062500 35.209999 27899810827
12.950000 68.407501 35.367500 27899835815
-10.710000 72.572502 11.182500 27899860815
59.097500 -26.617500 4.060000 27899885802
0.612500 38.849998 -15.435000 27899910814
-7.682500 -2.625000 -33.617500 27899935807
-12.687500 -10.290000 -41.107502 27899960810
-15.155000 -11.235000 -36.977501 27899985838
-13.930000 -11.602500 -27.475000 27900010797
-10.657500 -8.137500 -24.045000 27900035826
-9.292500 19.897501 -19.809999 27900060842
-7.822500 79.870003 -5.757500 27900085740
-2.082500 53.777500 6.387500 27900110880
1.540000 28.420000 12.722500 27900135817
3.745000 52.430000 19.879999 27900160944
5.407500 84.385002 28.559999 27900185780
6.737500 129.324997 41.422501 27900210810
7.507500 164.412506 51.432499 27900235815
5.617500 239.085007 45.814999 27900260849
3.150000 -80.377502 23.187500 27900285816
14.052500 39.567501 8.330000 27900310829
1.680000 -27.177500 -0.840000 27900335834
1.015000 -3.325000 -0.052500 27900360781
-0.140000 -3.010000 -0.157500 27900385817
-0.140000 -0.280000 -0.087500 27900410821
-0.507500 0.437500 -0.175000 27900435803
-0.595000 1.330000 -0.262500 27900460779
-0.525000 0.717500 -0.175000 27900485806
-0.875000 1.435000 0.052500 27900510807
-0.735000 0.980000 0.262500 27900535811
-0.577500 1.242500 -0.140000 27900560795
-0.560000 1.067500 -0.122500 27900585826
-0.595000 1.365000 -0.052500 27900610795
-0.577500 1.190000 -0.052500 27900635795
-0.560000 0.910000 -0.017500 27900660791
-0.455000 0.962500 0.122500 27900685805
-0.805000 0.665000 0.052500 27900710850
-0.595000 0.997500 0.035000 27900735799
-0.612500 1.207500 0.070000 27900760787
-0.700000 0.945000 -0.105000 27900785802
-0.735000 1.172500 0.070000 27900810797
-0.665000 1.400000 -0.052500 27900835795
-0.612500 1.330000 0.105000 27900860803
-0.770000 1.295000 -0.087500 27900885798
-0.525000 0.997500 0.192500 27900910798
-0.665000 1.155000 0.070000 27900935811
-0.665000 1.015000 0.070000 27900960782
-0.735000 1.085000 -0.122500 27900985904
-0.717500 0.980000 -0.175000 27901010805
-0.542500 0.927500 -0.105000 27901035794
-0.700000 1.032500 0.035000 27901060789
-0.630000 1.330000 0.105000 27901085808
-0.665000 1.242500 0.140000 27901110801
-0.857500 1.102500 -0.297500 27901135822
-0.595000 1.120000 -0.070000 27901160782
-0.787500 1.120000 -0.175000 27901185813
-0.822500 1.085000 -0.087500 27901210804
-0.752500 1.067500 0.087500 27901235805
-0.612500 1.015000 -0.455000 27901260792
-0.945000 0.962500 -0.157500 27901285798
-0.700000 1.207500 -0.227500 27901310792
-0.665000 1.172500 0.140000 27901335804
-0.437500 0.875000 -0.017500 27901360783
-0.577500 0.910000 -0.262500 27901385804
-0.770000 1.050000 -0.052500 27901410811
-0.647500 1.050000 0.227500 27901435813
-0.525000 1.242500 -0.192500 27901460792
-0.700000 1.032500 -0.157500 27901485804
-0.437500 0.997500 -0.017500 27901510798
-0.455000 1.015000 -0.017500 27901535804
-0.612500 1.067500 -0.122500 27901560806
-0.385000 1.207500 -0.105000 27901585794
-0.560000 1.190000 -0.105000 27901610798
-0.700000 1.120000 -0.087500 27901635813
-0.805000 1.085000 0.017500 27901660801
-0.472500 0.945000 0.070000 27901685805
-0.612500 1.067500 0.017500 27901710816
-0.700000 1.172500 0.087500 27901735810
-0.805000 1.207500 -0.175000 27901760802
-0.717500 1.137500 -0.052500 27901785810
-0.612500 1.120000 -0.192500 27901810826
-0.717500 0.875000 0.070000 27901835828
-0.560000 0.945000 -0.052500 27901860806
-0.840000 1.365000 0.070000 27901885800
-0.525000 0.962500 -0.245000 27901910830
-0.560000 1.050000 -0.087500 27901935811
-0.577500 1.067500 -0.175000 27901960802
-0.577500 0.927500 -0.105000 27901985902
-0.455000 1.137500 0.105000 27902010822
-0.735000 1.190000 -0.070000 27902035808
-0.735000 1.032500 -0.262500 27902060807
-0.700000 0.962500 0.227500 27902085795
-0.560000 1.137500 -0.245000 27902110831
-0.752500 1.452500 -0.140000 27902135805
-0.927500 1.067500 -0.105000 27902160800
-0.577500 1.015000 0.017500 27902185814
-0.787500 1.155000 0.035000 27902210812
-0.840000 1.172500 0.087500 27902235806
-0.612500 1.050000 -0.315000 27902260819
-0.665000 1.067500 0.070000 27902285798
-0.630000 1.085000 -0.087500 27902310813
-0.630000 1.137500 0.105000 27902335936
-0.647500 1.137500 0.227500 27902360956
