1.843650 4.893519 8.531787 13500757497
1.873070 4.922939 8.512174 13500782500
1.902490 4.922939 8.620047 13500807518
1.882877 4.903326 8.688693 13500832525
1.853457 4.981779 8.757339 13500857516
1.755391 5.030812 8.904439 13500882522
1.696550 4.971972 9.433999 13500907507
2.079010 5.334818 10.748089 13500932520
2.294756 5.756504 7.678608 13500957517
2.216303 4.726806 7.698222 13500982514
1.127765 4.197247 10.287177 13501007522
0.637432 4.569900 10.444084 13501032523
0.872792 5.060232 10.051817 13501057582
1.166991 5.148491 9.747811 13501082525
1.618097 5.089652 9.247672 13501107508
1.725971 4.971972 8.924053 13501132524
1.804424 4.854292 8.620047 13501157506
1.794617 4.785646 8.492560 13501182515
1.578871 4.736613 8.678886 13501207492
1.539644 4.697386 8.580820 13501232515
