-2.292500 1.015000 -1.907500 13500784544
-1.995000 0.735000 -1.470000 13500809538
-0.315000 -0.717500 -1.820000 13500834543
0.682500 -2.205000 -2.100000 13500859560
2.870000 -2.905000 -0.542500 13500884535
3.955000 -8.470000 0.315000 13500909407
16.905001 21.682501 3.290000 13500934543
0.927500 42.192501 12.425000 13500959540
-41.230000 53.182499 -1.277500 13500984535
-34.702499 30.450001 -16.065001 13501009408
-6.107500 -14.665000 -12.127500 13501034562
9.712500 -12.530000 -1.995000 13501059442
0.350000 -4.865000 2.345000 13501084522
-1.172500 -8.627500 1.872500 13501109516
-2.835000 -11.847500 3.447500 13501134956
-3.132500 -4.690000 3.640000 13501159547
6.195000 1.400000 2.975000 13501184511
8.837500 0.437500 2.047500 13501209517
5.337500 -6.457500 1.487500 13501234515
-0.682500 -4.515000 0.192500 13501259554
