3.342500 1.295000 -0.280000 12962964999
3.237500 1.067500 -0.105000 12962990005
2.975000 0.822500 -0.175000 12963015082
2.485000 1.155000 0.087500 12963040009
1.732500 0.962500 -0.245000 12963065005
1.225000 1.155000 0.420000 12963090002
0.367500 1.662500 0.945000 12963115010
0.192500 1.575000 0.805000 12963139997
-0.420000 3.132500 0.017500 12963165005
4.095000 3.465000 -0.630000 12963190005
10.325000 2.712500 4.375000 12963215006
12.232500 5.285000 10.062500 12963240003
-5.180000 2.502500 6.072500 12963264998
0.857500 5.740000 2.310000 12963290003
-5.110000 5.897500 0.175000 12963315006
-1.365000 8.470000 -1.137500 12963340002
-4.462500 7.980000 -1.977500 12963365006
-2.257500 10.377500 -1.820000 12963390082
-3.045000 14.192500 0.035000 12963415095
-5.337500 14.087500 -0.945000 12963440005
-5.530000 13.195000 -2.660000 12963465004
-3.657500 15.452500 -3.167500 12963490004
-4.952500 15.925000 -2.205000 12963515095
-3.202500 15.312500 -1.540000 12963540074
-1.085000 16.362499 0.087500 12963565006
2.327500 14.577500 1.312500 12963590004
-0.157500 14.857500 -0.437500 12963615085
-3.482500 14.630000 0.017500 12963640003
-7.682500 14.210000 -1.627500 12963664975
-8.207500 13.720000 -1.242500 12963689993
-5.547500 14.525000 0.595000 12963715006
-7.350000 13.982500 0.140000 12963739987
-7.945000 13.177500 -0.525000 12963764986
-7.245000 12.390000 -1.242500 12963789993
-5.775000 11.357500 1.067500 12963815003
-2.992500 11.287500 2.362500 12963839991
-2.292500 9.642500 3.115000 12963864997
-1.137500 8.872500 3.465000 12963889993
0.665000 7.017500 1.750000 12963915002
-0.140000 5.197500 -0.770000 12963939990
-0.787500 3.447500 -0.245000 12963964984
-0.682500 1.102500 0.875000 12963989983
2.905000 -0.350000 3.027500 12964014997
0.717500 -2.065000 4.130000 12964039824
-6.790000 -3.500000 -1.505000 12964064999
-6.947500 -6.982500 -6.195000 12964089987
9.065000 -7.770000 -4.252500 12964114988
3.710000 -11.357500 1.260000 12964139991
6.545000 -14.035000 2.135000 12964164995
3.762500 -17.395000 0.420000 12964190092
6.737500 -16.555000 -1.085000 12964214997
5.355000 -16.957500 -1.330000 12964239992
4.007500 -18.725000 -1.522500 12964264992
4.392500 -19.407499 -0.245000 12964289985
1.452500 -20.107500 -0.752500 12964314996
2.257500 -20.352501 -3.955000 12964339990
1.872500 -20.352501 -3.395000 12964364983
-0.192500 -21.350000 -2.502500 12964389986
3.955000 -21.052500 -0.700000 12964415084
0.875000 -19.057501 -1.505000 12964439997
1.872500 -19.092501 -3.307500 12964464994
2.257500 -19.652500 -3.990000 12964489985
3.132500 -18.340000 -2.992500 12964515083
1.977500 -15.767500 -2.362500 12964539991
3.412500 -14.682500 -2.257500 12964564984
4.130000 -11.987500 -0.577500 12964589985
1.505000 -10.132500 0.752500 12964615000
3.290000 -8.942500 1.050000 12964640000
2.485000 -6.002500 1.207500 12964664991
-2.100000 -2.800000 3.115000 12964689989
-0.367500 1.855000 4.305000 12964715002
-4.427500 6.912500 4.427500 12964739991
-1.540000 11.795000 3.710000 12964764987
0.087500 19.740000 2.135000 12964789982
0.385000 24.762501 -0.087500 12964815001
3.307500 28.822500 -1.592500 12964839993
3.850000 35.314999 -3.622500 12964864989
0.665000 36.715000 -6.685000 12964889990
0.857500 38.465000 -7.227500 12964915006
2.940000 38.709999 -5.705000 12964939989
2.905000 37.747501 -5.617500 12964964989
2.432500 35.665001 -2.012500 12964989985
-0.140000 33.547501 0.472500 12965014913
-1.067500 30.712500 0.927500 12965039993
0.245000 28.350000 -1.295000 12965064993
-0.682500 24.395000 -3.675000 12965089992
-1.452500 19.512501 -1.942500 12965115001
-1.662500 16.135000 -0.630000 12965139992
-2.607500 13.860000 0.210000 12965164990
-3.885000 10.395000 -0.070000 12965189988
-0.735000 8.417500 1.942500 12965215005
-0.105000 6.492500 4.322500 12965239990
-0.612500 3.710000 3.395000 12965264978
-0.647500 -0.560000 -1.120000 12965289989
3.360000 -7.105000 -2.117500 12965315001
0.157500 -10.167500 -0.507500 12965339989
-0.262500 -14.175000 2.660000 12965364993
-1.102500 -14.805000 5.845000 12965390001
-0.542500 -18.725000 5.915000 12965415007
2.520000 -21.227501 5.197500 12965439995
3.780000 -23.432501 3.150000 12965465006
4.760000 -23.764999 3.622500 12965489989
5.775000 -25.480000 3.657500 12965515006
6.002500 -25.235001 4.287500 12965539992
5.880000 -23.940001 1.067500 12965564990
2.905000 -22.260000 -2.275000 12965589990
1.977500 -19.320000 -4.305000 12965615082
2.222500 -14.017500 -5.022500 12965639991
-0.350000 -8.452500 -5.897500 12965664998
-2.327500 3.272500 3.342500 12965689992
-3.290000 7.647500 20.895000 12965715078
-2.870000 15.102500 20.597500 12965739994
-0.542500 21.892500 -3.832500 12965764992
0.962500 24.605000 -21.980000 12965789989
0.455000 30.660000 -20.475000 12965815007
-1.172500 33.564999 -6.825000 12965839991
0.332500 36.207500 0.455000 12965864993
-0.297500 38.062500 3.937500 12965889995
3.482500 37.450001 3.780000 12965915005
5.740000 37.677502 2.205000 12965939991
4.970000 34.055000 -3.290000 12965964981
2.310000 32.357502 -5.687500 12965989992
0.280000 29.522501 -8.190000 12966015081
-1.820000 26.950001 -5.617500 12966039994
-1.872500 25.235001 -0.822500 12966064993
-1.907500 20.527500 -0.315000 12966089992
-0.647500 17.517500 2.292500 12966115008
1.802500 16.590000 3.010000 12966139990
2.467500 12.145000 0.507500 12966164987
2.607500 10.640000 -0.157500 12966189993
-2.537500 7.332500 -0.105000 12966215003
-0.297500 5.792500 -0.105000 12966240006
-4.427500 3.745000 -1.067500 12966264990
-1.697500 0.665000 1.015000 12966289997
-1.120000 0.035000 1.102500 12966315006
-3.587500 -2.800000 0.910000 12966339995
-6.545000 -4.882500 -0.805000 12966364994
-2.590000 -6.265000 -1.155000 12966389998
-5.477500 -9.922500 -0.262500 12966415000
-4.812500 -11.567500 0.052500 12966439991
-7.052500 -13.755000 0.647500 12966464994
-6.422500 -16.240000 5.827500 12966489990
-5.652500 -17.535000 1.365000 12966514992
-1.575000 -18.602501 -0.297500 12966539991
-2.345000 -19.057501 2.537500 12966564890
0.822500 -19.757500 7.490000 12966589997
0.350000 -20.142500 7.332500 12966614991
-1.277500 -20.230000 3.080000 12966639991
-0.980000 -18.532499 -3.045000 12966665093
-2.222500 -17.080000 -5.390000 12966689987
-2.975000 -14.350000 -5.127500 12966714993
-2.537500 -10.972500 -1.032500 12966739989
-0.017500 -8.942500 -1.575000 12966764989
-0.805000 -3.955000 -1.662500 12966789990
-0.840000 1.347500 -0.962500 12966814990
-2.695000 3.710000 0.350000 12966839992
-2.870000 4.340000 5.005000 12966864991
0.805000 4.637500 4.235000 12966889988
2.467500 4.812500 2.730000 12966914988
3.657500 2.257500 -1.085000 12966939985
4.095000 1.680000 -1.820000 12966964889
4.427500 0.945000 -1.907500 12966989994
4.252500 1.522500 -1.085000 12967015098
4.235000 1.260000 -0.315000 12967040189
3.482500 0.752500 0.910000 12967064995
2.485000 0.997500 1.802500 12967089989
1.085000 1.330000 2.590000 12967114993
0.087500 0.980000 1.400000 12967140001
-1.207500 0.857500 1.050000 12967164990
-1.417500 0.840000 -0.385000 12967190002
