-2.580000 -2.100000 6.300000 12962948092
-2.580000 -2.580000 6.060000 12962973185
-2.760000 -2.280000 6.120000 12962998113
-2.940000 -2.460000 6.060000 12963023090
-2.460000 -2.220000 5.940000 12963048097
-2.400000 -2.400000 6.360000 12963073095
-2.700000 -2.460000 6.540000 12963098141
-2.640000 -2.400000 6.360000 12963123111
-2.760000 -2.520000 6.360000 12963148091
-2.700000 -2.340000 6.300000 12963173084
-2.700000 -2.460000 6.300000 12963198099
-2.820000 -2.460000 6.060000 12963223099
-2.820000 -2.100000 6.300000 12963248092
-2.640000 -2.280000 6.240000 12963273102
-2.580000 -2.340000 6.420000 12963298091
-2.520000 -2.520000 6.240000 12963323100
-2.820000 -2.460000 6.540000 12963348102
-2.580000 -2.100000 6.180000 12963373116
-2.760000 -2.400000 6.240000 12963398114
-2.880000 -2.160000 6.000000 12963423104
-2.940000 -2.340000 6.060000 12963448089
-2.640000 -2.040000 6.240000 12963473101
-2.580000 -2.460000 6.420000 12963498150
-2.580000 -2.100000 6.180000 12963523094
-2.700000 -2.340000 6.060000 12963548134
-2.760000 -2.280000 5.880000 12963573088
-3.060000 -2.340000 6.180000 12963598105
-3.120000 -2.040000 6.000000 12963623100
-3.120000 -2.280000 6.600000 12963648121
-2.880000 -2.280000 6.120000 12963673113
-2.820000 -1.980000 5.940000 12963698087
-2.640000 -2.400000 6.360000 12963723079
-3.120000 -2.400000 6.480000 12963748120
-2.940000 -2.340000 6.060000 12963773086
-2.820000 -2.340000 6.060000 12963798126
-3.180000 -2.220000 6.300000 12963823083
-3.120000 -2.400000 6.360000 12963848073
-3.120000 -2.160000 6.000000 12963873128
-3.000000 -2.160000 6.240000 12963898095
-3.060000 -2.460000 6.300000 12963923127
-3.000000 -2.160000 6.360000 12963948098
-3.120000 -2.040000 6.120000 12963973224
-3.300000 -2.220000 6.060000 12963998083
-3.300000 -2.100000 6.300000 12964023091
-3.000000 -2.160000 6.000000 12964048658
-3.240000 -2.280000 6.360000 12964073069
-3.300000 -2.460000 5.940000 12964098053
-2.940000 -2.220000 5.940000 12964123063
-2.820000 -2.100000 6.180000 12964148076
-3.240000 -2.280000 6.120000 12964173091
-2.760000 -2.280000 6.360000 12964198067
-2.940000 -2.580000 6.180000 12964223113
-2.820000 -2.100000 6.300000 12964248083
-2.820000 -2.220000 5.940000 12964273077
-2.700000 -2.100000 6.180000 12964298122
-2.820000 -2.340000 6.420000 12964323082
-2.880000 -2.520000 6.120000 12964348066
-2.580000 -2.340000 6.180000 12964373086
-2.820000 -2.340000 6.420000 12964398062
-2.940000 -2.460000 5.940000 12964423089
-2.580000 -2.220000 6.300000 12964448079
-2.760000 -2.520000 6.240000 12964473077
-2.580000 -1.740000 6.300000 12964498099
-2.700000 -2.340000 6.540000 12964523093
-2.580000 -2.100000 6.180000 12964548119
-2.280000 -2.160000 6.240000 12964573082
-2.400000 -2.280000 6.240000 12964598082
-2.220000 -2.340000 6.180000 12964623078
-2.400000 -2.280000 6.120000 12964648071
-2.460000 -2.220000 6.300000 12964673068
-2.640000 -2.160000 6.360000 12964698078
-2.400000 -2.280000 6.480000 12964723081
-2.640000 -2.040000 6.000000 12964748077
-2.460000 -2.460000 6.420000 12964773104
-2.460000 -2.460000 6.180000 12964798081
-2.340000 -2.220000 6.540000 12964823129
-2.700000 -2.460000 6.060000 12964848074
-2.760000 -2.040000 6.240000 12964873077
-2.940000 -2.340000 6.300000 12964898125
-2.820000 -2.580000 6.300000 12964923082
-2.580000 -2.220000 6.180000 12964948069
-3.060000 -2.460000 5.940000 12964973183
-3.360000 -2.520000 6.240000 12964998087
-2.940000 -2.100000 6.060000 12965023091
-3.480000 -2.280000 6.240000 12965048148
-3.420000 -2.340000 5.820000 12965073094
-3.180000 -2.340000 6.060000 12965098082
-3.600000 -2.400000 6.000000 12965123076
-3.360000 -2.640000 5.880000 12965148108
-3.660000 -2.580000 5.940000 12965173131
-3.660000 -2.220000 5.700000 12965198083
-3.540000 -2.460000 5.820000 12965223086
-3.300000 -2.340000 5.820000 12965248072
-3.600000 -2.520000 5.880000 12965273075
-3.660000 -2.220000 5.940000 12965298076
-3.720000 -2.160000 5.880000 12965323102
-3.360000 -2.280000 5.880000 12965348069
-3.780000 -2.340000 5.940000 12965373080
-3.120000 -2.280000 5.640000 12965398079
-3.420000 -1.980000 5.700000 12965423088
-3.240000 -2.160000 6.240000 12965448079
-3.300000 -2.220000 6.060000 12965473082
-3.300000 -2.340000 6.180000 12965498087
-2.940000 -2.100000 6.060000 12965523077
-2.880000 -2.280000 6.120000 12965548072
-2.820000 -2.220000 6.060000 12965573083
-2.820000 -2.220000 6.300000 12965598141
-2.760000 -2.160000 5.760000 12965623081
-2.580000 -2.100000 6.060000 12965648072
-2.880000 -2.040000 5.880000 12965673064
-2.880000 -2.280000 6.120000 12965698129
-2.880000 -1.920000 6.120000 12965723084
-2.460000 -2.220000 5.940000 12965748112
-2.640000 -2.400000 6.120000 12965773087
-2.700000 -2.220000 6.300000 12965798129
-2.940000 -1.980000 5.940000 12965823081
-3.240000 -2.400000 6.000000 12965848074
-3.180000 -2.580000 5.940000 12965873153
-3.300000 -2.100000 5.940000 12965898077
-3.240000 -2.400000 6.240000 12965923085
-3.360000 -2.280000 5.880000 12965948113
-3.300000 -1.980000 5.940000 12965973180
-3.600000 -2.040000 5.880000 12965998088
-3.960000 -2.400000 5.520000 12966023090
-3.480000 -1.800000 5.760000 12966048079
-3.660000 -1.980000 6.060000 12966073087
-3.720000 -2.040000 5.520000 12966098077
-3.600000 -2.520000 5.520000 12966123078
-3.720000 -2.160000 5.640000 12966148100
-3.840000 -2.280000 5.760000 12966173088
-3.780000 -2.100000 5.580000 12966198128
-3.720000 -2.040000 5.760000 12966223084
-3.900000 -2.100000 5.460000 12966248078
-3.780000 -2.100000 5.460000 12966273075
-3.720000 -2.160000 5.640000 12966298075
-3.900000 -1.980000 5.940000 12966323077
-3.720000 -2.160000 5.520000 12966348076
-3.660000 -1.980000 5.820000 12966373174
-3.780000 -2.100000 5.580000 12966398079
-3.480000 -2.160000 5.880000 12966423150
-3.660000 -1.860000 5.940000 12966448084
-3.600000 -2.160000 5.640000 12966473082
-3.720000 -2.160000 5.760000 12966498079
-3.420000 -2.100000 6.060000 12966523071
-3.780000 -2.220000 6.060000 12966548070
-3.540000 -1.980000 5.700000 12966573633
-3.300000 -1.980000 5.820000 12966598093
-3.360000 -2.280000 5.520000 12966623089
-3.360000 -2.160000 5.880000 12966648078
-3.120000 -1.920000 5.880000 12966673090
-3.300000 -2.340000 6.060000 12966698116
-3.300000 -1.980000 6.060000 12966723093
-3.180000 -2.220000 5.820000 12966748115
-3.180000 -2.220000 6.300000 12966773065
-2.940000 -1.980000 5.940000 12966798116
-3.000000 -2.040000 6.120000 12966823087
-3.120000 -2.040000 6.000000 12966848082
-3.180000 -2.100000 6.060000 12966873079
-2.940000 -2.100000 6.060000 12966898084
-3.480000 -2.280000 6.000000 12966923078
-3.360000 -2.040000 6.000000 12966948075
-3.120000 -2.280000 6.120000 12966973306
-3.480000 -2.160000 5.880000 12966998135
-2.880000 -2.160000 6.120000 12967023098
-3.540000 -2.220000 5.820000 12967050753
-3.060000 -2.100000 6.060000 12967073063
-3.480000 -2.040000 6.000000 12967098095
-3.300000 -2.220000 5.700000 12967123080
-3.000000 -2.040000 6.120000 12967148068
-2.880000 -2.040000 5.880000 12967173084
