0.000000 20399533357
0.000000 20399558358
0.000000 20399583335
0.000000 20399608349
0.000000 20399633365
0.000000 20399658354
0.000000 20399683354
0.000000 20399708352
0.000000 20399733373
0.000000 20399758345
0.000000 20399783336
0.000000 20399808360
0.000000 20399833367
0.000000 20399858348
0.000000 20399883318
0.000000 20399908347
0.000000 20399933360
0.000000 20399958488
0.000000 20399983469
0.000000 20400008414
0.000000 20400033367
0.000000 20400058446
0.000000 20400083346
0.000000 20400108376
0.000000 20400133373
0.000000 20400158358
0.000000 20400183346
0.000000 20400208358
0.000000 20400233378
0.000000 20400258367
0.000000 20400283341
0.000000 20400308361
0.000000 20400333362
0.000000 20400358347
0.000000 20400383332
0.000000 20400408360
0.000000 20400433354
0.000000 20400458360
0.000000 20400483330
0.000000 20400508357
0.000000 20400533366
0.000000 20400558358
0.000000 20400583339
0.000000 20400608346
0.000000 20400633362
0.000000 20400658353
0.000000 20400683341
0.000000 20400708353
0.000000 20400733352
0.000000 20400758354
0.000000 20400783334
0.000000 20400808349
0.000000 20400833361
0.000000 20400858359
0.000000 20400883336
0.000000 20400908362
0.000000 20400933352
0.000000 20400958354
0.000000 20400983343
0.000000 20401008348
0.000000 20401033369
0.000000 20401058347
0.000000 20401083327
0.000000 20401108350
0.000000 20401133362
0.000000 20401158341
0.000000 20401183320
0.000000 20401208345
0.000000 20401233361
0.000000 20401258336
0.000000 20401283337
0.000000 20401308356
0.000000 20401333360
0.000000 20401358342
0.000000 20401383331
0.000000 20401408367
0.000000 20401433357
0.000000 20401458336
0.000000 20401483307
0.000000 20401508359
0.000000 20401533373
0.000000 20401558337
0.000000 20401583344
0.000000 20401608362
0.000000 20401633370
0.000000 20401658344
0.000000 20401683333
0.000000 20401708339
0.000000 20401733370
0.000000 20401758359
0.000000 20401783338
0.000000 20401808369
0.000000 20401833374
0.000000 20401858364
0.000000 20401883339
0.000000 20401908371
0.000000 20401933359
0.000000 20401958353
0.000000 20401983330
0.000000 20402008374
0.000000 20402033336
0.000000 20402058350
0.000000 20402083335
0.000000 20402108364
0.000000 20402133359
0.000000 20402158343
0.000000 20402183337
0.000000 20402208352
0.000000 20402233382
0.000000 20402258346
0.000000 20402283326
0.000000 20402308364
0.000000 20402333358
0.000000 20402358349
0.000000 20402383338
0.000000 20402408365
0.000000 20402433360
0.000000 20402458359
0.000000 20402483323
0.000000 20402508380
0.000000 20402533368
0.000000 20402558362
0.000000 20402583347
0.000000 20402608373
0.000000 20402633375
0.000000 20402658373
0.000000 20402683347
0.000000 20402708360
0.000000 20402733378
0.000000 20402758361
0.000000 20402783342
0.000000 20402808348
0.000000 20402833370
0.000000 20402858363
0.000000 20402883329
0.000000 20402908364
0.000000 20402933374
0.000000 20402958357
0.000000 20402983330
0.000000 20403008368
0.000000 20403033357
0.000000 20403058358
0.000000 20403083325
0.000000 20403108365
0.000000 20403133359
0.000000 20403158354
0.000000 20403183342
0.000000 20403208357
0.000000 20403233370
0.000000 20403258350
0.000000 20403283343
0.000000 20403308348
0.000000 20403333361
0.000000 20403358349
0.000000 20403383341
0.000000 20403408361
0.000000 20403433350
0.000000 20403458356
0.000000 20403483324
0.000000 20403508351
0.000000 20403533346
0.000000 20403558360
0.000000 20403583317
0.000000 20403608352
0.000000 20403633362
0.000000 20403658355
0.000000 20403683336
0.000000 20403708374
0.000000 20403733358
0.000000 20403758347
0.000000 20403783339
0.000000 20403808348
0.000000 20403833388
0.000000 20403858360
0.000000 20403883348
0.000000 20403908358
0.000000 20403933367
0.000000 20403958351
0.000000 20403983344
0.000000 20404008351
0.000000 20404033354
0.000000 20404058351
0.000000 20404083334
0.000000 20404108361
0.000000 20404133355
0.000000 20404158348
0.000000 20404183340
0.000000 20404208356
0.000000 20404233355
0.000000 20404258351
0.000000 20404283339
0.000000 20404308344
0.000000 20404333341
0.000000 20404358357
0.000000 20404383333
0.000000 20404408350
0.000000 20404433339
0.000000 20404458355
0.000000 20404483320
0.000000 20404508352
0.000000 20404533330
0.000000 20404558360
0.000000 20404583304
0.000000 20404608350
0.000000 20404633348
0.000000 20404658355
0.000000 20404683342
0.000000 20404708355
0.000000 20404733353
0.000000 20404758364
0.000000 20404783335
0.000000 20404808339
0.000000 20404833341
0.000000 20404858348
0.000000 20404883342
0.000000 20404908354
0.000000 20404933337
0.000000 20404958343
0.000000 20404983319
0.000000 20405008313
0.000000 20405033336
0.000000 20405058348
0.000000 20405083324
0.000000 20405108337
0.000000 20405133355
0.000000 20405158338
0.000000 20405183335
0.000000 20405208355
0.000000 20405233361
0.000000 20405258365
0.000000 20405283334
0.000000 20405308375
0.000000 20405333354
0.000000 20405358352
0.000000 20405383328
0.000000 20405408400
0.000000 20405433361
0.000000 20405458380
0.000000 20405483321
0.000000 20405508379
0.000000 20405533373
0.000000 20405558475
0.000000 20405583330
0.000000 20405608363
0.000000 20405633359
0.000000 20405658372
0.000000 20405683341
0.000000 20405708367
0.000000 20405733367
0.000000 20405758352
0.000000 20405783325
0.000000 20405808364
0.000000 20405833364
0.000000 20405858371
0.000000 20405883335
0.000000 20405908363
0.000000 20405933342
0.000000 20405958357
0.000000 20405983315
0.000000 20406008349
0.000000 20406033332
0.000000 20406058356
0.000000 20406083322
0.000000 20406108362
0.000000 20406133346
0.000000 20406158349
0.000000 20406183311
0.000000 20406208353
0.000000 20406233343
0.000000 20406258677
0.000000 20406283335
0.000000 20406308379
0.000000 20406333359
0.000000 20406358360
0.000000 20406383319
0.000000 20406408373
0.000000 20406433331
0.000000 20406458347
0.000000 20406483294
0.000000 20406508362
