-4.785646 8.610240 0.451106 10342870424
-4.824872 8.423914 0.225553 10342895424
-4.903326 8.443527 0.402073 10342920423
-5.148491 8.423914 -0.019613 10342945453
-5.452498 8.247394 -1.157185 10342970421
-5.472112 8.012034 -1.647517 10342995424
-5.481918 7.835515 -1.294478 10343020424
-5.530951 7.786481 -0.617819 10343045456
-5.256365 7.443248 0.931632 10343070424
-4.658159 7.237308 1.353318 10343095453
-3.746140 7.080402 1.088538 10343120455
-1.814230 7.227501 0.451106 10343145458
-1.078732 7.384408 0.196133 10343170437
-0.235360 7.286342 -0.147100 10343195440
0.666852 7.031369 -0.539366 10343220437
1.853457 7.001948 -1.372931 10343245452
2.412436 6.639102 -2.010364 10343270441
3.010642 6.442970 -2.412436 10343295438
3.677494 6.138963 -3.147935 10343320438
5.815344 5.158298 -4.589513 10343345459
6.727362 4.599319 -4.511060 10343370427
7.266728 4.069760 -4.089374 10343395428
8.149327 3.755947 -4.059954 10343420429
10.287177 2.029977 -3.814787 10343445460
10.748089 1.265058 -2.196690 10343470432
10.630409 0.755112 -0.882599 10343495422
10.718670 0.098067 -0.343233 10343520425
11.915081 -1.431771 -2.128043 10343545454
12.768260 -2.363403 -3.177355 10343570421
13.121300 -2.991029 -3.481361 10343595421
13.415499 -3.530394 -3.706914 10343620443
12.003341 -4.383573 -3.069482 10343645432
11.101129 -4.756226 -3.108708 10343670433
10.767703 -5.060232 -3.402908 10343695429
10.395051 -4.864099 -2.559536 10343720446
9.787038 -4.246280 -5.893797 10343745457
8.718113 -4.569900 -6.305676 10343770445
8.414106 -4.834679 -6.403743 10343795437
7.855128 -5.177912 -6.521423 10343820429
7.531508 -5.138685 -6.364516 10343845455
7.041175 -4.373766 -6.668523 10343870426
6.393937 -4.707192 -6.462583 10343895436
6.678329 -5.315205 -6.639102 10343920518
6.452776 -5.344625 -6.854849 10343945456
6.335097 -5.403465 -6.854849 10343970423
6.129157 -5.315205 -6.393937 10343995411
6.295870 -5.629018 -6.678329 10344020410
6.197803 -5.952637 -7.315762 10344045456
6.060511 -5.481918 -6.982336 10344070532
6.168384 -5.315205 -6.570456 10344095448
6.413549 -4.942552 -7.080402 10344120402
4.677773 -4.040340 -8.414106 10344145464
4.177633 -3.804981 -7.972808 10344170441
4.422800 -4.265893 -6.393937 10344195438
5.785924 -3.903047 -6.178190 10344220424
6.040897 -3.844207 -6.109544 10344245452
6.089930 -3.599041 -5.952637 10344270433
5.982057 -3.383295 -6.472390 10344295438
5.138685 -2.559536 -7.462861 10344320428
4.824872 -2.500696 -7.786481 10344345455
5.325011 -2.539923 -7.835515 10344370437
6.648909 -3.295035 -7.266728 10344395435
7.590348 -5.599597 -6.237030 10344420423
7.149048 -3.893241 -6.129157 10344445457
5.050425 -3.677494 -6.923496 10344470433
5.364238 -1.902490 -10.287177 10344495434
7.001948 -4.001114 -7.011755 10344520424
6.080123 -8.825986 -5.138685 10344545424
7.766868 -4.932746 -7.041175 10344570443
9.904717 -4.373766 -8.757339 10344595437
9.061346 -3.187161 -9.169219 10344620428
7.796288 -2.647796 -8.992700 10344645457
6.629296 -2.559536 -8.463140 10344670432
6.335097 -1.833844 -7.874741 10344695433
6.344903 -1.323898 -8.168941 10344720424
6.472390 -0.774725 -8.149327 10344745454
6.845042 -0.980665 -7.874741 10344770436
6.943109 -1.176798 -7.590348 10344795438
6.756783 -1.127765 -7.678608 10344820423
6.658716 -1.147378 -7.874741 10344845454
