10.762500 9.467500 2.065000 10342907068
8.260000 10.902500 6.527500 10342932082
10.517500 15.960000 22.785000 10342957047
14.612500 20.597500 40.075001 10342982064
-1.960000 50.505001 59.185001 10343007064
-21.612499 61.180000 90.107498 10343032086
-40.337502 57.802502 115.709999 10343057050
-31.307501 46.340000 138.687500 10343082064
-5.705000 28.735001 159.897507 10343107112
44.625000 17.307501 167.562500 10343132098
70.052498 26.897501 184.677505 10343157071
84.087502 20.877501 195.755005 10343182062
97.527504 27.597500 205.537506 10343207078
108.867500 29.190001 212.362503 10343232089
116.445000 29.505001 222.040009 10343257111
123.427498 34.790001 239.837494 10343282063
127.802498 33.845001 258.160004 10343307030
115.307503 38.465000 271.739990 10343332088
103.407501 57.277500 283.815002 10343357012
67.269997 84.017502 297.360016 10343382070
36.820000 63.805000 301.227509 10343407024
-1.085000 43.505001 307.894989 10343432086
-45.447498 69.860001 306.582489 10343456998
-94.342499 70.857498 300.387512 10343482068
-113.487503 0.105000 296.660004 10343507031
-81.690002 -78.364998 283.149994 10343532089
-47.092499 -105.455002 254.345001 10343557015
-3.552500 -75.004997 237.177505 10343582069
5.232500 -58.257500 201.005005 10343607033
11.095000 -46.165001 162.732498 10343632087
19.267500 -56.822502 128.187500 10343657028
34.037498 -87.832497 102.235001 10343682075
68.967499 -65.292503 70.805000 10343707031
98.297501 -116.567497 12.705000 10343732087
32.759998 -125.387497 -36.189999 10343757014
-31.080000 -118.457504 -22.645000 10343782069
-19.495001 -94.867500 -24.027500 10343807030
4.077500 -81.584999 -29.697500 10343832090
16.240000 -88.147499 -44.134998 10343857011
12.180000 -70.297501 -26.267500 10343882067
-2.975000 -51.415001 -7.490000 10343907018
11.095000 -27.790001 -24.167500 10343932087
8.085000 -26.792500 -28.910000 10343957012
17.727501 -44.397499 -41.930000 10343982063
19.897501 -55.755001 -42.542500 10344007006
24.622499 -51.099998 -47.250000 10344032086
26.722500 -31.132500 -47.897499 10344062991
24.010000 -27.475000 -37.187500 10344082075
28.945000 -33.180000 -34.125000 10344107072
36.330002 -9.940000 -29.032499 10344132104
30.852501 15.557500 2.695000 10344157046
7.735000 53.514999 46.025002 10344182059
-4.375000 -5.792500 22.977501 10344207059
27.247499 -32.952499 3.605000 10344232084
25.882500 -24.885000 11.427500 10344257034
5.145000 -34.195000 12.232500 10344282056
4.672500 -23.940001 7.525000 10344307058
-3.482500 -8.837500 -2.957500 10344332083
-24.762501 -2.520000 -6.037500 10344357044
-51.957500 47.110001 -0.875000 10344382053
-74.462502 61.827499 28.122499 10344407054
-75.582497 37.310001 29.942501 10344432085
-93.940002 -79.029999 -92.190002 10344457054
-135.695007 -19.215000 -118.055000 10344482053
-136.850006 78.417503 -151.865005 10344507059
-109.217499 32.252499 -96.004997 10344532087
-40.792500 -19.792500 -74.514999 10344556943
-48.632500 -24.605000 -31.115000 10344582063
-21.857500 -25.445000 -6.807500 10344607066
-1.767500 -1.697500 -1.172500 10344632083
10.010000 22.347500 3.097500 10344657049
22.190001 -14.805000 1.645000 10344682055
24.552500 -6.282500 -2.625000 10344707056
2.135000 -8.435000 -7.962500 10344732086
-6.947500 2.712500 -2.852500 10344757042
-7.017500 -2.765000 2.170000 10344782058
-9.467500 -8.417500 3.867500 10344807059
-11.585000 -11.305000 6.352500 10344832081
-13.422500 -11.917500 8.505000 10344857035
-13.125000 -10.867500 7.630000 10344882064
