-0.720000 -9.960000 5.880000 10342890311
-0.720000 -9.960000 6.120000 10342915512
-0.780000 -9.660000 5.820000 10342940316
-0.780000 -9.780000 5.700000 10342965315
-1.260000 -9.540000 5.700000 10342990309
-1.020000 -9.540000 5.700000 10343015533
-1.500000 -9.900000 5.580000 10343040317
-1.800000 -9.719999 5.760000 10343065316
-2.160000 -9.960000 5.640000 10343097461
-2.400000 -9.599999 5.400000 10343115556
-3.000000 -9.240000 5.760000 10343140328
-2.940000 -8.820000 5.940000 10343165316
-3.180000 -8.220000 5.940000 10343190320
-3.840000 -8.160000 6.120000 10343215523
-4.320000 -7.680000 6.240000 10343240322
-4.380000 -6.660000 6.300000 10343265311
-4.620000 -6.060000 6.540000 10343290314
-5.100000 -5.820000 6.180000 10343315509
-4.800000 -5.040000 6.240000 10343340322
-5.040000 -4.680000 6.240000 10343365324
-5.100000 -4.020000 6.060000 10343390324
-4.980000 -3.660000 5.820000 10343415522
-4.920000 -3.480000 5.760000 10343440323
-4.560000 -3.000000 6.000000 10343465308
-4.620000 -2.700000 5.820000 10343490313
-3.960000 -2.160000 6.000000 10343515498
-3.840000 -1.920000 6.360000 10343540316
-2.760000 -1.920000 6.240000 10343565313
-2.400000 -1.800000 6.480000 10343590323
-1.800000 -1.680000 6.360000 10343615533
-1.620000 -1.500000 6.300000 10343642303
-0.960000 -1.200000 6.240000 10343665326
-0.780000 -1.260000 6.180000 10343690314
-0.840000 -0.960000 6.000000 10343715332
-0.600000 -1.080000 5.760000 10343740541
-0.540000 -1.140000 6.180000 10343765407
-0.540000 -0.960000 6.240000 10343790312
-0.060000 -0.660000 5.820000 10343815720
-0.060000 -0.780000 5.940000 10343840313
0.120000 -0.840000 6.120000 10343865541
0.060000 -1.020000 5.700000 10343890339
0.240000 -0.840000 5.760000 10343915748
0.300000 -0.780000 5.580000 10343940380
0.180000 -0.540000 5.580000 10343965552
0.060000 -0.780000 5.340000 10343990314
0.180000 -0.420000 5.340000 10344015768
0.300000 -0.540000 5.220000 10344040328
0.300000 -0.420000 5.340000 10344068871
0.060000 -0.540000 4.980000 10344090332
0.060000 -0.540000 4.980000 10344122956
-0.060000 -0.180000 4.980000 10344140352
-0.120000 -0.240000 5.160000 10344165439
0.360000 -0.240000 5.400000 10344190303
0.480000 -0.480000 4.920000 10344215632
0.240000 -0.360000 5.040000 10344240317
0.120000 -0.600000 5.040000 10344265414
0.540000 -0.060000 5.340000 10344290294
0.060000 -0.300000 5.100000 10344315616
0.360000 -0.480000 5.160000 10344340301
0.300000 -0.420000 4.980000 10344365422
0.480000 -0.360000 5.400000 10344390310
0.120000 -0.840000 5.520000 10344415644
0.300000 -0.900000 5.820000 10344440309
0.120000 -1.080000 6.120000 10344465427
-0.360000 -1.320000 6.480000 10344490296
-1.200000 -1.920000 7.080000 10344515606
-1.080000 -2.040000 7.200000 10344554056
-0.960000 -1.920000 7.440000 10344568357
-0.780000 -2.100000 7.260000 10344590299
-0.420000 -2.460000 7.140000 10344615638
-0.420000 -2.100000 6.900000 10344640327
-0.720000 -1.800000 7.080000 10344665426
-0.660000 -1.500000 6.780000 10344690324
-0.540000 -1.740000 6.300000 10344715612
-0.300000 -1.620000 6.540000 10344740311
-0.420000 -1.860000 6.420000 10344765429
-0.300000 -1.860000 6.780000 10344790302
-0.240000 -1.800000 6.480000 10344815620
-0.180000 -1.980000 6.660000 10344840306
-0.060000 -1.860000 6.660000 10344865420
