5.000000 10342870424
5.000000 10342895424
5.000000 10342920423
5.000000 10342945453
5.000000 10342970421
5.000000 10342995424
5.000000 10343020424
5.000000 10343045456
5.000000 10343070424
0.000000 10343095453
0.000000 10343120455
0.000000 10343145458
0.000000 10343170437
0.000000 10343195440
0.000000 10343220437
0.000000 10343245452
0.000000 10343270441
0.000000 10343295438
0.000000 10343320438
0.000000 10343345459
0.000000 10343370427
0.000000 10343395428
0.000000 10343420429
0.000000 10343445460
0.000000 10343470432
0.000000 10343495422
0.000000 10343520425
0.000000 10343545454
0.000000 10343570421
0.000000 10343595421
0.000000 10343620443
0.000000 10343645432
0.000000 10343670433
0.000000 10343695429
0.000000 10343720446
0.000000 10343745457
0.000000 10343770445
0.000000 10343795437
0.000000 10343820429
0.000000 10343845455
0.000000 10343870426
0.000000 10343895436
0.000000 10343920518
0.000000 10343945456
0.000000 10343970423
0.000000 10343995411
0.000000 10344020410
0.000000 10344045456
5.000000 10344070532
5.000000 10344095448
0.000000 10344120402
0.000000 10344145464
0.000000 10344170441
0.000000 10344195438
0.000000 10344220424
0.000000 10344245452
0.000000 10344270433
0.000000 10344295438
0.000000 10344320428
0.000000 10344345455
0.000000 10344370437
0.000000 10344395435
0.000000 10344420423
0.000000 10344445457
0.000000 10344470433
0.000000 10344495434
0.000000 10344520424
5.000000 10344545424
0.000000 10344570443
0.000000 10344595437
0.000000 10344620428
0.000000 10344645457
0.000000 10344670432
0.000000 10344695433
0.000000 10344720424
0.000000 10344745454
0.000000 10344770436
0.000000 10344795438
0.000000 10344820423
0.000000 10344845454
