-0.186326 -0.588399 9.620325 18934395844
-0.196133 -0.617819 9.590905 18934420909
-0.196133 -0.676659 9.561485 18934445867
-0.254973 -0.657046 9.581099 18934470893
-0.313813 -0.764919 9.512452 18934495841
-0.323619 -0.755112 9.453611 18934520967
-0.225553 -0.676659 9.483032 18934545870
-0.205940 -0.627626 9.502645 18934570871
-0.156906 -0.715886 9.541871 18934595863
-0.235360 -0.784532 9.532065 18934620861
-0.333426 -0.764919 9.532065 18934645869
-0.333426 -0.735499 9.551678 18934670873
-0.264780 -0.706079 9.561485 18934695846
-0.304006 -0.647239 9.561485 18934720872
-0.333426 -0.735499 9.561485 18934745867
-0.304006 -0.862985 9.590905 18934770851
-0.264780 -0.764919 9.639938 18934795848
-0.294200 -0.696272 9.718391 18934820868
-0.411879 -0.735499 9.767425 18934845867
-0.392266 -0.843372 10.042011 18934870869
-0.372653 -0.794339 10.287177 18934895844
-0.362846 -0.706079 10.444084 18934920868
-0.372653 -0.735499 10.561764 18934945865
-0.264780 -0.823759 10.689250 18934970865
-0.205940 -0.813952 10.571569 18934995841
-0.245166 -0.715886 10.375437 18935020858
-0.470719 -0.706079 10.140078 18935045864
-0.578592 -0.608012 9.914525 18935070871
-0.931632 -0.509946 9.953751 18935095832
-1.137571 -0.431493 10.032204 18935120868
-0.990472 -0.156906 10.012591 18935145868
-0.862985 -0.176520 10.012591 18935170865
-0.657046 -0.029420 9.934137 18935195834
-0.549172 0.078453 9.963558 18935220869
-0.304006 0.176520 9.885104 18935245866
-0.333426 0.176520 9.924331 18935270867
-0.382459 0.284393 9.914525 18935295832
-0.029420 0.304006 10.071430 18935320848
0.049033 0.235360 10.169497 18935345872
0.068647 0.392266 10.336210 18935370860
0.205940 0.402073 10.257757 18935395851
0.411879 0.509946 9.865492 18935420867
0.549172 0.519753 9.698778 18935445869
0.617819 0.421686 9.502645 18935470860
0.784532 0.451106 9.561485 18935495833
1.216025 0.362846 9.384965 18935520879
1.294478 0.343233 9.179026 18935545870
1.245445 0.372653 9.080959 18935570861
1.500418 0.411879 8.845599 18935595826
1.686744 0.156906 8.688693 18935620873
1.578871 0.196133 8.541594 18935645869
1.402351 0.294200 8.502367 18935670867
1.382738 0.156906 8.404300 18935695835
1.314091 0.088260 8.316040 18935720868
1.127765 0.049033 8.168941 18935745866
1.068925 0.019613 8.149327 18935770872
1.108152 -0.019613 8.237587 18935795833
1.117958 -0.019613 8.325847 18935820867
1.010085 0.147100 8.384687 18935845873
0.990472 0.166713 8.198360 18935870865
1.147378 0.264780 8.149327 18935895833
1.225831 0.274586 8.119907 18935920872
1.216025 0.382459 8.129714 18935945877
1.441578 0.608012 8.482754 18935970869
1.529838 0.755112 8.629853 18935995846
1.559257 0.853179 8.698500 18936020863
1.637711 0.990472 8.698500 18936045865
1.804424 0.980665 8.825986 18936070843
1.775004 0.951245 8.953472 18936095849
1.598484 1.000278 9.090766 18936120864
1.549451 0.941439 9.492838 18936145873
1.500418 0.912019 9.639938 18936170858
1.333705 0.813952 9.728198 18936195874
1.157185 0.804145 9.738005 18936220860
1.068925 0.715886 9.747811 18936245867
1.039505 0.647239 9.787038 18936270860
0.862985 0.549172 9.865492 18936295837
0.608012 0.353039 9.875298 18936320865
0.588399 0.549172 9.953751 18936345884
0.617819 0.431493 9.924331 18936370854
0.588399 0.254973 9.885104 18936395864
0.588399 0.304006 9.855684 18936420871
0.706079 0.235360 9.836071 18936445863
0.578592 0.098067 9.777231 18936470862
0.519753 0.137293 9.718391 18936495847
0.745305 0.372653 9.561485 18936520872
0.862985 0.372653 9.532065 18936545864
0.833565 0.186326 9.492838 18936570862
0.823759 0.294200 9.433999 18936595838
0.794339 0.372653 9.384965 18936620872
0.853179 0.304006 9.384965 18936645864
0.882599 0.421686 9.424192 18936670870
0.813952 0.392266 9.424192 18936695835
0.823759 0.500139 9.571292 18936720874
0.774725 0.500139 9.659552 18936745869
0.764919 0.529559 9.698778 18936770869
0.725692 0.480526 9.767425 18936795837
0.735499 0.480526 9.767425 18936820876
0.813952 0.509946 9.698778 18936845856
0.862985 0.519753 9.620325 18936870871
0.872792 0.509946 9.443805 18936895834
0.862985 0.558979 9.453611 18936920852
0.784532 0.519753 9.384965 18936945863
0.813952 0.480526 9.404578 18936970870
0.784532 0.480526 9.473226 18936995841
0.794339 0.470719 9.512452 18937020866
0.784532 0.431493 9.532065 18937045857
0.843372 0.460913 9.571292 18937070871
0.843372 0.392266 9.551678 18937095825
0.921825 0.431493 9.463418 18937120880
0.951245 0.402073 9.453611 18937145861
0.912019 0.451106 9.443805 18937170866
0.941439 0.451106 9.433999 18937195827
1.343511 0.294200 9.335932 18937220872
1.108152 0.441299 9.296705 18937245859
1.078732 0.441299 9.296705 18937270865
1.147378 0.460913 9.218252 18937295832
1.196411 0.470719 9.159412 18937320869
1.176798 0.500139 9.218252 18937345850
1.206218 0.509946 9.316319 18937370863
0.990472 0.558979 9.335932 18937395823
0.823759 0.578592 9.453611 18937420866
0.745305 0.500139 9.433999 18937445854
0.843372 0.490333 9.355545 18937470863
1.010085 0.460913 9.296705 18937495838
1.019892 0.431493 9.277092 18937520864
0.931632 0.451106 9.267285 18937545852
0.902212 0.519753 9.267285 18937570868
0.882599 0.608012 9.306512 18937595820
0.784532 0.706079 9.286899 18937620872
0.784532 0.637432 9.208446 18937645853
0.725692 0.500139 9.247672 18937670862
0.696272 0.451106 9.335932 18937695831
0.608012 0.304006 9.698778 18937720867
0.608012 0.411879 9.963558 18937745852
0.460913 0.402073 10.238144 18937770863
0.608012 0.480526 10.385243 18937795843
1.029698 0.725692 10.532343 18937820863
1.039505 0.568786 10.375437 18937845851
1.108152 0.333426 10.346016 18937870868
1.206218 0.313813 10.189111 18937895833
1.431771 0.294200 9.806651 18937920871
1.480804 0.264780 9.816459 18937945850
1.647517 0.156906 9.718391 18937970854
1.539644 -0.196133 9.424192 18937995840
1.245445 -0.411879 8.629853 18938020859
1.029698 -0.598206 8.551400 18938045861
0.902212 -0.715886 8.865212 18938070865
1.127765 -0.539366 9.669358 18938095835
1.137571 -0.558979 9.718391 18938120865
1.117958 -0.343233 9.433999 18938145852
1.186605 -0.156906 9.228059 18938170865
1.127765 -0.098067 9.345738 18938195859
1.147378 -0.117680 9.208446 18938220869
1.186605 -0.078453 9.012313 18938245853
1.176798 -0.264780 8.973086 18938270868
1.245445 -0.362846 9.296705 18938295849
1.186605 -0.451106 9.463418 18938320870
1.088538 -0.431493 9.414385 18938345842
1.098345 -0.186326 9.375159 18938370863
1.068925 -0.156906 9.404578 18938395842
0.970859 -0.166713 9.541871 18938420866
0.892405 -0.186326 9.669358 18938446648
0.833565 -0.254973 9.522259 18938470866
0.882599 -0.205940 9.443805 18938495852
0.970859 -0.147100 9.345738 18938520875
0.980665 -0.117680 9.286899 18938545852
1.039505 -0.068647 9.345738 18938570865
1.039505 -0.156906 9.433999 18938595845
1.029698 -0.274586 9.502645 18938620869
1.039505 -0.558979 9.532065 18938645853
1.157185 -0.529559 9.561485 18938670862
1.284671 -0.480526 9.424192 18938695852
1.421964 -0.431493 9.404578 18938720871
1.372931 -0.509946 9.630132 18938745834
1.382738 -0.392266 9.649745 18938770863
1.343511 -0.284393 9.590905 18938795940
1.333705 -0.245166 9.551678 18938820871
1.225831 -0.078453 9.394772 18938845878
1.206218 -0.107873 9.365352 18938870865
