-5.915000 7.857500 1.540000 10765120347
-13.195000 5.565000 6.492500 10765145338
-28.000000 4.935000 -0.157500 10765170340
-20.457500 3.517500 -2.887500 10765195344
-16.940001 4.830000 -3.202500 10765220340
-14.717500 5.512500 -3.990000 10765245340
-5.582500 7.892500 -0.245000 10765270343
-1.645000 9.572500 1.872500 10765295338
-3.675000 12.582500 -0.525000 10765320335
-4.060000 16.799999 0.070000 10765345338
-3.885000 19.145000 -0.682500 10765370339
-5.215000 18.655001 -0.560000 10765395340
-5.862500 18.952499 1.137500 10765420338
-6.177500 19.512501 2.380000 10765445340
-4.480000 19.565001 1.645000 10765470335
-3.937500 20.860001 0.402500 10765495341
-2.730000 21.227501 0.420000 10765520337
-4.602500 20.125000 2.485000 10765545370
-5.162500 18.497499 2.415000 10765570340
-2.135000 17.622499 2.905000 10765595341
2.520000 17.657499 4.235000 10765620366
1.382500 17.412500 4.392500 10765645337
2.450000 14.717500 3.482500 10765670339
3.622500 13.982500 2.415000 10765695339
1.365000 12.460000 2.170000 10765720336
5.320000 8.732500 2.047500 10765745335
5.547500 5.722500 2.205000 10765770341
4.567500 4.322500 2.537500 10765795340
4.620000 -0.070000 0.665000 10765820336
1.242500 -2.642500 -3.657500 10765845336
-10.027500 -3.535000 -6.055000 10765870339
-22.732500 -4.165000 -7.157500 10765895342
-22.225000 -10.062500 -5.880000 10765920339
6.037500 -7.630000 2.362500 10765945339
1.330000 -5.950000 3.850000 10765970338
3.517500 -8.347500 0.717500 10765995342
4.182500 -8.540000 0.630000 10766020340
3.902500 -7.857500 2.730000 10766045341
6.282500 -10.430000 0.665000 10766070340
8.767500 -13.562500 -1.505000 10766095340
7.367500 -16.572500 -2.712500 10766120337
8.277500 -17.447500 -1.155000 10766145340
8.085000 -14.945000 -0.962500 10766170339
11.322500 -15.330000 -0.332500 10766195343
12.705000 -20.299999 1.102500 10766220339
13.510000 -19.040001 3.990000 10766245338
13.440001 -17.290001 3.500000 10766270335
16.975000 -12.512500 1.102500 10766295337
20.860001 -11.112500 0.367500 10766320338
21.787500 -9.432500 -5.845000 10766345340
23.082500 -7.857500 -9.747500 10766370340
23.415001 -5.127500 -8.522500 10766395342
19.512501 5.110000 -3.587500 10766420339
14.682500 10.587500 -2.205000 10766445340
9.817500 16.222500 -4.375000 10766470335
10.675000 23.309999 -6.720000 10766495337
9.240000 26.512501 -3.727500 10766520335
9.817500 33.775002 -4.567500 10766545337
9.310000 36.347500 -6.772500 10766570331
8.015000 36.207500 -8.120000 10766595343
6.597500 40.110001 -6.422500 10766620337
0.210000 38.500000 -5.705000 10766645336
-1.995000 35.402500 -3.185000 10766670331
-2.695000 32.847500 0.157500 10766695340
-2.695000 27.615000 2.222500 10766720365
-0.227500 24.360001 4.147500 10766745334
0.192500 21.525000 4.795000 10766770376
-0.140000 19.547501 5.775000 10766795343
-0.420000 13.247500 3.832500 10766820340
2.817500 7.787500 3.955000 10766845336
0.665000 -0.192500 3.115000 10766870335
-0.315000 -5.635000 3.080000 10766895338
-0.682500 -10.412500 2.800000 10766920340
2.152500 -18.549999 4.042500 10766945339
-5.635000 -23.012501 4.427500 10766970338
-7.070000 -28.542500 5.442500 10766995341
-7.630000 -30.712500 4.217500 10767020336
-7.717500 -32.830002 2.730000 10767045336
-6.422500 -33.529999 4.445000 10767070337
-7.507500 -31.447500 3.570000 10767095339
-6.650000 -29.417500 -1.557500 10767120338
-5.932500 -26.809999 -12.722500 10767145334
-2.100000 -19.705000 -16.187500 10767170337
-0.525000 -7.350000 -13.842500 10767195337
2.712500 2.310000 2.310000 10767220331
4.357500 11.830000 31.990000 10767245339
0.805000 19.320000 22.785000 10767270335
0.647500 24.254999 -13.772500 10767295341
8.032500 31.762501 -36.889999 10767320335
8.435000 37.834999 -21.017500 10767345368
9.362500 43.032501 -0.210000 10767370344
10.150000 47.705002 4.620000 10767395343
10.517500 47.652500 -5.862500 10767420338
10.062500 45.535000 -16.275000 10767445339
6.720000 42.630001 -5.565000 10767470340
2.240000 39.567501 5.250000 10767495342
-2.187500 33.267502 -0.752500 10767520337
-2.712500 29.557501 -4.952500 10767545369
-3.395000 27.072500 -4.480000 10767570338
-3.902500 23.992500 -0.857500 10767595344
-5.197500 20.370001 0.490000 10767620337
-5.145000 17.885000 1.995000 10767645337
-3.675000 14.192500 3.062500 10767670336
-3.185000 11.410000 2.957500 10767695341
-2.887500 3.815000 1.645000 10767720336
-0.595000 -0.017500 2.555000 10767745334
-4.550000 -7.000000 1.750000 10767770340
-4.760000 -12.320000 3.062500 10767795338
-8.890000 -18.777500 0.560000 10767820341
-9.397500 -23.607500 -0.350000 10767845339
-9.415000 -27.142500 1.172500 10767870368
-9.940000 -29.067501 4.392500 10767895343
-10.377500 -35.507500 0.507500 10767920336
-7.752500 -35.437500 -1.697500 10767945341
-9.100000 -36.557499 -2.590000 10767970338
-8.260000 -36.084999 1.872500 10767995342
-4.725000 -34.685001 2.677500 10768020339
-2.835000 -30.870001 -1.960000 10768045336
-1.067500 -27.825001 -7.595000 10768070381
-2.222500 -22.260000 -9.135000 10768095342
-2.660000 -15.890000 -5.092500 10768120337
-3.657500 -10.115000 -0.875000 10768145336
-2.695000 -4.007500 3.447500 10768170337
-2.205000 0.192500 5.197500 10768195340
-5.670000 3.202500 11.707500 10768220341
-3.430000 3.010000 13.772500 10768245338
0.192500 0.980000 9.817500 10768270336
1.382500 -1.610000 2.170000 10768295341
0.787500 -3.972500 -3.167500 10768320341
1.050000 -5.512500 -6.422500 10768345339
1.715000 -3.237500 -5.600000 10768370341
1.470000 -1.837500 -2.677500 10768395342
1.802500 -0.700000 -0.332500 10768420338
1.715000 1.470000 3.290000 10768445337
0.402500 1.855000 3.342500 10768470336
