0.000000 10765093452
0.000000 10765118464
0.000000 10765143469
0.000000 10765168459
0.000000 10765193452
0.000000 10765218463
0.000000 10765243467
0.000000 10765268458
0.000000 10765293454
0.000000 10765318459
0.000000 10765343467
0.000000 10765368459
0.000000 10765393453
0.000000 10765418460
0.000000 10765443469
0.000000 10765468457
0.000000 10765493450
0.000000 10765518453
0.000000 10765543462
0.000000 10765568458
0.000000 10765593454
0.000000 10765618461
0.000000 10765643466
0.000000 10765668454
0.000000 10765693451
0.000000 10765718464
0.000000 10765743469
0.000000 10765768458
0.000000 10765793452
0.000000 10765818461
0.000000 10765843467
0.000000 10765868459
0.000000 10765893451
0.000000 10765918462
0.000000 10765943468
0.000000 10765968455
0.000000 10765993451
0.000000 10766018461
0.000000 10766043466
0.000000 10766068462
0.000000 10766093454
0.000000 10766118459
0.000000 10766143465
0.000000 10766168462
0.000000 10766193452
0.000000 10766218452
0.000000 10766243464
0.000000 10766268457
0.000000 10766293450
0.000000 10766318469
0.000000 10766343466
0.000000 10766368466
0.000000 10766393452
0.000000 10766418469
0.000000 10766443465
0.000000 10766468463
0.000000 10766493448
0.000000 10766518466
0.000000 10766543466
0.000000 10766568466
0.000000 10766593454
0.000000 10766618466
0.000000 10766643466
0.000000 10766668466
0.000000 10766693448
0.000000 10766718465
0.000000 10766743468
0.000000 10766768464
0.000000 10766793451
0.000000 10766818464
0.000000 10766843467
0.000000 10766868465
0.000000 10766893451
0.000000 10766918465
0.000000 10766943465
0.000000 10766968464
0.000000 10766993451
0.000000 10767018466
0.000000 10767043464
0.000000 10767068464
0.000000 10767093451
0.000000 10767118465
0.000000 10767143464
0.000000 10767168462
0.000000 10767193449
0.000000 10767218466
0.000000 10767243466
0.000000 10767268465
0.000000 10767293453
0.000000 10767318464
0.000000 10767343475
0.000000 10767368460
0.000000 10767393454
0.000000 10767418467
0.000000 10767443465
0.000000 10767468461
0.000000 10767493453
0.000000 10767518466
0.000000 10767543473
0.000000 10767568469
0.000000 10767593454
0.000000 10767618467
0.000000 10767643465
0.000000 10767668471
0.000000 10767693450
0.000000 10767718465
0.000000 10767743464
0.000000 10767768465
0.000000 10767793450
0.000000 10767818465
0.000000 10767843466
0.000000 10767868474
0.000000 10767893450
0.000000 10767918465
0.000000 10767943467
0.000000 10767968464
0.000000 10767993451
0.000000 10768018468
0.000000 10768043465
0.000000 10768068466
0.000000 10768093454
0.000000 10768118466
0.000000 10768143464
0.000000 10768168465
0.000000 10768193450
0.000000 10768218466
0.000000 10768243466
0.000000 10768268464
0.000000 10768293448
0.000000 10768318463
0.000000 10768343467
0.000000 10768368467
0.000000 10768393450
0.000000 10768418462
0.000000 10768443465
