0.098067 0.039227 9.551678 27219669613
0.058840 0.039227 9.581099 27219694605
0.068647 0.029420 9.551678 27219719617
0.068647 0.029420 9.424192 27219744619
0.068647 0.049033 9.473226 27219769613
0.098067 0.029420 9.522259 27219794617
0.058840 0.078453 9.492838 27219819613
0.058840 0.049033 9.512452 27219844607
0.058840 0.049033 9.590905 27219869609
0.049033 0.039227 9.541871 27219894605
0.049033 0.039227 9.502645 27219919616
0.098067 0.029420 9.522259 27219944592
0.088260 0.058840 9.532065 27219969618
0.098067 0.029420 9.541871 27219994616
0.068647 0.029420 9.600712 27220019606
0.088260 0.039227 9.610518 27220044613
0.088260 0.058840 9.561485 27220069602
0.098067 0.029420 9.610518 27220094607
0.058840 0.049033 9.561485 27220119598
0.088260 0.029420 9.522259 27220144591
0.068647 0.039227 9.522259 27220169600
0.068647 0.009807 9.561485 27220194590
0.049033 0.009807 9.541871 27220219599
-0.068647 -0.019613 9.512452 27220244606
-0.274586 -0.156906 9.551678 27220269601
-0.441299 0.058840 9.502645 27220294595
-0.392266 0.098067 9.551678 27220319605
-0.382459 0.137293 9.590905 27220344602
-0.549172 0.137293 9.581099 27220369604
-0.686466 -0.058840 9.551678 27220394601
-0.617819 0.107873 9.688972 27220419606
-0.676659 0.205940 9.630132 27220444605
-0.794339 0.225553 9.532065 27220469609
-0.931632 0.127486 9.522259 27220494598
-0.843372 0.058840 9.639938 27220519609
-0.696272 -0.166713 9.639938 27220544604
-0.558979 -0.088260 9.551678 27220569607
-0.382459 0.313813 9.659552 27220594607
-0.333426 0.127486 9.581099 27220619606
-0.176520 0.068647 9.424192 27220644603
-0.029420 0.068647 9.728198 27220669629
-0.078453 0.068647 9.414385 27220694610
0.058840 0.029420 9.581099 27220719614
0.117680 0.019613 9.551678 27220744616
0.254973 -0.098067 9.620325 27220769613
0.313813 -0.019613 9.541871 27220794600
0.372653 -0.068647 9.424192 27220819609
0.362846 -0.127486 9.414385 27220844610
0.176520 0.019613 9.581099 27220869607
0.117680 0.117680 9.463418 27220894602
0.294200 0.068647 9.424192 27220919611
0.284393 0.068647 9.679165 27220944591
0.313813 -0.039227 9.492838 27220969614
0.274586 -0.058840 9.512452 27220994607
0.225553 0.019613 9.620325 27221019612
0.137293 0.019613 9.502645 27221044607
0.098067 0.019613 9.669358 27221069605
0.019613 0.029420 9.590905 27221094613
-0.137293 0.147100 9.630132 27221119603
-0.137293 0.049033 9.728198 27221144601
0.137293 0.029420 9.669358 27221169622
0.245166 0.029420 9.473226 27221194587
0.166713 0.029420 9.718391 27221219595
0.127486 0.049033 9.620325 27221244608
0.107873 0.049033 9.679165 27221269613
0.068647 -0.058840 9.620325 27221294610
0.068647 -0.058840 9.492838 27221319614
0.088260 -0.029420 9.473226 27221344614
0.088260 -0.019613 9.414385 27221369614
0.088260 0.029420 9.453611 27221394597
0.137293 0.019613 9.404578 27221419624
0.127486 0.029420 9.257479 27221444621
0.127486 0.009807 9.326125 27221469611
0.254973 -0.029420 9.571292 27221494594
0.264780 -0.088260 9.532065 27221519614
0.294200 -0.078453 9.424192 27221544608
0.284393 -0.049033 9.561485 27221569613
0.205940 0.107873 9.600712 27221594621
0.323619 0.019613 9.581099 27221619617
0.421686 0.019613 9.610518 27221644602
0.470719 -0.049033 9.649745 27221669625
0.686466 -0.078453 9.639938 27221694612
0.931632 -0.147100 9.532065 27221719616
0.392266 -0.078453 9.541871 27221744599
0.127486 -0.029420 9.522259 27221769609
0.480526 -0.235360 9.620325 27221794608
0.725692 -0.284393 9.502645 27221819622
0.372653 -0.166713 9.600712 27221844601
0.088260 0.107873 9.541871 27221869613
0.686466 0.304006 9.571292 27221894607
0.833565 0.156906 9.512452 27221919614
1.039505 0.156906 9.561485 27221944596
1.137571 -0.039227 9.561485 27221969615
1.186605 -0.078453 9.698778 27221994592
1.206218 -0.127486 9.610518 27222019583
1.235638 -0.284393 9.738005 27222044591
1.059118 -0.460913 9.728198 27222069601
0.725692 -0.539366 9.443805 27222094590
0.804145 -0.186326 9.375159 27222119599
0.470719 -0.107873 9.267285 27222144591
0.333426 -0.107873 9.473226 27222169602
0.254973 -0.196133 9.630132 27222194594
0.333426 -0.166713 9.767425 27222219635
0.568786 -0.304006 9.414385 27222244590
0.156906 -0.166713 9.610518 27222269604
0.058840 -0.039227 9.620325 27222294594
-0.049033 -0.058840 9.532065 27222319621
-0.460913 -0.147100 9.669358 27222344602
-0.813952 0.068647 9.600712 27222369605
-0.961052 0.225553 9.345738 27222394598
-0.490333 -0.068647 9.169219 27222419508
-0.647239 0.117680 9.541871 27222449501
-0.451106 0.039227 9.718391 27222469898
-0.372653 -0.107873 9.639938 27222494558
-0.382459 0.009807 9.669358 27222519551
-0.372653 0.186326 9.688972 27222544539
-0.304006 0.343233 9.551678 27222569554
-0.392266 0.637432 9.767425 27222594607
-0.362846 0.215746 9.551678 27222619603
-0.323619 -0.186326 9.532065 27222644596
-0.372653 -0.470719 9.718391 27222669611
-0.353039 -0.392266 9.669358 27222694600
-0.225553 -0.029420 9.561485 27222719610
-0.205940 0.039227 9.541871 27222744611
-0.156906 0.205940 9.659552 27222769613
-0.127486 0.176520 9.581099 27222794609
-0.186326 0.068647 9.669358 27222819608
-0.049033 0.068647 9.551678 27222844596
-0.186326 0.039227 9.551678 27222869612
-0.274586 -0.009807 9.581099 27222894596
-0.274586 0.147100 9.551678 27222919601
-0.460913 0.098067 9.581099 27222944596
-0.715886 0.196133 9.512452 27222969601
-0.215746 -0.225553 9.698778 27222994594
-0.215746 -0.117680 9.630132 27223019610
-0.127486 -0.353039 9.620325 27223044595
-0.019613 -0.509946 9.600712 27223069603
0.088260 -0.735499 9.718391 27223094594
0.078453 -0.686466 9.620325 27223119612
0.049033 -0.794339 9.630132 27223144597
0.009807 -0.921825 9.738005 27223169610
-0.176520 -0.843372 9.718391 27223194681
-0.186326 -0.706079 9.424192 27223219604
-0.156906 -0.480526 9.865492 27223244597
-0.254973 -0.392266 9.747811 27223269596
-0.215746 -0.147100 9.620325 27223294594
-0.147100 -0.215746 9.237865 27223319610
-0.039227 -0.343233 9.532065 27223344571
-0.049033 -0.254973 9.473226 27223369620
0.019613 -0.166713 9.630132 27223394591
-0.049033 -0.088260 9.767425 27223419591
0.068647 0.009807 9.551678 27223444594
-0.009807 0.009807 9.787038 27223469610
-0.039227 -0.117680 9.757618 27223494589
-0.245166 -0.176520 9.532065 27223519619
-0.264780 -0.166713 9.335932 27223544598
-0.362846 0.313813 9.502645 27223569615
-0.313813 0.166713 9.571292 27223594589
-0.304006 0.225553 9.610518 27223619585
-0.176520 0.823759 9.669358 27223644579
-0.402073 0.784532 9.345738 27223669633
-0.392266 0.862985 9.453611 27223694617
-0.509946 0.558979 9.473226 27223719636
-0.480526 0.598206 9.453611 27223744594
-0.323619 0.833565 9.335932 27223769614
-0.264780 0.755112 9.228059 27223794601
-0.127486 0.676659 9.453611 27223819616
-0.068647 0.490333 9.473226 27223844579
0.039227 0.470719 9.404578 27223869620
0.186326 0.480526 9.581099 27223894587
0.068647 0.294200 9.551678 27223919610
-0.019613 0.304006 9.502645 27223944577
-0.019613 0.323619 9.581099 27223969611
-0.019613 0.186326 9.600712 27223994594
0.068647 0.264780 9.522259 27224019580
-0.107873 0.245166 9.492838 27224044653
-0.098067 0.127486 9.326125 27224069619
-0.068647 0.284393 9.335932 27224094643
-0.186326 0.137293 9.424192 27224119611
-0.068647 0.029420 9.492838 27224144613
-0.078453 0.039227 9.590905 27224169610
0.019613 0.078453 9.590905 27224194723
0.039227 0.215746 9.590905 27224219613
-0.078453 0.225553 9.502645 27224244580
0.009807 0.186326 9.433999 27224269612
-0.127486 0.304006 9.335932 27224294588
-0.078453 0.264780 9.394772 27224319610
0.029420 0.470719 9.463418 27224344613
0.068647 0.411879 9.522259 27224369602
0.127486 0.500139 9.551678 27224394610
0.156906 0.608012 9.590905 27224419606
0.205940 0.568786 9.659552 27224444595
0.254973 0.421686 9.708585 27224469597
0.254973 0.186326 9.845878 27224494606
0.196133 0.353039 9.757618 27224519598
0.264780 0.333426 9.767425 27224544601
0.176520 0.411879 9.600712 27224569612
0.176520 0.421686 9.502645 27224594596
0.058840 0.470719 9.375159 27224619600
0.039227 0.735499 9.149606 27224644605
0.156906 0.480526 9.463418 27224669604
0.107873 0.676659 9.483032 27224694610
0.176520 0.460913 9.355545 27224719594
0.333426 0.186326 9.600712 27224744608
0.402073 0.127486 9.483032 27224769602
0.411879 0.107873 9.600712 27224794620
0.402073 0.166713 9.277092 27224819604
0.411879 0.127486 9.326125 27224844609
0.333426 -0.156906 9.806651 27224869601
0.343233 -0.274586 9.747811 27224894608
0.382459 -0.460913 9.688972 27224919604
0.431493 -0.254973 9.708585 27224944594
0.470719 -0.205940 9.522259 27224969613
0.441299 -0.107873 9.414385 27224994608
0.382459 -0.068647 9.443805 27225019612
0.088260 0.058840 9.698778 27225044608
-0.019613 -0.058840 9.757618 27225069610
0.009807 -0.196133 9.757618 27225094604
-0.029420 -0.274586 9.757618 27225119602
0.098067 -0.588399 9.541871 27225144617
0.205940 -0.627626 9.649745 27225169608
-0.294200 -1.461191 9.571292 27225194607
-0.068647 -1.216025 9.747811 27225219602
0.058840 -0.941439 9.551678 27225244605
-0.078453 -0.912019 9.532065 27225269597
-0.264780 -0.931632 9.561485 27225294616
-0.147100 -0.274586 9.600712 27225319603
-0.029420 -0.127486 9.620325 27225344609
0.009807 -0.029420 9.659552 27225369592
0.137293 -0.853179 9.649745 27225394600
0.205940 -0.951245 9.649745 27225419596
0.382459 -1.343511 9.571292 27225444603
0.480526 -1.784810 9.649745 27225469603
0.460913 -1.824037 9.561485 27225494609
0.176520 -1.451384 9.080959 27225519540
-0.009807 -1.108152 9.080959 27225544552
-0.127486 -1.216025 9.414385 27225569527
-0.392266 -0.843372 9.669358 27225594600
-0.392266 -0.686466 9.345738 27225619602
-0.490333 -0.666852 9.051538 27225644601
-0.588399 -0.470719 9.129992 27225669603
-0.451106 0.147100 9.453611 27225694601
-0.323619 0.117680 9.453611 27225719599
-0.137293 0.137293 9.561485 27225744620
-0.078453 0.343233 9.826264 27225769596
-0.205940 0.186326 9.620325 27225794602
-0.039227 0.402073 9.649745 27225819592
-0.127486 0.411879 9.286899 27225844581
-0.186326 0.392266 9.022120 27225869595
-0.549172 0.813952 9.267285 27225894603
-0.588399 0.833565 9.600712 27225919639
-0.480526 0.902212 9.639938 27225944619
-0.205940 0.813952 9.532065 27225969597
-0.254973 0.627626 9.316319 27225994601
-0.215746 0.578592 9.424192 27226019592
-0.117680 0.431493 9.463418 27226044591
-0.156906 0.274586 9.483032 27226069591
-0.176520 0.254973 9.561485 27226094594
-0.166713 0.186326 9.492838 27226119595
-0.098067 0.254973 9.522259 27226144591
-0.147100 0.107873 9.502645 27226169592
-0.088260 0.039227 9.600712 27226194592
-0.176520 -0.068647 9.600712 27226219594
-0.127486 -0.039227 9.424192 27226244594
-0.186326 -0.039227 9.414385 27226269580
-0.117680 0.117680 9.463418 27226294598
-0.147100 0.039227 9.483032 27226319597
-0.294200 0.215746 9.473226 27226344601
-0.196133 0.784532 9.718391 27226369596
-0.392266 0.657046 9.551678 27226394598
-0.421686 0.500139 9.502645 27226419592
-0.451106 0.509946 9.502645 27226444598
-0.362846 0.480526 9.443805 27226469588
-0.196133 0.470719 9.326125 27226494594
-0.304006 0.509946 9.453611 27226519597
-0.127486 0.421686 9.590905 27226544580
-0.088260 0.451106 9.492838 27226569602
-0.058840 0.304006 9.532065 27226594593
-0.049033 0.372653 9.453611 27226619607
0.039227 0.411879 9.463418 27226644593
0.166713 0.323619 9.316319 27226669603
0.254973 0.323619 9.316319 27226694615
0.647239 -0.039227 9.237865 27226719602
0.578592 0.029420 9.296705 27226744616
0.666852 0.029420 9.532065 27226769596
0.617819 0.205940 9.375159 27226794596
0.500139 0.353039 9.551678 27226819600
0.362846 0.441299 9.551678 27226844618
0.294200 0.441299 9.688972 27226869592
0.235360 0.313813 9.463418 27226894611
0.254973 0.254973 9.541871 27226919597
0.196133 0.147100 9.541871 27226944597
0.205940 -0.117680 9.551678 27226969612
0.205940 -0.431493 9.639938 27226994601
0.049033 -0.156906 9.561485 27227019609
0.039227 0.107873 9.581099 27227044612
0.117680 0.009807 9.738005 27227069610
0.215746 0.127486 9.581099 27227094599
0.274586 0.235360 9.787038 27227119607
0.353039 0.392266 10.032204 27227144598
0.382459 0.558979 9.904717 27227169618
0.451106 0.441299 9.885104 27227194610
0.431493 0.323619 9.728198 27227219609
0.353039 0.107873 9.355545 27227244593
0.196133 0.127486 9.600712 27227269597
0.088260 0.205940 9.561485 27227294617
0.088260 0.127486 9.698778 27227319629
0.068647 0.029420 9.728198 27227344620
0.049033 -0.156906 9.620325 27227369623
0.186326 -0.205940 9.796844 27227394610
0.176520 -0.313813 9.620325 27227419617
0.098067 -0.284393 9.639938 27227444616
0.245166 -0.284393 9.492838 27227469622
0.245166 -0.137293 9.669358 27227494603
0.186326 -0.245166 9.649745 27227519601
0.049033 -0.372653 9.590905 27227544611
-0.049033 -0.264780 9.532065 27227569615
-0.107873 -0.304006 9.541871 27227594610
-0.117680 -0.382459 9.316319 27227619609
-0.049033 -0.598206 9.384965 27227644608
-0.019613 -0.588399 9.414385 27227669609
-0.068647 -0.598206 9.483032 27227694606
-0.088260 -0.627626 9.473226 27227719600
-0.137293 -0.490333 9.551678 27227744614
-0.166713 -0.686466 9.590905 27227769605
-0.245166 -0.666852 9.620325 27227794597
-0.245166 -0.549172 9.610518 27227819606
-0.156906 -0.470719 9.600712 27227844609
-0.068647 -0.205940 9.571292 27227869607
-0.019613 -0.088260 9.561485 27227894612
0.049033 -0.039227 9.532065 27227919607
0.078453 -0.019613 9.502645 27227944604
0.058840 -0.019613 9.512452 27227969619
0.039227 -0.019613 9.522259 27227994602
0.039227 0.029420 9.551678 27228019587
0.019613 0.019613 9.532065 27228044596
0.078453 0.029420 9.590905 27228069611
0.068647 0.029420 9.581099 27228094610
0.039227 0.029420 9.600712 27228119596
0.058840 0.039227 9.541871 27228144587
0.078453 0.049033 9.561485 27228169612
0.068647 0.029420 9.522259 27228194602
0.078453 0.058840 9.581099 27228219593
0.058840 0.039227 9.590905 27228244619
0.049033 0.039227 9.541871 27228269607
0.098067 0.019613 9.522259 27228294606
0.098067 0.009807 9.502645 27228319605
0.098067 0.009807 9.561485 27228344599
0.078453 0.009807 9.541871 27228369609
0.039227 0.009807 9.541871 27228394611
0.058840 0.029420 9.532065 27228419596
0.049033 0.019613 9.541871 27228444597
0.029420 0.029420 9.561485 27228469602
0.029420 0.029420 9.532065 27228494598
0.039227 0.009807 9.551678 27228519599
0.039227 0.019613 9.532065 27228544599
0.039227 0.039227 9.492838 27228569601
0.039227 0.029420 9.532065 27228594597
0.029420 0.009807 9.532065 27228619592
0.029420 0.009807 9.492838 27228644584
0.019613 0.009807 9.561485 27228669604
0.019613 0.019613 9.541871 27228694594
-0.009807 0.019613 9.532065 27228719591
-0.009807 0.019613 9.541871 27228744605
0.039227 0.019613 9.571292 27228769622
