2.467500 -5.950000 -0.875000 27219696725
2.537500 -6.405000 -0.647500 27219721681
2.327500 -6.842500 -0.682500 27219746711
2.590000 -5.827500 -0.682500 27219771688
2.292500 -5.600000 -0.770000 27219796724
2.415000 -5.337500 -0.682500 27219821695
2.450000 -5.127500 -0.910000 27219846694
2.275000 -5.512500 -0.945000 27219871689
2.327500 -5.810000 -0.770000 27219896725
2.450000 -5.740000 -0.805000 27219921703
2.310000 -5.302500 -0.787500 27219946693
2.345000 -5.425000 -0.735000 27219971696
2.642500 -5.337500 -0.822500 27219996725
2.695000 -5.425000 -0.875000 27220021692
2.432500 -5.425000 -0.647500 27220046569
2.502500 -5.512500 -0.682500 27220071662
2.467500 -5.355000 -0.647500 27220096561
2.327500 -5.092500 -0.665000 27220121560
2.222500 -5.442500 -0.822500 27220146682
2.520000 -5.197500 -0.682500 27220171564
2.380000 -5.740000 -0.875000 27220196573
2.852500 -5.705000 -0.752500 27220221565
2.485000 -5.425000 -3.465000 27220246566
2.380000 -6.002500 -5.880000 27220271569
2.572500 -5.967500 -3.832500 27220296568
2.537500 -5.722500 -2.712500 27220321564
2.362500 -5.425000 0.437500 27220346567
2.502500 -5.530000 2.047500 27220371565
2.432500 -5.845000 -5.775000 27220396568
2.467500 -4.987500 -2.222500 27220421567
1.872500 -6.125000 5.250000 27220446566
1.890000 -5.950000 11.445000 27220471567
2.502500 -5.092500 10.955000 27220496566
2.187500 -4.795000 13.632500 27220521566
1.767500 -6.370000 12.617500 27220546565
1.960000 -5.652500 7.070000 27220571567
2.765000 -4.182500 10.325000 27220596566
1.487500 -5.985000 16.992500 27220621567
2.292500 -6.720000 15.627501 27220646582
1.627500 -4.882500 18.007500 27220671586
2.152500 -3.675000 15.767500 27220696580
2.502500 -4.445000 12.267500 27220721571
2.222500 -5.845000 12.110000 27220746550
2.502500 -5.530000 9.397500 27220771570
2.275000 -6.265000 9.152500 27220796571
2.660000 -4.707500 9.397500 27220821571
2.327500 -4.795000 6.772500 27220846571
2.117500 -6.142500 1.977500 27220871570
2.222500 -6.107500 3.780000 27220896562
2.450000 -6.212500 5.337500 27220921570
3.062500 -5.617500 4.480000 27220946596
2.240000 -6.930000 3.255000 27220971580
2.100000 -5.670000 4.410000 27220996573
2.345000 -6.265000 2.520000 27221021587
2.012500 -6.790000 2.065000 27221046573
2.082500 -4.550000 3.080000 27221071568
2.187500 -4.952500 1.942500 27221096579
2.030000 -4.777500 5.320000 27221121581
2.327500 -3.867500 6.387500 27221146570
2.117500 -2.922500 4.445000 27221171620
1.785000 -1.662500 2.957500 27221196569
1.452500 -4.620000 3.167500 27221221586
1.890000 -0.140000 3.797500 27221246579
1.067500 -5.985000 5.180000 27221271569
1.907500 -6.895000 4.707500 27221296582
2.362500 -6.230000 2.467500 27221321580
2.852500 -7.647500 3.220000 27221346565
2.660000 -6.545000 0.262500 27221371583
2.415000 -3.377500 2.485000 27221396575
1.960000 -1.855000 2.030000 27221421563
1.627500 -4.550000 1.855000 27221446548
2.292500 -5.617500 2.187500 27221471583
2.310000 -5.687500 1.417500 27221496571
2.152500 -4.095000 2.520000 27221521573
2.030000 -7.157500 2.065000 27221546572
2.957500 -6.527500 2.117500 27221571588
2.100000 -6.387500 2.677500 27221596585
2.502500 -5.477500 4.130000 27221621570
2.187500 -5.722500 2.957500 27221646558
2.100000 -6.230000 2.485000 27221671571
2.362500 -4.970000 3.220000 27221696587
2.292500 -5.477500 1.382500 27221721576
2.310000 -2.607500 -0.647500 27221746564
1.837500 -3.482500 -0.647500 27221771572
1.837500 -8.960000 10.937500 27221796574
2.607500 -8.820000 -5.232500 27221821574
2.782500 -10.202500 -12.652500 27221846571
2.922500 -8.417500 -12.827500 27221871567
2.870000 -8.277500 -4.217500 27221896658
3.220000 -4.970000 -1.242500 27221921568
2.800000 -4.497500 -2.415000 27221946575
2.310000 -7.140000 -1.977500 27221971565
2.835000 -5.670000 -1.225000 27221996558
2.397500 -5.862500 0.052500 27222021569
2.065000 -8.837500 -0.892500 27222046567
2.905000 -12.442500 -8.330000 27222071569
3.552500 -11.410000 -12.740000 27222096640
3.517500 -7.875000 -19.285000 27222121566
3.237500 -7.157500 -10.622500 27222146545
3.150000 -6.072500 -8.522500 27222171566
2.467500 -5.005000 -12.547500 27222196542
2.782500 -6.037500 -16.782499 27222221539
3.447500 -7.717500 -16.065001 27222246511
3.062500 -9.992500 -13.020000 27222271572
3.535000 -4.917500 -20.212500 27222296546
3.097500 -4.917500 -16.572500 27222321573
2.625000 -9.082500 -23.677500 27222346542
3.150000 -7.717500 -26.460001 27222371569
3.272500 -6.195000 -27.492500 27222396548
3.500000 -8.995000 -15.277500 27222421513
3.290000 -7.472500 -18.812500 27222450484
2.747500 -6.195000 -17.184999 27222471986
2.362500 -6.387500 -18.637501 27222496561
3.237500 -6.912500 -12.530000 27222521586
2.642500 -6.842500 -3.955000 27222546585
2.502500 -6.422500 2.887500 27222571506
2.415000 -4.742500 17.955000 27222596497
2.240000 -5.145000 31.850000 27222621495
1.627500 -4.935000 28.315001 27222646502
1.942500 -5.635000 15.102500 27222671499
2.415000 -6.300000 -11.287500 27222696497
2.625000 -6.090000 -16.100000 27222721496
2.677500 -5.687500 -15.925000 27222746506
2.887500 -6.230000 -15.207500 27222771500
2.712500 -6.282500 -9.660000 27222796499
2.992500 -6.807500 -8.697500 27222821497
2.607500 -6.405000 -10.167500 27222846506
2.432500 -6.475000 -10.447500 27222871500
2.502500 -5.845000 -6.580000 27222896495
2.817500 -6.405000 -3.885000 27222921500
2.747500 -5.617500 2.257500 27222946502
2.765000 -5.547500 2.275000 27222971498
2.730000 -5.372500 0.262500 27222996497
2.765000 -6.370000 -1.872500 27223021495
2.310000 -5.722500 -1.715000 27223046493
2.625000 -5.722500 -2.975000 27223071496
2.730000 -5.600000 -4.340000 27223096497
2.520000 -6.475000 -7.122500 27223121504
2.572500 -5.407500 -9.730000 27223146499
2.607500 -7.052500 -13.825000 27223171503
2.712500 -6.300000 -15.557500 27223196498
2.695000 -6.142500 -15.312500 27223221497
2.222500 -7.560000 -18.445000 27223246500
2.362500 -6.265000 -18.025000 27223271499
2.747500 -6.632500 -20.160000 27223296495
2.257500 -6.825000 -20.860001 27223321498
2.887500 -6.037500 -22.365000 27223346717
2.625000 -7.507500 -25.514999 27223371565
2.870000 -7.665000 -26.004999 27223396665
2.905000 -6.317500 -24.797501 27223421695
3.115000 -5.705000 -21.455000 27223446722
2.677500 -6.947500 -14.997500 27223471681
2.660000 -6.650000 -22.049999 27223496690
2.870000 -7.577500 -33.985001 27223521693
2.992500 -6.895000 -39.777500 27223546721
2.905000 -7.805000 -33.302502 27223571695
2.327500 -7.385000 -27.667500 27223596694
2.467500 -8.015000 -27.107500 27223621705
2.835000 -7.315000 -25.112499 27223646723
2.520000 -7.175000 -14.630000 27223671662
2.747500 -5.897500 -12.582500 27223696623
2.432500 -6.492500 -14.647500 27223721718
2.257500 -6.370000 -13.037500 27223746725
2.712500 -6.387500 -8.610000 27223771721
2.397500 -6.405000 -2.747500 27223796712
2.345000 -6.737500 -2.642500 27223821676
2.362500 -6.457500 -4.112500 27223846726
2.870000 -5.950000 -3.692500 27223871766
2.450000 -6.037500 -3.885000 27223896696
3.115000 -5.915000 -4.445000 27223921710
2.765000 -5.932500 -3.745000 27223946724
2.852500 -5.792500 0.315000 27223971721
2.642500 -5.687500 -4.760000 27223996708
2.765000 -5.932500 -5.810000 27224021933
2.712500 -5.932500 -4.095000 27224046765
2.590000 -5.950000 -1.785000 27224071870
2.380000 -6.230000 2.047500 27224096694
2.555000 -5.950000 -0.542500 27224121660
2.800000 -5.932500 0.280000 27224146712
3.097500 -6.002500 -0.105000 27224171637
2.677500 -5.967500 3.132500 27224196698
2.642500 -5.985000 3.010000 27224221654
2.677500 -6.247500 2.660000 27224246715
2.765000 -5.740000 0.507500 27224271654
2.852500 -5.617500 3.010000 27224296691
2.450000 -4.987500 1.995000 27224321655
2.747500 -5.407500 2.625000 27224346717
2.677500 -5.530000 2.222500 27224371651
2.817500 -4.987500 1.085000 27224396711
2.537500 -6.037500 3.010000 27224421646
3.150000 -5.127500 6.772500 27224446725
2.310000 -5.757500 7.245000 27224471649
2.222500 -5.915000 6.720000 27224496672
2.712500 -6.387500 5.232500 27224521646
2.572500 -5.617500 8.172500 27224546683
2.887500 -5.652500 11.637500 27224571648
2.677500 -5.967500 18.042500 27224596777
2.537500 -5.215000 18.112499 27224621652
2.555000 -5.197500 18.200001 27224646676
2.555000 -4.620000 17.937500 27224671649
2.222500 -5.180000 21.139999 27224696753
2.747500 -4.060000 24.430000 27224721656
2.432500 -4.392500 22.417500 27224746642
2.397500 -6.072500 22.504999 27224771654
2.607500 -4.725000 24.955000 27224796654
2.380000 -5.495000 27.912500 27224821651
2.397500 -4.725000 32.865002 27224846641
2.415000 -5.565000 30.590000 27224871651
2.135000 -5.232500 25.777500 27224896647
2.502500 -5.442500 17.990000 27224921695
2.292500 -5.810000 13.160000 27224946639
2.800000 -6.142500 11.795000 27224971688
2.135000 -5.635000 8.330000 27224996648
2.520000 -5.547500 6.930000 27225021691
2.415000 -5.075000 15.085000 27225046642
2.502500 -5.075000 19.635000 27225071679
2.275000 -4.882500 21.840000 27225096650
2.030000 -5.722500 19.460001 27225121712
2.012500 -6.282500 17.587500 27225146647
2.432500 -6.177500 16.450001 27225171692
2.712500 -6.667500 7.647500 27225196646
2.852500 -6.755000 -0.367500 27225221689
3.097500 -6.160000 -16.835001 27225246648
2.922500 -6.387500 -10.062500 27225271699
2.765000 -6.580000 -5.617500 27225296651
2.800000 -7.000000 -0.927500 27225321695
2.625000 -5.320000 -0.752500 27225346642
2.975000 -4.340000 -0.665000 27225371688
2.397500 -5.442500 5.390000 27225396659
2.625000 -5.232500 6.492500 27225421691
2.415000 -5.250000 -0.630000 27225446642
2.397500 -6.160000 -9.712500 27225471697
2.572500 -5.897500 -18.112499 27225496641
2.765000 -6.562500 -23.870001 27225521591
2.642500 -6.597500 -24.325001 27225546594
2.712500 -7.717500 -25.059999 27225571699
2.957500 -7.052500 -32.514999 27225596663
2.922500 -6.650000 -36.435001 27225621700
3.237500 -6.755000 -43.715000 27225646702
2.817500 -7.000000 -41.387501 27225671704
3.272500 -6.965000 -46.672501 27225696702
3.255000 -6.597500 -47.459999 27225721696
3.500000 -6.142500 -45.797501 27225746696
2.572500 -5.145000 -46.025002 27225771682
3.202500 -7.227500 -43.154999 27225796698
2.887500 -6.160000 -40.110001 27225821698
2.887500 -7.402500 -35.997501 27225846690
2.817500 -7.087500 -33.880001 27225871695
2.660000 -6.230000 -33.564999 27225896692
2.065000 -6.685000 -34.772499 27225921717
2.852500 -7.472500 -33.810001 27225946515
3.027500 -7.052500 -29.137501 27225971496
2.905000 -6.317500 -27.125000 27225996515
2.660000 -6.055000 -27.702499 27226021497
3.290000 -6.020000 -25.917500 27226046502
2.835000 -6.947500 -26.687500 27226071496
2.992500 -5.932500 -25.969999 27226096700
3.097500 -6.055000 -22.942499 27226121695
2.590000 -5.915000 -22.557501 27226146695
2.590000 -5.495000 -21.647501 27226171691
3.272500 -6.457500 -21.052500 27226196663
2.765000 -6.090000 -25.042500 27226221696
3.062500 -6.597500 -24.710001 27226246683
2.957500 -7.122500 -19.355000 27226271693
3.097500 -6.790000 -15.925000 27226296687
3.185000 -5.967500 -10.990000 27226321693
3.202500 -7.175000 -10.622500 27226346693
3.290000 -5.967500 -7.052500 27226371695
3.027500 -5.512500 13.860000 27226396700
2.800000 -6.177500 11.462500 27226421697
2.537500 -4.970000 6.387500 27226446690
2.555000 -5.022500 1.960000 27226471694
2.485000 -3.675000 3.167500 27226496692
1.715000 -3.570000 -0.507500 27226521691
2.502500 -6.037500 -1.487500 27226546695
2.555000 -4.760000 2.905000 27226571692
2.205000 -5.110000 7.735000 27226596691
2.117500 -2.135000 10.885000 27226621695
2.187500 -5.215000 13.510000 27226646690
2.625000 -8.032500 20.877501 27226671694
2.450000 -6.755000 18.129999 27226696697
2.310000 -6.265000 19.565001 27226721751
2.450000 -7.840000 11.340000 27226746697
2.747500 -5.337500 9.590000 27226771699
2.205000 -6.510000 18.252501 27226796693
2.625000 -6.195000 17.237499 27226821701
2.135000 -5.337500 16.082500 27226846738
2.677500 -6.125000 23.205000 27226871712
2.537500 -5.145000 23.327499 27226896698
2.240000 -5.022500 22.522501 27226921704
2.117500 -4.952500 27.772501 27226946693
2.240000 -5.617500 25.690001 27226971695
2.117500 -4.935000 16.957500 27226996698
2.345000 -6.282500 15.400000 27227021702
2.380000 -6.020000 21.910000 27227046520
2.187500 -5.075000 26.477501 27227071719
2.152500 -4.567500 22.802500 27227096699
2.415000 -4.532500 20.282499 27227121693
2.187500 -4.375000 22.085001 27227146692
1.995000 -4.987500 22.504999 27227171689
2.380000 -5.285000 24.885000 27227196712
2.362500 -5.565000 26.057501 27227221700
2.275000 -5.722500 23.047501 27227246717
2.257500 -5.075000 21.490000 27227271643
2.537500 -5.757500 24.535000 27227296722
2.187500 -4.707500 28.559999 27227321713
2.485000 -5.722500 29.505001 27227346717
1.977500 -5.862500 29.347500 27227371701
2.327500 -5.897500 28.805000 27227396716
2.502500 -6.037500 25.637501 27227421721
2.065000 -5.057500 21.805000 27227446741
2.625000 -5.162500 18.340000 27227471700
2.607500 -5.845000 14.455000 27227496700
2.747500 -6.020000 14.717500 27227521703
2.625000 -5.425000 10.185000 27227546726
2.555000 -6.772500 10.535000 27227571749
2.642500 -6.545000 8.435000 27227596694
2.660000 -6.142500 6.177500 27227621708
2.992500 -5.897500 5.162500 27227646736
2.695000 -6.020000 -2.432500 27227671695
3.220000 -6.387500 -6.527500 27227696694
3.202500 -6.195000 -5.057500 27227721705
2.957500 -6.545000 -4.690000 27227746724
2.747500 -6.265000 -3.972500 27227771762
2.905000 -6.212500 -3.710000 27227796696
2.800000 -6.265000 -3.447500 27227821703
2.747500 -6.037500 -1.627500 27227846729
2.485000 -5.827500 -0.577500 27227871696
2.467500 -5.547500 -0.630000 27227896695
2.362500 -5.740000 -0.822500 27227921703
2.625000 -5.862500 -0.490000 27227946726
2.730000 -5.617500 -0.892500 27227971721
2.730000 -5.617500 -0.682500 27227996718
2.887500 -5.880000 -1.050000 27228021674
2.590000 -5.775000 -0.770000 27228046739
2.747500 -5.722500 -0.980000 27228071716
2.765000 -5.705000 -0.875000 27228096706
2.870000 -5.950000 -0.647500 27228121705
3.010000 -5.425000 -0.787500 27228146724
2.590000 -5.337500 -0.997500 27228171701
2.590000 -5.792500 -0.787500 27228196695
2.677500 -5.670000 -0.630000 27228221704
2.712500 -5.425000 -0.997500 27228246723
2.992500 -5.757500 -0.752500 27228271682
2.835000 -5.530000 -0.840000 27228296695
2.590000 -5.530000 -0.822500 27228321703
2.642500 -5.512500 -0.735000 27228346721
2.730000 -5.740000 -0.875000 27228371694
2.782500 -5.775000 -0.805000 27228396693
2.835000 -5.512500 -0.857500 27228421706
2.887500 -5.652500 -0.980000 27228446718
2.747500 -5.407500 -0.910000 27228471702
2.747500 -5.442500 -0.717500 27228496697
2.677500 -5.232500 -0.700000 27228521707
2.432500 -5.775000 -0.647500 27228546726
2.572500 -5.390000 -0.980000 27228571697
3.167500 -5.915000 -0.892500 27228596696
2.450000 -5.845000 -0.875000 27228621704
2.747500 -6.142500 -0.892500 27228646726
2.887500 -5.652500 -0.857500 27228671695
2.712500 -5.897500 -0.857500 27228696624
2.660000 -5.915000 -0.752500 27228721706
2.467500 -5.635000 -0.892500 27228746736
2.765000 -5.617500 -0.945000 27228771701
2.450000 -5.617500 -0.892500 27228796705
