8.280000 3.120000 2.160000 27219685085
8.460000 3.420000 2.220000 27219710431
8.760000 3.480000 2.160000 27219735088
8.760000 3.720000 2.160000 27219760089
8.700000 3.780000 2.100000 27219785002
8.760000 3.360000 2.040000 27219810467
8.820000 3.660000 2.100000 27219835100
8.880000 3.360000 2.280000 27219860084
8.639999 3.360000 2.280000 27219885091
8.820000 3.660000 2.220000 27219910467
8.700000 3.300000 1.860000 27219935093
8.400000 3.480000 2.040000 27219960095
8.760000 3.480000 1.920000 27219985087
8.760000 3.360000 2.160000 27220010466
8.580000 3.540000 2.220000 27220035088
8.460000 3.420000 2.100000 27220060301
8.400000 3.360000 2.040000 27220085096
8.880000 3.360000 2.280000 27220110436
8.700000 3.300000 2.220000 27220135294
8.700000 3.660000 2.100000 27220160090
8.580000 3.420000 2.220000 27220185305
8.520000 3.480000 2.160000 27220210422
8.700000 3.660000 1.980000 27220235304
8.340000 3.540000 2.220000 27220260291
8.820000 3.660000 1.860000 27220285287
8.580000 3.420000 2.340000 27220310411
8.460000 3.660000 2.100000 27220335285
8.460000 3.420000 1.860000 27220360307
8.460000 3.420000 1.980000 27220385278
8.280000 3.720000 1.920000 27220410425
8.280000 3.480000 1.800000 27220435296
8.340000 3.660000 1.860000 27220460270
8.099999 3.180000 1.860000 27220485266
8.160000 3.480000 1.680000 27220510416
7.920000 3.600000 1.320000 27220535269
8.340000 3.660000 1.620000 27220560280
7.800000 3.480000 1.560000 27220585267
7.860000 3.540000 1.380000 27220610416
7.920000 3.480000 1.440000 27220635284
7.980000 3.420000 1.740000 27220660338
7.620000 3.300000 1.620000 27220685363
7.560000 3.360000 1.320000 27220710477
7.440000 3.600000 1.680000 27220735294
7.620000 3.660000 1.620000 27220760327
7.620000 3.300000 1.260000 27220785278
7.440000 3.360000 1.320000 27220810419
7.680000 3.240000 1.440000 27220835303
7.320000 3.600000 1.560000 27220860308
7.500000 3.300000 1.260000 27220885306
7.500000 3.180000 1.020000 27220910448
7.500000 3.420000 1.500000 27220935310
7.440000 3.480000 1.320000 27220960269
7.140000 3.660000 1.260000 27220985299
7.380000 3.420000 1.260000 27221010452
7.440000 3.120000 1.320000 27221035294
7.200000 3.240000 1.440000 27221060311
7.380000 3.300000 1.260000 27221085276
7.140000 3.180000 1.140000 27221110441
7.440000 3.240000 1.680000 27221135285
7.440000 3.240000 1.200000 27221160283
7.080000 3.360000 1.440000 27221185325
7.260000 3.420000 1.380000 27221210422
7.260000 3.300000 1.380000 27221235306
7.200000 3.000000 1.320000 27221260278
7.200000 3.360000 1.320000 27221285284
7.260000 3.060000 1.380000 27221310458
7.200000 3.360000 1.440000 27221335292
7.440000 3.360000 1.080000 27221360299
7.080000 3.480000 1.440000 27221385288
7.260000 3.300000 1.260000 27221410453
7.440000 3.360000 1.560000 27221435310
7.020000 3.420000 1.140000 27221460319
7.500000 3.420000 1.260000 27221485288
7.260000 3.300000 1.260000 27221510424
6.900000 3.300000 1.260000 27221535304
7.680000 3.480000 1.320000 27221560285
7.740000 3.060000 1.500000 27221585294
7.200000 3.360000 1.440000 27221610424
7.380000 3.420000 1.500000 27221635342
7.380000 3.060000 1.140000 27221660375
7.380000 3.180000 1.380000 27221685314
7.140000 3.180000 1.020000 27221710438
7.140000 3.180000 1.620000 27221735287
7.200000 3.000000 1.080000 27221760317
7.440000 3.240000 1.200000 27221785289
7.260000 3.180000 1.380000 27221810411
7.080000 3.120000 0.960000 27221835288
7.620000 3.180000 1.260000 27221860406
7.380000 3.300000 1.380000 27221885277
7.560000 3.240000 1.320000 27221910484
7.500000 3.300000 1.380000 27221935295
6.900000 3.420000 1.500000 27221960306
7.320000 3.240000 1.200000 27221985290
7.200000 3.360000 1.320000 27222010468
7.260000 3.420000 1.260000 27222035302
7.380000 3.180000 1.260000 27222060295
7.320000 3.240000 1.200000 27222085307
7.440000 3.240000 1.560000 27222110439
7.440000 3.360000 1.440000 27222135287
7.440000 3.240000 1.320000 27222160296
7.080000 3.240000 1.080000 27222185288
7.380000 3.420000 1.140000 27222210435
7.320000 3.480000 1.440000 27222235359
7.740000 3.540000 1.260000 27222260329
7.440000 3.600000 1.080000 27222285273
7.500000 3.540000 1.620000 27222310497
7.380000 3.300000 1.380000 27222335284
7.440000 3.360000 1.200000 27222360293
7.620000 3.540000 1.620000 27222385303
7.980000 3.300000 1.260000 27222420138
7.560000 3.720000 1.200000 27222437277
7.680000 3.720000 1.440000 27222468251
7.860000 3.660000 1.380000 27222486173
7.680000 3.480000 1.680000 27222510348
8.099999 3.780000 1.500000 27222534994
7.920000 3.480000 1.320000 27222560253
7.680000 3.600000 1.920000 27222586200
7.980000 3.300000 1.380000 27222611149
7.860000 3.660000 1.620000 27222636163
7.920000 3.480000 1.440000 27222661281
8.160000 3.240000 1.440000 27222686221
8.160000 3.480000 1.800000 27222711174
8.099999 3.300000 1.620000 27222736161
8.220000 3.540000 1.740000 27222761311
8.340000 3.540000 1.620000 27222786178
8.220000 3.540000 1.980000 27222811163
8.400000 3.480000 1.920000 27222836156
8.099999 3.420000 1.980000 27222861284
8.220000 3.780000 1.860000 27222886150
8.580000 3.660000 2.220000 27222911175
8.460000 3.900000 1.980000 27222936214
8.460000 3.540000 2.220000 27222961259
8.880000 3.600000 1.920000 27222986167
8.760000 3.600000 2.040000 27223011162
8.460000 3.420000 2.100000 27223036145
8.760000 3.600000 2.040000 27223061296
8.700000 3.660000 2.220000 27223086155
8.639999 3.600000 2.160000 27223111150
8.820000 3.660000 2.220000 27223136177
8.580000 3.780000 2.460000 27223161280
8.580000 3.660000 2.340000 27223186242
8.820000 3.540000 2.340000 27223211165
8.760000 3.120000 2.400000 27223236166
9.360000 3.720000 2.280000 27223261271
9.059999 3.900000 2.100000 27223286158
8.880000 3.720000 2.280000 27223311141
9.120000 3.720000 2.280000 27223336140
9.000000 4.080000 2.040000 27223360228
9.360000 3.960000 2.040000 27223385301
9.540000 4.380000 1.980000 27223410299
9.660000 4.020000 2.100000 27223435090
9.960000 4.440000 1.800000 27223460372
9.900000 4.380000 2.100000 27223485089
9.900000 4.860000 1.980000 27223510298
9.540000 5.100000 1.980000 27223535093
9.420000 4.980000 2.100000 27223560226
9.240000 5.400000 1.920000 27223585091
8.880000 5.640000 2.040000 27223610300
8.820000 5.460000 1.860000 27223635075
8.639999 5.640000 1.680000 27223660289
8.460000 5.580000 1.500000 27223685117
8.639999 5.400000 1.560000 27223711433
8.520000 5.400000 1.560000 27223735108
8.400000 5.280000 1.560000 27223760271
8.040000 5.160000 1.440000 27223785092
8.160000 5.400000 1.680000 27223810333
8.040000 5.280000 1.680000 27223835127
8.340000 5.100000 1.380000 27223860246
8.160000 5.520000 1.680000 27223885093
8.220000 5.220000 1.380000 27223910303
7.800000 5.280000 1.680000 27223935091
8.400000 5.400000 1.800000 27223960240
8.220000 5.100000 1.260000 27223985095
8.280000 5.040000 1.440000 27224010378
8.280000 5.280000 1.320000 27224035262
7.920000 5.040000 1.200000 27224060254
8.160000 4.800000 1.440000 27224085103
7.860000 5.100000 1.140000 27224110307
7.920000 5.040000 1.080000 27224135102
8.220000 5.340000 1.140000 27224160258
8.220000 4.980000 1.260000 27224185088
8.099999 5.220000 1.500000 27224210301
7.980000 4.980000 1.380000 27224235089
8.220000 5.340000 1.380000 27224260232
8.040000 5.160000 1.320000 27224285093
8.220000 4.860000 1.380000 27224310327
8.220000 4.860000 1.620000 27224335088
8.099999 4.980000 1.260000 27224360242
8.280000 4.920000 0.960000 27224385081
8.160000 4.800000 1.320000 27224410304
7.740000 4.860000 1.500000 27224435093
8.160000 4.800000 1.320000 27224460235
7.980000 4.740000 1.500000 27224485079
8.280000 5.040000 1.320000 27224510332
8.099999 4.980000 1.500000 27224535095
8.639999 4.920000 1.320000 27224560251
7.920000 5.040000 1.200000 27224585078
7.680000 4.440000 1.320000 27224610303
8.040000 4.560000 0.960000 27224635080
8.160000 4.560000 1.080000 27224660237
8.040000 4.320000 1.200000 27224685093
7.980000 4.380000 1.380000 27224710310
7.860000 4.620000 1.260000 27224735074
8.040000 4.200000 1.440000 27224760239
8.099999 4.380000 1.020000 27224785079
8.160000 4.560000 1.320000 27224810297
7.980000 4.260000 1.380000 27224835087
7.860000 4.380000 1.380000 27224860229
8.099999 4.140000 1.260000 27224885083
7.980000 3.900000 1.380000 27224910292
7.980000 4.140000 1.260000 27224935087
7.800000 4.080000 1.080000 27224960221
7.980000 3.900000 1.500000 27224985097
8.040000 4.080000 1.080000 27225010336
7.860000 4.260000 1.140000 27225035075
8.099999 4.020000 1.620000 27225060217
7.980000 4.140000 1.620000 27225085078
7.800000 3.840000 1.440000 27225110288
7.500000 3.900000 1.380000 27225135091
7.500000 3.540000 1.500000 27225160227
7.560000 3.840000 1.200000 27225185073
7.560000 3.600000 1.200000 27225210293
7.620000 3.540000 1.380000 27225235077
7.800000 3.720000 1.200000 27225260246
7.920000 4.080000 1.560000 27225285078
7.620000 3.900000 1.260000 27225310289
7.980000 3.780000 1.380000 27225335084
7.920000 3.840000 1.680000 27225360227
7.680000 3.600000 1.320000 27225385007
7.500000 3.780000 1.260000 27225410307
7.440000 3.720000 1.320000 27225435078
7.800000 3.720000 1.200000 27225460224
7.680000 3.960000 1.440000 27225485075
7.800000 3.720000 1.560000 27225510088
7.560000 3.600000 1.440000 27225535009
7.800000 4.080000 1.320000 27225560182
7.860000 4.140000 1.260000 27225584984
7.680000 4.080000 1.440000 27225609990
8.099999 4.260000 1.380000 27225635078
7.920000 4.320000 1.200000 27225660210
8.040000 4.320000 1.440000 27225685084
8.040000 4.200000 1.560000 27225710302
8.160000 4.560000 1.440000 27225735077
7.980000 4.260000 1.140000 27225760178
7.620000 4.500000 1.260000 27225784983
8.099999 5.100000 1.260000 27225810332
7.800000 4.560000 1.080000 27225835083
8.040000 4.920000 1.080000 27225860200
8.280000 4.920000 1.440000 27225885087
8.220000 5.100000 1.140000 27225912498
7.980000 5.220000 1.260000 27225935262
8.099999 5.340000 1.380000 27225960993
7.860000 5.220000 1.020000 27225985814
8.160000 5.160000 0.960000 27226010859
8.040000 5.280000 1.080000 27226035813
8.580000 5.100000 1.380000 27226060936
7.920000 5.040000 1.200000 27226085844
8.099999 5.460000 1.140000 27226110295
8.520000 5.520000 0.840000 27226135190
8.400000 5.400000 1.080000 27226160189
8.220000 5.580000 0.900000 27226185183
8.160000 5.760000 1.080000 27226210311
8.280000 5.640000 0.960000 27226235187
8.220000 5.460000 1.380000 27226260190
8.040000 5.640000 1.200000 27226285195
7.980000 5.700000 1.140000 27226310286
8.040000 5.880000 0.960000 27226335207
8.220000 5.220000 1.140000 27226360196
8.220000 5.940000 1.020000 27226385179
7.980000 5.820000 1.020000 27226410299
8.400000 5.760000 0.840000 27226435221
8.220000 5.940000 0.780000 27226460199
8.040000 5.760000 1.080000 27226485233
8.460000 5.580000 1.020000 27226510295
8.220000 5.580000 1.020000 27226535206
8.280000 5.760000 0.840000 27226560199
8.099999 6.060000 1.020000 27226585201
8.280000 5.760000 1.200000 27226610002
8.280000 5.640000 1.320000 27226635433
8.400000 5.640000 1.080000 27226660372
8.400000 6.000000 1.320000 27226685227
8.160000 5.640000 1.560000 27226710463
8.460000 5.700000 1.380000 27226735231
8.220000 5.220000 1.140000 27226760355
8.340000 5.820000 1.020000 27226785230
7.860000 5.460000 1.380000 27226810476
7.920000 5.520000 1.200000 27226835216
8.400000 5.760000 1.320000 27226860366
8.160000 5.280000 1.440000 27226885211
8.340000 5.340000 1.140000 27226910412
8.400000 5.160000 1.440000 27226935238
8.040000 5.040000 0.840000 27226960336
8.160000 5.040000 0.960000 27226985208
8.220000 5.220000 1.140000 27227010461
8.220000 4.980000 1.380000 27227035226
8.040000 4.800000 1.200000 27227061090
8.099999 4.500000 1.260000 27227085253
7.860000 5.220000 1.020000 27227110400
7.920000 4.920000 1.440000 27227135214
8.040000 4.800000 1.320000 27227160319
8.099999 4.620000 1.500000 27227185219
8.160000 4.920000 1.200000 27227210416
7.980000 4.500000 1.140000 27227235234
8.220000 4.620000 1.140000 27227260335
8.099999 4.500000 1.260000 27227285219
8.160000 4.560000 1.200000 27227310508
7.620000 4.380000 1.260000 27227335848
7.860000 4.620000 1.140000 27227360429
7.920000 4.320000 1.200000 27227385822
7.800000 4.080000 1.080000 27227410483
7.920000 4.200000 1.200000 27227435234
7.740000 4.140000 0.900000 27227460359
7.860000 4.020000 1.140000 27227485216
8.099999 4.140000 1.380000 27227510435
7.800000 4.080000 1.200000 27227535209
7.800000 3.960000 1.320000 27227560348
7.500000 4.260000 1.140000 27227585214
7.740000 3.900000 1.380000 27227610447
7.560000 3.840000 1.200000 27227635223
7.920000 3.960000 0.960000 27227660351
7.620000 4.260000 1.260000 27227685221
7.980000 3.780000 1.260000 27227710430
7.860000 4.140000 0.900000 27227735221
7.920000 3.960000 1.200000 27227760361
7.620000 4.020000 1.260000 27227785229
7.800000 3.960000 1.080000 27227810429
7.860000 4.020000 1.140000 27227835226
7.680000 4.080000 1.320000 27227860373
7.740000 4.380000 1.380000 27227885224
7.740000 4.140000 1.140000 27227910433
8.160000 4.320000 1.200000 27227935222
7.680000 3.960000 1.080000 27227960364
7.560000 4.440000 1.080000 27227985263
7.860000 4.020000 1.380000 27228010735
7.740000 4.260000 1.380000 27228035228
7.920000 4.080000 1.440000 27228060658
7.920000 3.960000 1.320000 27228085228
7.620000 4.020000 1.380000 27228110426
7.560000 3.960000 1.200000 27228135222
7.560000 4.320000 1.320000 27228160356
7.560000 4.200000 1.200000 27228185198
7.680000 4.080000 1.080000 27228210427
7.680000 4.320000 1.560000 27228235091
7.860000 4.020000 1.140000 27228260346
7.680000 4.080000 1.320000 27228285084
7.740000 4.260000 1.020000 27228310422
7.680000 4.080000 1.320000 27228335079
7.740000 3.900000 1.020000 27228360347
7.320000 3.960000 1.080000 27228385084
7.620000 4.140000 1.020000 27228410406
7.740000 4.020000 1.380000 27228435086
7.800000 4.200000 1.440000 27228460450
7.680000 4.320000 1.200000 27228485078
7.740000 3.900000 1.380000 27228510444
7.800000 4.200000 0.960000 27228535094
7.860000 4.020000 1.380000 27228560351
7.740000 4.020000 1.140000 27228585074
7.440000 4.200000 1.560000 27228610415
7.620000 4.020000 1.500000 27228635102
7.620000 4.020000 1.380000 27228660371
7.740000 4.380000 1.260000 27228685082
7.740000 4.260000 1.380000 27228711758
7.680000 4.200000 1.080000 27228735099
7.860000 4.140000 1.380000 27228760375
7.560000 3.960000 0.960000 27228784998
