0.235360 -9.345738 -0.745305 30240023492
0.245166 -9.541871 -0.862985 30240045180
0.274586 -9.659552 -0.951245 30240070460
0.294200 -9.787038 -0.970859 30240095163
0.254973 -9.826264 -0.931632 30240120177
0.196133 -9.865492 -0.902212 30240145163
0.225553 -9.816459 -0.872792 30240170487
0.176520 -9.806651 -0.892405 30240195170
0.225553 -9.787038 -0.892405 30240220154
0.196133 -9.777231 -0.951245 30240245157
0.225553 -9.787038 -0.980665 30240270470
0.264780 -9.777231 -0.961052 30240295169
0.294200 -9.777231 -0.941439 30240320167
0.333426 -9.757618 -0.912019 30240345168
0.313813 -9.738005 -0.951245 30240370476
0.264780 -9.816459 -0.833565 30240395175
0.313813 -9.777231 -0.804145 30240420157
0.313813 -9.806651 -0.862985 30240445156
0.323619 -9.659552 -0.715886 30240470454
0.441299 -9.806651 -0.980665 30240495163
0.470719 -9.885104 -0.951245 30240520150
0.490333 -9.728198 -0.931632 30240545185
0.500139 -9.738005 -0.892405 30240570457
0.519753 -9.777231 -0.735499 30240595169
0.529559 -9.669358 -0.578592 30240620152
0.558979 -9.718391 -0.500139 30240645153
0.568786 -9.708585 -0.509946 30240670441
0.558979 -9.728198 -0.578592 30240695135
0.568786 -9.816459 -0.500139 30240720122
0.637432 -9.973364 -0.441299 30240745139
0.627626 -10.032204 -0.372653 30240770438
0.647239 -9.738005 -0.480526 30240795145
0.637432 -9.708585 -0.549172 30240820145
0.696272 -9.943945 -0.500139 30240845132
0.666852 -9.816459 -0.343233 30240870452
0.598206 -9.806651 -0.402073 30240895133
0.627626 -9.875298 -0.411879 30240920120
0.676659 -9.904717 -0.441299 30240945160
0.509946 -9.767425 -0.382459 30240970464
0.451106 -9.806651 -0.500139 30240995168
0.431493 -9.728198 -0.558979 30241020258
0.333426 -9.698778 -0.637432 30241045138
0.392266 -9.875298 -0.568786 30241070294
0.382459 -9.894911 -0.598206 30241095134
0.441299 -9.865492 -0.558979 30241120132
0.451106 -9.806651 -0.490333 30241145151
0.411879 -9.767425 -0.402073 30241170426
0.431493 -9.816459 -0.382459 30241195153
0.421686 -9.787038 -0.402073 30241220156
0.421686 -9.806651 -0.441299 30241245134
0.500139 -9.806651 -0.441299 30241270509
0.451106 -9.826264 -0.500139 30241295150
0.402073 -9.787038 -0.490333 30241320140
0.529559 -9.855684 -0.451106 30241345144
0.539366 -9.816459 -0.549172 30241370279
0.529559 -9.836071 -0.578592 30241395130
0.470719 -9.777231 -0.637432 30241420152
0.470719 -9.718391 -0.490333 30241445130
0.451106 -9.796844 -0.598206 30241470446
0.353039 -9.747811 -0.608012 30241495152
0.372653 -9.787038 -0.588399 30241520147
0.362846 -9.904717 -0.617819 30241545147
0.353039 -9.855684 -0.617819 30241570407
0.431493 -9.826264 -0.647239 30241595131
0.353039 -9.747811 -0.715886 30241620153
0.333426 -9.836071 -0.784532 30241645144
0.470719 -9.904717 -0.784532 30241670419
0.451106 -9.855684 -0.725692 30241695143
0.402073 -9.767425 -0.764919 30241720142
0.304006 -9.747811 -0.784532 30241745159
0.313813 -9.688972 -0.823759 30241770429
0.333426 -9.787038 -0.774725 30241795131
0.392266 -9.845878 -0.804145 30241820136
0.294200 -9.836071 -0.813952 30241845141
0.196133 -9.767425 -0.813952 30241870262
0.205940 -9.767425 -0.804145 30241895149
0.284393 -9.836071 -0.862985 30241920134
0.284393 -9.777231 -0.892405 30241945150
0.254973 -9.796844 -0.921825 30241970406
0.304006 -9.787038 -1.049312 30241995143
0.323619 -9.787038 -1.147378 30242020156
0.372653 -9.738005 -1.098345 30242045136
0.382459 -9.767425 -1.098345 30242070452
0.431493 -9.777231 -1.137571 30242095158
0.441299 -9.787038 -1.078732 30242120304
0.382459 -9.777231 -1.019892 30242145156
0.313813 -9.747811 -1.049312 30242170441
0.343233 -9.787038 -1.068925 30242195136
0.323619 -9.806651 -0.970859 30242220148
0.343233 -9.796844 -0.970859 30242245154
0.353039 -9.757618 -0.902212 30242270915
0.353039 -9.836071 -0.941439 30242295152
0.372653 -9.747811 -1.039505 30242320136
0.441299 -9.787038 -1.157185 30242345156
0.441299 -9.708585 -1.166991 30242370435
0.441299 -9.738005 -1.137571 30242395128
0.529559 -9.728198 -1.108152 30242420153
0.519753 -9.747811 -1.078732 30242445149
0.549172 -9.698778 -1.117958 30242470284
0.578592 -9.679165 -1.176798 30242495149
0.627626 -9.688972 -1.206218 30242520153
0.598206 -9.649745 -1.225831 30242545168
0.578592 -9.718391 -1.274865 30242570288
0.578592 -9.728198 -1.235638 30242595139
0.519753 -9.649745 -1.176798 30242620144
0.539366 -9.747811 -1.216025 30242645137
0.568786 -9.757618 -1.225831 30242670435
0.588399 -9.845878 -1.225831 30242695150
0.549172 -9.806651 -1.265058 30242720131
0.460913 -9.581099 -1.451384 30242745150
0.490333 -9.620325 -1.372931 30242770453
0.509946 -9.571292 -1.314091 30242795140
0.539366 -9.796844 -1.274865 30242820161
0.509946 -9.541871 -1.412158 30242845134
0.392266 -9.571292 -1.372931 30242870275
0.421686 -9.620325 -1.294478 30242895139
0.431493 -9.698778 -1.225831 30242920136
0.451106 -9.708585 -1.216025 30242945136
0.441299 -9.718391 -1.323898 30242970415
0.402073 -9.581099 -1.284671 30242995137
0.392266 -9.541871 -1.382738 30243020156
0.402073 -9.610518 -1.559257 30243045516
0.333426 -9.590905 -1.470998 30243070278
0.392266 -9.757618 -1.539644 30243095149
0.382459 -9.610518 -1.549451 30243120143
0.362846 -9.571292 -1.500418 30243145938
0.323619 -9.512452 -1.431771 30243170301
0.284393 -9.679165 -1.372931 30243195134
0.294200 -9.590905 -1.441578 30243220158
0.294200 -9.532065 -1.578871 30243245155
0.304006 -9.649745 -1.608291 30243270438
0.274586 -9.639938 -1.529838 30243295141
0.372653 -9.777231 -1.500418 30243320149
0.441299 -9.865492 -1.461191 30243345127
0.382459 -9.679165 -1.392545 30243370448
0.411879 -9.816459 -1.490611 30243395139
0.421686 -9.777231 -1.461191 30243420151
0.460913 -10.169497 -1.431771 30243445147
0.411879 -9.718391 -1.510224 30243470246
0.431493 -9.581099 -1.529838 30243495154
0.451106 -9.816459 -1.520031 30243520148
0.500139 -9.826264 -1.529838 30243545139
0.451106 -9.747811 -1.451384 30243570395
0.392266 -9.551678 -1.539644 30243595140
0.431493 -9.934137 -1.421964 30243620148
0.362846 -9.669358 -1.451384 30243645153
0.402073 -9.679165 -1.686744 30243670298
0.402073 -9.669358 -1.735777 30243695154
0.441299 -9.973364 -1.735777 30243720237
0.392266 -9.669358 -1.657324 30243745156
0.411879 -9.698778 -1.676937 30243770447
0.402073 -9.659552 -1.696550 30243795156
0.372653 -9.659552 -1.725971 30243820168
0.451106 -10.022397 -1.745584 30243845143
0.411879 -10.022397 -1.539644 30243870294
0.431493 -9.885104 -1.520031 30243895162
0.460913 -10.110658 -1.451384 30243920143
0.411879 -9.983171 -1.421964 30243945152
0.372653 -9.708585 -1.461191 30243970383
0.411879 -9.777231 -1.480804 30243995152
0.382459 -9.728198 -1.539644 30244021201
0.451106 -9.983171 -1.598484 30244045156
0.568786 -10.149883 -1.657324 30244070376
0.411879 -9.600712 -1.588677 30244095165
0.568786 -10.051817 -1.549451 30244120147
0.598206 -10.228337 -1.510224 30244145150
0.500139 -9.679165 -1.539644 30244170455
0.529559 -9.718391 -1.539644 30244195151
0.588399 -9.796844 -1.637711 30244220151
0.500139 -9.757618 -1.618097 30244245147
0.598206 -9.983171 -1.520031 30244270449
0.529559 -9.747811 -1.627904 30244295162
0.470719 -9.483032 -1.637711 30244320153
0.617819 -9.806651 -1.657324 30244345141
0.500139 -9.708585 -1.618097 30244370448
0.490333 -9.904717 -1.598484 30244395140
0.578592 -9.875298 -1.618097 30244420133
0.529559 -9.571292 -1.676937 30244445149
0.490333 -9.502645 -1.569064 30244470437
0.588399 -9.630132 -1.569064 30244495154
0.549172 -9.463418 -1.461191 30244520150
0.637432 -9.698778 -1.333705 30244545150
0.735499 -9.806651 -1.382738 30244570483
0.725692 -9.826264 -1.323898 30244595149
0.627626 -9.659552 -1.353318 30244620137
0.558979 -9.845878 -1.461191 30244645136
0.617819 -9.924331 -1.431771 30244670285
0.627626 -10.012591 -1.490611 30244695153
0.686466 -10.032204 -1.382738 30244720150
0.637432 -9.659552 -1.461191 30244745143
0.706079 -9.728198 -1.421964 30244770284
0.676659 -9.522259 -1.382738 30244795140
0.657046 -9.630132 -1.441578 30244820143
0.686466 -9.728198 -1.451384 30244845158
0.666852 -9.728198 -1.353318 30244870444
0.666852 -9.738005 -1.304285 30244895120
0.657046 -9.708585 -1.225831 30244920150
0.647239 -9.669358 -1.225831 30244945351
0.706079 -9.796844 -1.255251 30244970299
0.686466 -9.787038 -1.274865 30244995140
0.725692 -9.777231 -1.323898 30245020136
0.764919 -9.865492 -1.274865 30245045140
0.676659 -9.669358 -1.216025 30245070273
0.676659 -9.787038 -1.108152 30245095141
0.696272 -9.669358 -1.314091 30245120148
0.735499 -9.777231 -1.294478 30245145132
0.764919 -9.767425 -1.323898 30245170459
0.706079 -9.816459 -1.265058 30245195143
0.598206 -9.639938 -1.372931 30245220140
0.627626 -9.688972 -1.372931 30245245139
0.676659 -9.767425 -1.343511 30245270306
0.558979 -9.679165 -1.225831 30245295135
0.598206 -9.757618 -1.206218 30245320147
0.608012 -9.777231 -1.245445 30245345138
0.617819 -9.767425 -1.255251 30245370259
0.676659 -9.845878 -1.343511 30245395153
0.676659 -9.649745 -1.304285 30245420132
0.686466 -9.708585 -1.274865 30245445154
0.696272 -9.698778 -1.274865 30245470417
0.627626 -9.561485 -1.216025 30245495143
0.686466 -9.718391 -1.216025 30245520154
0.657046 -9.796844 -1.235638 30245545139
0.764919 -9.894911 -1.274865 30245570429
0.784532 -9.894911 -1.343511 30245595135
0.696272 -9.698778 -1.216025 30245620134
0.686466 -9.649745 -1.196411 30245645154
0.764919 -9.826264 -1.304285 30245670277
0.725692 -9.551678 -1.353318 30245695127
0.764919 -9.796844 -1.265058 30245720140
0.862985 -10.159691 -1.196411 30245745141
0.715886 -9.728198 -1.127765 30245770260
0.706079 -9.679165 -1.000278 30245795150
0.745305 -9.738005 -1.078732 30245820131
0.755112 -9.679165 -1.029698 30245845159
0.647239 -9.453611 -1.068925 30245870233
0.686466 -9.512452 -1.274865 30245895154
0.725692 -9.747811 -1.117958 30245920131
0.676659 -9.581099 -1.098345 30245945136
0.637432 -9.747811 -1.137571 30245970693
0.725692 -9.934137 -1.029698 30245995133
0.706079 -9.845878 -1.029698 30246020143
0.549172 -9.551678 -1.068925 30246045161
0.451106 -9.424192 -1.147378 30246070290
0.647239 -9.698778 -1.127765 30246095131
0.578592 -9.806651 -1.088538 30246120146
0.617819 -9.924331 -1.049312 30246145150
0.568786 -9.816459 -1.117958 30246170302
0.666852 -9.708585 -1.019892 30246195145
0.745305 -9.669358 -1.000278 30246220120
0.804145 -9.914525 -0.892405 30246245160
0.676659 -9.728198 -0.990472 30246270446
0.608012 -9.718391 -1.049312 30246295139
0.647239 -9.806651 -0.931632 30246320153
0.637432 -9.767425 -0.912019 30246345148
0.588399 -9.610518 -0.715886 30246370479
0.637432 -9.639938 -0.804145 30246395141
0.657046 -9.698778 -0.921825 30246420141
0.578592 -9.561485 -0.902212 30246445156
0.676659 -9.669358 -0.931632 30246470434
0.676659 -9.688972 -0.804145 30246495144
0.735499 -9.953751 -0.706079 30246520140
0.657046 -9.777231 -0.617819 30246545136
0.725692 -9.620325 -0.843372 30246570434
0.627626 -9.679165 -0.951245 30246595152
0.549172 -9.384965 -0.961052 30246620139
0.637432 -9.473226 -0.951245 30246645150
0.637432 -9.688972 -0.941439 30246670436
0.676659 -9.836071 -0.951245 30246695144
0.686466 -9.943945 -1.098345 30246720153
0.647239 -10.061625 -1.068925 30246745131
0.539366 -9.875298 -1.010085 30246770287
0.441299 -9.551678 -1.019892 30246795139
0.480526 -9.767425 -1.000278 30246820139
0.509946 -9.590905 -0.941439 30246845121
0.431493 -9.826264 -0.686466 30246870282
0.411879 -9.512452 -0.735499 30246895137
0.421686 -9.649745 -0.647239 30246920170
0.490333 -9.943945 -0.843372 30246945151
0.519753 -9.924331 -0.794339 30246971227
0.568786 -9.943945 -0.980665 30246995156
0.598206 -9.953751 -0.941439 30247020485
0.441299 -9.718391 -0.892405 30247045144
0.460913 -9.914525 -0.970859 30247070315
0.460913 -9.777231 -1.000278 30247095140
0.431493 -9.688972 -0.804145 30247120172
0.441299 -9.698778 -0.813952 30247145156
0.421686 -9.630132 -0.735499 30247170418
0.343233 -9.757618 -0.804145 30247195151
0.304006 -9.767425 -0.833565 30247220145
0.313813 -9.865492 -0.764919 30247245125
0.313813 -9.630132 -0.755112 30247270448
0.294200 -9.747811 -0.784532 30247295136
0.304006 -9.914525 -0.637432 30247320152
0.333426 -9.777231 -0.578592 30247345142
0.362846 -9.738005 -0.480526 30247370317
0.353039 -9.865492 -0.509946 30247395141
0.333426 -9.541871 -0.549172 30247420391
0.441299 -9.649745 -0.490333 30247445135
0.333426 -9.551678 -0.529559 30247470387
0.333426 -9.639938 -0.637432 30247495143
0.392266 -9.836071 -0.647239 30247520140
0.343233 -9.767425 -0.509946 30247545150
0.333426 -9.688972 -0.529559 30247570302
0.372653 -9.747811 -0.558979 30247595163
0.470719 -10.169497 -0.568786 30247620147
0.460913 -10.032204 -0.509946 30247645139
0.470719 -9.953751 -0.451106 30247670447
0.451106 -10.002784 -0.529559 30247695149
0.392266 -9.992978 -0.608012 30247720152
0.382459 -9.836071 -0.715886 30247745157
0.421686 -9.806651 -0.608012 30247770265
0.313813 -9.738005 -0.637432 30247795162
0.402073 -9.688972 -0.657046 30247820145
0.431493 -9.718391 -0.588399 30247845139
0.441299 -9.718391 -0.666852 30247870441
0.362846 -9.718391 -0.686466 30247895157
0.333426 -9.826264 -0.608012 30247920144
0.372653 -9.738005 -0.588399 30247945145
0.353039 -9.777231 -0.608012 30247970425
0.353039 -9.747811 -0.637432 30247995149
0.431493 -9.718391 -0.657046 30248020138
0.421686 -9.630132 -0.764919 30248045145
0.402073 -9.796844 -0.755112 30248070346
0.313813 -9.738005 -0.696272 30248095151
0.382459 -9.816459 -0.862985 30248120139
0.382459 -9.806651 -0.764919 30248145155
0.313813 -9.688972 -0.813952 30248170448
0.313813 -9.679165 -0.912019 30248195159
0.304006 -9.698778 -0.804145 30248220144
0.343233 -9.747811 -0.823759 30248245146
0.382459 -9.787038 -0.794339 30248270415
0.411879 -9.747811 -0.862985 30248295136
0.460913 -9.845878 -0.951245 30248320142
0.333426 -9.728198 -0.951245 30248345150
0.343233 -9.875298 -0.921825 30248370434
0.372653 -9.855684 -0.921825 30248395156
0.382459 -9.894911 -0.755112 30248420143
0.382459 -9.826264 -0.735499 30248445143
0.490333 -9.836071 -0.647239 30248470448
0.588399 -9.787038 -0.608012 30248495145
0.657046 -9.836071 -0.764919 30248520143
0.617819 -9.894911 -0.912019 30248545139
0.470719 -9.836071 -0.970859 30248570293
0.500139 -9.757618 -1.157185 30248595168
0.500139 -9.738005 -1.147378 30248620148
0.441299 -9.639938 -1.127765 30248645137
0.598206 -9.718391 -1.157185 30248670273
0.402073 -9.718391 -1.186605 30248695144
0.431493 -9.767425 -1.176798 30248720138
0.539366 -9.826264 -1.265058 30248745153
0.509946 -9.747811 -1.196411 30248770438
0.549172 -9.806651 -1.147378 30248795143
0.608012 -9.777231 -1.166991 30248820141
0.588399 -9.718391 -1.166991 30248845149
0.598206 -9.728198 -1.206218 30248870416
0.578592 -9.728198 -1.216025 30248895155
0.490333 -9.747811 -1.333705 30248920145
0.480526 -9.826264 -1.363124 30248945146
0.490333 -9.816459 -1.412158 30248970439
0.480526 -9.659552 -1.441578 30248995141
0.519753 -9.708585 -1.470998 30249020161
0.568786 -9.796844 -1.451384 30249045152
0.608012 -9.904717 -1.470998 30249070256
0.549172 -9.777231 -1.510224 30249095141
0.539366 -9.747811 -1.529838 30249120143
0.617819 -9.757618 -1.588677 30249145156
0.578592 -9.679165 -1.637711 30249170273
0.627626 -9.659552 -1.745584 30249195150
0.735499 -9.865492 -1.912297 30249220148
0.666852 -9.787038 -1.814230 30249245123
0.343233 -9.590905 -1.196411 30249270269
0.274586 -9.551678 -0.912019 30249295150
0.176520 -9.688972 -0.823759 30249320140
0.098067 -9.777231 -0.872792 30249345129
0.058840 -9.816459 -0.755112 30249370247
0.117680 -9.855684 -0.833565 30249395152
0.196133 -9.875298 -0.961052 30249420153
0.205940 -9.885104 -1.137571 30249445153
0.294200 -9.728198 -1.421964 30249470398
0.343233 -9.728198 -1.510224 30249495150
0.343233 -9.708585 -1.520031 30249520132
0.304006 -9.698778 -1.529838 30249545142
0.313813 -9.698778 -1.637711 30249570264
0.254973 -9.747811 -1.608291 30249595144
0.235360 -9.777231 -1.598484 30249620139
0.186326 -9.796844 -1.539644 30249645147
0.245166 -9.747811 -1.255251 30249670278
0.274586 -9.718391 -1.127765 30249695148
0.313813 -9.718391 -1.108152 30249720146
0.274586 -9.738005 -1.196411 30249745237
0.225553 -9.767425 -1.480804 30249770358
0.147100 -9.796844 -1.637711 30249795159
0.107873 -9.767425 -1.598484 30249820134
0.049033 -9.796844 -1.598484 30249845152
0.137293 -9.806651 -1.520031 30249870268
0.137293 -9.806651 -1.539644 30249895140
0.137293 -9.796844 -1.520031 30249920162
0.225553 -9.816459 -1.304285 30249945158
0.245166 -9.767425 -1.098345 30249970306
0.313813 -9.679165 -1.127765 30249995147
0.402073 -9.639938 -1.000278 30250020154
0.568786 -9.816459 -0.902212 30250045157
0.558979 -9.787038 -0.872792 30250070321
0.509946 -9.767425 -0.941439 30250095146
0.480526 -9.787038 -1.068925 30250120138
0.480526 -9.806651 -1.157185 30250145162
0.470719 -9.767425 -1.255251 30250170459
0.500139 -9.777231 -1.372931 30250195132
0.568786 -9.757618 -1.382738 30250220209
0.549172 -9.738005 -1.343511 30250245160
0.490333 -9.757618 -1.255251 30250270473
0.460913 -9.708585 -1.186605 30250295156
0.431493 -9.738005 -1.186605 30250320128
0.382459 -9.787038 -1.098345 30250345157
0.215746 -9.698778 -1.147378 30250370466
0.313813 -9.738005 -1.157185 30250395128
0.392266 -9.816459 -1.245445 30250420133
0.313813 -9.826264 -1.225831 30250445149
0.313813 -9.845878 -1.225831 30250470447
0.235360 -9.826264 -1.216025 30250495139
0.215746 -9.747811 -1.147378 30250520160
0.304006 -9.777231 -1.088538 30250545248
0.313813 -9.747811 -1.059118 30250570459
0.323619 -9.747811 -1.108152 30250595139
0.431493 -9.747811 -1.216025 30250620143
0.431493 -9.845878 -1.176798 30250645156
0.431493 -9.738005 -1.098345 30250670444
0.411879 -9.698778 -1.078732 30250695146
0.490333 -9.718391 -1.166991 30250720144
0.470719 -9.806651 -1.225831 30250745142
0.402073 -9.767425 -1.216025 30250770450
0.343233 -9.708585 -1.255251 30250795146
0.372653 -9.708585 -1.274865 30250820157
0.333426 -9.767425 -1.196411 30250845154
