12.477500 -4.095000 -2.205000 30240056215
12.477500 -1.995000 -2.642500 30240080874
8.032500 0.070000 -3.867500 30240105939
-1.172500 1.242500 -0.682500 30240130936
-1.085000 0.752500 -0.227500 30240155937
-0.227500 1.575000 -0.857500 30240180937
-1.347500 1.172500 -1.802500 30240205934
-1.855000 1.085000 -2.572500 30240230926
-1.802500 1.137500 -3.307500 30240255957
-1.295000 1.067500 -3.325000 30240280936
-0.945000 2.082500 -3.657500 30240305948
-1.015000 1.120000 -4.602500 30240330948
-1.505000 0.035000 -3.745000 30240355938
-1.312500 0.682500 -3.745000 30240380932
-2.135000 1.347500 -4.532500 30240405941
-4.147500 1.505000 -5.215000 30240430926
-5.810000 3.237500 -4.077500 30240455982
-3.780000 1.295000 -2.100000 30240480941
9.712500 0.315000 -2.590000 30240505931
13.650000 2.765000 -3.307500 30240530910
4.340000 3.395000 -2.625000 30240555934
-0.752500 3.815000 -1.767500 30240580931
7.280000 -0.105000 -2.205000 30240605942
14.840000 -1.732500 -0.997500 30240630931
17.517500 2.257500 -1.330000 30240655885
9.800000 3.780000 -0.647500 30240681023
4.970000 4.147500 -0.787500 30240705909
6.002500 4.375000 -2.240000 30240730943
12.845000 5.477500 -2.117500 30240755911
11.602500 4.777500 -1.312500 30240780915
6.772500 5.635000 -0.875000 30240805917
4.322500 5.862500 -1.242500 30240830909
3.692500 6.387500 -2.957500 30240855868
7.210000 6.510000 -1.872500 30240880921
6.947500 5.915000 -0.472500 30240906000
2.397500 6.422500 1.347500 30240930949
-2.222500 6.405000 1.137500 30240955925
-2.572500 9.782500 0.017500 30240980926
-0.700000 8.487500 3.255000 30241005873
-2.852500 9.432500 3.255000 30241030913
-3.622500 7.280000 3.955000 30241055873
-5.600000 4.515000 4.042500 30241080925
-4.707500 6.475000 0.752500 30241105918
-0.805000 5.740000 0.630000 30241130935
-0.157500 3.937500 -1.242500 30241155912
-1.347500 5.442500 1.505000 30241180929
-4.130000 5.547500 3.080000 30241205933
-3.482500 4.637500 1.382500 30241230909
-4.060000 6.335000 0.035000 30241255919
-2.957500 6.982500 -2.485000 30241280921
-1.662500 5.967500 -2.170000 30241305929
-1.592500 4.427500 -0.105000 30241331286
-3.045000 6.562500 0.665000 30241355926
-3.412500 7.070000 1.785000 30241380949
-3.622500 5.915000 1.925000 30241405926
-2.730000 5.705000 0.752500 30241430935
-4.112500 5.425000 -1.172500 30241455921
-3.675000 6.265000 -1.802500 30241480921
-3.097500 5.197500 3.465000 30241505921
-4.567500 6.545000 2.415000 30241531429
-5.302500 6.965000 1.295000 30241555934
-3.937500 6.615000 -0.245000 30241580898
-3.465000 6.335000 -1.610000 30241605921
-3.867500 8.085000 1.260000 30241630906
-5.110000 6.107500 2.187500 30241655922
-3.850000 3.850000 -0.927500 30241680884
-3.045000 6.072500 -3.097500 30241705915
-3.080000 4.567500 -1.767500 30241730887
-4.830000 4.637500 1.452500 30241755941
-4.655000 4.217500 0.385000 30241780929
-5.040000 3.867500 0.857500 30241805939
-4.970000 5.022500 -2.240000 30241830934
-5.897500 4.882500 -2.765000 30241855923
-6.125000 4.200000 0.332500 30241880929
-7.525000 4.777500 0.490000 30241905933
-6.982500 4.900000 -1.400000 30241930886
-5.617500 6.300000 -1.172500 30241955917
-5.162500 4.427500 -0.665000 30241980967
-4.620000 3.885000 0.437500 30242005927
-4.130000 3.622500 0.490000 30242030919
-2.975000 2.310000 1.662500 30242055923
-1.172500 1.540000 -0.262500 30242080931
-1.085000 2.240000 -0.770000 30242105914
-0.577500 2.747500 -0.840000 30242130930
0.542500 4.585000 -1.155000 30242155941
-2.835000 1.417500 1.102500 30242180929
-2.712500 2.100000 0.140000 30242205922
-2.170000 0.770000 -0.245000 30242230926
-1.872500 1.785000 -0.857500 30242255914
-2.992500 1.557500 -3.745000 30242280926
-4.060000 2.397500 -4.357500 30242305928
-3.850000 2.450000 -6.142500 30242330934
-4.620000 2.205000 -5.320000 30242356113
-2.240000 2.047500 -5.320000 30242380922
-0.910000 0.630000 -5.197500 30242406445
-0.087500 0.910000 -6.912500 30242430932
-1.557500 1.785000 -5.040000 30242455913
-2.450000 1.680000 -3.955000 30242480929
-2.345000 1.487500 -0.630000 30242505884
-0.122500 3.342500 1.540000 30242530910
-0.332500 2.555000 0.752500 30242555937
-3.255000 0.927500 1.750000 30242580918
-5.005000 1.680000 1.802500 30242605884
-4.882500 1.645000 2.817500 30242630919
-2.642500 -0.227500 1.382500 30242655878
-1.837500 0.542500 0.402500 30242680932
-4.602500 0.070000 -1.120000 30242705917
-5.180000 1.925000 -1.207500 30242730930
-2.397500 1.260000 -2.327500 30242755886
-2.047500 -0.787500 0.892500 30242780915
-1.575000 0.210000 1.697500 30242805900
-5.110000 0.595000 0.192500 30242830929
-6.422500 1.575000 -1.540000 30242855920
-7.542500 1.137500 1.855000 30242880930
-3.430000 1.627500 0.997500 30242905922
-2.380000 0.945000 0.087500 30242930922
-2.012500 2.012500 0.017500 30242955939
-2.205000 0.490000 -2.275000 30242980941
-4.690000 3.395000 0.035000 30243005934
-3.920000 3.185000 0.105000 30243030916
-2.695000 1.907500 2.257500 30243055928
-2.135000 0.105000 3.395000 30243080926
-0.472500 0.262500 -0.857500 30243105918
-2.905000 -0.455000 -1.820000 30243130921
-4.235000 -0.665000 -0.962500 30243155931
-2.975000 0.682500 1.330000 30243180916
-0.945000 -1.067500 3.027500 30243205931
1.277500 -1.872500 0.140000 30243230946
-3.150000 -2.975000 -2.170000 30243255920
-4.060000 -1.820000 -0.700000 30243281077
-1.680000 -1.732500 -0.350000 30243305927
0.052500 -3.955000 -1.242500 30243330885
-0.840000 -4.427500 -3.360000 30243355930
-1.680000 -3.115000 -3.447500 30243380926
-3.535000 -4.252500 -0.647500 30243405926
-2.170000 -4.095000 0.507500 30243430886
-3.307500 -3.745000 1.575000 30243455919
-2.345000 -5.372500 -0.122500 30243480880
1.085000 -4.340000 -1.995000 30243505942
-0.927500 -4.795000 -1.155000 30243530921
-1.330000 -4.777500 -2.887500 30243555938
-1.942500 -3.920000 -0.805000 30243580884
-1.732500 -3.990000 0.700000 30243605924
-1.435000 -4.130000 -1.032500 30243630927
-3.465000 -2.415000 -0.420000 30243655924
-4.305000 -5.057500 -1.172500 30243680880
-1.452500 -5.582500 -1.102500 30243705921
-0.052500 -6.772500 -1.627500 30243730884
-0.700000 -7.122500 -3.255000 30243755930
-2.940000 -5.792500 -4.322500 30243780938
-3.237500 -7.297500 -2.572500 30243806015
0.332500 -7.420000 -1.557500 30243830904
1.470000 -8.960000 -2.345000 30243855923
-2.625000 -9.345000 -1.960000 30243880885
-3.167500 -7.665000 -0.280000 30243905898
-0.612500 -7.682500 -2.030000 30243930930
1.172500 -7.490000 -1.907500 30243955946
0.962500 -8.032500 -3.010000 30243980965
-1.540000 -7.787500 -3.517500 30244005918
-1.750000 -9.852500 -2.677500 30244030930
5.127500 -9.117500 -4.270000 30244055920
4.550000 -8.032500 -5.110000 30244080923
-0.665000 -10.307500 -2.502500 30244105918
-3.430000 -9.362500 -1.417500 30244130923
0.717500 -8.102500 -2.957500 30244156138
1.785000 -7.052500 -3.202500 30244180930
1.067500 -10.185000 -3.115000 30244205907
1.400000 -6.965000 -4.760000 30244230942
-1.767500 -8.575000 -3.815000 30244256062
-0.612500 -8.785000 -2.992500 30244280923
0.875000 -8.172500 -3.027500 30244305922
1.942500 -10.115000 -3.955000 30244330913
0.875000 -8.837500 -6.072500 30244356507
1.662500 -8.190000 -4.007500 30244380924
1.470000 -10.517500 -1.085000 30244405881
3.640000 -9.957500 -2.520000 30244430922
2.100000 -10.202500 -2.887500 30244455918
-0.752500 -10.902500 -2.765000 30244480933
-1.120000 -12.197500 -1.487500 30244505888
4.497500 -12.215000 -2.152500 30244530981
5.600000 -10.815000 -1.767500 30244555884
3.570000 -9.397500 -2.520000 30244580936
1.382500 -8.172500 -2.520000 30244605913
0.157500 -7.945000 -0.927500 30244630942
0.490000 -8.662500 -1.330000 30244655886
1.050000 -7.997500 -2.257500 30244680914
1.977500 -7.997500 -1.855000 30244705926
2.870000 -8.977500 -2.730000 30244730917
2.450000 -7.052500 -2.730000 30244755874
2.047500 -8.102500 -2.835000 30244780915
2.170000 -6.247500 -0.560000 30244805920
1.330000 -7.332500 -0.735000 30244830923
3.097500 -8.015000 -0.560000 30244855922
2.047500 -5.372500 -0.717500 30244880918
1.400000 -4.970000 -0.122500 30244905926
3.325000 -5.775000 0.017500 30244930910
3.815000 -5.127500 0.840000 30244955919
-0.542500 -3.937500 -0.507500 30244980975
0.490000 -2.870000 -0.630000 30245005934
2.677500 -2.117500 -0.840000 30245030980
2.712500 -4.182500 -1.785000 30245055939
2.887500 -0.525000 0.525000 30245080929
-1.435000 -2.310000 0.227500 30245105935
1.120000 0.052500 1.645000 30245130930
1.172500 -1.802500 1.470000 30245155919
2.870000 0.017500 -0.875000 30245180932
-0.350000 0.647500 -1.137500 30245205924
-0.175000 0.787500 0.770000 30245231299
1.627500 -1.242500 2.030000 30245255943
5.215000 1.662500 -1.750000 30245280926
-1.207500 1.120000 0.542500 30245305942
0.717500 0.157500 0.472500 30245330932
2.502500 2.467500 -2.310000 30245355919
0.507500 2.047500 -1.680000 30245380926
0.525000 3.255000 -0.560000 30245405913
-0.227500 4.847500 0.297500 30245430882
0.612500 3.307500 1.540000 30245455930
3.167500 2.660000 -1.242500 30245480918
1.155000 3.990000 -1.610000 30245505939
-2.520000 3.902500 -0.787500 30245530924
0.367500 3.762500 1.680000 30245555929
4.410000 3.780000 1.855000 30245580925
1.435000 4.882500 -2.467500 30245605912
-1.995000 3.902500 -1.225000 30245630890
2.240000 4.060000 -0.280000 30245655940
1.592500 5.477500 -0.070000 30245680926
0.700000 4.252500 0.560000 30245705939
2.485000 6.457500 -0.840000 30245730920
0.875000 5.040000 -1.242500 30245755919
3.780000 5.932500 2.275000 30245780922
3.745000 6.685000 0.735000 30245805913
0.245000 5.617500 -0.525000 30245830913
-1.680000 4.462500 -0.770000 30245855939
2.835000 7.227500 1.435000 30245880929
5.845000 4.340000 2.625000 30245905933
4.935000 5.827500 -0.717500 30245930938
-2.817500 8.435000 2.712500 30245955927
2.905000 7.070000 4.095000 30245980983
2.310000 6.160000 2.030000 30246006083
0.122500 6.895000 -0.017500 30246030932
-0.402500 6.072500 3.237500 30246055957
6.492500 5.827500 3.342500 30246080930
5.600000 7.035000 2.642500 30246106049
1.522500 7.770000 -0.927500 30246130920
0.437500 7.140000 -0.210000 30246155913
6.230000 6.650000 -0.980000 30246180945
5.932500 8.102500 -0.805000 30246205934
1.767500 8.260000 0.665000 30246230927
1.277500 11.165000 -0.472500 30246255936
-0.210000 8.837500 -0.035000 30246280928
-1.855000 9.800000 1.557500 30246305885
-0.140000 9.152500 2.275000 30246330934
4.637500 10.255000 2.117500 30246355910
2.537500 10.360000 0.787500 30246380947
-1.120000 9.992500 0.875000 30246405932
1.680000 9.642500 -0.367500 30246430931
1.295000 8.540000 -2.572500 30246455934
-3.990000 8.872500 2.485000 30246480923
2.012500 10.290000 0.420000 30246505883
4.340000 12.285000 1.697500 30246530945
3.605000 10.570000 2.992500 30246555934
2.572500 11.865000 0.595000 30246580925
-2.222500 12.722500 0.332500 30246605919
-3.710000 11.550000 2.135000 30246630918
3.412500 11.672500 2.170000 30246655939
2.905000 11.357500 2.485000 30246680933
0.630000 11.777500 2.520000 30246705883
-1.837500 10.815000 3.762500 30246730927
-5.722500 10.972500 3.290000 30246755928
-4.795000 10.360000 4.462500 30246780940
1.452500 9.992500 3.692500 30246805934
4.602500 9.117500 3.447500 30246830939
-0.927500 10.325000 3.780000 30246855937
-4.935000 11.847500 2.607500 30246880923
-2.940000 10.815000 0.542500 30246906030
6.965000 8.120000 1.050000 30246930941
7.472500 9.747500 0.560000 30246955927
2.380000 10.115000 0.735000 30246981028
1.172500 8.925000 1.872500 30247005943
-2.870000 9.695000 -0.682500 30247030935
1.085000 12.127500 -1.767500 30247055952
6.055000 9.607500 -0.472500 30247080923
7.595000 6.090000 -0.070000 30247105940
3.727500 8.837500 -0.262500 30247130927
4.900000 8.400000 1.417500 30247155925
4.007500 9.012500 -0.507500 30247180929
1.750000 9.520000 -0.227500 30247205917
-0.892500 5.950000 0.175000 30247230926
-2.065000 7.490000 0.525000 30247255948
0.840000 6.965000 0.980000 30247280924
3.430000 8.837500 1.417500 30247305926
-0.280000 8.470000 -0.542500 30247330930
4.392500 6.877500 0.980000 30247355924
2.835000 8.190000 1.102500 30247380883
0.017500 9.327500 0.402500 30247405927
0.210000 7.035000 -1.085000 30247430921
3.885000 8.767500 0.682500 30247455928
1.015000 7.665000 1.102500 30247480921
0.227500 7.997500 2.432500 30247505921
0.647500 8.505000 1.032500 30247530929
1.137500 9.380000 -1.610000 30247555922
2.957500 7.752500 0.735000 30247580877
2.100000 8.032500 0.455000 30247605917
-1.837500 8.137500 -1.067500 30247630927
2.257500 7.962500 0.910000 30247655934
2.432500 7.805000 1.627500 30247680920
-2.030000 9.397500 1.627500 30247705917
-3.570000 8.645000 0.560000 30247730924
-3.255000 8.470000 -2.012500 30247755992
0.892500 8.067500 -2.765000 30247780935
2.642500 6.475000 -1.207500 30247805938
-0.157500 6.580000 0.542500 30247830924
-2.450000 8.207500 -0.052500 30247855967
-2.800000 9.170000 -1.102500 30247880937
-0.700000 7.000000 -0.980000 30247905919
-1.050000 5.687500 -0.105000 30247930924
-3.710000 7.087500 1.452500 30247955921
-7.490000 8.032500 0.542500 30247980937
-4.077500 5.670000 0.350000 30248005932
-2.100000 7.682500 1.452500 30248030919
-5.792500 5.197500 0.140000 30248055965
-6.562500 7.700000 -3.115000 30248080930
-3.412500 6.440000 -0.962500 30248105924
-0.245000 3.150000 1.417500 30248130934
-5.320000 6.037500 -1.837500 30248155922
-4.725000 5.040000 -1.400000 30248180919
-4.270000 6.737500 -1.995000 30248205924
-6.510000 5.547500 -1.505000 30248230919
-3.587500 2.782500 -0.927500 30248255919
-2.240000 2.642500 1.295000 30248280918
-5.162500 2.922500 1.067500 30248305919
-4.270000 3.412500 -2.082500 30248330937
-1.575000 3.430000 -1.540000 30248355925
-2.362500 1.207500 -1.855000 30248380919
-3.237500 6.405000 -5.302500 30248405926
-2.065000 4.427500 -5.040000 30248430919
3.325000 -1.365000 -2.695000 30248455922
-1.347500 3.745000 -3.605000 30248480932
-6.020000 2.047500 -3.850000 30248505911
-2.957500 2.817500 -2.520000 30248530915
-8.522500 7.962500 -6.055000 30248555924
-10.062500 7.297500 -4.042500 30248580921
-5.670000 4.812500 -3.972500 30248605931
-6.405000 5.530000 -4.235000 30248630912
-6.702500 1.925000 -1.067500 30248655919
-5.967500 3.692500 -3.657500 30248680926
-7.630000 4.112500 -2.800000 30248705931
-5.670000 -3.377500 1.732500 30248730931
-2.310000 1.277500 -1.977500 30248755929
-5.670000 3.185000 -1.837500 30248780932
-3.482500 -0.927500 1.557500 30248805931
-1.382500 0.385000 -0.122500 30248830912
-2.975000 1.750000 0.262500 30248855918
-5.162500 4.147500 -0.157500 30248880952
-5.407500 1.785000 -0.945000 30248905913
-4.042500 1.837500 0.122500 30248930941
-7.420000 3.885000 -0.070000 30248955918
-7.157500 -0.227500 -1.365000 30248981000
-5.880000 -0.787500 -1.942500 30249005928
-6.930000 -1.190000 0.210000 30249030915
-3.780000 -5.180000 0.175000 30249055921
-0.945000 -5.512500 -2.992500 30249081089
-3.535000 -2.222500 -3.797500 30249105918
-3.955000 -3.920000 -1.242500 30249130884
-1.522500 -4.830000 -2.467500 30249155930
-3.517500 -6.020000 -1.417500 30249180913
-5.250000 -11.620000 0.752500 30249205925
-3.447500 -14.210000 -4.095000 30249230877
-11.375000 -9.852500 -1.872500 30249255920
-14.350000 -8.592500 3.692500 30249280913
-7.105000 -1.032500 9.397500 30249305921
4.235000 2.695000 10.937500 30249330914
11.042500 -0.717500 10.097500 30249355918
14.770000 -1.802500 7.437500 30249380873
9.240000 -3.535000 6.125000 30249405920
3.185000 -1.697500 3.535000 30249430910
-4.392500 -0.717500 1.785000 30249455922
-6.072500 0.892500 1.102500 30249480881
-6.580000 1.137500 2.310000 30249505915
-4.060000 2.397500 2.782500 30249530861
-3.220000 1.977500 2.450000 30249555938
-2.415000 2.415000 2.240000 30249580921
0.035000 -0.210000 2.187500 30249605913
3.220000 -2.625000 0.945000 30249630915
7.000000 -3.027500 -0.962500 30249655914
7.630000 -3.360000 -0.280000 30249680920
6.982500 0.420000 2.152500 30249705917
-0.717500 -2.450000 2.012500 30249730914
-3.290000 2.607500 2.940000 30249755924
-8.435000 1.540000 2.572500 30249780917
-6.282500 -0.805000 1.260000 30249805980
-1.750000 -3.955000 -2.222500 30249830921
3.640000 -0.262500 -3.430000 30249855915
5.215000 0.910000 -3.867500 30249880923
7.000000 1.260000 -5.792500 30249905934
8.820000 1.942500 -8.120000 30249930929
10.955000 -2.695000 -9.660000 30249955930
13.737500 -1.995000 -9.642500 30249980987
12.460000 -2.257500 -6.352500 30250005970
8.890000 -3.290000 -0.595000 30250030925
3.517500 -0.437500 -1.575000 30250055916
0.332500 3.255000 -3.115000 30250080934
-5.215000 1.242500 -3.220000 30250105938
-6.930000 2.310000 -3.412500 30250130915
-7.472500 2.590000 -2.730000 30250155921
-7.857500 0.612500 -2.922500 30250180930
-5.232500 1.907500 -2.625000 30250205928
-3.657500 2.992500 -0.612500 30250230938
-0.332500 1.435000 0.542500 30250255935
2.625000 1.995000 1.172500 30250280942
3.640000 4.585000 1.890000 30250305934
1.522500 3.167500 1.592500 30250330927
1.155000 3.587500 1.085000 30250355923
-1.120000 1.942500 8.172500 30250381005
-2.222500 2.397500 4.707500 30250405930
-1.365000 2.887500 1.907500 30250430940
0.542500 -0.070000 1.715000 30250455923
2.607500 2.817500 -1.522500 30250480950
2.292500 0.507500 -1.925000 30250505922
2.572500 -0.227500 -0.385000 30250530936
0.647500 -1.050000 -1.085000 30250555941
-0.227500 0.070000 -1.732500 30250580891
-0.962500 1.417500 -0.682500 30250605918
-1.785000 -0.787500 -0.385000 30250630892
0.105000 -0.105000 -0.735000 30250655934
0.227500 -0.087500 -0.840000 30250680936
0.052500 -0.542500 2.205000 30250705919
-1.277500 0.910000 3.797500 30250730891
-3.535000 0.927500 2.240000 30250755978
-3.377500 0.280000 0.525000 30250780899
-2.117500 1.260000 0.595000 30250805937
-1.505000 1.592500 1.137500 30250830894
-0.717500 1.907500 0.385000 30250855929
