-4.020000 -3.420000 5.700000 30240038654
-4.140000 -3.420000 5.820000 30240063594
-4.380000 -3.420000 5.940000 30240088606
-4.020000 -3.540000 5.700000 30240113560
-3.960000 -3.240000 5.640000 30240138613
-4.440000 -3.360000 6.000000 30240163581
-4.380000 -3.300000 5.700000 30240188641
-4.320000 -3.480000 6.000000 30240213583
-4.380000 -3.300000 5.700000 30240238613
-4.080000 -3.240000 5.880000 30240263601
-4.260000 -3.660000 5.580000 30240288601
-4.080000 -3.480000 5.760000 30240313587
-4.140000 -3.180000 5.940000 30240338609
-4.320000 -3.240000 5.640000 30240363583
-4.260000 -3.660000 5.940000 30240388609
-4.140000 -3.300000 5.820000 30240413599
-4.320000 -3.240000 5.640000 30240438570
-4.620000 -3.420000 5.820000 30240463583
-4.260000 -3.540000 5.820000 30240488607
-4.380000 -3.420000 5.700000 30240513594
-4.080000 -3.360000 5.760000 30240538585
-4.380000 -3.180000 5.580000 30240563579
-4.020000 -3.420000 6.060000 30240588575
-4.080000 -3.360000 5.520000 30240613567
-4.200000 -3.360000 5.880000 30240638577
-4.200000 -3.480000 5.880000 30240663597
-4.140000 -3.300000 5.460000 30240688584
-4.260000 -3.300000 5.580000 30240713675
-4.260000 -3.060000 5.460000 30240738593
-4.080000 -3.000000 5.760000 30240763706
-3.960000 -3.120000 5.760000 30240788563
-4.620000 -3.180000 5.700000 30240813721
-4.320000 -3.360000 5.760000 30240838571
-4.260000 -3.180000 5.700000 30240863572
-4.200000 -3.360000 5.760000 30240888565
-4.140000 -3.420000 5.700000 30240913578
-4.260000 -3.060000 5.580000 30240938570
-4.440000 -3.480000 5.880000 30240963522
-4.440000 -3.240000 5.760000 30240988548
-3.960000 -3.120000 5.400000 30241013588
-4.020000 -3.180000 5.940000 30241038567
-4.260000 -2.940000 5.580000 30241063580
-3.960000 -3.120000 5.640000 30241088590
-4.080000 -2.760000 6.000000 30241113560
-4.140000 -3.180000 5.940000 30241138584
-4.080000 -2.880000 5.880000 30241163559
-4.260000 -3.060000 5.820000 30241188575
-3.840000 -2.880000 6.120000 30241213586
-4.020000 -3.060000 5.700000 30241238567
-4.020000 -2.940000 5.700000 30241263632
-4.140000 -3.060000 5.820000 30241288571
-4.200000 -3.000000 5.760000 30241313558
-3.540000 -2.940000 5.820000 30241338585
-3.900000 -2.940000 6.060000 30241363555
-3.840000 -2.880000 6.000000 30241388563
-4.260000 -3.060000 5.820000 30241413572
-4.260000 -2.940000 6.300000 30241438607
-3.540000 -2.580000 6.060000 30241463618
-4.080000 -3.120000 6.120000 30241488589
-3.780000 -2.820000 6.060000 30241513567
-4.020000 -2.820000 6.060000 30241538569
-4.200000 -2.760000 6.120000 30241563566
-3.900000 -2.700000 6.180000 30241588623
-4.140000 -2.820000 6.420000 30241613609
-4.260000 -2.820000 6.180000 30241638568
-4.080000 -2.760000 6.120000 30241663546
-4.080000 -2.520000 6.240000 30241688578
-4.020000 -2.700000 6.180000 30241713559
-4.140000 -2.820000 6.420000 30241738588
-3.660000 -2.580000 6.420000 30241763569
-4.140000 -2.820000 6.420000 30241788603
-3.780000 -2.940000 6.300000 30241813577
-3.900000 -2.700000 6.180000 30241838603
-4.140000 -2.580000 6.420000 30241863565
-4.080000 -2.520000 6.480000 30241888618
-4.140000 -2.580000 6.420000 30241913605
-4.200000 -2.760000 6.360000 30241938619
-4.080000 -2.520000 6.600000 30241963568
-3.960000 -2.520000 6.480000 30241988708
-4.200000 -2.760000 6.360000 30242013606
-4.260000 -2.580000 6.540000 30242038571
-4.020000 -2.580000 6.660000 30242063559
-4.020000 -2.580000 6.180000 30242088577
-4.200000 -2.520000 6.600000 30242113610
-4.140000 -2.700000 6.780000 30242138567
-4.320000 -2.280000 6.840000 30242163582
-3.960000 -2.160000 6.480000 30242188614
-4.020000 -2.700000 6.900000 30242213582
-4.140000 -2.460000 6.300000 30242238565
-4.440000 -2.400000 6.840000 30242263567
-4.140000 -2.580000 6.780000 30242288603
-4.080000 -2.520000 7.080000 30242313567
-4.200000 -2.040000 6.600000 30242338577
-4.560000 -2.520000 6.720000 30242363564
-4.260000 -2.220000 6.900000 30242388565
-4.200000 -2.520000 6.600000 30242413552
-4.380000 -2.700000 6.660000 30242438570
-4.380000 -2.580000 7.140000 30242463563
-4.500000 -2.460000 6.900000 30242488559
-4.020000 -2.820000 6.900000 30242513569
-4.320000 -2.640000 6.600000 30242539062
-4.440000 -2.760000 6.840000 30242563634
-4.440000 -2.640000 6.600000 30242588608
-4.500000 -2.700000 7.020000 30242613564
-4.620000 -2.700000 6.780000 30242638570
-4.560000 -2.520000 6.720000 30242663561
-4.620000 -2.700000 6.540000 30242688574
-4.560000 -2.640000 6.840000 30242713564
-4.500000 -2.580000 7.020000 30242738551
-4.620000 -2.820000 6.540000 30242763573
-4.860000 -2.460000 7.140000 30242788552
-4.980000 -2.940000 6.900000 30242813592
-4.560000 -2.760000 6.480000 30242838588
-4.620000 -2.700000 7.020000 30242863565
-4.680000 -2.760000 6.360000 30242888591
-4.740000 -2.820000 6.900000 30242913569
-4.920000 -2.880000 6.600000 30242938558
-4.860000 -2.820000 6.660000 30242963573
-5.160000 -2.880000 6.600000 30242988675
-5.040000 -3.000000 6.720000 30243013574
-5.040000 -3.000000 6.480000 30243038568
-5.040000 -3.240000 6.600000 30243063568
-5.040000 -3.000000 6.480000 30243088600
-5.040000 -2.880000 6.600000 30243113575
-4.800000 -3.240000 6.240000 30243138561
-5.220000 -2.940000 6.540000 30243163578
-5.160000 -3.240000 6.600000 30243188560
-5.400000 -3.120000 6.600000 30243213619
-5.280000 -3.360000 6.240000 30243238559
-5.040000 -3.120000 6.480000 30243263568
-5.220000 -3.420000 6.420000 30243288565
-5.160000 -3.600000 6.480000 30243313570
-5.220000 -3.300000 6.300000 30243338598
-5.040000 -3.360000 6.480000 30243363597
-5.400000 -3.360000 6.360000 30243388564
-5.160000 -3.360000 6.360000 30243413565
-5.040000 -3.480000 6.240000 30243438620
-4.800000 -3.480000 6.120000 30243463566
-5.040000 -3.120000 6.240000 30243488567
-5.160000 -3.360000 6.120000 30243513574
-5.160000 -3.240000 6.000000 30243538566
-5.160000 -3.480000 6.240000 30243563572
-4.980000 -3.660000 6.420000 30243588566
-4.920000 -3.480000 6.120000 30243613607
-5.220000 -3.660000 6.060000 30243638599
-4.980000 -3.300000 6.300000 30243663555
-5.160000 -3.600000 6.120000 30243688614
-5.340000 -3.780000 5.940000 30243713709
-5.220000 -3.780000 6.060000 30243738563
-4.860000 -3.660000 5.940000 30243763696
-5.040000 -3.480000 6.000000 30243788612
-4.980000 -3.660000 5.940000 30243816456
-4.800000 -3.600000 6.240000 30243838607
-5.040000 -3.480000 5.760000 30243863580
-5.220000 -3.540000 5.820000 30243888620
-4.920000 -3.720000 5.760000 30243915205
-4.920000 -3.840000 5.640000 30243938550
-5.040000 -3.480000 6.000000 30243963593
-4.680000 -3.720000 5.640000 30243988718
-5.040000 -3.840000 6.000000 30244013565
-5.220000 -4.020000 5.820000 30244038626
-4.860000 -3.660000 5.820000 30244063606
-4.440000 -3.840000 5.880000 30244088638
-4.860000 -3.780000 5.820000 30244113610
-4.560000 -3.720000 5.640000 30244138609
-4.920000 -3.840000 5.880000 30244163579
-5.100000 -3.540000 5.820000 30244188632
-4.740000 -3.780000 5.580000 30244213559
-4.620000 -3.900000 5.820000 30244238573
-4.620000 -3.900000 5.940000 30244263567
-4.860000 -3.900000 5.940000 30244288565
-4.920000 -3.840000 5.880000 30244313984
-4.980000 -3.780000 5.820000 30244338957
-4.500000 -3.780000 5.820000 30244363985
-4.500000 -3.900000 5.580000 30244388962
-4.440000 -3.480000 5.880000 30244413940
-4.860000 -3.660000 5.940000 30244438966
-4.560000 -3.960000 5.760000 30244463966
-4.800000 -3.600000 5.880000 30244488946
-4.920000 -3.840000 5.760000 30244513985
-4.560000 -3.600000 5.520000 30244539116
-4.620000 -3.780000 5.820000 30244563996
-4.560000 -3.600000 5.760000 30244588978
-4.560000 -3.840000 5.640000 30244613955
-4.800000 -3.840000 5.880000 30244639011
-4.740000 -3.780000 5.820000 30244663954
-4.440000 -3.960000 5.760000 30244688958
-4.440000 -3.720000 5.880000 30244713958
-4.500000 -4.140000 5.820000 30244738970
-4.560000 -3.840000 5.880000 30244763973
-4.560000 -4.080000 5.760000 30244789101
-4.560000 -3.840000 5.880000 30244813949
-4.080000 -3.720000 5.520000 30244838977
-4.740000 -3.660000 5.820000 30244863946
-4.380000 -3.780000 5.940000 30244888954
-4.500000 -3.900000 6.060000 30244913986
-4.500000 -3.900000 5.940000 30244938965
-4.440000 -3.840000 5.760000 30244965298
-4.260000 -4.140000 5.580000 30244989095
-4.440000 -3.720000 5.880000 30245013996
-4.740000 -3.780000 5.820000 30245039146
-4.260000 -3.900000 5.820000 30245064205
-4.200000 -3.600000 6.000000 30245089175
-4.380000 -3.540000 5.700000 30245114002
-4.200000 -3.600000 5.640000 30245138968
-4.440000 -3.720000 6.000000 30245164137
-4.140000 -3.660000 6.180000 30245189252
-4.080000 -3.600000 5.880000 30245213965
-4.260000 -3.420000 6.060000 30245239189
-4.320000 -3.720000 6.000000 30245263834
-4.320000 -3.720000 5.760000 30245288957
-4.380000 -3.780000 6.060000 30245313845
-4.260000 -3.540000 5.460000 30245339018
-4.620000 -3.780000 5.700000 30245363900
-4.440000 -3.720000 6.000000 30245388839
-4.680000 -3.720000 5.760000 30245413817
-4.560000 -3.480000 5.640000 30245438953
-4.260000 -3.660000 5.700000 30245463823
-4.320000 -3.480000 5.880000 30245489168
-4.500000 -3.420000 6.060000 30245513996
-4.080000 -3.960000 5.640000 30245539083
-4.500000 -3.660000 5.820000 30245563982
-4.620000 -3.780000 5.700000 30245589238
-4.320000 -3.840000 5.520000 30245613958
-4.380000 -3.540000 5.700000 30245639231
-4.440000 -4.080000 5.760000 30245663969
-4.500000 -3.660000 5.700000 30245688950
-4.260000 -3.660000 5.940000 30245714143
-4.560000 -3.720000 5.520000 30245739156
-4.620000 -3.540000 5.460000 30245764170
-4.620000 -3.900000 5.820000 30245789090
-4.560000 -3.600000 6.000000 30245813950
-4.380000 -3.540000 5.820000 30245839125
-4.620000 -3.660000 5.580000 30245864223
-4.320000 -3.840000 5.520000 30245889161
-4.620000 -3.900000 5.940000 30245914245
-4.500000 -3.900000 5.700000 30245938961
-4.380000 -3.780000 5.700000 30245963951
-4.440000 -3.600000 5.520000 30245989336
-4.560000 -3.480000 5.640000 30246014537
-4.560000 -3.720000 5.760000 30246039405
-4.380000 -3.780000 5.700000 30246063979
-4.560000 -3.480000 5.160000 30246088960
-4.440000 -3.480000 5.520000 30246114183
-4.500000 -3.540000 5.820000 30246138971
-4.620000 -3.420000 5.700000 30246163816
-4.800000 -3.600000 5.760000 30246188581
-4.260000 -3.540000 5.460000 30246213578
-4.440000 -3.480000 5.400000 30246238584
-4.620000 -3.660000 5.700000 30246263876
-4.800000 -3.480000 5.520000 30246288613
-4.500000 -3.420000 5.580000 30246313831
-4.680000 -3.600000 5.400000 30246338579
-4.500000 -3.660000 5.460000 30246363605
-4.620000 -3.660000 5.580000 30246388618
-5.160000 -3.840000 5.520000 30246413767
-4.260000 -3.660000 5.580000 30246438557
-4.620000 -3.660000 5.340000 30246463581
-4.860000 -3.660000 5.340000 30246488552
-4.740000 -3.660000 5.340000 30246513744
-4.860000 -3.900000 5.220000 30246538570
-4.860000 -3.540000 5.700000 30246563769
-4.800000 -3.840000 5.520000 30246588812
-4.680000 -3.720000 5.640000 30246613621
-4.860000 -3.420000 5.340000 30246638563
-4.980000 -3.660000 5.220000 30246663843
-4.800000 -3.720000 5.400000 30246688802
-4.560000 -3.720000 5.280000 30246713818
-4.620000 -3.540000 5.220000 30246738580
-4.860000 -3.180000 5.460000 30246763715
-4.560000 -3.360000 5.520000 30246788760
-4.920000 -3.720000 5.400000 30246813762
-4.680000 -3.840000 5.160000 30246838765
-4.980000 -3.660000 5.220000 30246863588
-4.560000 -3.840000 5.280000 30246888574
-4.620000 -3.300000 5.220000 30246916318
-4.860000 -3.540000 5.100000 30246938834
-4.740000 -3.540000 5.340000 30246963733
-4.860000 -3.420000 5.220000 30246988854
-4.740000 -3.420000 5.220000 30247013585
-4.920000 -3.600000 5.280000 30247038567
-4.680000 -3.360000 5.400000 30247063601
-4.800000 -3.360000 5.160000 30247088781
-4.980000 -3.300000 5.340000 30247113566
-4.980000 -3.540000 5.220000 30247138974
-4.800000 -3.360000 5.160000 30247163953
-4.620000 -3.540000 5.220000 30247189131
-5.100000 -3.780000 5.340000 30247213974
-4.740000 -3.420000 5.340000 30247239157
-4.440000 -3.600000 5.400000 30247263988
-4.860000 -3.540000 5.100000 30247289082
-4.500000 -3.420000 5.340000 30247313945
-4.740000 -3.420000 5.220000 30247339248
-4.920000 -3.480000 4.920000 30247363958
-4.680000 -3.360000 5.040000 30247389029
-4.380000 -3.660000 5.100000 30247413747
-4.980000 -3.420000 5.460000 30247438960
-4.740000 -3.180000 5.340000 30247463984
-4.920000 -3.360000 5.160000 30247489168
-4.860000 -3.660000 5.220000 30247514152
-4.620000 -3.420000 5.220000 30247539614
-4.680000 -3.600000 5.640000 30247563976
-4.800000 -3.000000 4.920000 30247588994
-4.740000 -3.540000 5.220000 30247614111
-4.800000 -3.360000 5.280000 30247639019
-4.500000 -3.540000 5.220000 30247664114
-4.620000 -3.660000 5.220000 30247688828
-4.560000 -3.240000 5.520000 30247713822
-4.860000 -3.060000 5.460000 30247739091
-4.560000 -3.600000 5.160000 30247764089
-4.800000 -3.000000 5.160000 30247789235
-4.680000 -3.480000 5.520000 30247813876
-4.740000 -3.180000 5.340000 30247838819
-4.680000 -3.360000 5.280000 30247864012
-4.380000 -3.180000 5.460000 30247889025
-4.440000 -3.000000 5.400000 30247914009
-4.620000 -3.180000 5.580000 30247938899
-4.980000 -3.060000 5.580000 30247963955
-4.680000 -3.240000 5.400000 30247989741
-4.440000 -3.000000 5.400000 30248014263
-4.500000 -2.940000 5.580000 30248039362
-4.440000 -2.880000 5.280000 30248064596
-4.080000 -3.000000 5.400000 30248088830
-4.680000 -3.000000 5.760000 30248113813
-4.500000 -2.940000 5.820000 30248138856
-4.560000 -3.240000 6.000000 30248164013
-4.500000 -2.940000 5.460000 30248188859
-4.440000 -3.360000 5.880000 30248213820
-4.620000 -2.940000 5.820000 30248238801
-4.620000 -2.580000 5.700000 30248264499
-4.980000 -2.820000 5.460000 30248288951
-4.380000 -3.300000 6.060000 30248314025
-4.560000 -3.000000 6.240000 30248338847
-4.380000 -3.060000 6.180000 30248363855
-4.440000 -2.640000 6.120000 30248388814
-4.680000 -2.880000 6.000000 30248414083
-4.380000 -2.940000 6.180000 30248438806
-4.380000 -2.700000 6.180000 30248464527
-4.500000 -2.700000 5.940000 30248488823
-4.320000 -2.520000 6.000000 30248513862
-4.560000 -2.760000 6.120000 30248539931
-4.500000 -2.820000 5.940000 30248564043
-4.740000 -2.580000 6.180000 30248589049
-4.620000 -2.820000 6.300000 30248613868
-4.800000 -2.400000 6.240000 30248638851
-4.500000 -2.460000 6.660000 30248664446
-4.440000 -2.640000 6.120000 30248689084
-4.440000 -2.640000 6.480000 30248713999
-4.740000 -2.460000 6.540000 30248739553
-4.500000 -2.580000 6.660000 30248763820
-4.980000 -2.220000 6.780000 30248788976
-4.860000 -2.340000 6.660000 30248814076
-4.800000 -2.640000 6.720000 30248839010
-5.160000 -2.400000 6.840000 30248864577
-4.680000 -2.520000 6.600000 30248888827
-5.160000 -2.400000 6.600000 30248913839
-4.980000 -2.460000 7.020000 30248939478
-4.860000 -2.340000 6.900000 30248964019
-4.740000 -2.460000 6.660000 30248988956
-5.400000 -2.520000 6.840000 30249013853
-4.980000 -1.980000 6.900000 30249038939
-5.280000 -2.760000 6.840000 30249064366
-5.160000 -2.520000 6.480000 30249088820
-5.220000 -2.340000 6.780000 30249113805
-5.280000 -2.520000 6.720000 30249139327
-5.400000 -2.760000 6.960000 30249163816
-4.920000 -2.040000 6.960000 30249188798
-5.040000 -2.760000 6.720000 30249213844
-5.100000 -2.340000 7.020000 30249239055
-4.980000 -2.940000 6.660000 30249263820
-5.460000 -3.060000 6.780000 30249288957
-5.280000 -3.000000 6.720000 30249313836
-5.220000 -2.820000 7.020000 30249339342
-5.460000 -3.060000 6.540000 30249363812
-5.400000 -2.760000 6.840000 30249388808
-5.400000 -3.000000 6.720000 30249413870
-5.100000 -2.700000 6.660000 30249438848
-5.220000 -2.820000 6.420000 30249463807
-5.460000 -2.940000 6.420000 30249488821
-5.100000 -2.700000 6.540000 30249513808
-5.520000 -2.760000 6.840000 30249539409
-5.460000 -2.700000 6.780000 30249563825
-5.160000 -2.760000 6.720000 30249588812
-5.220000 -2.940000 7.020000 30249615179
-4.920000 -2.520000 6.840000 30249638817
-5.040000 -2.640000 6.600000 30249663840
-5.160000 -2.640000 6.720000 30249688857
-5.220000 -2.820000 6.540000 30249713846
-5.340000 -2.820000 6.660000 30249739365
-5.280000 -2.760000 6.960000 30249763836
-5.280000 -2.640000 6.840000 30249788939
-5.040000 -3.000000 6.600000 30249814359
-4.980000 -2.820000 6.780000 30249838825
-5.100000 -2.700000 6.780000 30249863807
-5.100000 -2.940000 6.660000 30249889096
-5.700000 -2.940000 6.420000 30249916441
-5.160000 -2.760000 6.360000 30249939354
-5.460000 -3.060000 6.660000 30249963585
-5.160000 -2.760000 6.840000 30249989069
-5.460000 -2.940000 6.540000 30250014269
-5.460000 -2.820000 6.540000 30250038629
-5.220000 -2.820000 6.780000 30250063565
-4.800000 -3.000000 6.480000 30250088593
-5.340000 -3.060000 6.660000 30250113576
-5.220000 -2.940000 6.660000 30250138597
-5.160000 -2.640000 6.480000 30250163587
-5.220000 -2.820000 6.540000 30250188570
-5.160000 -2.640000 6.600000 30250214080
-5.100000 -2.820000 6.780000 30250238570
-5.040000 -2.880000 6.480000 30250263549
-5.100000 -2.940000 6.900000 30250288610
-5.040000 -2.760000 6.360000 30250313615
-5.160000 -2.880000 6.360000 30250338601
-4.980000 -2.820000 6.540000 30250363577
-5.400000 -3.000000 6.480000 30250388571
-4.980000 -2.580000 6.540000 30250414123
-5.040000 -2.880000 6.600000 30250438570
-5.460000 -2.700000 6.540000 30250463559
-5.400000 -3.120000 6.360000 30250488609
-5.220000 -3.180000 6.420000 30250513578
-5.340000 -2.820000 6.300000 30250538566
-5.100000 -2.700000 6.420000 30250563590
-5.220000 -2.820000 6.900000 30250588573
-5.160000 -2.760000 6.240000 30250614055
-5.280000 -3.240000 6.360000 30250638587
-4.980000 -2.820000 6.540000 30250663605
-5.220000 -2.940000 6.300000 30250689098
-4.920000 -2.880000 6.720000 30250713576
-5.160000 -2.640000 6.720000 30250738561
-5.220000 -3.180000 6.540000 30250763657
-4.920000 -2.640000 6.360000 30250788603
-5.160000 -2.520000 6.600000 30250814160
-4.980000 -2.940000 6.420000 30250838653
