0.000000 30240023492
0.000000 30240045180
0.000000 30240070460
0.000000 30240095163
0.000000 30240120177
0.000000 30240145163
0.000000 30240170487
0.000000 30240195170
0.000000 30240220154
0.000000 30240245157
0.000000 30240270470
0.000000 30240295169
0.000000 30240320167
0.000000 30240345168
0.000000 30240370476
0.000000 30240395175
0.000000 30240420157
0.000000 30240445156
0.000000 30240470454
0.000000 30240495163
0.000000 30240520150
0.000000 30240545185
0.000000 30240570457
0.000000 30240595169
0.000000 30240620152
0.000000 30240645153
0.000000 30240670441
0.000000 30240695135
0.000000 30240720122
0.000000 30240745139
0.000000 30240770438
0.000000 30240795145
0.000000 30240820145
0.000000 30240845132
0.000000 30240870452
0.000000 30240895133
0.000000 30240920120
0.000000 30240945160
0.000000 30240970464
0.000000 30240995168
0.000000 30241020258
0.000000 30241045138
0.000000 30241070294
0.000000 30241095134
0.000000 30241120132
0.000000 30241145151
0.000000 30241170426
0.000000 30241195153
0.000000 30241220156
0.000000 30241245134
0.000000 30241270509
0.000000 30241295150
0.000000 30241320140
0.000000 30241345144
0.000000 30241370279
0.000000 30241395130
0.000000 30241420152
0.000000 30241445130
0.000000 30241470446
0.000000 30241495152
0.000000 30241520147
0.000000 30241545147
0.000000 30241570407
0.000000 30241595131
0.000000 30241620153
0.000000 30241645144
0.000000 30241670419
0.000000 30241695143
0.000000 30241720142
0.000000 30241745159
0.000000 30241770429
0.000000 30241795131
0.000000 30241820136
0.000000 30241845141
0.000000 30241870262
0.000000 30241895149
0.000000 30241920134
0.000000 30241945150
0.000000 30241970406
0.000000 30241995143
0.000000 30242020156
0.000000 30242045136
0.000000 30242070452
0.000000 30242095158
0.000000 30242120304
0.000000 30242145156
0.000000 30242170441
0.000000 30242195136
0.000000 30242220148
0.000000 30242245154
0.000000 30242270915
0.000000 30242295152
0.000000 30242320136
0.000000 30242345156
0.000000 30242370435
0.000000 30242395128
0.000000 30242420153
0.000000 30242445149
0.000000 30242470284
0.000000 30242495149
0.000000 30242520153
0.000000 30242545168
0.000000 30242570288
0.000000 30242595139
0.000000 30242620144
0.000000 30242645137
0.000000 30242670435
0.000000 30242695150
0.000000 30242720131
0.000000 30242745150
0.000000 30242770453
0.000000 30242795140
0.000000 30242820161
0.000000 30242845134
0.000000 30242870275
0.000000 30242895139
0.000000 30242920136
0.000000 30242945136
0.000000 30242970415
0.000000 30242995137
0.000000 30243020156
0.000000 30243045516
0.000000 30243070278
0.000000 30243095149
0.000000 30243120143
0.000000 30243145938
0.000000 30243170301
0.000000 30243195134
0.000000 30243220158
0.000000 30243245155
0.000000 30243270438
0.000000 30243295141
0.000000 30243320149
0.000000 30243345127
0.000000 30243370448
0.000000 30243395139
0.000000 30243420151
0.000000 30243445147
0.000000 30243470246
0.000000 30243495154
0.000000 30243520148
0.000000 30243545139
0.000000 30243570395
0.000000 30243595140
0.000000 30243620148
0.000000 30243645153
0.000000 30243670298
0.000000 30243695154
0.000000 30243720237
0.000000 30243745156
0.000000 30243770447
0.000000 30243795156
0.000000 30243820168
0.000000 30243845143
0.000000 30243870294
0.000000 30243895162
0.000000 30243920143
0.000000 30243945152
0.000000 30243970383
0.000000 30243995152
0.000000 30244021201
0.000000 30244045156
0.000000 30244070376
0.000000 30244095165
0.000000 30244120147
0.000000 30244145150
0.000000 30244170455
0.000000 30244195151
0.000000 30244220151
0.000000 30244245147
0.000000 30244270449
0.000000 30244295162
0.000000 30244320153
0.000000 30244345141
0.000000 30244370448
0.000000 30244395140
0.000000 30244420133
0.000000 30244445149
0.000000 30244470437
0.000000 30244495154
0.000000 30244520150
0.000000 30244545150
0.000000 30244570483
0.000000 30244595149
0.000000 30244620137
0.000000 30244645136
0.000000 30244670285
0.000000 30244695153
0.000000 30244720150
0.000000 30244745143
0.000000 30244770284
0.000000 30244795140
0.000000 30244820143
0.000000 30244845158
0.000000 30244870444
0.000000 30244895120
0.000000 30244920150
0.000000 30244945351
0.000000 30244970299
0.000000 30244995140
0.000000 30245020136
0.000000 30245045140
0.000000 30245070273
0.000000 30245095141
0.000000 30245120148
0.000000 30245145132
0.000000 30245170459
0.000000 30245195143
0.000000 30245220140
0.000000 30245245139
0.000000 30245270306
0.000000 30245295135
0.000000 30245320147
0.000000 30245345138
0.000000 30245370259
0.000000 30245395153
0.000000 30245420132
0.000000 30245445154
0.000000 30245470417
0.000000 30245495143
0.000000 30245520154
0.000000 30245545139
0.000000 30245570429
0.000000 30245595135
0.000000 30245620134
0.000000 30245645154
0.000000 30245670277
0.000000 30245695127
0.000000 30245720140
0.000000 30245745141
0.000000 30245770260
0.000000 30245795150
0.000000 30245820131
0.000000 30245845159
0.000000 30245870233
0.000000 30245895154
0.000000 30245920131
0.000000 30245945136
0.000000 30245970693
0.000000 30245995133
0.000000 30246020143
0.000000 30246045161
0.000000 30246070290
0.000000 30246095131
0.000000 30246120146
0.000000 30246145150
0.000000 30246170302
0.000000 30246195145
0.000000 30246220120
0.000000 30246245160
0.000000 30246270446
0.000000 30246295139
0.000000 30246320153
0.000000 30246345148
0.000000 30246370479
0.000000 30246395141
0.000000 30246420141
0.000000 30246445156
0.000000 30246470434
0.000000 30246495144
0.000000 30246520140
0.000000 30246545136
0.000000 30246570434
0.000000 30246595152
0.000000 30246620139
0.000000 30246645150
0.000000 30246670436
0.000000 30246695144
0.000000 30246720153
0.000000 30246745131
0.000000 30246770287
0.000000 30246795139
0.000000 30246820139
0.000000 30246845121
0.000000 30246870282
0.000000 30246895137
0.000000 30246920170
0.000000 30246945151
0.000000 30246971227
0.000000 30246995156
0.000000 30247020485
0.000000 30247045144
0.000000 30247070315
0.000000 30247095140
0.000000 30247120172
0.000000 30247145156
0.000000 30247170418
0.000000 30247195151
0.000000 30247220145
0.000000 30247245125
0.000000 30247270448
0.000000 30247295136
0.000000 30247320152
0.000000 30247345142
0.000000 30247370317
0.000000 30247395141
0.000000 30247420391
0.000000 30247445135
0.000000 30247470387
0.000000 30247495143
0.000000 30247520140
0.000000 30247545150
0.000000 30247570302
0.000000 30247595163
0.000000 30247620147
0.000000 30247645139
0.000000 30247670447
0.000000 30247695149
0.000000 30247720152
0.000000 30247745157
0.000000 30247770265
0.000000 30247795162
0.000000 30247820145
0.000000 30247845139
0.000000 30247870441
0.000000 30247895157
0.000000 30247920144
0.000000 30247945145
0.000000 30247970425
0.000000 30247995149
0.000000 30248020138
0.000000 30248045145
0.000000 30248070346
0.000000 30248095151
0.000000 30248120139
0.000000 30248145155
0.000000 30248170448
0.000000 30248195159
0.000000 30248220144
0.000000 30248245146
0.000000 30248270415
0.000000 30248295136
0.000000 30248320142
0.000000 30248345150
0.000000 30248370434
0.000000 30248395156
0.000000 30248420143
0.000000 30248445143
0.000000 30248470448
0.000000 30248495145
0.000000 30248520143
0.000000 30248545139
0.000000 30248570293
0.000000 30248595168
0.000000 30248620148
0.000000 30248645137
0.000000 30248670273
0.000000 30248695144
0.000000 30248720138
0.000000 30248745153
0.000000 30248770438
0.000000 30248795143
0.000000 30248820141
0.000000 30248845149
0.000000 30248870416
0.000000 30248895155
0.000000 30248920145
0.000000 30248945146
0.000000 30248970439
0.000000 30248995141
0.000000 30249020161
0.000000 30249045152
0.000000 30249070256
0.000000 30249095141
0.000000 30249120143
0.000000 30249145156
0.000000 30249170273
0.000000 30249195150
0.000000 30249220148
0.000000 30249245123
0.000000 30249270269
0.000000 30249295150
0.000000 30249320140
0.000000 30249345129
0.000000 30249370247
0.000000 30249395152
0.000000 30249420153
0.000000 30249445153
0.000000 30249470398
0.000000 30249495150
0.000000 30249520132
0.000000 30249545142
0.000000 30249570264
0.000000 30249595144
0.000000 30249620139
0.000000 30249645147
0.000000 30249670278
0.000000 30249695148
0.000000 30249720146
0.000000 30249745237
0.000000 30249770358
0.000000 30249795159
0.000000 30249820134
0.000000 30249845152
0.000000 30249870268
0.000000 30249895140
0.000000 30249920162
0.000000 30249945158
0.000000 30249970306
0.000000 30249995147
0.000000 30250020154
0.000000 30250045157
0.000000 30250070321
0.000000 30250095146
0.000000 30250120138
0.000000 30250145162
0.000000 30250170459
0.000000 30250195132
0.000000 30250220209
0.000000 30250245160
0.000000 30250270473
0.000000 30250295156
0.000000 30250320128
0.000000 30250345157
0.000000 30250370466
0.000000 30250395128
0.000000 30250420133
0.000000 30250445149
0.000000 30250470447
0.000000 30250495139
0.000000 30250520160
0.000000 30250545248
0.000000 30250570459
0.000000 30250595139
0.000000 30250620143
0.000000 30250645156
0.000000 30250670444
0.000000 30250695146
0.000000 30250720144
0.000000 30250745142
0.000000 30250770450
0.000000 30250795146
0.000000 30250820157
0.000000 30250845154
