12.670000 -3.815000 -2.135000 30420974717
12.670000 -1.627500 -2.030000 30420999772
7.927500 0.087500 -1.172500 30421024819
-2.362500 1.470000 2.432500 30421049844
-0.770000 4.217500 5.232500 30421074857
0.122500 3.587500 3.027500 30421099791
-1.750000 -0.052500 7.805000 30421124808
-0.087500 0.035000 12.215000 30421149800
-0.665000 2.117500 10.132500 30421174826
-1.697500 3.290000 10.675000 30421199798
2.397500 1.522500 13.037500 30421224796
-1.067500 -7.175000 -0.682500 30421249796
-0.997500 -2.922500 5.880000 30421274822
-2.835000 3.255000 18.235001 30421299885
0.420000 1.715000 14.332500 30421324800
-1.837500 2.292500 15.365000 30421349790
-8.032500 2.870000 16.117500 30421374797
1.225000 3.955000 9.625000 30421399987
5.635000 5.407500 23.607500 30421424794
2.765000 2.170000 29.960001 30421449799
-6.790000 11.165000 36.049999 30421474798
-14.017500 15.102500 37.152500 30421499800
14.297500 5.565000 25.514999 30421524793
12.897500 -0.280000 28.070000 30421549795
-1.295000 -7.017500 44.572498 30421574789
11.882500 -2.082500 58.187500 30421599802
24.237499 -7.682500 42.332500 30421624790
11.935000 -6.597500 32.882500 30421649786
-6.965000 0.595000 24.867500 30421674790
-2.205000 4.462500 20.317499 30421699662
8.662500 4.200000 28.280001 30421724289
13.072500 5.932500 41.212502 30421749284
2.240000 8.207500 30.485001 30421774282
5.862500 9.957500 28.787500 30421799283
4.742500 5.985000 43.172501 30421824378
2.117500 10.307500 40.792500 30421849457
7.892500 15.067500 30.817501 30421874481
14.245000 15.365000 27.002501 30421899455
14.262500 11.725000 27.755001 30421924605
16.607500 18.025000 39.322498 30421949589
25.427500 19.512501 32.654999 30421974622
32.689999 24.972500 41.965000 30421999481
28.472500 8.067500 36.400002 30422024802
18.830000 -6.562500 21.805000 30422049768
13.020000 0.490000 39.375000 30422074803
19.355000 7.962500 44.240002 30422099782
25.532499 2.135000 38.832500 30422124767
24.080000 -9.607500 18.025000 30422149768
4.795000 -7.717500 37.695000 30422174804
1.312500 -1.925000 45.255001 30422199774
14.192500 -3.115000 25.200001 30422224775
10.972500 -10.657500 24.132500 30422249781
-1.190000 -15.470000 20.510000 30422274806
-7.175000 -3.622500 34.877499 30422299771
-6.510000 -0.927500 48.125000 30422324777
-3.535000 -5.740000 31.447500 30422349780
10.062500 -1.225000 25.725000 30422374803
5.075000 5.180000 46.759998 30422399773
4.917500 14.980000 45.587502 30422424775
22.400000 15.890000 56.297501 30422449774
35.630001 -1.487500 34.195000 30422474899
6.930000 -5.057500 23.747499 30422499783
-4.392500 -6.737500 20.702499 30422524748
2.275000 1.050000 48.790001 30422549785
18.147501 4.812500 61.897499 30422574809
27.737499 0.227500 32.445000 30422599790
2.030000 -4.427500 24.762501 30422624785
-6.405000 -1.785000 39.305000 30422649778
2.642500 4.375000 50.907501 30422674816
15.102500 7.577500 44.170002 30422699790
14.210000 2.870000 20.125000 30422724780
1.925000 7.315000 27.125000 30422749813
3.832500 5.407500 34.545002 30422774801
8.190000 18.059999 41.930000 30422799781
18.305000 10.500000 38.342499 30422824780
17.920000 12.040000 2.397500 30422849783
1.242500 28.052500 5.722500 30422874793
-9.205000 23.905001 22.400000 30422899784
3.080000 15.925000 16.275000 30422924787
17.482500 11.795000 10.447500 30422949786
7.227500 5.967500 11.690000 30422974808
-8.662500 5.547500 55.632500 30422999800
-18.620001 -0.682500 71.452499 30423024787
-8.855000 -1.820000 26.355000 30423049780
0.087500 -2.677500 33.110001 30423074802
1.627500 -11.480000 41.334999 30423099776
-4.777500 -8.330000 49.384998 30423124785
-6.352500 -2.432500 51.992500 30423149778
0.420000 4.130000 31.237499 30423174786
-3.185000 13.405000 3.307500 30423199778
1.172500 12.530000 11.112500 30423224786
2.660000 10.815000 41.685001 30423249793
6.177500 6.090000 30.870001 30423274808
4.812500 7.070000 11.532500 30423299791
-2.152500 11.200000 32.777500 30423324779
-2.187500 9.030000 36.137501 30423349791
-4.742500 10.955000 33.092499 30423374808
5.792500 4.865000 39.900002 30423399777
4.760000 2.992500 40.897499 30423424783
-6.125000 6.510000 27.632500 30423449781
-13.632500 0.752500 37.572498 30423474808
-8.960000 -2.625000 48.772499 30423499787
-5.687500 0.140000 38.517502 30423524786
-11.410000 0.350000 35.857502 30423550001
-7.665000 3.342500 23.082500 30423574808
-1.085000 3.605000 18.287500 30423599801
0.262500 5.687500 27.790001 30423624787
5.057500 5.810000 27.684999 30423649800
-1.050000 2.607500 24.447500 30423674807
-0.472500 1.890000 24.832500 30423699780
-1.365000 4.690000 33.582500 30423724788
-3.850000 -1.067500 38.237499 30423749774
-4.217500 -3.360000 25.672501 30423774812
0.910000 5.635000 17.115000 30423799770
6.370000 14.595000 16.537500 30423824798
8.382500 6.247500 30.082500 30423849784
8.855000 0.542500 26.775000 30423874809
6.142500 -4.462500 18.777500 30423899791
-2.922500 -6.860000 27.247499 30423924786
-6.230000 -13.107500 35.262501 30423949789
-4.690000 -12.652500 35.822498 30423974810
-1.452500 -7.140000 20.160000 30423999812
4.637500 -4.777500 35.700001 30424024781
-1.802500 -8.750000 42.840000 30424049785
-12.092500 -4.725000 32.095001 30424074834
-7.665000 -4.585000 23.467501 30424099787
3.570000 -8.697500 19.809999 30424124776
4.375000 -3.185000 19.652500 30424149795
4.970000 3.780000 31.885000 30424174810
-8.925000 4.497500 39.532501 30424199787
-15.645000 -6.615000 28.139999 30424224781
-12.897500 -9.590000 16.695000 30424249785
-3.727500 -9.730000 20.125000 30424274813
-0.910000 -9.887500 28.647501 30424299782
-1.330000 -4.515000 44.029999 30424324786
-15.575000 -1.767500 43.049999 30424349787
-30.555000 3.605000 31.184999 30424374801
-18.620001 3.552500 30.642500 30424399781
-4.497500 -8.557500 45.202499 30424424788
-6.457500 -12.530000 41.037498 30424449785
-13.877501 -8.435000 29.049999 30424474804
-14.577500 -3.430000 22.067499 30424499779
-9.975000 -5.635000 20.895000 30424524824
-1.487500 -11.007500 21.210001 30424549792
-2.152500 -12.372500 22.469999 30424574802
-3.675000 -12.495000 29.330000 30424599782
-7.437500 -4.707500 23.590000 30424624806
-13.457500 -2.012500 12.635000 30424649781
-5.547500 0.612500 8.137500 30424674788
2.817500 -1.662500 19.127501 30424699776
-3.482500 -10.972500 29.347500 30424724793
-4.305000 -7.560000 20.684999 30424749782
-9.537500 0.070000 9.677500 30424774777
-3.360000 -3.080000 10.955000 30424799776
0.945000 -4.112500 14.822500 30424824786
1.050000 -5.005000 20.982500 30424849788
3.430000 -9.660000 26.180000 30424874806
-10.272500 -2.240000 21.892500 30424899789
-21.297501 8.785000 17.325001 30424924651
-19.110001 8.102500 14.997500 30424949794
-9.415000 -1.435000 14.192500 30424974812
-8.382500 -1.837500 10.482500 30424999755
3.762500 5.687500 17.377501 30425024783
0.980000 6.825000 11.357500 30425049827
-10.622500 11.952500 -3.220000 30425074781
-7.962500 7.332500 -2.695000 30425099777
-4.025000 6.440000 5.127500 30425124777
-9.135000 -12.477500 18.934999 30425149774
-16.257500 -23.485001 22.067499 30425174780
-9.362500 -6.090000 17.202499 30425199773
10.097500 1.347500 21.017500 30425224788
0.105000 4.585000 16.344999 30425249775
-14.647500 -1.960000 22.715000 30425274803
-27.719999 -3.045000 29.872499 30425299772
-21.262501 -2.135000 22.960001 30425324791
-4.445000 4.095000 19.722500 30425349775
-0.840000 3.482500 23.467501 30425374806
-4.812500 -7.017500 28.087500 30425399766
2.205000 -8.417500 30.152500 30425424789
4.655000 -2.065000 33.652500 30425449781
-5.775000 -1.750000 26.792500 30425474804
-4.882500 1.680000 22.592501 30425499783
-10.570000 -1.015000 29.190001 30425524777
-20.457500 0.385000 32.742500 30425549805
-8.715000 -3.097500 27.825001 30425574801
-1.120000 -3.797500 24.500000 30425599737
-5.740000 -7.245000 26.180000 30425624776
-0.770000 -4.655000 16.992500 30425649768
2.712500 7.000000 9.590000 30425674809
18.357500 11.585000 20.247499 30425699774
21.315001 8.050000 27.492500 30425724767
-3.325000 6.072500 20.597500 30425749772
-3.430000 4.410000 13.877501 30425774799
-0.980000 1.417500 9.730000 30425799775
9.747500 5.915000 9.537500 30425824778
20.160000 4.795000 11.812500 30425849771
11.252500 4.532500 10.885000 30425874805
5.985000 1.977500 13.877501 30425899791
6.772500 -2.642500 14.927500 30425924789
9.730000 5.180000 10.430000 30425949778
13.317500 7.332500 7.297500 30425974809
12.652500 4.200000 3.080000 30425999814
12.652500 2.380000 -1.400000 30426024781
13.965000 1.295000 9.030000 30426049773
2.397500 1.260000 12.092500 30426074812
-0.490000 5.145000 5.565000 30426099791
0.455000 1.592500 -2.922500 30426124773
6.457500 -3.745000 3.990000 30426149780
8.767500 3.780000 -1.487500 30426174814
8.697500 3.832500 -3.185000 30426199777
13.195000 -1.575000 -1.085000 30426224790
7.735000 -0.962500 -1.102500 30426249778
9.502500 -4.742500 6.982500 30426274803
5.162500 -2.380000 9.852500 30426299778
-1.452500 -1.137500 -0.822500 30426324787
5.075000 -5.512500 7.805000 30426349772
9.432500 -3.745000 13.037500 30426374801
5.215000 -1.627500 1.837500 30426399793
6.650000 -3.360000 6.545000 30426424768
4.130000 -6.720000 20.772501 30426449768
-3.132500 -10.255000 22.697500 30426474795
7.122500 -7.455000 27.107500 30426499781
19.879999 -7.437500 20.142500 30426524791
3.955000 -10.237500 28.577499 30426549777
-9.310000 -7.490000 33.985001 30426574797
-11.410000 -8.505000 30.344999 30426599768
-4.900000 -10.290000 36.977501 30426624804
-10.062500 -10.202500 36.645000 30426649768
-14.315001 -12.495000 47.250000 30426674807
-13.335000 -20.002501 45.849998 30426699767
-21.315001 -16.870001 48.404999 30426724769
-25.322500 -8.662500 39.865002 30426749780
-26.389999 -6.265000 38.307499 30426774790
-25.270000 -3.955000 37.397499 30426799766
-18.182501 -1.557500 38.167500 30426824771
-6.755000 7.000000 36.907501 30426849776
1.155000 9.345000 31.832500 30426874794
7.840000 9.747500 28.875000 30426899859
9.940000 4.217500 25.795000 30426924777
2.922500 1.120000 24.027500 30426949772
-4.777500 -11.900000 36.994999 30426974799
-15.627501 -7.035000 41.457500 30426999817
-9.835000 -6.772500 38.972500 30427024771
1.050000 -0.192500 29.995001 30427049782
2.310000 -2.800000 33.477501 30427074812
0.700000 -0.875000 40.950001 30427099789
9.397500 5.250000 40.950001 30427124785
16.450001 3.412500 53.130001 30427149773
5.092500 3.167500 55.685001 30427174808
-3.010000 7.507500 46.182499 30427199778
1.050000 -3.535000 33.967499 30427224790
-6.457500 -3.832500 25.602501 30427249775
-11.322500 -1.977500 18.725000 30427274813
-11.847500 -1.767500 32.480000 30427299779
-11.042500 4.550000 29.347500 30427324789
-2.607500 2.782500 21.542500 30427349782
-6.755000 1.505000 19.670000 30427374806
-8.855000 2.222500 17.447500 30427399774
-4.287500 -6.195000 35.279999 30427424782
-2.765000 -4.375000 40.582500 30427449769
0.385000 -0.192500 30.170000 30427474807
7.770000 0.612500 30.205000 30427499786
9.555000 -0.682500 30.572500 30427524780
7.857500 -3.115000 27.299999 30427549779
5.757500 -3.360000 32.567501 30427574825
5.407500 -3.220000 37.747501 30427599775
5.687500 1.592500 33.810001 30427624789
8.960000 1.277500 31.255001 30427649771
6.107500 -6.247500 32.795002 30427674809
-1.872500 -4.130000 30.344999 30427699779
-4.235000 1.365000 28.350000 30427724794
-3.447500 -4.340000 45.395000 30427749778
0.927500 0.612500 37.887501 30427774821
13.492500 1.820000 28.700001 30427799781
13.842500 -3.587500 38.150002 30427824797
8.557500 -3.167500 40.599998 30427849782
9.450000 -7.892500 33.722500 30427874808
8.820000 0.280000 31.990000 30427899774
4.935000 1.452500 24.517500 30427924808
-0.997500 2.485000 -1.820000 30427949775
0.157500 -2.362500 -0.945000 30427974822
-4.182500 -1.732500 -1.575000 30427999809
-7.717500 -3.220000 7.227500 30428024782
-9.625000 -3.307500 16.782499 30428049778
-4.637500 -0.420000 17.692499 30428074798
4.550000 -2.327500 21.472500 30428099775
1.977500 -0.822500 29.592501 30428124785
-3.220000 5.127500 34.160000 30428149761
-2.940000 5.320000 36.959999 30428174815
-3.815000 -0.385000 33.880001 30428199753
10.132500 2.345000 25.217501 30428224780
12.337500 7.437500 25.427500 30428249888
5.092500 6.370000 43.889999 30428274806
1.137500 1.417500 44.695000 30428299829
7.805000 -1.050000 26.372499 30428324782
3.657500 -2.555000 30.082500 30428349882
-3.360000 -2.695000 27.737499 30428374802
-11.357500 -1.767500 27.702499 30428399746
-23.257500 -8.750000 31.360001 30428424781
-31.115000 -3.885000 15.522500 30428449732
-19.740000 3.062500 30.432501 30428474798
-8.627500 -0.227500 37.485001 30428499777
-7.140000 3.937500 21.157499 30428524789
-4.445000 -0.280000 10.955000 30428549781
-4.795000 -3.185000 20.125000 30428574818
-4.340000 1.942500 16.082500 30428599781
5.845000 6.370000 22.977501 30428624785
7.087500 1.330000 38.167500 30428649790
5.057500 1.172500 25.094999 30428674808
10.517500 -0.070000 17.115000 30428699782
8.715000 -4.410000 27.492500 30428724782
-5.057500 -2.450000 20.387501 30428749884
-7.840000 0.157500 23.450001 30428774805
-7.927500 -1.697500 28.070000 30428799779
0.682500 -1.365000 22.697500 30428824782
10.447500 -3.587500 16.397501 30428849780
-1.645000 -6.160000 25.462500 30428874809
-6.685000 1.400000 29.889999 30428899771
3.710000 -4.847500 30.852501 30428924782
-5.145000 -8.925000 13.545000 30428949785
-9.817500 -7.420000 8.330000 30428974807
-5.547500 -9.362500 15.470000 30428999771
-4.130000 -9.922500 28.122499 30429024789
-2.380000 -1.942500 38.727501 30429049842
10.867500 -0.560000 16.975000 30429074806
10.622500 -3.640000 14.315001 30429099791
2.100000 -1.697500 23.292500 30429124794
-6.107500 3.412500 24.535000 30429149797
-11.357500 -2.345000 25.549999 30429174814
-10.482500 -1.347500 11.935000 30429199797
-0.577500 -1.295000 5.635000 30429224795
-1.365000 -5.442500 19.687500 30429249792
-11.112500 -6.825000 32.130001 30429274803
-11.357500 -3.727500 35.420002 30429299791
-1.872500 -9.590000 18.934999 30429324795
-1.872500 -10.500000 13.300000 30429349787
-6.457500 -3.447500 26.302500 30429374809
-6.860000 1.732500 26.635000 30429399799
-1.137500 0.070000 30.135000 30429424793
-0.017500 1.610000 29.014999 30429449798
-0.262500 1.715000 15.942500 30429474810
4.777500 -8.855000 21.087500 30429499799
-3.325000 -6.545000 29.785000 30429524794
-2.555000 2.222500 36.382500 30429549792
-0.122500 1.925000 54.512501 30429574808
1.505000 2.380000 47.162498 30429599794
8.802500 -0.385000 21.962500 30429624792
12.267500 -2.047500 23.309999 30429649800
4.095000 -1.662500 25.059999 30429674808
1.067500 -8.137500 23.082500 30429699789
-7.752500 -5.810000 14.630000 30429724786
-6.160000 -5.635000 14.087500 30429749748
0.315000 -7.770000 17.710001 30429774806
0.210000 -12.477500 27.020000 30429799767
-0.892500 -10.990000 34.509998 30429824779
-7.595000 -5.582500 29.172501 30429849772
-3.167500 -3.517500 23.362499 30429874835
-1.540000 -12.320000 26.547501 30429899784
-2.852500 -16.520000 28.980000 30429924813
-2.677500 -12.547500 27.580000 30429949775
-1.662500 -10.762500 27.072500 30429974808
1.470000 -10.885000 26.967501 30429999822
-1.575000 -7.962500 29.960001 30430024792
-10.237500 -7.857500 26.197500 30430049787
-10.430000 -10.972500 27.597500 30430074834
-9.362500 -10.115000 38.849998 30430099777
-18.760000 -12.757500 41.772499 30430124791
-21.052500 -11.532500 34.685001 30430149787
-13.597500 -11.252500 34.072498 30430174817
-13.300000 -16.835001 34.842499 30430199801
-7.805000 -13.037500 35.105000 30430224688
0.892500 -5.582500 31.132500 30430249682
-7.262500 -4.095000 29.277500 30430274677
-9.502500 -9.012500 35.525002 30430299668
4.287500 -12.197500 40.722500 30430324800
14.175000 -0.752500 35.980000 30430349784
6.912500 1.435000 32.865002 30430374802
-0.402500 -1.592500 31.815001 30430399788
3.097500 -6.790000 35.525002 30430424791
10.167500 -1.680000 44.029999 30430449786
14.577500 8.312500 48.930000 30430474811
8.540000 5.145000 43.487499 30430499792
-1.085000 -1.925000 41.125000 30430524805
-11.060000 -0.192500 38.377499 30430549792
-7.577500 -7.332500 37.310001 30430574807
2.467500 -8.557500 45.972500 30430599796
5.932500 -0.280000 44.555000 30430624783
-1.837500 -9.555000 38.500000 30430649783
-14.612500 -20.510000 40.302502 30430674794
-20.125000 -17.482500 43.067501 30430699780
-7.910000 -16.660000 43.032501 30430724778
2.590000 -6.422500 51.764999 30430749774
-8.575000 3.447500 52.185001 30430774804
-3.430000 -4.637500 43.312500 30430799788
14.280000 -11.585000 33.459999 30430824787
23.520000 -4.585000 31.430000 30430849780
28.752501 -1.120000 52.045002 30430874809
17.937500 0.122500 53.707500 30430899798
8.592500 2.152500 51.974998 30430924822
-0.840000 -0.035000 48.195000 30430949807
-3.360000 -8.155000 51.222500 30430974812
-3.570000 -0.945000 56.052502 30430999832
-3.132500 -7.402500 47.740002 30431024792
0.490000 -14.350000 43.820000 30431049791
-1.312500 -10.202500 51.467499 30431074813
-5.582500 -6.090000 46.812500 30431099790
-6.720000 -0.682500 55.772499 30431124793
-16.047501 -6.107500 50.172501 30431149799
-10.797500 -11.812500 36.575001 30431174806
-2.870000 -4.917500 47.670002 30431199798
-6.580000 1.400000 47.372501 30431224799
-6.352500 -0.210000 41.404999 30431249799
-2.730000 -3.202500 52.027500 30431274814
-3.710000 -5.530000 47.722500 30431299799
-3.115000 -12.722500 21.245001 30431324783
8.330000 -5.250000 31.184999 30431349789
8.487500 -0.735000 39.217499 30431374813
-0.035000 -5.442500 26.337500 30431399799
-4.865000 -6.755000 28.472500 30431424784
1.032500 -5.057500 34.720001 30431449796
0.455000 -0.560000 30.432501 30431474813
-9.590000 -2.485000 31.167500 30431499794
-17.447500 -3.675000 27.107500 30431524781
-19.197500 -9.817500 18.375000 30431549796
-18.900000 -7.490000 4.830000 30431574816
-20.930000 0.840000 12.862500 30431599815
-20.282499 -1.925000 35.997501 30431624797
-11.532500 0.122500 25.147501 30431649790
1.085000 -6.405000 14.262500 30431674814
-3.482500 -16.817499 17.430000 30431699786
-6.667500 -11.165000 24.045000 30431724783
-2.432500 -9.222500 24.850000 30431749787
-0.787500 -5.950000 29.469999 30431774810
-0.087500 -3.885000 26.792500 30431799786
3.902500 -2.187500 26.250000 30431824782
9.152500 -2.730000 40.040001 30431849783
11.445000 -7.140000 39.462502 30431874809
13.002500 -0.735000 32.007500 30431899788
16.799999 -1.102500 36.084999 30431924785
16.432501 -6.125000 26.635000 30431949787
14.472500 -8.802500 26.389999 30431974819
1.592500 -6.230000 46.357502 30431999810
0.332500 -0.752500 46.882500 30432024786
8.942500 5.705000 31.395000 30432049785
19.687500 7.577500 40.477501 30432074802
18.217501 10.290000 45.622501 30432099786
7.262500 7.402500 36.767502 30432124789
1.015000 2.537500 28.910000 30432149790
0.577500 -4.602500 16.625000 30432174815
3.535000 -10.202500 17.202499 30432199779
1.592500 -9.957500 26.355000 30432224774
-2.310000 -10.762500 25.760000 30432249767
4.095000 -7.630000 23.642500 30432274803
13.422500 -4.742500 28.612499 30432299772
11.025000 -4.882500 25.760000 30432324774
2.625000 -1.715000 18.795000 30432349774
-1.820000 10.710000 26.670000 30432374797
0.315000 9.957500 26.687500 30432399773
-1.610000 1.260000 15.662500 30432424773
-6.930000 -2.835000 12.985000 30432449783
-8.015000 1.417500 33.320000 30432474804
-5.460000 9.012500 44.747501 30432499778
2.712500 6.597500 30.520000 30432524781
3.675000 -2.082500 13.755000 30432549788
-2.537500 -4.690000 21.997499 30432574812
-1.242500 -0.875000 26.232500 30432599783
6.177500 2.082500 23.344999 30432624781
9.415000 -3.412500 23.344999 30432649776
4.707500 -10.587500 11.882500 30432674815
2.642500 -10.272500 17.727501 30432699775
12.530000 -4.865000 20.230000 30432724787
18.690001 2.292500 18.900000 30432749782
10.657500 2.730000 12.040000 30432774800
-1.802500 -1.522500 5.722500 30432799770
-11.340000 4.060000 26.827499 30432824778
-4.742500 2.782500 22.469999 30432849781
2.222500 0.385000 9.625000 30432874847
-1.855000 4.532500 23.100000 30432899788
-3.027500 6.492500 26.092501 30432924827
0.122500 -1.697500 13.072500 30432949766
4.147500 -1.155000 19.145000 30432974801
6.335000 -4.392500 14.945000 30432999768
6.352500 -9.747500 11.900000 30433024772
6.527500 -4.585000 18.340000 30433049826
7.332500 -6.930000 21.139999 30433074879
-3.237500 -12.827500 9.992500 30433099782
-5.827500 -7.175000 13.790000 30433124775
-0.490000 -9.065000 25.042500 30433149775
6.055000 -21.752501 20.825001 30433174794
5.897500 -12.145000 18.707500 30433199771
2.065000 -2.765000 19.879999 30433224787
-0.577500 -9.660000 17.867500 30433249779
-1.365000 -16.344999 22.645000 30433274799
3.552500 -12.950000 25.549999 30433299779
9.537500 -3.307500 18.707500 30433324770
12.267500 12.670000 26.337500 30433349776
5.775000 1.277500 28.087500 30433374799
3.167500 -12.810000 10.535000 30433399777
-2.782500 -8.837500 14.367500 30433424777
-7.700000 0.525000 14.910000 30433449778
