0.000000 30420941607
0.000000 30420962201
0.000000 30420987218
0.000000 30421012233
0.000000 30421037254
0.000000 30421062227
0.000000 30421087232
0.000000 30421112225
0.000000 30421137257
0.000000 30421162229
0.000000 30421187249
0.000000 30421212249
0.000000 30421237242
0.000000 30421262247
0.000000 30421287249
0.000000 30421312227
0.000000 30421337247
0.000000 30421362236
0.000000 30421387252
0.000000 30421412240
0.000000 30421437250
0.000000 30421462245
0.000000 30421487243
0.000000 30421512235
0.000000 30421537248
0.000000 30421562237
0.000000 30421587228
0.000000 30421612232
0.000000 30421637240
0.000000 30421662244
0.000000 30421687172
0.000000 30421711921
0.000000 30421736916
0.000000 30421761912
0.000000 30421786915
0.000000 30421812015
0.000000 30421837008
0.000000 30421862014
0.000000 30421887014
0.000000 30421912126
0.000000 30421937123
0.000000 30421962081
0.000000 30421987288
0.000000 30422012251
0.000000 30422037219
0.000000 30422062236
0.000000 30422087218
0.000000 30422112212
0.000000 30422137219
0.000000 30422162219
0.000000 30422187219
0.000000 30422212227
0.000000 30422237213
0.000000 30422262222
0.000000 30422287220
0.000000 30422312210
0.000000 30422337214
0.000000 30422362214
0.000000 30422387222
0.000000 30422412228
0.000000 30422437224
0.000000 30422462223
0.000000 30422487225
0.000000 30422512213
0.000000 30422537243
0.000000 30422562211
0.000000 30422587222
0.000000 30422612223
0.000000 30422637216
0.000000 30422662224
0.000000 30422687219
0.000000 30422712213
0.000000 30422737216
0.000000 30422762211
0.000000 30422787217
0.000000 30422812238
0.000000 30422837219
0.000000 30422862208
0.000000 30422887216
0.000000 30422912219
0.000000 30422937222
0.000000 30422962201
0.000000 30422987219
0.000000 30423012232
0.000000 30423037227
0.000000 30423062187
0.000000 30423087213
0.000000 30423112209
0.000000 30423137226
0.000000 30423162209
0.000000 30423187206
0.000000 30423212236
0.000000 30423237194
0.000000 30423262193
0.000000 30423287215
0.000000 30423312206
0.000000 30423337198
0.000000 30423362194
0.000000 30423387207
0.000000 30423412217
0.000000 30423437226
0.000000 30423462213
0.000000 30423487226
0.000000 30423512207
0.000000 30423537220
0.000000 30423562212
0.000000 30423587209
0.000000 30423612226
0.000000 30423637195
0.000000 30423662196
0.000000 30423687219
0.000000 30423712213
0.000000 30423737223
0.000000 30423762220
0.000000 30423787224
0.000000 30423812220
0.000000 30423837222
0.000000 30423862209
0.000000 30423887218
0.000000 30423912214
0.000000 30423937224
0.000000 30423962214
0.000000 30423987205
0.000000 30424012225
0.000000 30424037226
0.000000 30424062212
0.000000 30424087210
0.000000 30424112215
0.000000 30424137652
0.000000 30424162211
0.000000 30424187226
0.000000 30424212222
0.000000 30424237204
0.000000 30424262212
0.000000 30424287218
0.000000 30424312213
0.000000 30424337178
0.000000 30424362224
0.000000 30424387204
0.000000 30424412225
0.000000 30424437188
0.000000 30424462195
0.000000 30424487198
0.000000 30424512214
0.000000 30424537198
0.000000 30424562207
0.000000 30424587213
0.000000 30424612219
0.000000 30424637212
0.000000 30424662215
0.000000 30424687212
0.000000 30424712226
0.000000 30424737204
0.000000 30424762231
0.000000 30424787208
0.000000 30424812223
0.000000 30424837199
0.000000 30424862221
0.000000 30424887230
0.000000 30424912211
0.000000 30424937232
0.000000 30424962228
0.000000 30424987217
0.000000 30425012228
0.000000 30425037224
0.000000 30425062230
0.000000 30425087210
0.000000 30425112221
0.000000 30425137203
0.000000 30425162253
0.000000 30425187215
0.000000 30425212202
0.000000 30425237209
0.000000 30425262220
0.000000 30425287208
0.000000 30425312223
0.000000 30425337211
0.000000 30425362231
0.000000 30425387213
0.000000 30425412226
0.000000 30425437211
0.000000 30425462223
0.000000 30425487209
0.000000 30425512218
0.000000 30425537207
0.000000 30425562226
0.000000 30425587191
0.000000 30425612231
0.000000 30425637212
0.000000 30425662224
0.000000 30425687210
0.000000 30425712226
0.000000 30425737227
0.000000 30425762234
0.000000 30425787216
0.000000 30425812218
0.000000 30425837201
0.000000 30425862228
0.000000 30425887230
0.000000 30425912232
0.000000 30425937233
0.000000 30425962231
0.000000 30425987197
0.000000 30426012226
0.000000 30426037233
0.000000 30426062223
0.000000 30426087200
0.000000 30426112231
0.000000 30426137208
0.000000 30426162224
0.000000 30426187217
0.000000 30426212228
0.000000 30426237203
0.000000 30426262232
0.000000 30426287190
0.000000 30426312225
0.000000 30426337230
0.000000 30426362237
0.000000 30426387194
0.000000 30426412219
0.000000 30426437220
0.000000 30426462232
0.000000 30426487223
0.000000 30426512232
0.000000 30426537207
0.000000 30426562219
0.000000 30426587228
0.000000 30426612222
0.000000 30426637224
0.000000 30426662221
0.000000 30426687224
0.000000 30426712223
0.000000 30426737215
0.000000 30426762206
0.000000 30426787222
0.000000 30426812212
0.000000 30426837221
0.000000 30426862204
0.000000 30426887219
0.000000 30426912217
0.000000 30426937217
0.000000 30426962200
0.000000 30426987222
0.000000 30427012234
0.000000 30427037230
0.000000 30427062235
0.000000 30427087245
0.000000 30427112225
0.000000 30427137215
0.000000 30427162209
0.000000 30427187238
0.000000 30427212223
0.000000 30427237222
0.000000 30427262220
0.000000 30427287210
0.000000 30427312220
0.000000 30427337219
0.000000 30427362202
0.000000 30427387221
0.000000 30427412221
0.000000 30427437223
0.000000 30427462229
0.000000 30427487216
0.000000 30427512221
0.000000 30427537223
0.000000 30427562212
0.000000 30427587228
0.000000 30427612218
0.000000 30427637234
0.000000 30427662222
0.000000 30427687237
0.000000 30427712223
0.000000 30427737207
0.000000 30427762232
0.000000 30427787240
0.000000 30427812267
0.000000 30427837224
0.000000 30427862229
0.000000 30427887210
0.000000 30427912228
0.000000 30427937189
0.000000 30427962230
0.000000 30427987209
0.000000 30428012231
0.000000 30428037212
0.000000 30428062217
0.000000 30428087225
0.000000 30428112229
0.000000 30428137228
0.000000 30428162204
0.000000 30428187225
0.000000 30428212235
0.000000 30428237206
0.000000 30428262212
0.000000 30428287212
0.000000 30428312220
0.000000 30428337213
0.000000 30428362227
0.000000 30428387222
0.000000 30428412222
0.000000 30428437217
0.000000 30428462232
0.000000 30428487211
0.000000 30428512220
0.000000 30428537230
0.000000 30428562219
0.000000 30428587224
0.000000 30428612210
0.000000 30428637205
0.000000 30428662217
0.000000 30428687221
0.000000 30428712226
0.000000 30428737228
0.000000 30428762211
0.000000 30428787226
0.000000 30428812205
0.000000 30428837217
0.000000 30428862239
0.000000 30428887215
0.000000 30428912207
0.000000 30428937224
0.000000 30428962204
0.000000 30428987229
0.000000 30429012202
0.000000 30429037208
0.000000 30429062465
0.000000 30429087203
0.000000 30429112586
0.000000 30429137201
0.000000 30429162217
0.000000 30429187209
0.000000 30429212200
0.000000 30429237211
0.000000 30429262228
0.000000 30429287198
0.000000 30429312195
0.000000 30429337206
0.000000 30429362228
0.000000 30429387202
0.000000 30429412197
0.000000 30429437199
0.000000 30429462217
0.000000 30429487204
0.000000 30429512201
0.000000 30429537205
0.000000 30429562218
0.000000 30429587206
0.000000 30429612201
0.000000 30429637201
0.000000 30429662226
0.000000 30429687220
0.000000 30429712217
0.000000 30429737227
0.000000 30429762229
0.000000 30429787227
0.000000 30429812217
0.000000 30429837210
0.000000 30429862226
0.000000 30429887189
0.000000 30429912222
0.000000 30429937208
0.000000 30429962307
0.000000 30429987220
0.000000 30430012160
0.000000 30430037208
0.000000 30430062220
0.000000 30430087221
0.000000 30430112233
0.000000 30430137227
0.000000 30430162222
0.000000 30430187228
0.000000 30430212213
0.000000 30430237200
0.000000 30430262190
0.000000 30430287178
0.000000 30430312198
0.000000 30430337207
0.000000 30430362207
0.000000 30430387189
0.000000 30430412205
0.000000 30430437208
0.000000 30430462230
0.000000 30430487201
0.000000 30430512207
0.000000 30430537201
0.000000 30430562207
0.000000 30430587192
0.000000 30430612212
0.000000 30430637195
0.000000 30430662221
0.000000 30430687217
0.000000 30430712226
0.000000 30430737237
0.000000 30430762222
0.000000 30430787196
0.000000 30430812202
0.000000 30430837199
0.000000 30430862219
0.000000 30430887211
0.000000 30430912198
0.000000 30430937199
0.000000 30430962231
0.000000 30430987210
0.000000 30431012215
0.000000 30431037207
0.000000 30431062205
0.000000 30431087205
0.000000 30431112203
0.000000 30431137213
0.000000 30431162222
0.000000 30431187205
0.000000 30431212212
0.000000 30431237200
0.000000 30431262215
0.000000 30431287211
0.000000 30431312212
0.000000 30431337229
0.000000 30431362196
0.000000 30431387214
0.000000 30431412217
0.000000 30431437213
0.000000 30431462184
0.000000 30431487228
0.000000 30431512215
0.000000 30431537234
0.000000 30431562198
0.000000 30431587218
0.000000 30431612219
0.000000 30431637218
0.000000 30431662200
0.000000 30431687233
0.000000 30431712221
0.000000 30431737222
0.000000 30431762210
0.000000 30431787228
0.000000 30431812210
0.000000 30431837218
0.000000 30431862198
0.000000 30431887234
0.000000 30431912217
0.000000 30431937227
0.000000 30431962239
0.000000 30431987224
0.000000 30432012265
0.000000 30432037209
0.000000 30432062225
0.000000 30432087222
0.000000 30432112215
0.000000 30432137187
0.000000 30432162211
0.000000 30432187237
0.000000 30432212227
0.000000 30432237228
0.000000 30432262221
0.000000 30432287236
0.000000 30432312221
0.000000 30432337222
0.000000 30432362221
0.000000 30432387232
0.000000 30432412222
0.000000 30432437217
0.000000 30432462213
0.000000 30432487222
0.000000 30432512216
0.000000 30432537225
0.000000 30432562218
0.000000 30432587228
0.000000 30432612228
0.000000 30432637231
0.000000 30432662198
0.000000 30432687227
0.000000 30432712220
0.000000 30432737204
0.000000 30432762227
0.000000 30432787223
0.000000 30432812224
0.000000 30432837226
0.000000 30432862200
0.000000 30432887218
0.000000 30432912204
0.000000 30432937225
0.000000 30432962213
0.000000 30432987227
0.000000 30433012220
0.000000 30433037230
0.000000 30433062208
0.000000 30433087233
0.000000 30433112209
0.000000 30433137217
0.000000 30433162231
0.000000 30433187227
0.000000 30433212225
0.000000 30433237232
0.000000 30433262219
0.000000 30433287244
0.000000 30433312215
0.000000 30433337222
0.000000 30433362223
0.000000 30433387220
