-3.972500 -12.057500 -2.205000 26783527985
-1.067500 -12.600000 -3.465000 26783552990
-0.052500 -10.342500 -3.570000 26783577983
-0.262500 -13.247500 -3.710000 26783602978
-2.782500 -12.390000 -4.900000 26783627985
-4.200000 -9.292500 -6.282500 26783652987
-3.500000 -11.182500 -10.482500 26783678014
-0.070000 -3.360000 -10.762500 26783702984
16.205000 -0.175000 -17.115000 26783727977
43.505001 15.960000 -31.167500 26783753005
65.642502 18.480000 -38.832500 26783777972
68.442497 -20.440001 -33.092499 26783802975
14.612500 -45.080002 -25.637501 26783827981
-31.535000 -79.834999 -27.877501 26783852981
-51.782501 -63.560001 -37.240002 26783877972
-38.797501 -37.590000 -41.615002 26783902987
-16.782499 -9.432500 -41.947498 26783927978
1.925000 32.287498 -36.855000 26783953265
31.745001 41.422501 -40.687500 26783977985
63.209999 14.367500 -37.345001 26784003773
31.552500 6.877500 -41.965000 26784027986
19.775000 -11.585000 -44.992500 26784053110
12.740000 -0.350000 -40.110001 26784078006
13.772500 -1.732500 -32.497501 26784103012
11.095000 -3.622500 -30.905001 26784128090
7.385000 -6.737500 -40.005001 26784153058
9.310000 1.260000 -40.652500 26784178003
9.275000 16.782499 -40.512501 26784202967
20.667500 16.205000 -38.605000 26784228016
30.747499 26.145000 -27.142500 26784252796
31.062500 6.492500 -1.242500 26784278004
12.390000 -6.405000 -25.007500 26784303021
2.222500 -45.779999 -75.565002 26784328005
7.560000 -43.732502 -78.137497 26784352885
-8.295000 -54.827499 -81.672501 26784378011
-13.545000 -31.430000 -85.452499 26784402960
-15.557500 -15.242500 -88.340004 26784428004
-13.860000 -7.035000 -83.597504 26784452987
-13.877501 -19.827499 -85.557503 26784477999
19.162500 -23.590000 -76.947502 26784503008
46.549999 -27.755001 -71.260002 26784528008
69.667503 -28.577499 -90.790001 26784553002
74.077499 -23.905001 -106.364998 26784577956
73.762497 -23.344999 -91.612503 26784603007
68.949997 17.115000 -76.597504 26784627965
17.972500 13.877501 -86.887497 26784653012
-14.280000 -4.585000 -109.322502 26784678004
-33.145000 -18.987499 -91.402504 26784703010
-23.870001 -22.820000 -85.837502 26784728016
-11.270000 -27.650000 -97.072502 26784753009
6.405000 -29.767500 -76.527504 26784778010
8.837500 -18.235001 -65.432503 26784803014
6.247500 -18.742500 -90.614998 26784828004
9.695000 -28.437500 -78.487503 26784852962
6.650000 -20.055000 -54.617500 26784878009
7.122500 -26.932501 -68.582497 26784903008
8.277500 -32.445000 -98.997498 26784928006
-2.800000 -21.385000 -66.044998 26784952997
-7.717500 -23.660000 -36.942501 26784977975
7.507500 -35.700001 -49.717499 26785002998
13.510000 -33.232502 -87.657501 26785027983
9.467500 -30.922501 -78.032501 26785052986
12.687500 -13.825000 -75.302498 26785077982
9.292500 10.710000 -78.680000 26785102980
7.665000 25.042500 -57.522499 26785127982
12.355000 10.377500 -59.202499 26785152983
-26.197500 -22.032499 -61.127499 26785177983
-61.459999 -34.597500 -42.455002 26785202976
-73.062500 -24.955000 -33.407501 26785228006
-52.920002 -22.137501 -33.512501 26785252979
-35.402500 -18.445000 -27.352501 26785277980
-39.305000 -0.752500 -30.905001 26785302981
-44.957500 0.210000 -34.037498 26785327979
-38.412498 -4.777500 -29.312500 26785352967
-19.180000 -1.452500 -20.545000 26785377986
-19.372499 0.997500 -13.580000 26785402980
-15.260000 -39.497501 -12.022500 26785427979
17.237499 -32.182499 -4.007500 26785452987
22.295000 -7.542500 -11.602500 26785477980
12.285000 -6.597500 -15.662500 26785502986
3.955000 -18.129999 -9.100000 26785527977
7.717500 -19.897501 -0.840000 26785552987
13.877501 -16.135000 1.470000 26785577979
13.195000 -24.342501 8.715000 26785602984
6.895000 -28.367500 14.262500 26785627986
3.412500 -6.055000 5.985000 26785652984
9.887500 7.735000 -3.150000 26785677980
18.795000 -3.430000 -2.152500 26785702975
17.797501 -3.430000 -4.637500 26785727987
9.432500 2.047500 -6.247500 26785752982
-6.685000 0.595000 -6.492500 26785777995
-10.045000 -5.197500 -6.160000 26785802981
-9.380000 -10.220000 -4.235000 26785827990
-5.915000 -5.810000 -1.032500 26785852983
-2.537500 -5.617500 1.977500 26785877983
3.080000 -7.787500 1.680000 26785904751
10.167500 -6.930000 1.207500 26785927814
9.520000 -0.735000 0.315000 26785952989
4.130000 -1.592500 2.555000 26785977788
1.680000 -3.360000 5.302500 26786002985
0.752500 -2.292500 2.555000 26786028002
4.917500 -2.257500 0.297500 26786053008
8.925000 -5.145000 -0.227500 26786078071
9.310000 -3.360000 0.840000 26786102999
4.462500 -3.902500 1.400000 26786127997
3.115000 -7.612500 0.192500 26786152800
1.505000 -6.440000 -1.715000 26786177985
2.222500 -7.105000 -0.700000 26786202996
2.747500 -9.310000 1.890000 26786227989
0.315000 -9.135000 2.240000 26786253020
0.630000 -9.817500 1.120000 26786277980
1.767500 -4.777500 -2.537500 26786303006
2.047500 -2.765000 -1.540000 26786327983
-0.315000 -6.125000 -0.175000 26786352971
0.140000 -8.400000 -0.315000 26786377977
6.282500 -8.750000 0.332500 26786403514
8.120000 -7.420000 -2.170000 26786427984
9.485000 -4.655000 -3.062500 26786452987
10.465000 -3.797500 -1.557500 26786477989
9.730000 -5.530000 -0.875000 26786503075
