1.620000 3.540000 -0.540000 26783514232
1.500000 3.660000 -0.540000 26783539244
1.320000 3.960000 -0.360000 26783564382
1.560000 4.080000 -0.480000 26783589478
1.560000 3.960000 -0.480000 26783614407
1.560000 3.960000 -0.240000 26783639482
1.560000 3.840000 -0.360000 26783664238
1.440000 3.960000 -0.600000 26783689229
1.320000 3.480000 -0.480000 26783714469
1.500000 3.660000 -0.540000 26783739435
1.500000 3.180000 -0.300000 26783764472
1.560000 3.240000 -0.360000 26783789239
1.620000 3.660000 0.180000 26783814249
1.740000 3.420000 -0.180000 26783839400
1.500000 3.660000 -0.420000 26783864222
1.680000 3.600000 -0.120000 26783889437
1.440000 3.240000 -0.240000 26783914217
1.380000 3.420000 0.180000 26783939237
1.680000 3.240000 -0.360000 26783964231
1.680000 3.240000 -0.240000 26783989596
1.740000 3.180000 -0.180000 26784015250
1.920000 3.120000 -0.120000 26784039474
2.100000 3.300000 -0.180000 26784065391
1.800000 3.120000 -0.240000 26784089236
2.220000 2.820000 -0.180000 26784114218
2.280000 3.120000 -0.180000 26784139426
2.340000 3.180000 -0.180000 26784164229
2.400000 3.000000 -0.120000 26784189241
2.760000 2.880000 -0.120000 26784214236
2.700000 2.940000 -0.060000 26784239407
2.580000 2.940000 -0.060000 26784265109
2.820000 2.700000 -0.180000 26784289422
2.580000 2.580000 0.060000 26784314494
2.580000 2.700000 -0.300000 26784339259
2.880000 2.640000 0.120000 26784364242
2.640000 3.000000 0.120000 26784389487
3.180000 2.700000 0.060000 26784414446
3.180000 2.700000 -0.180000 26784439498
3.360000 2.760000 -0.180000 26784464208
3.060000 2.940000 -0.180000 26784489224
3.180000 2.820000 -0.180000 26784514390
3.300000 2.460000 -0.060000 26784539428
3.360000 2.400000 0.120000 26784564504
3.480000 2.040000 -0.120000 26784589279
3.660000 1.740000 0.300000 26784614275
3.900000 2.100000 0.540000 26784639404
3.900000 2.220000 0.300000 26784664645
4.380000 2.220000 0.420000 26784689439
4.620000 2.460000 0.300000 26784714495
4.740000 2.580000 0.540000 26784739235
4.500000 2.700000 0.300000 26784764237
4.680000 2.640000 0.120000 26784789246
4.560000 2.520000 0.240000 26784814481
4.800000 2.760000 0.240000 26784839239
5.040000 2.640000 0.240000 26784864224
5.100000 2.820000 0.420000 26784889247
5.040000 2.880000 0.480000 26784914441
5.160000 3.120000 0.120000 26784939225
5.160000 2.640000 -0.240000 26784964628
5.100000 3.060000 -0.060000 26784989530
5.100000 3.300000 0.060000 26785014227
5.100000 3.300000 0.060000 26785039222
5.220000 3.180000 0.300000 26785064496
5.580000 3.300000 0.060000 26785089226
5.760000 3.360000 0.360000 26785114482
5.820000 3.300000 -0.060000 26785139228
6.000000 3.480000 0.240000 26785164242
6.060000 3.900000 -0.060000 26785189223
5.820000 4.140000 -0.060000 26785214421
5.700000 3.900000 -0.180000 26785239434
5.880000 4.080000 -0.360000 26785264229
5.640000 4.560000 -0.480000 26785289221
5.880000 4.560000 -0.480000 26785314376
6.120000 4.440000 -0.480000 26785339473
5.940000 4.860000 -0.300000 26785364417
5.760000 4.800000 -0.480000 26785389471
5.700000 5.100000 -0.660000 26785414229
5.880000 5.040000 -0.360000 26785439236
5.820000 4.860000 -0.300000 26785464469
5.580000 4.740000 -0.540000 26785489460
5.820000 4.860000 -0.300000 26785514469
5.880000 5.040000 -0.480000 26785539224
5.640000 4.920000 -0.480000 26785564226
5.700000 4.740000 -0.900000 26785589396
5.640000 4.920000 -0.480000 26785614420
5.640000 4.680000 -0.240000 26785639423
5.700000 4.500000 -0.420000 26785664231
5.400000 4.680000 -0.840000 26785689263
5.520000 4.680000 -0.720000 26785714389
5.880000 4.680000 -0.840000 26785739480
5.880000 4.560000 -0.600000 26785764228
5.520000 4.800000 -0.480000 26785789533
5.640000 4.560000 -0.720000 26785814233
5.640000 4.800000 -0.480000 26785839258
5.880000 4.800000 -0.360000 26785864229
5.760000 4.800000 -0.480000 26785889449
5.760000 4.560000 -0.600000 26785914337
5.520000 4.560000 -0.600000 26785939898
5.820000 4.860000 -0.660000 26785964253
5.520000 4.800000 -0.840000 26785989871
5.460000 4.740000 -0.660000 26786014243
5.340000 4.620000 -0.540000 26786039766
5.580000 4.860000 -0.300000 26786064251
5.880000 4.920000 -0.360000 26786089511
5.940000 4.380000 -0.540000 26786114235
5.640000 4.680000 -0.600000 26786139735
5.700000 4.500000 -0.540000 26786164815
5.700000 4.500000 -0.420000 26786189706
5.820000 4.260000 -0.660000 26786214254
5.460000 4.740000 -0.780000 26786239459
5.520000 4.680000 -0.840000 26786264384
5.580000 4.620000 -0.900000 26786289693
5.700000 4.740000 -0.660000 26786314442
5.640000 4.680000 -0.600000 26786339477
5.760000 4.800000 -0.360000 26786364243
5.460000 4.380000 -0.540000 26786389633
5.760000 4.440000 -0.720000 26786414505
5.880000 4.680000 -0.840000 26786439682
5.460000 4.740000 -0.540000 26786464489
5.520000 4.680000 -0.720000 26786489469
