0.372653 -9.992978 -1.314091 2176895937
0.392266 -10.159691 -1.343511 2176908993
0.362846 -10.169497 -1.382738 2176915966
0.353039 -10.267564 -1.392545 2176928617
0.353039 -10.159691 -1.382738 2176940283
0.333426 -10.257757 -1.314091 2176954383
0.353039 -10.228337 -1.343511 2176964228
0.372653 -10.218531 -1.323898 2176976254
0.323619 -10.228337 -1.304285 2176988228
0.304006 -10.189111 -1.314091 2177000649
0.323619 -10.228337 -1.323898 2177011831
0.254973 -10.208724 -1.363124 2177023811
0.225553 -10.228337 -1.372931 2177035807
0.186326 -10.218531 -1.382738 2177047808
0.254973 -10.208724 -1.333705 2177059808
0.304006 -10.208724 -1.333705 2177071809
0.313813 -10.159691 -1.372931 2177083808
0.323619 -10.208724 -1.382738 2177095807
0.333426 -10.208724 -1.421964 2177107808
0.333426 -10.228337 -1.363124 2177119807
0.304006 -10.208724 -1.343511 2177131804
0.284393 -10.247950 -1.382738 2177143807
0.284393 -10.277370 -1.343511 2177155806
0.313813 -10.296983 -1.284671 2177167807
0.274586 -10.257757 -1.382738 2177179807
0.294200 -10.247950 -1.372931 2177191806
0.313813 -10.198916 -1.363124 2177203807
0.402073 -10.208724 -1.314091 2177215807
0.441299 -10.169497 -1.392545 2177227805
0.480526 -10.169497 -1.412158 2177239807
0.470719 -10.198916 -1.451384 2177251806
0.451106 -10.149883 -1.470998 2177263824
0.411879 -10.140078 -1.451384 2177275843
0.402073 -10.198916 -1.333705 2177287823
0.431493 -10.208724 -1.314091 2177299818
0.392266 -10.228337 -1.284671 2177311840
0.353039 -10.218531 -1.314091 2177323830
0.353039 -10.238144 -1.363124 2177335832
0.333426 -10.247950 -1.392545 2177347831
0.353039 -10.218531 -1.372931 2177359831
0.402073 -10.198916 -1.363124 2177371831
0.402073 -10.169497 -1.441578 2177383831
0.382459 -10.159691 -1.392545 2177395832
0.382459 -10.169497 -1.451384 2177407856
0.362846 -10.208724 -1.431771 2177419853
0.372653 -10.208724 -1.451384 2177431871
0.372653 -10.228337 -1.421964 2177443820
0.402073 -10.257757 -1.441578 2177455820
0.421686 -10.228337 -1.441578 2177467819
0.431493 -10.169497 -1.441578 2177479821
0.382459 -10.198916 -1.412158 2177491819
0.362846 -10.257757 -1.402351 2177503822
0.362846 -10.277370 -1.421964 2177515910
0.382459 -10.287177 -1.412158 2177527903
0.402073 -10.218531 -1.392545 2177539900
0.392266 -10.208724 -1.382738 2177551898
0.392266 -10.208724 -1.363124 2177563902
0.382459 -10.179304 -1.363124 2177575899
0.353039 -10.228337 -1.372931 2177587899
0.343233 -10.228337 -1.402351 2177599899
0.372653 -10.218531 -1.431771 2177611814
0.362846 -10.198916 -1.451384 2177623817
0.362846 -10.179304 -1.431771 2177635814
0.362846 -10.179304 -1.470998 2177647814
0.362846 -10.169497 -1.529838 2177659812
0.382459 -10.169497 -1.510224 2177671813
0.402073 -10.198916 -1.431771 2177683812
0.382459 -10.198916 -1.451384 2177695813
0.392266 -10.179304 -1.470998 2177707826
0.490333 -10.149883 -1.412158 2177719824
0.480526 -10.159691 -1.412158 2177731825
0.470719 -10.179304 -1.382738 2177743824
0.451106 -10.179304 -1.343511 2177755827
0.411879 -10.208724 -1.363124 2177767825
0.353039 -10.228337 -1.314091 2177779825
0.343233 -10.218531 -1.363124 2177791825
0.353039 -10.218531 -1.402351 2177803824
0.333426 -10.218531 -1.343511 2177815879
0.372653 -10.208724 -1.421964 2177827862
0.333426 -10.228337 -1.402351 2177839891
0.313813 -10.238144 -1.441578 2177851837
0.323619 -10.257757 -1.461191 2177863829
0.323619 -10.247950 -1.431771 2177875829
0.392266 -10.247950 -1.392545 2177887890
0.362846 -10.208724 -1.382738 2177899829
0.392266 -10.208724 -1.382738 2177911908
0.392266 -10.228337 -1.372931 2177923903
0.402073 -10.198916 -1.431771 2177935905
0.411879 -10.189111 -1.412158 2177947904
0.441299 -10.198916 -1.412158 2177959903
0.441299 -10.218531 -1.431771 2177971939
0.421686 -10.189111 -1.382738 2177983861
0.402073 -10.169497 -1.392545 2177995907
0.372653 -10.189111 -1.382738 2178007901
0.372653 -10.198916 -1.382738 2178019938
0.392266 -10.208724 -1.382738 2178031926
0.392266 -10.169497 -1.382738 2178043865
0.392266 -10.267564 -1.441578 2178055902
0.333426 -10.267564 -1.392545 2178067936
0.294200 -10.208724 -1.392545 2178079935
0.353039 -10.189111 -1.412158 2178091866
0.411879 -10.189111 -1.372931 2178103923
0.402073 -10.198916 -1.412158 2178115930
0.441299 -10.198916 -1.461191 2178127928
0.411879 -10.189111 -1.510224 2178139926
0.411879 -10.159691 -1.470998 2178151918
0.470719 -10.149883 -1.431771 2178163927
0.460913 -10.159691 -1.421964 2178175925
0.411879 -10.159691 -1.402351 2178187923
0.431493 -10.169497 -1.382738 2178199928
0.470719 -10.189111 -1.343511 2178211808
0.441299 -10.247950 -1.412158 2178223810
0.402073 -10.198916 -1.441578 2178235807
0.392266 -10.179304 -1.470998 2178247813
0.402073 -10.198916 -1.441578 2178259805
0.411879 -10.179304 -1.421964 2178271805
0.431493 -10.179304 -1.461191 2178283808
0.431493 -10.198916 -1.490611 2178295805
0.392266 -10.228337 -1.529838 2178307811
0.431493 -10.228337 -1.520031 2178319809
0.411879 -10.179304 -1.520031 2178331833
0.392266 -10.179304 -1.500418 2178343793
0.353039 -10.189111 -1.470998 2178355790
0.353039 -10.179304 -1.500418 2178367790
0.372653 -10.218531 -1.480804 2178379790
0.402073 -10.218531 -1.382738 2178391790
0.411879 -10.189111 -1.402351 2178403790
0.460913 -10.149883 -1.392545 2178415854
0.431493 -10.179304 -1.392545 2178427839
0.421686 -10.208724 -1.402351 2178439840
0.451106 -10.169497 -1.441578 2178451841
0.431493 -10.149883 -1.470998 2178463870
0.402073 -10.169497 -1.412158 2178475823
0.451106 -10.189111 -1.353318 2178487820
0.441299 -10.169497 -1.441578 2178499819
0.490333 -10.169497 -1.421964 2178511869
0.480526 -10.198916 -1.421964 2178523869
0.451106 -10.189111 -1.441578 2178535883
0.431493 -10.179304 -1.431771 2178547912
0.451106 -10.198916 -1.500418 2178559843
0.470719 -10.179304 -1.480804 2178571842
0.451106 -10.189111 -1.461191 2178583876
0.460913 -10.189111 -1.431771 2178595907
0.441299 -10.189111 -1.461191 2178607842
0.441299 -10.179304 -1.392545 2178619933
0.431493 -10.159691 -1.412158 2178631919
0.431493 -10.179304 -1.421964 2178643918
0.402073 -10.189111 -1.372931 2178655925
0.333426 -10.238144 -1.441578 2178667917
0.323619 -10.238144 -1.441578 2178679922
0.323619 -10.228337 -1.451384 2178691919
0.343233 -10.198916 -1.441578 2178703809
0.411879 -10.208724 -1.451384 2178715806
0.431493 -10.189111 -1.451384 2178727807
0.431493 -10.179304 -1.461191 2178739804
0.441299 -10.179304 -1.451384 2178751805
0.441299 -10.198916 -1.412158 2178763805
0.431493 -10.198916 -1.461191 2178775808
0.421686 -10.218531 -1.470998 2178787808
0.411879 -10.228337 -1.480804 2178799806
0.411879 -10.218531 -1.441578 2178811812
0.431493 -10.189111 -1.461191 2178823809
0.421686 -10.208724 -1.382738 2178835810
0.382459 -10.218531 -1.412158 2178847809
0.411879 -10.218531 -1.431771 2178859811
0.372653 -10.218531 -1.431771 2178871811
0.362846 -10.208724 -1.451384 2178883810
0.402073 -10.169497 -1.431771 2178895808
0.441299 -10.179304 -1.451384 2178907844
0.480526 -10.159691 -1.520031 2178919838
0.480526 -10.179304 -1.461191 2178931839
0.470719 -10.179304 -1.441578 2178943839
0.500139 -10.179304 -1.480804 2178955873
0.480526 -10.140078 -1.421964 2178967819
0.451106 -10.130271 -1.431771 2178979818
0.382459 -10.149883 -1.421964 2178991820
0.382459 -10.198916 -1.402351 2179003868
0.392266 -10.208724 -1.412158 2179015820
0.392266 -10.238144 -1.421964 2179027909
0.323619 -10.257757 -1.421964 2179039905
0.362846 -10.208724 -1.431771 2179051904
0.372653 -10.247950 -1.421964 2179063903
0.411879 -10.208724 -1.421964 2179075901
0.411879 -10.208724 -1.431771 2179087937
0.451106 -10.208724 -1.451384 2179099925
0.451106 -10.228337 -1.490611 2179111862
0.451106 -10.198916 -1.480804 2179123930
0.451106 -10.257757 -1.441578 2179135937
0.480526 -10.198916 -1.470998 2179147923
0.558979 -10.149883 -1.431771 2179159924
0.529559 -10.189111 -1.412158 2179171919
0.509946 -10.179304 -1.441578 2179183923
0.490333 -10.198916 -1.402351 2179195919
0.490333 -10.198916 -1.402351 2179207810
0.431493 -10.198916 -1.412158 2179219806
0.441299 -10.218531 -1.363124 2179231805
0.431493 -10.198916 -1.333705 2179243805
0.431493 -10.179304 -1.353318 2179255805
0.451106 -10.198916 -1.353318 2179267806
0.421686 -10.218531 -1.363124 2179279805
0.411879 -10.228337 -1.382738 2179291810
0.451106 -10.179304 -1.333705 2179303806
0.460913 -10.179304 -1.363124 2179315820
0.382459 -10.228337 -1.382738 2179327816
0.392266 -10.228337 -1.402351 2179339816
0.411879 -10.208724 -1.402351 2179351815
0.421686 -10.198916 -1.343511 2179363816
0.382459 -10.179304 -1.402351 2179375814
0.362846 -10.257757 -1.372931 2179387817
0.323619 -10.257757 -1.333705 2179399814
0.294200 -10.208724 -1.323898 2179411857
0.323619 -10.218531 -1.216025 2179423852
0.333426 -10.238144 -1.186605 2179435851
0.235360 -10.208724 -1.039505 2179447852
0.137293 -10.277370 -1.196411 2179459890
0.186326 -10.247950 -1.225831 2179471829
0.147100 -10.208724 -1.157185 2179483829
0.088260 -10.257757 -1.137571 2179495832
0.098067 -10.218531 -1.294478 2179507901
0.127486 -10.257757 -1.225831 2179519908
0.156906 -10.238144 -1.265058 2179531907
0.196133 -10.189111 -1.284671 2179543903
0.264780 -10.169497 -1.510224 2179555951
0.304006 -10.169497 -1.431771 2179567923
0.264780 -10.179304 -1.500418 2179579865
0.254973 -10.218531 -1.510224 2179591912
0.205940 -10.159691 -1.647517 2179603903
0.304006 -10.208724 -1.539644 2179615943
0.353039 -10.208724 -1.500418 2179627923
0.382459 -10.198916 -1.559257 2179639865
0.372653 -10.179304 -1.618097 2179651903
0.304006 -10.198916 -1.745584 2179663940
0.382459 -10.149883 -1.735777 2179675931
0.382459 -10.208724 -1.647517 2179687865
0.323619 -10.247950 -1.647517 2179699865
0.333426 -10.208724 -1.657324 2179711924
0.353039 -10.140078 -1.745584 2179723924
0.304006 -10.169497 -1.843650 2179735920
0.343233 -10.169497 -1.706357 2179747923
0.323619 -10.198916 -1.725971 2179759922
0.402073 -10.189111 -1.725971 2179771923
0.402073 -10.149883 -1.716164 2179783924
0.421686 -10.140078 -1.755391 2179795918
0.362846 -10.140078 -1.833844 2179807810
0.343233 -10.159691 -1.814230 2179819808
0.304006 -10.140078 -1.735777 2179831808
0.304006 -10.179304 -1.686744 2179843808
0.254973 -10.179304 -1.725971 2179855808
0.264780 -10.149883 -1.814230 2179867807
0.313813 -10.140078 -1.775004 2179879807
0.225553 -10.189111 -1.735777 2179891807
0.176520 -10.189111 -1.745584 2179903808
0.147100 -10.179304 -1.775004 2179915822
0.196133 -10.208724 -1.725971 2179927821
0.196133 -10.198916 -1.775004 2179939822
0.245166 -10.120463 -1.755391 2179951822
0.176520 -10.140078 -1.637711 2179963826
0.147100 -10.179304 -1.598484 2179975822
0.068647 -10.179304 -1.569064 2179987823
0.009807 -10.277370 -1.510224 2179999822
0.029420 -10.238144 -1.490611 2180011871
0.078453 -10.208724 -1.559257 2180023868
0.127486 -10.218531 -1.520031 2180035907
0.176520 -10.179304 -1.569064 2180047842
0.215746 -10.169497 -1.598484 2180059845
0.205940 -10.159691 -1.529838 2180071842
0.196133 -10.169497 -1.529838 2180083874
0.127486 -10.179304 -1.510224 2180095904
0.264780 -10.208724 -1.676937 2180107841
0.343233 -10.179304 -1.657324 2180119934
0.382459 -10.189111 -1.735777 2180131919
0.480526 -10.149883 -1.755391 2180143924
0.500139 -10.169497 -1.696550 2180155923
0.392266 -10.198916 -1.676937 2180167924
0.392266 -10.149883 -1.618097 2180179923
0.323619 -10.189111 -1.549451 2180191924
0.323619 -10.198916 -1.539644 2180203808
0.353039 -10.189111 -1.637711 2180215809
0.313813 -10.247950 -1.559257 2180227808
0.353039 -10.198916 -1.686744 2180239806
0.343233 -10.228337 -1.637711 2180251806
0.313813 -10.238144 -1.598484 2180263807
0.196133 -10.208724 -1.588677 2180275805
0.137293 -10.189111 -1.529838 2180287806
0.147100 -10.189111 -1.500418 2180299808
0.166713 -10.159691 -1.431771 2180311812
0.205940 -10.198916 -1.470998 2180323809
0.196133 -10.218531 -1.480804 2180335809
0.137293 -10.198916 -1.500418 2180347813
0.088260 -10.169497 -1.490611 2180359810
0.137293 -10.198916 -1.382738 2180371809
0.127486 -10.218531 -1.441578 2180383809
0.147100 -10.228337 -1.539644 2180395810
0.107873 -10.296983 -1.451384 2180407844
0.088260 -10.277370 -1.470998 2180419843
0.137293 -10.198916 -1.559257 2180431839
0.186326 -10.228337 -1.490611 2180443838
0.225553 -10.198916 -1.549451 2180455838
0.215746 -10.159691 -1.578871 2180467839
0.127486 -10.169497 -1.578871 2180479838
0.078453 -10.149883 -1.588677 2180491843
0.176520 -10.159691 -1.637711 2180503839
0.176520 -10.208724 -1.716164 2180515891
0.176520 -10.218531 -1.716164 2180527879
0.107873 -10.218531 -1.667131 2180539919
0.205940 -10.198916 -1.608291 2180551842
0.235360 -10.149883 -1.716164 2180563842
0.284393 -10.198916 -1.608291 2180575917
0.264780 -10.247950 -1.598484 2180587904
0.225553 -10.169497 -1.696550 2180599842
0.235360 -10.149883 -1.520031 2180611922
0.196133 -10.189111 -1.480804 2180623918
0.127486 -10.169497 -1.480804 2180635921
0.078453 -10.218531 -1.451384 2180647923
0.068647 -10.267564 -1.490611 2180659918
0.088260 -10.159691 -1.441578 2180671923
0.088260 -10.257757 -1.441578 2180683922
0.107873 -10.238144 -1.461191 2180695920
0.098067 -10.218531 -1.529838 2180707807
0.137293 -10.277370 -1.490611 2180719810
0.137293 -10.247950 -1.539644 2180731805
0.137293 -10.159691 -1.461191 2180743807
0.098067 -10.179304 -1.431771 2180755807
0.147100 -10.189111 -1.421964 2180767807
0.245166 -10.208724 -1.412158 2180779806
0.254973 -10.218531 -1.500418 2180791811
0.313813 -10.218531 -1.539644 2180803808
0.313813 -10.238144 -1.529838 2180815817
0.333426 -10.238144 -1.490611 2180827818
0.313813 -10.100850 -1.353318 2180839817
0.353039 -10.208724 -1.412158 2180851816
0.362846 -10.257757 -1.470998 2180863815
0.313813 -10.277370 -1.569064 2180875816
0.304006 -10.198916 -1.382738 2180887815
0.323619 -10.208724 -1.353318 2180899815
0.274586 -10.218531 -1.470998 2180911853
0.225553 -10.198916 -1.490611 2180923852
0.264780 -10.267564 -1.402351 2180935852
0.147100 -10.228337 -1.510224 2180947891
0.088260 -10.179304 -1.510224 2180959828
0.107873 -10.238144 -1.520031 2180971829
0.098067 -10.189111 -1.451384 2180983827
0.098067 -10.257757 -1.431771 2180995874
0.098067 -10.198916 -1.412158 2181007828
0.049033 -10.208724 -1.451384 2181019908
0.029420 -10.247950 -1.529838 2181031903
0.058840 -10.238144 -1.569064 2181043900
0.176520 -10.267564 -1.559257 2181055949
0.137293 -10.218531 -1.490611 2181067924
0.107873 -10.228337 -1.470998 2181079864
0.098067 -10.257757 -1.451384 2181091905
0.147100 -10.247950 -1.490611 2181103936
0.235360 -10.189111 -1.480804 2181115924
0.284393 -10.375437 -1.500418 2181127864
0.274586 -10.257757 -1.588677 2181139979
0.284393 -10.247950 -1.598484 2181151968
0.254973 -10.159691 -1.265058 2181163967
0.323619 -10.179304 -1.363124 2181175968
0.274586 -10.169497 -1.421964 2181187969
0.264780 -10.247950 -1.363124 2181199969
0.215746 -10.267564 -1.314091 2181211807
0.117680 -10.257757 -1.333705 2181223844
0.156906 -10.277370 -1.225831 2181235817
0.166713 -10.238144 -1.225831 2181247816
0.176520 -10.257757 -1.225831 2181259813
0.147100 -10.267564 -1.284671 2181271813
0.137293 -10.198916 -1.255251 2181283812
0.147100 -10.238144 -1.323898 2181295812
0.205940 -10.149883 -1.255251 2181307813
0.186326 -10.277370 -1.274865 2181319813
0.147100 -10.169497 -1.176798 2181331857
0.117680 -10.296983 -1.186605 2181343792
0.058840 -10.355824 -1.323898 2181355790
0.029420 -10.287177 -1.294478 2181367791
-0.009807 -10.228337 -1.245445 2181379791
-0.049033 -10.198916 -1.216025 2181391791
-0.019613 -10.218531 -1.137571 2181403790
-0.019613 -10.208724 -1.166991 2181415836
0.009807 -10.228337 -1.147378 2181427830
0.009807 -10.247950 -1.166991 2181439829
-0.049033 -10.247950 -1.216025 2181451855
-0.019613 -10.179304 -1.255251 2181463811
-0.039227 -10.159691 -1.284671 2181475811
-0.078453 -10.228337 -1.304285 2181487811
-0.117680 -10.179304 -1.235638 2181499810
-0.147100 -10.149883 -1.274865 2181511885
-0.127486 -10.149883 -1.235638 2181523887
-0.107873 -10.159691 -1.255251 2181535909
-0.117680 -10.189111 -1.304285 2181547846
-0.186326 -10.228337 -1.235638 2181559841
-0.166713 -10.218531 -1.186605 2181571902
-0.137293 -10.238144 -1.186605 2181583841
-0.127486 -10.247950 -1.255251 2181595842
-0.117680 -10.247950 -1.294478 2181607898
-0.078453 -10.208724 -1.255251 2181619902
-0.029420 -10.189111 -1.245445 2181631904
0.009807 -10.198916 -1.255251 2181643903
0.009807 -10.189111 -1.225831 2181655910
0.039227 -10.159691 -1.206218 2181667901
0.078453 -10.169497 -1.314091 2181679947
0.049033 -10.218531 -1.314091 2181691925
0.039227 -10.208724 -1.304285 2181703868
0.019613 -10.198916 -1.343511 2181715897
-0.039227 -10.218531 -1.323898 2181727905
0.009807 -10.218531 -1.294478 2181739939
0.009807 -10.218531 -1.284671 2181751922
0.029420 -10.189111 -1.314091 2181763866
0.127486 -10.228337 -1.304285 2181775903
0.107873 -10.218531 -1.274865 2181787936
0.098067 -10.257757 -1.245445 2181799925
0.068647 -10.277370 -1.323898 2181811923
0.078453 -10.247950 -1.372931 2181823867
0.127486 -10.218531 -1.333705 2181835924
0.117680 -10.179304 -1.333705 2181847931
0.117680 -10.179304 -1.421964 2181859930
0.117680 -10.198916 -1.333705 2181871943
0.078453 -10.159691 -1.284671 2181883932
0.039227 -10.189111 -1.235638 2181895931
0.039227 -10.179304 -1.284671 2181907813
0.088260 -10.228337 -1.304285 2181919811
0.107873 -10.208724 -1.284671 2181931812
0.009807 -10.238144 -1.206218 2181943811
0.049033 -10.247950 -1.225831 2181955812
0.029420 -10.277370 -1.176798 2181967811
0.039227 -10.287177 -1.176798 2181979813
0.058840 -10.277370 -1.147378 2181991815
0.039227 -10.159691 -1.206218 2182003816
0.039227 -10.189111 -1.157185 2182015813
0.049033 -10.149883 -1.147378 2182027811
0.039227 -10.140078 -1.157185 2182039813
0.058840 -10.169497 -1.186605 2182051814
0.029420 -10.198916 -1.166991 2182063813
0.029420 -10.159691 -1.176798 2182075816
0.019613 -10.179304 -1.206218 2182087815
0.009807 -10.247950 -1.127765 2182099814
-0.049033 -10.296983 -1.147378 2182111826
-0.039227 -10.277370 -1.186605 2182123824
-0.009807 -10.257757 -1.117958 2182135825
0.009807 -10.198916 -1.078732 2182147824
0.009807 -10.198916 -1.098345 2182159823
0.019613 -10.277370 -1.314091 2182171825
0.058840 -10.296983 -1.402351 2182183824
0.058840 -10.316597 -1.372931 2182195824
0.068647 -10.238144 -1.314091 2182207837
0.029420 -10.179304 -1.166991 2182219849
0.039227 -10.159691 -1.245445 2182231849
0.058840 -10.218531 -1.343511 2182243847
0.088260 -10.238144 -1.353318 2182255850
0.107873 -10.228337 -1.343511 2182267850
0.098067 -10.208724 -1.353318 2182279884
0.156906 -10.218531 -1.363124 2182291820
0.176520 -10.208724 -1.343511 2182303819
0.274586 -10.159691 -1.353318 2182315882
0.205940 -10.208724 -1.314091 2182327875
0.156906 -10.208724 -1.441578 2182339878
0.107873 -10.149883 -1.480804 2182351914
0.147100 -10.189111 -1.372931 2182363906
0.137293 -10.208724 -1.372931 2182375842
0.107873 -10.218531 -1.372931 2182387898
0.186326 -10.228337 -1.441578 2182399903
0.196133 -10.208724 -1.451384 2182411840
0.166713 -10.218531 -1.431771 2182423919
0.147100 -10.208724 -1.441578 2182435933
0.107873 -10.179304 -1.441578 2182447931
0.117680 -10.189111 -1.412158 2182459931
0.058840 -10.198916 -1.421964 2182471931
0.098067 -10.218531 -1.520031 2182483934
0.137293 -10.169497 -1.510224 2182495932
0.176520 -10.169497 -1.372931 2182507812
0.176520 -10.198916 -1.500418 2182519814
0.196133 -10.189111 -1.559257 2182531814
0.166713 -10.198916 -1.578871 2182543812
0.107873 -10.257757 -1.725971 2182555814
0.078453 -10.228337 -1.549451 2182567813
0.058840 -10.189111 -1.588677 2182579812
0.058840 -10.218531 -1.618097 2182591813
0.117680 -10.228337 -1.608291 2182603821
0.117680 -10.179304 -1.676937 2182615873
0.068647 -10.130271 -1.686744 2182627851
0.088260 -10.169497 -1.608291 2182639899
0.107873 -10.179304 -1.598484 2182651868
0.098067 -10.238144 -1.667131 2182663813
0.166713 -10.198916 -1.686744 2182675814
0.137293 -10.169497 -1.686744 2182687812
0.098067 -10.159691 -1.676937 2182699813
0.098067 -10.228337 -1.775004 2182711870
0.156906 -10.159691 -1.804424 2182723887
0.127486 -10.169497 -1.686744 2182735914
0.127486 -10.159691 -1.725971 2182747843
0.117680 -10.140078 -1.755391 2182759841
0.147100 -10.179304 -1.794617 2182771906
0.127486 -10.130271 -1.824037 2182783842
0.186326 -10.179304 -1.647517 2182795872
0.156906 -10.208724 -1.618097 2182807912
0.156906 -10.149883 -1.784810 2182819899
0.117680 -10.198916 -1.824037 2182831900
0.088260 -10.247950 -1.755391 2182843899
0.068647 -10.208724 -1.725971 2182855898
0.088260 -10.169497 -1.667131 2182867899
0.117680 -10.208724 -1.676937 2182879906
0.068647 -10.189111 -1.686744 2182891951
0.068647 -10.189111 -1.627904 2182903943
0.049033 -10.189111 -1.598484 2182915927
0.088260 -10.149883 -1.549451 2182927862
0.117680 -10.208724 -1.451384 2182939921
0.107873 -10.218531 -1.569064 2182951936
0.156906 -10.228337 -1.578871 2182963928
0.225553 -10.228337 -1.539644 2182975930
0.245166 -10.218531 -1.559257 2182987931
0.166713 -10.257757 -1.470998 2182999930
0.117680 -10.198916 -1.480804 2183011813
0.137293 -10.169497 -1.402351 2183023814
0.137293 -10.198916 -1.284671 2183035813
0.176520 -10.218531 -1.245445 2183047812
0.196133 -10.257757 -1.372931 2183059813
0.166713 -10.257757 -1.441578 2183071812
0.186326 -10.267564 -1.451384 2183083815
0.117680 -10.228337 -1.490611 2183095814
0.068647 -10.159691 -1.520031 2183107840
-0.049033 -10.140078 -1.431771 2183119839
-0.058840 -10.189111 -1.451384 2183131838
-0.049033 -10.228337 -1.382738 2183143838
-0.068647 -10.208724 -1.470998 2183155838
0.009807 -10.267564 -1.441578 2183167843
0.009807 -10.247950 -1.441578 2183179871
0.078453 -10.257757 -1.412158 2183191812
0.068647 -10.218531 -1.451384 2183203811
0.137293 -10.218531 -1.412158 2183215870
0.156906 -10.247950 -1.392545 2183227873
0.176520 -10.208724 -1.392545 2183239865
0.156906 -10.208724 -1.392545 2183251867
0.137293 -10.247950 -1.392545 2183263908
0.196133 -10.189111 -1.441578 2183275845
0.225553 -10.189111 -1.441578 2183287842
0.156906 -10.189111 -1.431771 2183299841
0.147100 -10.198916 -1.470998 2183311904
0.156906 -10.198916 -1.451384 2183323899
0.137293 -10.296983 -1.451384 2183335899
0.137293 -10.247950 -1.529838 2183347899
0.127486 -10.247950 -1.559257 2183359949
0.166713 -10.218531 -1.500418 2183371863
0.215746 -10.149883 -1.559257 2183383864
0.264780 -10.179304 -1.500418 2183395901
0.166713 -10.159691 -1.480804 2183407901
0.137293 -10.149883 -1.549451 2183419939
0.107873 -10.179304 -1.461191 2183431927
0.205940 -10.189111 -1.569064 2183443925
0.235360 -10.198916 -1.569064 2183455866
0.196133 -10.247950 -1.598484 2183467900
0.166713 -10.257757 -1.618097 2183479949
0.147100 -10.228337 -1.608291 2183491926
0.019613 -10.287177 -1.402351 2183503923
0.029420 -10.277370 -1.412158 2183515924
0.058840 -10.228337 -1.470998 2183527926
0.039227 -10.198916 -1.470998 2183539864
0.127486 -10.257757 -1.520031 2183551901
0.254973 -10.238144 -1.608291 2183563941
0.225553 -10.247950 -1.559257 2183575934
0.225553 -10.169497 -1.470998 2183588244
0.186326 -10.159691 -1.559257 2183599905
0.166713 -10.267564 -1.461191 2183611946
0.166713 -10.287177 -1.510224 2183623933
0.186326 -10.257757 -1.520031 2183635932
0.196133 -10.198916 -1.402351 2183647929
0.196133 -10.218531 -1.363124 2183659929
0.225553 -10.169497 -1.314091 2183671932
0.254973 -10.228337 -1.294478 2183683930
0.254973 -10.218531 -1.343511 2183695931
0.254973 -10.198916 -1.274865 2183707817
0.235360 -10.198916 -1.245445 2183719814
0.176520 -10.208724 -1.363124 2183731813
0.147100 -10.228337 -1.343511 2183743811
0.186326 -10.247950 -1.372931 2183755811
0.156906 -10.179304 -1.451384 2183767811
0.186326 -10.140078 -1.314091 2183779813
0.186326 -10.208724 -1.353318 2183791812
0.205940 -10.267564 -1.323898 2183803813
0.186326 -10.267564 -1.353318 2183815814
0.196133 -10.198916 -1.353318 2183827812
0.205940 -10.169497 -1.176798 2183839812
0.264780 -10.130271 -1.216025 2183851813
0.245166 -10.326404 -1.166991 2183863813
0.333426 -10.238144 -1.147378 2183875813
0.333426 -10.189111 -1.284671 2183887811
0.304006 -10.179304 -1.186605 2183899813
0.313813 -10.189111 -1.196411 2183911852
0.313813 -10.179304 -1.186605 2183923876
0.392266 -10.238144 -1.186605 2183935819
0.225553 -10.110658 -1.323898 2183947819
0.196133 -10.238144 -1.245445 2183959819
0.137293 -10.189111 -1.225831 2183971819
0.117680 -10.208724 -1.206218 2183983818
0.068647 -10.247950 -1.098345 2183995819
0.068647 -10.208724 -1.108152 2184007906
0.068647 -10.189111 -1.127765 2184019897
0.068647 -10.247950 -1.117958 2184031904
0.029420 -10.208724 -1.137571 2184043938
0.049033 -10.277370 -1.157185 2184055924
0.058840 -10.296983 -1.157185 2184067924
0.127486 -10.228337 -1.225831 2184079936
0.107873 -10.179304 -1.274865 2184091861
0.088260 -10.238144 -1.206218 2184103864
0.166713 -10.277370 -1.216025 2184115920
0.137293 -10.267564 -1.235638 2184127918
0.127486 -10.208724 -1.294478 2184139934
0.186326 -10.257757 -1.274865 2184151932
0.205940 -10.130271 -1.137571 2184163932
0.235360 -10.130271 -1.157185 2184175931
0.156906 -10.169497 -1.255251 2184187938
0.205940 -10.208724 -1.235638 2184199995
0.215746 -10.267564 -1.274865 2184211792
0.186326 -10.257757 -1.274865 2184223792
0.156906 -10.267564 -1.225831 2184235790
0.147100 -10.189111 -1.216025 2184247790
0.107873 -10.198916 -1.245445 2184259791
0.137293 -10.247950 -1.304285 2184271791
0.137293 -10.277370 -1.265058 2184283790
0.078453 -10.257757 -1.255251 2184295791
0.029420 -10.247950 -1.245445 2184307842
0.019613 -10.218531 -1.235638 2184319839
0.029420 -10.247950 -1.255251 2184331916
0.049033 -10.159691 -1.294478 2184343871
0.068647 -10.189111 -1.206218 2184355819
0.078453 -10.208724 -1.216025 2184367819
0.107873 -10.228337 -1.274865 2184379819
0.049033 -10.247950 -1.284671 2184391819
0.019613 -10.208724 -1.274865 2184403819
0.019613 -10.228337 -1.284671 2184415889
0.009807 -10.218531 -1.294478 2184427891
0.009807 -10.238144 -1.235638 2184439878
-0.039227 -10.238144 -1.216025 2184451877
-0.098067 -10.198916 -1.166991 2184463907
-0.117680 -10.228337 -1.137571 2184475906
-0.088260 -10.247950 -1.176798 2184487842
-0.039227 -10.277370 -1.157185 2184499841
-0.058840 -10.277370 -1.245445 2184511923
-0.039227 -10.238144 -1.196411 2184523933
-0.039227 -10.218531 -1.186605 2184535931
-0.049033 -10.179304 -1.176798 2184547931
-0.019613 -10.159691 -1.127765 2184559934
0.009807 -10.179304 -1.186605 2184571932
0.039227 -10.228337 -1.216025 2184583940
0.058840 -10.218531 -1.176798 2184595940
0.039227 -10.228337 -1.255251 2184607815
-0.009807 -10.189111 -1.225831 2184619813
-0.009807 -10.208724 -1.245445 2184631812
0.009807 -10.277370 -1.274865 2184643811
0.009807 -10.306790 -1.265058 2184655811
0.068647 -10.257757 -1.382738 2184667815
0.107873 -10.247950 -1.333705 2184679812
0.137293 -10.208724 -1.353318 2184691813
0.147100 -10.179304 -1.363124 2184703812
0.147100 -10.130271 -1.569064 2184715845
0.215746 -10.169497 -1.431771 2184727839
0.205940 -10.149883 -1.402351 2184739839
0.225553 -10.169497 -1.441578 2184751839
0.196133 -10.189111 -1.461191 2184763855
0.117680 -10.218531 -1.470998 2184775811
0.098067 -10.169497 -1.569064 2184787810
0.107873 -10.198916 -1.500418 2184799810
0.098067 -10.238144 -1.431771 2184811882
0.058840 -10.257757 -1.510224 2184823878
0.029420 -10.228337 -1.529838 2184835910
0.009807 -10.208724 -1.441578 2184847904
0.029420 -10.159691 -1.510224 2184859842
0.058840 -10.208724 -1.520031 2184871903
-0.009807 -10.169497 -1.480804 2184883874
0.068647 -10.179304 -1.490611 2184895844
0.127486 -10.208724 -1.510224 2184907922
0.088260 -10.110658 -1.569064 2184919917
0.058840 -10.149883 -1.569064 2184931918
-0.039227 -10.198916 -1.559257 2184943935
-0.127486 -10.140078 -1.578871 2184955930
-0.107873 -10.169497 -1.667131 2184967932
-0.049033 -10.228337 -1.745584 2184979931
-0.049033 -10.051817 -1.529838 2184991930
-0.009807 -10.081238 -1.372931 2185003812
-0.049033 -10.071430 -1.441578 2185015816
-0.098067 -10.130271 -1.412158 2185027814
-0.107873 -10.179304 -1.490611 2185039812
-0.147100 -10.247950 -1.490611 2185051813
-0.137293 -10.257757 -1.529838 2185063814
-0.156906 -10.247950 -1.529838 2185075822
-0.098067 -10.267564 -1.510224 2185087812
-0.068647 -10.189111 -1.421964 2185099812
-0.078453 -10.179304 -1.441578 2185111847
-0.029420 -10.247950 -1.353318 2185123842
-0.029420 -10.218531 -1.490611 2185135837
-0.019613 -10.149883 -1.480804 2185147839
0.049033 -10.257757 -1.618097 2185159838
0.098067 -10.189111 -1.676937 2185171871
0.147100 -10.247950 -1.627904 2185183811
0.186326 -10.198916 -1.578871 2185195811
0.205940 -10.247950 -1.451384 2185207886
0.107873 -10.228337 -1.490611 2185219878
0.156906 -10.228337 -1.480804 2185231913
0.176520 -10.218531 -1.480804 2185243904
0.215746 -10.208724 -1.490611 2185255902
0.196133 -10.189111 -1.529838 2185267907
0.205940 -10.189111 -1.520031 2185279861
0.156906 -10.238144 -1.520031 2185291885
0.147100 -10.218531 -1.510224 2185303912
0.166713 -10.228337 -1.510224 2185315844
0.186326 -10.198916 -1.431771 2185327905
0.166713 -10.179304 -1.421964 2185339904
0.166713 -10.179304 -1.441578 2185351903
0.176520 -10.198916 -1.559257 2185363898
0.205940 -10.218531 -1.510224 2185375964
0.215746 -10.218531 -1.520031 2185387870
0.215746 -10.228337 -1.382738 2185399860
0.196133 -10.238144 -1.372931 2185411903
0.156906 -10.257757 -1.363124 2185423942
0.137293 -10.238144 -1.441578 2185435862
0.176520 -10.198916 -1.412158 2185447863
0.147100 -10.238144 -1.392545 2185459923
0.147100 -10.169497 -1.441578 2185471935
0.186326 -10.130271 -1.363124 2185483898
0.117680 -10.267564 -1.372931 2185495925
0.078453 -10.267564 -1.333705 2185507861
0.117680 -10.267564 -1.363124 2185519928
0.127486 -10.218531 -1.412158 2185531918
0.117680 -10.306790 -1.333705 2185543926
0.117680 -10.247950 -1.343511 2185555918
0.156906 -10.218531 -1.402351 2185567936
0.215746 -10.218531 -1.304285 2185579931
0.254973 -10.208724 -1.333705 2185591940
0.176520 -10.179304 -1.402351 2185603813
0.176520 -10.189111 -1.490611 2185615814
0.156906 -10.179304 -1.500418 2185627813
0.156906 -10.149883 -1.559257 2185639814
0.215746 -10.140078 -1.461191 2185651957
0.196133 -10.110658 -1.451384 2185663796
0.137293 -10.179304 -1.412158 2185675792
0.137293 -10.198916 -1.441578 2185687792
0.147100 -10.238144 -1.510224 2185699791
0.127486 -10.277370 -1.480804 2185711835
0.098067 -10.218531 -1.588677 2185723832
0.166713 -10.130271 -1.598484 2185735829
0.245166 -10.140078 -1.539644 2185747828
0.196133 -10.169497 -1.549451 2185759829
0.098067 -10.159691 -1.618097 2185771829
0.107873 -10.198916 -1.588677 2185783828
0.127486 -10.218531 -1.618097 2185795828
0.156906 -10.208724 -1.578871 2185807862
0.215746 -10.169497 -1.588677 2185819851
0.294200 -10.169497 -1.588677 2185831889
0.245166 -10.218531 -1.627904 2185843830
0.205940 -10.169497 -1.588677 2185855828
0.186326 -10.149883 -1.529838 2185867829
0.215746 -10.179304 -1.578871 2185879900
0.294200 -10.277370 -1.598484 2185891829
0.304006 -10.218531 -1.647517 2185903829
0.264780 -10.247950 -1.529838 2185915907
0.235360 -10.238144 -1.510224 2185927903
0.147100 -10.159691 -1.431771 2185939900
0.215746 -10.140078 -1.480804 2185951939
0.264780 -10.140078 -1.461191 2185963951
0.284393 -10.218531 -1.470998 2185975934
0.215746 -10.198916 -1.549451 2185987927
0.166713 -10.140078 -1.598484 2185999863
0.147100 -10.218531 -1.588677 2186011926
0.137293 -10.267564 -1.559257 2186023919
0.098067 -10.238144 -1.510224 2186035916
0.156906 -10.238144 -1.441578 2186047919
0.166713 -10.208724 -1.431771 2186059936
0.205940 -10.198916 -1.500418 2186071932
0.264780 -10.257757 -1.539644 2186083932
0.313813 -10.198916 -1.549451 2186095932
0.323619 -10.120463 -1.490611 2186107812
0.392266 -10.179304 -1.510224 2186119812
0.402073 -10.198916 -1.549451 2186131814
0.372653 -10.189111 -1.598484 2186143811
0.333426 -10.189111 -1.637711 2186155813
0.382459 -10.198916 -1.598484 2186167813
0.441299 -10.218531 -1.657324 2186179813
0.490333 -10.228337 -1.627904 2186191813
0.451106 -10.208724 -1.696550 2186203812
0.343233 -10.110658 -1.794617 2186215852
0.411879 -10.159691 -1.755391 2186227852
0.323619 -10.198916 -1.696550 2186239852
0.323619 -10.179304 -1.578871 2186251848
0.353039 -10.179304 -1.510224 2186263850
0.382459 -10.120463 -1.588677 2186275850
0.480526 -10.130271 -1.608291 2186287848
0.490333 -10.130271 -1.686744 2186299851
0.549172 -10.149883 -1.627904 2186311912
0.637432 -10.267564 -1.618097 2186323900
0.647239 -10.267564 -1.529838 2186335948
0.598206 -10.228337 -1.529838 2186347863
0.568786 -10.159691 -1.412158 2186359861
0.470719 -10.110658 -1.402351 2186371925
0.402073 -10.208724 -1.529838 2186383897
0.392266 -10.238144 -1.500418 2186395924
0.323619 -10.159691 -1.549451 2186407923
0.333426 -10.159691 -1.441578 2186419862
0.235360 -10.238144 -1.461191 2186431925
0.215746 -10.306790 -1.451384 2186443932
0.176520 -10.287177 -1.529838 2186455929
0.147100 -10.218531 -1.490611 2186467934
0.186326 -10.169497 -1.520031 2186479932
0.225553 -10.198916 -1.470998 2186491938
0.382459 -10.179304 -1.637711 2186503813
0.353039 -10.120463 -1.608291 2186515815
0.333426 -10.198916 -1.588677 2186527813
0.323619 -10.238144 -1.569064 2186539813
0.196133 -10.336210 -1.402351 2186551812
0.186326 -10.238144 -1.363124 2186563811
0.235360 -10.385243 -1.363124 2186575838
0.215746 -10.316597 -1.451384 2186587801
0.225553 -10.277370 -1.363124 2186599801
0.166713 -10.247950 -1.255251 2186611822
0.166713 -10.238144 -1.304285 2186623834
0.254973 -10.257757 -1.333705 2186635805
0.284393 -10.375437 -1.402351 2186647805
0.313813 -10.267564 -1.216025 2186659804
0.294200 -10.208724 -1.304285 2186671814
0.274586 -10.169497 -1.314091 2186683804
0.264780 -10.198916 -1.265058 2186695805
0.225553 -10.159691 -1.304285 2186707857
0.225553 -10.159691 -1.323898 2186719850
0.245166 -10.247950 -1.333705 2186731852
0.284393 -10.257757 -1.451384 2186743890
0.304006 -10.081238 -1.451384 2186755829
0.284393 -10.296983 -1.343511 2186767829
0.274586 -10.159691 -1.402351 2186779830
0.274586 -10.228337 -1.353318 2186791828
0.304006 -10.198916 -1.333705 2186803828
0.323619 -10.228337 -1.294478 2186815908
0.304006 -10.189111 -1.363124 2186827903
0.235360 -10.238144 -1.412158 2186839900
0.264780 -10.277370 -1.363124 2186851904
0.304006 -10.257757 -1.382738 2186863944
0.304006 -10.208724 -1.372931 2186875937
0.304006 -10.208724 -1.255251 2186887925
0.294200 -10.247950 -1.294478 2186899928
0.225553 -10.238144 -1.363124 2186911859
0.235360 -10.189111 -1.392545 2186923975
0.264780 -10.218531 -1.363124 2186935962
0.294200 -10.238144 -1.363124 2186947962
0.264780 -10.208724 -1.323898 2186959967
0.176520 -10.189111 -1.255251 2186971968
0.137293 -10.140078 -1.206218 2186983967
0.058840 -10.316597 -1.284671 2186995969
0.058840 -10.287177 -1.274865 2187007807
-0.019613 -10.257757 -1.284671 2187019808
-0.019613 -10.179304 -1.137571 2187031804
0.039227 -10.159691 -1.137571 2187043805
0.068647 -10.189111 -1.166991 2187055804
0.098067 -10.179304 -1.078732 2187067805
0.058840 -10.208724 -1.108152 2187079808
0.019613 -10.228337 -1.166991 2187091808
-0.009807 -10.287177 -1.255251 2187103813
-0.019613 -10.238144 -1.206218 2187115807
-0.019613 -10.208724 -1.147378 2187127808
0.019613 -10.189111 -1.098345 2187139804
0.019613 -10.198916 -1.127765 2187151805
0.049033 -10.247950 -1.157185 2187163807
0.029420 -10.238144 -1.127765 2187175807
0.039227 -10.287177 -1.147378 2187187806
0.039227 -10.228337 -1.235638 2187199807
0.058840 -10.228337 -1.235638 2187211835
0.088260 -10.228337 -1.274865 2187223840
0.049033 -10.179304 -1.343511 2187235839
0.117680 -10.208724 -1.255251 2187247841
0.117680 -10.179304 -1.235638 2187259846
0.127486 -10.198916 -1.265058 2187271840
0.127486 -10.218531 -1.363124 2187283839
0.098067 -10.247950 -1.323898 2187295839
0.098067 -10.189111 -1.343511 2187307892
0.137293 -10.140078 -1.274865 2187319914
0.117680 -10.169497 -1.402351 2187331929
0.049033 -10.198916 -1.412158 2187343844
0.127486 -10.218531 -1.402351 2187355848
0.156906 -10.247950 -1.451384 2187367904
0.127486 -10.228337 -1.421964 2187379915
0.049033 -10.238144 -1.304285 2187391903
0.029420 -10.149883 -1.343511 2187403902
0.039227 -10.100850 -1.363124 2187415840
0.078453 -10.149883 -1.372931 2187427842
0.058840 -10.198916 -1.353318 2187439904
0.019613 -10.228337 -1.392545 2187451904
0.029420 -10.228337 -1.372931 2187463901
0.039227 -10.149883 -1.392545 2187475914
-0.009807 -10.189111 -1.392545 2187487842
-0.009807 -10.228337 -1.441578 2187499843
-0.019613 -10.277370 -1.363124 2187511840
-0.009807 -10.247950 -1.402351 2187523841
-0.009807 -10.208724 -1.402351 2187535903
0.049033 -10.198916 -1.372931 2187547901
-0.009807 -10.189111 -1.461191 2187559902
-0.019613 -10.228337 -1.500418 2187571900
-0.009807 -10.198916 -1.461191 2187583842
-0.029420 -10.218531 -1.500418 2187595841
-0.009807 -10.130271 -1.323898 2187607895
-0.019613 -10.091044 -1.314091 2187619914
-0.019613 -10.208724 -1.412158 2187631900
0.009807 -10.169497 -1.539644 2187643943
0.019613 -10.228337 -1.402351 2187655923
-0.009807 -10.228337 -1.392545 2187667865
-0.009807 -10.208724 -1.412158 2187679861
0.019613 -10.208724 -1.520031 2187691906
0.049033 -10.218531 -1.480804 2187703936
0.117680 -10.179304 -1.520031 2187715923
0.107873 -10.247950 -1.451384 2187727923
0.156906 -10.238144 -1.490611 2187739923
0.147100 -10.218531 -1.500418 2187751862
0.147100 -10.257757 -1.510224 2187763927
0.147100 -10.189111 -1.588677 2187775937
0.147100 -10.238144 -1.627904 2187787932
0.186326 -10.169497 -1.520031 2187799943
0.137293 -10.169497 -1.421964 2187811814
0.088260 -10.198916 -1.549451 2187823812
0.156906 -10.140078 -1.667131 2187835814
0.166713 -10.208724 -1.686744 2187847811
0.205940 -10.208724 -1.686744 2187859814
0.254973 -10.189111 -1.657324 2187871812
0.235360 -10.140078 -1.569064 2187883813
0.205940 -10.198916 -1.500418 2187895812
0.196133 -10.189111 -1.559257 2187907839
0.186326 -10.169497 -1.588677 2187919840
0.186326 -10.189111 -1.667131 2187931838
0.186326 -10.159691 -1.618097 2187943839
0.186326 -10.169497 -1.647517 2187955842
0.147100 -10.189111 -1.627904 2187967839
0.117680 -10.198916 -1.490611 2187979840
0.078453 -10.208724 -1.510224 2187991838
0.117680 -10.189111 -1.539644 2188003839
0.176520 -10.189111 -1.549451 2188015880
0.205940 -10.169497 -1.598484 2188027867
0.254973 -10.179304 -1.520031 2188039906
0.254973 -10.198916 -1.431771 2188051844
0.294200 -10.169497 -1.372931 2188063842
0.294200 -10.198916 -1.382738 2188075889
0.274586 -10.208724 -1.441578 2188087844
0.225553 -10.198916 -1.392545 2188099841
0.254973 -10.159691 -1.294478 2188111922
0.264780 -10.179304 -1.284671 2188123924
0.274586 -10.189111 -1.304285 2188135917
0.186326 -10.208724 -1.353318 2188147917
0.127486 -10.179304 -1.353318 2188159917
0.166713 -10.189111 -1.382738 2188171935
0.215746 -10.218531 -1.343511 2188183934
0.254973 -10.189111 -1.363124 2188195942
0.284393 -10.179304 -1.412158 2188207816
0.264780 -10.208724 -1.461191 2188219817
0.215746 -10.198916 -1.470998 2188231813
0.196133 -10.198916 -1.441578 2188243815
0.215746 -10.179304 -1.421964 2188255812
0.225553 -10.208724 -1.451384 2188267812
0.254973 -10.179304 -1.421964 2188279812
0.205940 -10.189111 -1.402351 2188291813
0.225553 -10.179304 -1.431771 2188303814
0.205940 -10.208724 -1.412158 2188315843
0.176520 -10.208724 -1.372931 2188327845
0.156906 -10.267564 -1.343511 2188339839
0.147100 -10.296983 -1.304285 2188351838
0.117680 -10.267564 -1.353318 2188363839
0.186326 -10.198916 -1.382738 2188375840
0.196133 -10.198916 -1.412158 2188387838
0.176520 -10.238144 -1.441578 2188399838
0.205940 -10.247950 -1.382738 2188411891
0.254973 -10.277370 -1.402351 2188423880
0.235360 -10.228337 -1.412158 2188435915
0.215746 -10.218531 -1.421964 2188447902
0.186326 -10.257757 -1.431771 2188459904
0.166713 -10.228337 -1.441578 2188471902
0.225553 -10.247950 -1.510224 2188483841
0.304006 -10.169497 -1.470998 2188495841
0.294200 -10.149883 -1.461191 2188507905
0.333426 -10.179304 -1.441578 2188519914
0.323619 -10.189111 -1.412158 2188531907
0.304006 -10.198916 -1.441578 2188543938
0.225553 -10.189111 -1.480804 2188555948
0.205940 -10.228337 -1.402351 2188567924
0.205940 -10.218531 -1.353318 2188579934
0.215746 -10.208724 -1.323898 2188591866
0.205940 -10.218531 -1.353318 2188603923
0.264780 -10.179304 -1.451384 2188615923
0.225553 -10.169497 -1.470998 2188627924
0.225553 -10.179304 -1.451384 2188639924
0.196133 -10.159691 -1.431771 2188651861
0.176520 -10.218531 -1.363124 2188663862
0.196133 -10.238144 -1.372931 2188675934
0.254973 -10.238144 -1.372931 2188687924
0.294200 -10.238144 -1.441578 2188699923
0.225553 -10.238144 -1.412158 2188711924
0.225553 -10.228337 -1.392545 2188723863
0.225553 -10.218531 -1.382738 2188735865
0.245166 -10.228337 -1.402351 2188747863
0.254973 -10.198916 -1.431771 2188759924
0.264780 -10.179304 -1.451384 2188771925
0.254973 -10.189111 -1.441578 2188783904
0.274586 -10.169497 -1.431771 2188795863
0.274586 -10.179304 -1.441578 2188807928
0.264780 -10.169497 -1.402351 2188819936
0.225553 -10.208724 -1.382738 2188831931
0.245166 -10.179304 -1.431771 2188843932
