1.088538 3.697107 8.825986 26341172816
1.117958 3.716721 8.747533 26341197818
1.117958 3.736334 8.727920 26341222816
1.078732 3.746140 8.718113 26341247817
1.166991 3.795174 8.698500 26341272820
1.206218 3.785367 8.649467 26341297820
1.245445 3.795174 8.688693 26341322825
1.274865 3.804981 8.698500 26341347805
1.216025 3.834401 8.678886 26341372816
1.235638 3.863821 8.727920 26341397814
1.265058 3.834401 8.610240 26341422815
1.265058 3.814787 8.580820 26341447810
1.216025 3.785367 8.610240 26341472814
1.166991 3.746140 8.629853 26341497805
1.176798 3.746140 8.727920 26341522827
1.157185 3.755947 8.767146 26341547817
1.108152 3.697107 8.855406 26341572797
1.108152 3.657881 8.894632 26341597810
1.176798 3.589234 8.914246 26341622821
1.147378 3.599041 8.924053 26341647812
1.157185 3.687301 8.943666 26341672830
1.206218 3.765754 9.012313 26341697825
1.186605 3.893241 9.100572 26341722824
1.078732 3.716721 9.139799 26341747813
0.902212 3.520588 9.237865 26341772818
0.882599 3.442135 9.149606 26341797816
0.774725 3.383295 8.943666 26341822826
0.696272 3.471555 8.855406 26341847814
0.725692 3.569621 8.796566 26341872816
1.049312 3.697107 8.718113 26341897821
1.088538 3.746140 8.767146 26341922815
1.147378 3.736334 8.786759 26341947813
1.157185 3.746140 8.835793 26341972819
1.323898 3.824594 8.865212 26341997820
1.451384 3.893241 8.914246 26342022820
1.500418 4.020727 8.953472 26342047808
1.657324 4.128600 8.933860 26342072813
1.765197 4.197247 8.914246 26342097812
1.971137 4.128600 8.816179 26342122831
1.941717 4.265893 8.816179 26342147819
1.735777 4.569900 8.776953 26342172815
1.853457 4.579706 8.649467 26342197819
1.941717 4.687580 8.659273 26342222830
2.020170 4.746419 8.463140 26342247816
1.804424 4.903326 8.335654 26342272805
1.794617 4.942552 8.198360 26342297811
1.725971 4.981779 8.178747 26342322822
1.735777 4.952359 8.149327 26342347807
1.598484 5.040619 7.786481 26342372818
1.421964 4.952359 7.600155 26342397811
1.431771 4.805259 7.551122 26342422826
2.177077 4.834679 7.247115 26342447806
2.765476 5.040619 6.697943 26342472819
3.393101 5.481918 5.736891 26342497808
3.961887 5.883991 5.021006 26342522817
5.452498 6.148770 3.147935 26342547809
5.864377 6.227223 2.314370 26342572828
5.883991 6.148770 1.873070 26342597818
6.031090 6.001670 1.470998 26342622830
6.070317 5.834958 1.117958 26342647825
6.266450 5.550564 0.784532 26342672828
6.629296 5.325011 0.323619 26342697825
7.080402 5.050425 -0.147100 26342722828
7.413828 4.824872 -0.617819 26342747805
7.776674 4.638546 -1.039505 26342772827
8.090487 4.520866 -1.676937 26342797818
8.502367 4.030534 -2.010364 26342822829
8.825986 3.677494 -2.363403 26342847811
9.159412 3.579428 -2.785089 26342872822
9.286899 3.285228 -2.981222 26342897836
9.747811 2.579149 -3.304842 26342922832
10.012591 2.235916 -3.834401 26342947813
10.002784 2.128043 -4.079567 26342972826
9.914525 1.941717 -3.804981 26342997827
9.590905 1.137571 -3.569621 26343022813
9.502645 1.068925 -3.746140 26343047821
9.571292 0.764919 -4.354153 26343072825
9.885104 0.460913 -5.550564 26343097819
9.904717 0.274586 -5.982057 26343122829
9.816459 0.156906 -6.158577 26343147822
9.796844 0.107873 -6.138963 26343172799
9.453611 -0.402073 -6.825429 26343197837
9.188832 -0.696272 -6.756783 26343222829
8.727920 -1.157185 -6.590069 26343247986
8.168941 -1.706357 -6.717556 26343272840
7.727641 -2.461469 -6.962722 26343297814
7.972808 -2.471276 -7.217695 26343322842
8.100294 -2.451663 -7.178468 26343347837
7.806095 -3.138128 -6.580263 26343372780
7.482475 -3.049868 -6.786202 26343397783
7.433442 -3.089095 -7.119628 26343422822
7.109822 -3.363681 -7.315762 26343447826
6.648909 -3.638267 -7.443248 26343472824
6.629296 -3.599041 -7.717835 26343497828
6.727362 -3.422521 -7.963001 26343522831
7.139242 -2.961608 -7.864934 26343547812
7.139242 -3.226388 -7.629575 26343572821
7.423635 -3.098902 -7.776674 26343597823
7.453054 -3.020448 -7.639381 26343622824
6.207610 -3.687301 -7.629575 26343647825
6.903882 -3.442135 -7.678608 26343672829
6.756783 -3.510781 -7.521701 26343697825
6.462583 -3.667687 -7.531508 26343722806
5.736891 -4.393380 -7.354988 26343747813
5.874184 -4.187440 -7.619768 26343772829
5.962444 -4.197247 -7.757061 26343797833
6.138963 -4.256087 -7.904161 26343822815
6.619490 -4.324733 -7.629575 26343847823
6.776396 -4.108987 -7.423635 26343872834
6.756783 -4.177633 -7.276535 26343897819
6.864655 -4.138407 -7.364795 26343922835
6.933302 -3.991307 -7.247115 26343947814
6.923496 -3.903047 -7.119628 26343972827
6.992142 -3.618654 -7.139242 26343997810
6.815622 -3.814787 -7.149048 26344022847
6.717556 -3.481361 -6.992142 26344047819
6.462583 -3.334261 -7.247115 26344072820
6.688136 -2.981222 -7.335375 26344097818
6.874462 -3.618654 -7.541315 26344122823
6.952915 -3.844207 -7.462861 26344147826
7.041175 -3.873627 -7.188275 26344172813
6.688136 -4.118793 -6.531229 26344197780
6.305676 -4.030534 -6.374323 26344222818
6.943109 -3.903047 -7.021562 26344247818
6.717556 -4.511060 -7.374601 26344272801
6.364516 -4.903326 -7.247115 26344297816
6.756783 -4.824872 -7.296148 26344322819
6.305676 -5.423078 -7.747255 26344347834
5.942831 -5.903604 -8.747533 26344372822
6.374323 -3.128322 -6.599876 26344397816
6.011477 -3.530394 -7.688415 26344422820
6.717556 -3.442135 -8.100294 26344447809
6.639102 -3.236195 -7.178468 26344472806
6.266450 -3.275421 -8.090487 26344497818
6.050704 -3.363681 -7.933581 26344522811
5.991864 -3.412714 -7.904161 26344547817
6.933302 -3.246001 -7.315762 26344572797
6.737169 -2.314370 -7.815901 26344597844
6.403743 -1.029698 -7.668801 26344622827
6.384130 -0.431493 -7.708028 26344647815
6.266450 -0.902212 -7.776674 26344672802
6.129157 -2.039783 -8.257200 26344697818
5.746698 -3.020448 -8.208167 26344722820
5.579985 -3.834401 -8.110101 26344747817
5.844764 -3.854014 -8.414106 26344772805
5.991864 -3.618654 -8.639660 26344797809
5.511338 -3.893241 -8.727920 26344822796
5.766311 -3.912854 -8.414106 26344847816
6.021284 -4.962165 -7.913968 26344872798
6.060511 -4.864099 -8.119907 26344897809
5.962444 -4.265893 -8.414106 26344922819
6.021284 -4.197247 -8.502367 26344947803
6.080123 -4.128600 -8.796566 26344972800
6.227223 -3.648074 -8.374881 26344997813
5.942831 -3.147935 -7.717835 26345022812
6.138963 -3.373488 -7.923775 26345047820
6.197803 -3.246001 -8.286621 26345072806
6.050704 -3.118515 -8.041454 26345097825
5.952637 -3.079288 -8.541594 26345122818
5.305398 -2.775282 -8.414106 26345147813
6.109544 -2.696829 -9.061346 26345172792
6.580263 -3.157742 -8.855406 26345197807
6.550843 -3.353875 -8.443527 26345222830
6.060511 -3.295035 -8.227780 26345247823
5.972251 -3.304842 -8.237587 26345272794
6.021284 -3.304842 -8.217974 26345297831
6.129157 -3.059675 -7.923775 26345322818
5.805537 -2.608569 -7.982615 26345347813
6.276257 -2.961608 -8.110101 26345372810
6.570456 -2.951802 -8.090487 26345397804
6.472390 -2.941995 -7.933581 26345422797
6.286063 -3.040062 -7.825707 26345447817
6.080123 -3.079288 -7.717835 26345472812
5.629018 -2.843929 -7.904161 26345497827
6.060511 -2.628183 -8.041454 26345522818
6.560650 -2.579149 -7.786481 26345547826
6.727362 -2.726249 -7.698222 26345572830
5.952637 -3.432328 -7.835515 26345597825
6.570456 -3.383295 -7.570735 26345622847
6.609683 -3.226388 -7.560929 26345647831
6.648909 -3.246001 -7.609962 26345672814
6.560650 -3.167548 -7.551122 26345697828
6.344903 -2.785089 -7.443248 26345722830
6.423357 -2.657602 -7.541315 26345747820
6.442970 -2.912575 -7.619768 26345772825
6.550843 -3.667687 -7.198082 26345797823
6.452776 -4.648353 -6.982336 26345822830
6.344903 -5.756504 -6.727362 26345847804
6.129157 -6.237030 -6.864655 26345872821
6.060511 -5.030812 -7.345181 26345897825
6.148770 -4.638546 -7.590348 26345922874
6.364516 -4.265893 -8.090487 26345947823
6.619490 -3.834401 -7.668801 26345972832
6.746976 -4.010921 -7.609962 26345997811
6.766589 -4.167827 -7.609962 26346022818
6.609683 -4.118793 -7.796288 26346047820
6.482196 -3.991307 -7.453054 26346072822
6.550843 -3.903047 -7.462861 26346097826
6.590069 -3.922661 -7.590348 26346122823
6.541036 -4.079567 -7.541315 26346147795
