5.232500 -7.367500 -1.942500 26341200985
5.967500 -1.417500 -0.962500 26341225997
5.232500 -2.730000 0.140000 26341251000
7.070000 -10.062500 -0.665000 26341275996
4.602500 -10.465000 -0.560000 26341300985
0.577500 -6.422500 0.402500 26341325997
-0.560000 -5.162500 -1.417500 26341351116
0.822500 -7.980000 -3.080000 26341375996
1.312500 -7.752500 -1.645000 26341401466
1.855000 -5.792500 -1.890000 26341426049
2.852500 -6.772500 -5.162500 26341450999
1.400000 -6.160000 -8.400000 26341475991
-0.682500 -5.757500 -7.787500 26341500982
0.087500 -6.072500 -5.967500 26341526104
-0.490000 -8.050000 -4.165000 26341551003
-1.487500 -10.517500 -2.660000 26341575996
-1.225000 -10.972500 -0.542500 26341601009
1.102500 -4.147500 -1.960000 26341626027
3.307500 -4.480000 -2.205000 26341651002
4.340000 -6.912500 -1.207500 26341675986
5.477500 -1.837500 -2.047500 26341701007
3.447500 5.582500 2.135000 26341725976
-0.192500 17.920000 15.855000 26341751000
-4.882500 15.662500 18.690001 26341775984
-2.152500 -7.997500 9.835000 26341801007
13.265000 -8.715000 9.660000 26341825977
22.137501 -8.312500 10.657500 26341851002
26.075001 -11.882500 14.035000 26341875992
25.795000 -7.630000 13.965000 26341901023
18.094999 -2.117500 12.740000 26341925978
13.160000 -5.705000 11.462500 26341951028
15.837500 -11.095000 11.270000 26341975984
19.197500 -16.432501 11.112500 26342001066
19.424999 -17.990000 11.287500 26342025979
15.610000 -18.830000 12.827500 26342051042
16.065001 -22.365000 13.002500 26342075980
17.377501 -24.850000 13.230000 26342101004
20.615000 -12.652500 14.262500 26342125979
23.922501 9.590000 15.015000 26342150999
27.527500 -8.295000 15.522500 26342175981
24.482500 -17.605000 15.505000 26342201009
25.865000 -10.307500 7.665000 26342225980
38.325001 -7.630000 2.782500 26342251000
48.160000 -14.525000 1.172500 26342275988
53.480000 -23.887501 5.600000 26342301015
58.555000 -26.040001 11.130000 26342325983
62.772499 -27.107500 13.860000 26342351003
71.540001 -23.100000 34.230000 26342375971
79.029999 -17.342501 56.139999 26342401014
75.547501 -33.057499 95.095001 26342425983
84.332497 -69.597504 103.425003 26342451004
113.855003 -94.184998 105.910004 26342475983
140.857498 -118.597504 100.257500 26342501011
146.475006 -127.907501 98.209999 26342525984
138.442505 -129.289993 96.879997 26342551002
135.712494 -78.434998 89.669998 26342575982
110.057503 -47.547501 90.387497 26342601009
84.437500 -47.215000 85.802498 26342625981
78.312500 -64.977501 84.980003 26342651013
83.544998 -94.692497 91.769997 26342675979
95.182503 -103.862503 95.322502 26342701008
111.072502 -93.187500 91.997498 26342725985
100.275002 -89.617500 95.462502 26342750990
93.834999 -63.770000 101.972504 26342775971
84.735001 -38.622501 102.235001 26342801007
66.097504 -34.090000 101.324997 26342825984
39.672501 -43.084999 97.842499 26342850994
39.917500 -39.147499 96.862503 26342875995
37.502499 -57.785000 95.375000 26342901007
11.147500 -77.682503 87.762497 26342926007
14.175000 -82.862503 81.252502 26342950993
24.342501 -56.560001 84.822502 26342975995
-4.987500 -59.849998 76.457497 26343001008
-27.335001 -81.462502 65.607498 26343026006
-10.867500 -93.940002 85.872498 26343050994
9.537500 -111.474998 99.102501 26343075996
13.142500 -103.949997 87.237503 26343101013
15.995000 -91.577499 81.357498 26343126016
10.762500 -78.715004 84.927498 26343151003
19.967501 -82.162498 86.677498 26343176004
13.195000 -68.425003 75.459999 26343201012
1.767500 -58.695000 65.590004 26343226685
1.050000 -63.385002 70.717499 26343251059
10.097500 -72.239998 83.019997 26343276020
10.622500 -69.002502 95.287498 26343301016
8.732500 -59.272499 90.264999 26343325992
-2.660000 -26.180000 79.817497 26343351002
-26.215000 -8.067500 74.480003 26343376013
-9.537500 -8.960000 72.625000 26343401003
6.387500 2.222500 59.027500 26343426008
7.227500 11.777500 37.380001 26343451001
2.065000 -8.242500 35.070000 26343475997
10.097500 -22.889999 37.485001 26343501010
7.805000 -16.642500 32.042500 26343525996
-6.107500 -6.300000 28.227501 26343551006
-16.292500 -14.437500 29.137501 26343575983
-13.317500 -15.190001 20.440001 26343600983
-13.965000 -6.632500 7.735000 26343626014
-16.730000 -8.487500 -5.985000 26343650982
-14.437500 -3.482500 -8.907500 26343675985
-11.025000 -3.990000 -16.309999 26343701034
-0.402500 -4.340000 -9.957500 26343725982
-2.485000 -3.150000 10.115000 26343751072
3.237500 15.977500 21.542500 26343776008
-21.559999 24.167500 22.977501 26343800991
-22.469999 20.982500 25.567499 26343825982
-20.142500 21.174999 19.792500 26343851005
-11.567500 21.174999 17.517500 26343875980
-7.980000 20.475000 16.730000 26343901036
-9.240000 10.220000 22.032499 26343926008
-16.660000 9.502500 24.605000 26343950989
-16.835001 15.015000 23.100000 26343976006
-14.822500 25.287500 29.907499 26344000989
-21.700001 24.465000 31.832500 26344026017
-20.492500 0.665000 34.930000 26344050988
-19.967501 11.392500 39.970001 26344075986
-16.397501 12.582500 41.090000 26344100992
-23.222500 14.035000 32.042500 26344126009
-21.122499 7.227500 16.712500 26344150976
-17.010000 0.175000 10.202500 26344176007
-17.762501 3.780000 13.370000 26344200989
-37.362499 -8.417500 -10.990000 26344226009
-55.422501 -12.652500 14.997500 26344250987
-52.832500 -12.022500 34.037498 26344275973
-58.922501 -12.250000 21.122499 26344300994
-58.782501 -8.347500 31.097500 26344326005
-53.672501 -6.667500 27.387501 26344350974
-54.547501 -8.085000 3.780000 26344376009
-19.862499 -12.967500 -4.760000 26344400994
5.967500 -41.790001 2.047500 26344426012
1.435000 -35.262501 -8.120000 26344450988
3.640000 10.640000 -3.972500 26344475983
-9.135000 -8.522500 1.750000 26344501001
-6.335000 -5.687500 -2.467500 26344526005
2.730000 -4.917500 -7.700000 26344550953
-1.155000 4.007500 -2.135000 26344576004
-10.150000 -7.805000 10.360000 26344600994
2.677500 -8.522500 16.764999 26344626005
3.692500 -19.180000 8.575000 26344650982
-10.255000 -22.049999 13.387500 26344676005
-13.387500 -29.505001 24.045000 26344700987
-13.825000 -6.650000 39.112499 26344726011
-14.857500 1.452500 30.835001 26344750982
-22.889999 -1.260000 14.262500 26344776004
-18.462500 0.262500 -2.170000 26344800986
-16.520000 12.547500 5.057500 26344826006
-17.237499 11.812500 28.542500 26344850978
-17.727501 1.592500 24.395000 26344876002
-17.955000 -6.492500 13.440001 26344900982
-16.397501 -8.172500 6.545000 26344926013
-8.347500 -17.219999 1.085000 26344950979
0.367500 -12.652500 -4.847500 26344976000
3.727500 24.780001 -5.687500 26345000984
4.760000 10.307500 7.787500 26345026008
5.530000 -7.525000 3.990000 26345051005
-0.962500 -7.157500 -0.017500 26345076009
0.280000 -8.032500 -1.522500 26345101013
2.765000 -3.097500 -2.590000 26345126023
4.707500 -29.330000 -0.822500 26345151006
7.017500 -8.312500 10.955000 26345176003
2.800000 1.610000 6.002500 26345201021
4.305000 3.272500 -0.770000 26345226016
1.295000 3.220000 -0.105000 26345251009
4.025000 -0.490000 -1.575000 26345276008
3.080000 7.332500 -2.607500 26345301020
2.047500 12.355000 -3.395000 26345326022
-0.280000 16.030001 -6.615000 26345351009
0.577500 2.310000 -4.060000 26345376009
-2.205000 10.902500 9.170000 26345401009
-3.535000 7.770000 13.545000 26345426005
-2.940000 8.662500 13.755000 26345451001
-2.310000 2.345000 12.967500 26345476023
-3.395000 -3.570000 7.017500 26345501011
-1.977500 12.547500 -0.840000 26345526011
-2.905000 8.540000 10.797500 26345551008
-4.742500 8.715000 18.462500 26345576009
-3.745000 22.767500 9.940000 26345601008
-7.087500 11.287500 16.292500 26345626026
-4.690000 11.620000 17.990000 26345651014
-4.112500 9.765000 21.752501 26345676011
-4.917500 15.802500 21.525000 26345701051
-7.420000 9.905000 25.672501 26345726011
-5.722500 8.715000 37.887501 26345751011
-7.262500 15.365000 49.822498 26345776012
-4.602500 15.242500 61.092499 26345801010
-5.110000 7.927500 58.502499 26345826009
-7.315000 -5.197500 44.834999 26345851006
-10.202500 -20.387501 9.800000 26345876004
-13.650000 -23.502501 1.050000 26345901013
-14.945000 -18.340000 1.277500 26345926019
-11.987500 -8.662500 -1.172500 26345951020
-0.910000 -7.997500 -2.695000 26345976009
3.815000 -10.517500 3.850000 26346001013
3.062500 -18.760000 1.820000 26346026004
7.770000 -22.014999 -1.575000 26346051004
11.112500 -16.012501 -2.607500 26346076015
7.945000 -9.555000 0.035000 26346101009
8.557500 -6.545000 3.027500 26346125998
9.135000 -8.242500 5.460000 26346151010
3.290000 -7.420000 6.457500 26346176002
