4.920000 8.639999 -0.360000 26341186433
4.920000 9.000000 -0.360000 26341211495
4.980000 8.820000 -0.180000 26341236286
5.100000 8.700000 -0.420000 26341261307
4.980000 8.580000 -0.060000 26341286447
4.800000 8.760000 -0.240000 26341311473
4.860000 8.580000 -0.180000 26341336278
4.980000 8.460000 -0.180000 26341361634
5.280000 8.760000 -0.720000 26341386441
5.040000 8.520000 -0.360000 26341411637
4.680000 8.280000 -0.480000 26341436283
5.160000 8.520000 -0.240000 26341461395
4.980000 8.700000 -0.180000 26341486448
4.860000 8.700000 -0.300000 26341511616
4.920000 8.760000 -0.120000 26341536286
4.800000 8.760000 -0.480000 26341561394
5.100000 8.700000 -0.420000 26341586437
5.100000 8.580000 -0.420000 26341611601
5.040000 8.639999 -0.420000 26341636289
5.220000 8.700000 -0.180000 26341661396
5.040000 8.639999 -0.600000 26341686466
5.040000 8.520000 -0.480000 26341711606
4.980000 8.700000 -0.540000 26341736283
4.860000 8.700000 -0.300000 26341761394
5.160000 8.639999 -0.240000 26341786439
5.040000 8.520000 -0.120000 26341811602
5.160000 8.639999 -0.360000 26341836293
5.100000 8.460000 -0.300000 26341861380
5.100000 8.460000 -0.420000 26341886443
5.100000 8.340000 -0.300000 26341911610
5.340000 8.460000 -0.180000 26341936307
5.160000 8.400000 -0.240000 26341961406
5.160000 8.160000 -0.480000 26341986450
4.920000 8.040000 -0.480000 26342011647
4.980000 8.099999 -0.660000 26342036279
5.040000 7.800000 -0.360000 26342061419
4.920000 7.920000 -0.720000 26342086425
5.100000 7.740000 -0.780000 26342111609
5.100000 7.860000 -0.540000 26342136293
5.220000 7.860000 -0.660000 26342161411
4.980000 7.380000 -0.780000 26342186438
4.920000 7.680000 -0.840000 26342211629
5.100000 7.740000 -1.020000 26342236277
4.740000 7.620000 -0.660000 26342261423
4.800000 7.440000 -0.720000 26342286450
4.860000 6.900000 -0.660000 26342311613
4.800000 6.960000 -0.840000 26342336294
5.040000 6.840000 -0.960000 26342361401
4.680000 6.480000 -0.720000 26342386439
4.560000 6.360000 -0.840000 26342411617
4.500000 5.820000 -0.660000 26342436298
4.140000 5.460000 -1.020000 26342461441
4.020000 5.220000 -0.780000 26342486435
3.480000 4.920000 -0.720000 26342511611
3.240000 3.960000 -0.960000 26342536289
2.580000 4.140000 -0.540000 26342561408
2.160000 3.840000 -0.360000 26342586621
2.340000 3.660000 -0.300000 26342611796
2.220000 3.540000 -0.420000 26342636484
2.040000 3.240000 -0.420000 26342661615
1.500000 3.180000 -0.060000 26342686915
0.840000 3.000000 0.360000 26342712035
0.420000 3.060000 0.420000 26342736713
0.600000 2.760000 0.840000 26342761793
-0.180000 2.700000 1.140000 26342786827
-0.060000 2.820000 0.780000 26342812031
-0.480000 2.760000 1.200000 26342836688
-0.480000 3.120000 1.320000 26342861806
-0.900000 3.060000 1.020000 26342886842
-1.140000 3.060000 1.380000 26342912039
-1.080000 3.600000 1.560000 26342936757
-1.500000 3.540000 1.980000 26342961808
-1.620000 3.780000 1.980000 26342986845
-1.440000 3.960000 1.920000 26343012043
-2.040000 3.960000 1.800000 26343036699
-2.640000 4.080000 2.520000 26343061796
-2.700000 4.740000 2.700000 26343086826
-2.700000 4.620000 2.700000 26343111798
-3.120000 4.800000 3.000000 26343136497
-3.300000 4.740000 3.540000 26343161610
-3.000000 5.280000 3.600000 26343186626
-3.120000 5.160000 3.600000 26343211829
-3.300000 5.100000 3.660000 26343236593
-3.660000 5.820000 3.900000 26343261727
-3.360000 6.120000 4.080000 26343286806
-3.300000 6.060000 4.260000 26343311885
-3.360000 6.480000 4.800000 26343336511
-3.360000 6.960000 4.680000 26343362837
-3.360000 6.720000 4.560000 26343386645
-3.000000 7.200000 4.680000 26343411852
-3.060000 7.500000 4.620000 26343436485
-2.880000 7.320000 4.320000 26343461593
-3.360000 7.320000 4.440000 26343486629
-3.240000 7.680000 4.560000 26343511844
-3.000000 7.560000 4.440000 26343536497
-3.000000 7.560000 4.200000 26343561607
-3.480000 7.920000 4.560000 26343586640
-3.240000 8.160000 4.560000 26343611822
-3.180000 7.980000 4.860000 26343636482
-3.060000 7.740000 4.740000 26343661602
-3.480000 7.680000 4.920000 26343686635
-3.420000 7.740000 4.620000 26343711826
-3.180000 7.860000 4.500000 26343736475
-3.000000 7.800000 4.560000 26343761599
-3.180000 7.860000 4.620000 26343786643
-2.820000 8.099999 4.260000 26343811819
-2.940000 8.099999 4.140000 26343836480
-3.120000 8.040000 4.440000 26343861613
-3.120000 8.280000 4.320000 26343886640
-3.120000 8.280000 4.320000 26343911815
-2.880000 8.160000 4.200000 26343936636
-3.000000 8.280000 4.200000 26343961620
-2.880000 8.520000 3.960000 26343986816
-2.700000 8.820000 4.260000 26344011900
-2.580000 8.340000 4.020000 26344036483
-2.460000 8.460000 4.140000 26344061611
-2.760000 9.000000 3.960000 26344086900
-2.760000 8.760000 4.200000 26344111825
-2.640000 9.000000 4.320000 26344136767
-2.220000 8.700000 4.020000 26344161627
-2.760000 9.240000 4.080000 26344186617
-2.700000 9.059999 4.260000 26344211848
-2.460000 9.059999 4.020000 26344236699
-2.580000 9.179999 4.260000 26344261615
-2.520000 9.719999 4.200000 26344286624
-2.580000 9.420000 4.140000 26344311833
-2.340000 9.420000 4.380000 26344336642
-2.400000 9.960000 4.680000 26344361800
-2.820000 9.540000 4.620000 26344386820
-2.400000 9.360000 4.680000 26344411899
-2.460000 9.660000 4.740000 26344436302
-2.280000 9.360000 4.680000 26344461419
-2.280000 9.719999 5.160000 26344486706
-2.400000 9.599999 4.920000 26344511830
-2.520000 9.360000 4.800000 26344536545
-2.400000 9.480000 4.680000 26344561443
-2.340000 9.540000 5.100000 26344586427
-2.400000 9.840000 4.800000 26344612247
-2.160000 9.719999 4.440000 26344636332
-2.760000 9.719999 4.920000 26344661422
-2.520000 9.480000 4.680000 26344686452
-2.220000 9.540000 4.860000 26344711626
-2.160000 9.599999 4.680000 26344736295
-2.160000 9.960000 5.160000 26344761419
-2.340000 9.900000 4.860000 26344786434
-2.160000 9.719999 4.920000 26344811621
-2.100000 9.780000 4.740000 26344836317
-2.220000 9.900000 5.220000 26344861409
-2.220000 10.020000 5.100000 26344886434
-2.040000 10.320000 4.680000 26344911622
-2.280000 9.840000 4.920000 26344936299
-2.220000 10.020000 5.100000 26344961407
-2.100000 9.900000 4.860000 26344986441
-2.100000 10.139999 4.740000 26345011654
-2.100000 10.020000 4.860000 26345036304
-1.980000 10.020000 4.980000 26345061417
-2.160000 9.960000 4.800000 26345086472
-2.340000 10.139999 4.860000 26345111634
-2.280000 9.840000 5.040000 26345136289
-1.860000 10.139999 4.980000 26345161425
-2.220000 10.139999 4.860000 26345186455
-2.040000 10.200000 4.920000 26345213397
-1.860000 10.020000 5.220000 26345236488
-2.100000 10.020000 4.620000 26345261433
-2.100000 10.139999 4.740000 26345286463
-2.100000 9.900000 4.980000 26345311621
-2.460000 10.139999 4.740000 26345336298
-2.400000 10.080000 5.040000 26345361447
-1.920000 9.960000 4.800000 26345386455
-1.920000 10.080000 4.560000 26345411623
-1.920000 9.960000 4.560000 26345436309
-2.040000 10.080000 4.800000 26345461429
-1.860000 10.500000 4.380000 26345486444
-2.100000 9.900000 4.740000 26345511635
-1.920000 10.200000 4.680000 26345536293
-2.100000 10.139999 4.500000 26345561412
-2.160000 10.559999 4.680000 26345586438
-2.100000 10.380000 4.620000 26345611709
-1.860000 10.260000 4.740000 26345636358
-1.740000 10.260000 4.380000 26345661438
-1.980000 10.139999 4.500000 26345686478
-1.680000 10.559999 4.320000 26345711699
-1.740000 10.260000 4.140000 26345736324
-1.620000 10.740000 4.260000 26345761311
-1.380000 10.620000 4.380000 26345786656
-1.320000 10.679999 4.200000 26345811811
-1.140000 10.980000 4.500000 26345836468
-1.200000 10.920000 4.440000 26345861472
-1.080000 11.160000 4.320000 26345886614
-1.140000 10.860000 4.500000 26345912841
-1.440000 10.920000 4.560000 26345936534
-1.320000 11.280000 4.560000 26345961497
-0.960000 11.160000 4.440000 26345986674
-1.140000 11.099999 4.500000 26346011744
-1.080000 10.920000 4.680000 26346036506
-1.620000 11.099999 4.500000 26346061471
-1.320000 10.920000 4.320000 26346086683
-1.260000 10.860000 4.380000 26346111696
-1.020000 11.099999 4.500000 26346136479
-1.080000 10.800000 4.560000 26346161484
