0.000000 26341172816
0.000000 26341197818
0.000000 26341222816
0.000000 26341247817
0.000000 26341272820
0.000000 26341297820
0.000000 26341322825
0.000000 26341347805
0.000000 26341372816
0.000000 26341397814
0.000000 26341422815
0.000000 26341447810
0.000000 26341472814
0.000000 26341497805
0.000000 26341522827
0.000000 26341547817
0.000000 26341572797
0.000000 26341597810
0.000000 26341622821
0.000000 26341647812
0.000000 26341672830
0.000000 26341697825
0.000000 26341722824
0.000000 26341747813
0.000000 26341772818
0.000000 26341797816
0.000000 26341822826
0.000000 26341847814
0.000000 26341872816
0.000000 26341897821
0.000000 26341922815
0.000000 26341947813
0.000000 26341972819
0.000000 26341997820
0.000000 26342022820
0.000000 26342047808
0.000000 26342072813
0.000000 26342097812
0.000000 26342122831
0.000000 26342147819
0.000000 26342172815
0.000000 26342197819
0.000000 26342222830
0.000000 26342247816
0.000000 26342272805
0.000000 26342297811
0.000000 26342322822
0.000000 26342347807
0.000000 26342372818
0.000000 26342397811
0.000000 26342422826
0.000000 26342447806
0.000000 26342472819
0.000000 26342497808
0.000000 26342522817
0.000000 26342547809
0.000000 26342572828
0.000000 26342597818
0.000000 26342622830
0.000000 26342647825
0.000000 26342672828
0.000000 26342697825
0.000000 26342722828
0.000000 26342747805
0.000000 26342772827
0.000000 26342797818
0.000000 26342822829
0.000000 26342847811
0.000000 26342872822
0.000000 26342897836
0.000000 26342922832
0.000000 26342947813
0.000000 26342972826
0.000000 26342997827
0.000000 26343022813
0.000000 26343047821
0.000000 26343072825
0.000000 26343097819
5.000000 26343122829
5.000000 26343147822
5.000000 26343172799
5.000000 26343197837
5.000000 26343222829
5.000000 26343247986
5.000000 26343272840
5.000000 26343297814
5.000000 26343322842
5.000000 26343347837
5.000000 26343372780
5.000000 26343397783
5.000000 26343422822
5.000000 26343447826
5.000000 26343472824
5.000000 26343497828
5.000000 26343522831
5.000000 26343547812
5.000000 26343572821
5.000000 26343597823
5.000000 26343622824
5.000000 26343647825
5.000000 26343672829
5.000000 26343697825
5.000000 26343722806
5.000000 26343747813
5.000000 26343772829
5.000000 26343797833
5.000000 26343822815
5.000000 26343847823
5.000000 26343872834
5.000000 26343897819
5.000000 26343922835
5.000000 26343947814
5.000000 26343972827
5.000000 26343997810
5.000000 26344022847
5.000000 26344047819
5.000000 26344072820
5.000000 26344097818
5.000000 26344122823
5.000000 26344147826
5.000000 26344172813
5.000000 26344197780
5.000000 26344222818
5.000000 26344247818
5.000000 26344272801
5.000000 26344297816
5.000000 26344322819
5.000000 26344347834
5.000000 26344372822
5.000000 26344397816
5.000000 26344422820
5.000000 26344447809
5.000000 26344472806
5.000000 26344497818
5.000000 26344522811
5.000000 26344547817
5.000000 26344572797
5.000000 26344597844
5.000000 26344622827
5.000000 26344647815
5.000000 26344672802
5.000000 26344697818
5.000000 26344722820
5.000000 26344747817
5.000000 26344772805
5.000000 26344797809
5.000000 26344822796
5.000000 26344847816
5.000000 26344872798
5.000000 26344897809
5.000000 26344922819
5.000000 26344947803
5.000000 26344972800
5.000000 26344997813
5.000000 26345022812
5.000000 26345047820
5.000000 26345072806
5.000000 26345097825
5.000000 26345122818
5.000000 26345147813
5.000000 26345172792
5.000000 26345197807
5.000000 26345222830
5.000000 26345247823
5.000000 26345272794
5.000000 26345297831
5.000000 26345322818
5.000000 26345347813
5.000000 26345372810
5.000000 26345397804
5.000000 26345422797
5.000000 26345447817
5.000000 26345472812
5.000000 26345497827
5.000000 26345522818
5.000000 26345547826
5.000000 26345572830
5.000000 26345597825
5.000000 26345622847
5.000000 26345647831
5.000000 26345672814
5.000000 26345697828
5.000000 26345722830
5.000000 26345747820
5.000000 26345772825
5.000000 26345797823
5.000000 26345822830
5.000000 26345847804
5.000000 26345872821
5.000000 26345897825
5.000000 26345922874
5.000000 26345947823
5.000000 26345972832
5.000000 26345997811
5.000000 26346022818
5.000000 26346047820
5.000000 26346072822
5.000000 26346097826
5.000000 26346122823
5.000000 26346147795
