0.780000 -11.099999 2.820000 27848191932
0.780000 -11.219999 2.940000 27848216857
1.080000 -10.920000 2.760000 27848247664
0.540000 -11.340000 2.700000 27848266857
0.960000 -11.160000 2.640000 27848291848
1.080000 -11.280000 2.640000 27848317102
0.780000 -11.099999 2.820000 27848341908
0.840000 -11.400000 2.640000 27848366911
0.840000 -11.400000 2.880000 27848391910
0.900000 -11.099999 2.700000 27848417144
0.720000 -11.040000 2.760000 27848441918
0.600000 -11.040000 3.000000 27848466906
0.780000 -11.340000 3.060000 27848491933
0.600000 -11.639999 2.760000 27848517121
1.140000 -11.099999 2.940000 27848541901
0.600000 -11.160000 3.120000 27848566921
0.780000 -11.219999 3.060000 27848591897
0.600000 -11.040000 2.520000 27848617108
0.900000 -11.219999 3.060000 27848641925
0.780000 -11.099999 3.060000 27848666901
0.600000 -11.160000 3.120000 27848691914
0.540000 -11.099999 2.940000 27848717136
0.660000 -10.980000 2.940000 27848741907
0.480000 -11.160000 3.000000 27848766913
0.600000 -11.160000 3.240000 27848791933
0.660000 -11.460000 2.700000 27848817122
0.540000 -11.099999 2.940000 27848841901
0.660000 -11.340000 2.940000 27848866904
0.540000 -11.219999 3.300000 27848891895
0.480000 -11.160000 3.240000 27848917131
0.240000 -11.040000 3.120000 27848941893
0.480000 -11.400000 2.760000 27848966900
0.180000 -11.219999 2.940000 27848991901
0.300000 -11.460000 2.820000 27849017144
0.180000 -11.219999 2.700000 27849041906
0.300000 -11.219999 2.940000 27849066925
0.480000 -11.280000 2.640000 27849091904
0.180000 -11.340000 2.820000 27849117111
-0.120000 -11.520000 3.120000 27849141895
0.120000 -11.400000 2.880000 27849167074
0.120000 -11.160000 2.760000 27849191891
-0.240000 -11.400000 2.880000 27849217099
-0.240000 -11.280000 2.760000 27849241911
0.120000 -11.520000 3.360000 27849266901
0.060000 -11.219999 3.540000 27849291898
0.060000 -11.219999 3.420000 27849317085
0.060000 -11.099999 3.540000 27849341890
0.360000 -11.040000 4.080000 27849366897
0.060000 -10.620000 4.380000 27849391907
0.180000 -10.380000 4.980000 27849417101
0.480000 -10.080000 5.520000 27849449842
0.420000 -9.780000 5.940000 27849466908
0.480000 -9.000000 6.000000 27849492111
1.140000 -8.340000 6.300000 27849517133
1.560000 -8.160000 6.360000 27849541897
1.980000 -7.620000 6.540000 27849566884
2.520000 -7.200000 6.600000 27849592140
2.580000 -6.180000 6.180000 27849617098
3.060000 -5.220000 5.820000 27849642126
3.780000 -4.740000 5.100000 27849666894
3.660000 -3.780000 4.620000 27849691884
3.240000 -2.880000 3.720000 27849717093
2.880000 -2.280000 3.360000 27849742104
2.460000 -1.500000 2.940000 27849766881
2.220000 -1.140000 2.460000 27849791884
1.860000 -0.660000 2.220000 27849817086
1.080000 -0.600000 1.800000 27849842036
0.840000 -0.360000 1.920000 27849866883
0.420000 -0.060000 1.740000 27849892077
0.300000 -0.420000 1.740000 27849917102
0.300000 -0.420000 1.380000 27849941894
0.120000 -0.240000 1.320000 27849966885
0.060000 0.300000 1.500000 27849992003
-0.180000 -0.420000 1.620000 27850017134
0.060000 0.060000 1.620000 27850042163
0.180000 0.180000 2.100000 27850066886
0.180000 0.240000 2.400000 27850091872
-0.120000 0.120000 2.280000 27850117098
-0.060000 0.060000 2.100000 27850141895
-0.060000 0.060000 2.460000 27850166889
-0.060000 -0.180000 2.340000 27850191905
-0.240000 -0.180000 2.400000 27850218491
-0.180000 -0.060000 2.820000 27850241858
0.060000 -0.060000 2.940000 27850266873
-0.120000 -0.120000 2.520000 27850291876
-0.420000 -0.180000 2.460000 27850317132
-0.720000 0.120000 2.280000 27850341900
-1.020000 0.060000 1.980000 27850367334
-1.260000 -0.060000 2.100000 27850390714
-0.900000 -0.060000 2.100000 27850415663
-0.780000 0.180000 2.580000 27850440687
-0.960000 0.120000 2.160000 27850465660
-1.440000 0.120000 2.400000 27850490643
-1.020000 0.180000 2.340000 27850517239
-0.720000 0.120000 2.520000 27850540525
-1.020000 0.060000 2.340000 27850565442
-0.900000 0.180000 2.340000 27850596388
-0.900000 0.060000 2.340000 27850617150
-0.540000 0.060000 2.100000 27850641910
-0.780000 -0.180000 2.580000 27850666930
-1.080000 0.120000 2.400000 27850691913
-0.240000 0.120000 2.400000 27850717122
-0.420000 0.060000 2.700000 27850741924
-0.480000 -0.240000 2.520000 27850766879
-0.480000 -0.240000 2.760000 27850791846
-0.120000 -0.240000 2.520000 27850817126
-0.540000 -0.060000 2.460000 27850841896
0.060000 -0.180000 2.460000 27850866894
0.060000 -0.060000 2.700000 27850898361
0.780000 -0.300000 3.060000 27850917145
0.360000 -0.120000 2.640000 27850941912
0.420000 -0.060000 2.460000 27850966907
0.180000 -0.180000 2.580000 27850991915
0.060000 -0.180000 2.340000 27851023792
0.240000 -0.180000 3.000000 27851041899
0.300000 -0.060000 3.060000 27851066899
-0.120000 -0.240000 3.120000 27851091907
-0.240000 -0.240000 3.000000 27851117110
-0.660000 0.180000 3.060000 27851144190
-0.960000 0.180000 3.120000 27851166901
-0.840000 -0.360000 3.240000 27851191898
-1.260000 -0.060000 3.180000 27851217119
-2.040000 -0.060000 3.120000 27851241891
-1.980000 -0.300000 3.060000 27851266897
-2.100000 0.300000 3.060000 27851291898
-2.160000 0.240000 2.760000 27851318731
-1.500000 0.060000 2.940000 27851348520
-0.840000 0.060000 2.880000 27851366918
-0.960000 0.120000 2.640000 27851391910
-0.540000 0.060000 2.940000 27851417126
-0.660000 -0.180000 2.820000 27851441891
-0.120000 -0.240000 3.120000 27851466929
0.420000 -0.060000 2.940000 27851491905
0.420000 -0.300000 2.700000 27851517127
0.180000 -0.420000 3.060000 27851541909
0.180000 -0.420000 2.940000 27851566901
0.180000 -0.060000 2.940000 27851591900
-0.120000 -0.240000 3.240000 27851617100
-0.900000 -0.300000 3.180000 27851641903
-0.720000 -0.240000 3.360000 27851666911
-0.960000 -0.120000 3.480000 27851691899
-1.560000 -0.120000 3.480000 27851717120
-2.100000 -0.300000 3.420000 27851741918
-2.280000 -0.360000 3.360000 27851766926
-2.520000 -0.120000 3.240000 27851791902
-2.280000 -0.240000 3.120000 27851817110
-2.640000 -0.240000 3.240000 27851841896
-2.580000 -0.060000 3.300000 27851869781
-2.640000 -0.360000 3.240000 27851891915
-2.460000 -0.180000 3.180000 27851917133
-2.280000 -0.180000 3.480000 27851941912
-2.280000 -0.240000 3.600000 27851973262
-2.100000 -0.180000 3.900000 27851991936
-1.980000 -0.420000 3.900000 27852017176
-2.040000 -0.600000 3.960000 27852041920
-1.980000 -0.540000 4.140000 27852066907
-1.800000 -0.480000 4.080000 27852091908
-2.160000 -0.600000 4.320000 27852117136
-1.680000 -0.480000 4.200000 27852141902
-1.920000 -0.720000 3.600000 27852166912
-1.920000 -0.360000 3.840000 27852191907
-2.040000 -0.600000 3.720000 27852217115
-2.220000 -0.540000 3.900000 27852241900
-1.860000 -0.300000 3.300000 27852266901
-2.460000 -0.420000 3.420000 27852291901
-2.160000 -0.120000 3.120000 27852317124
-2.100000 -0.180000 3.060000 27852341936
-2.820000 -0.060000 2.700000 27852366916
-2.580000 -0.420000 2.940000 27852398546
-2.880000 -0.120000 2.760000 27852417145
-2.400000 -0.240000 2.760000 27852441909
-2.820000 -0.060000 3.060000 27852466930
-2.280000 -0.480000 3.600000 27852491893
-1.860000 -0.300000 3.540000 27852517098
-1.620000 -0.060000 3.660000 27852541891
-1.740000 -0.180000 4.020000 27852566898
-1.560000 -0.600000 3.840000 27852591892
-1.800000 -0.120000 4.200000 27852616908
-1.620000 -0.420000 4.140000 27852641891
-1.680000 -0.480000 3.840000 27852666910
-1.860000 -0.300000 3.900000 27852691902
-1.800000 -0.360000 3.600000 27852717103
-1.560000 -0.480000 3.600000 27852741900
-1.680000 -0.480000 3.480000 27852766894
-1.740000 -0.420000 3.300000 27852791892
-1.740000 -0.540000 3.180000 27852817090
-1.740000 -0.300000 3.540000 27852841883
