0.000000 27848175175
0.000000 27848196938
0.000000 27848221884
5.000000 27848246844
5.000000 27848271910
5.000000 27848296977
5.000000 27848321969
5.000000 27848346986
5.000000 27848371986
5.000000 27848396977
5.000000 27848421970
5.000000 27848446981
5.000000 27848471975
5.000000 27848496984
5.000000 27848521960
5.000000 27848546977
5.000000 27848571983
5.000000 27848596988
5.000000 27848621969
5.000000 27848646971
5.000000 27848671994
5.000000 27848696982
5.000000 27848721971
5.000000 27848746975
5.000000 27848771980
5.000000 27848796979
5.000000 27848821964
5.000000 27848846972
5.000000 27848871968
5.000000 27848896962
5.000000 27848921957
5.000000 27848946951
5.000000 27848971974
5.000000 27848996946
5.000000 27849021964
5.000000 27849046970
5.000000 27849071977
5.000000 27849096950
5.000000 27849121965
5.000000 27849146964
5.000000 27849171977
5.000000 27849196975
5.000000 27849221959
5.000000 27849246984
5.000000 27849271975
5.000000 27849296964
5.000000 27849321971
5.000000 27849346967
5.000000 27849371977
5.000000 27849396963
5.000000 27849421966
0.000000 27849446848
0.000000 27849471988
0.000000 27849496976
0.000000 27849521962
0.000000 27849546956
0.000000 27849571954
0.000000 27849596964
0.000000 27849621947
0.000000 27849646961
0.000000 27849671960
0.000000 27849696943
0.000000 27849722166
0.000000 27849746963
0.000000 27849771923
0.000000 27849796950
0.000000 27849821945
0.000000 27849846953
0.000000 27849871927
0.000000 27849896957
0.000000 27849921949
0.000000 27849946963
0.000000 27849971958
0.000000 27849996963
0.000000 27850021912
0.000000 27850046971
0.000000 27850071960
0.000000 27850096958
0.000000 27850121954
0.000000 27850146955
5.000000 27850171997
5.000000 27850196973
5.000000 27850221901
5.000000 27850246897
5.000000 27850271952
5.000000 27850296954
5.000000 27850321946
0.000000 27850346963
5.000000 27850371980
5.000000 27850396978
5.000000 27850421969
5.000000 27850446966
5.000000 27850471968
5.000000 27850496970
0.000000 27850521967
0.000000 27850546965
0.000000 27850571970
5.000000 27850597031
0.000000 27850624955
0.000000 27850646977
0.000000 27850671981
0.000000 27850696977
0.000000 27850721962
0.000000 27850746972
0.000000 27850771913
0.000000 27850796946
0.000000 27850821952
0.000000 27850846968
5.000000 27850871988
0.000000 27850896945
5.000000 27850927783
5.000000 27850946962
5.000000 27850971977
5.000000 27850996961
0.000000 27851021916
0.000000 27851046982
0.000000 27851071973
0.000000 27851096974
0.000000 27851121958
5.000000 27851146983
5.000000 27851171971
5.000000 27851196978
5.000000 27851221953
5.000000 27851246970
5.000000 27851271968
5.000000 27851296962
0.000000 27851321962
5.000000 27851347627
5.000000 27851371964
5.000000 27851396969
5.000000 27851421951
0.000000 27851452736
0.000000 27851471965
0.000000 27851496968
0.000000 27851521943
0.000000 27851546957
0.000000 27851571957
0.000000 27851596964
5.000000 27851627856
5.000000 27851646980
5.000000 27851671975
5.000000 27851696970
5.000000 27851721952
0.000000 27851746980
0.000000 27851771961
0.000000 27851796967
0.000000 27851821950
0.000000 27851846961
5.000000 27851872180
5.000000 27851896970
5.000000 27851921947
0.000000 27851946977
0.000000 27851971980
0.000000 27851996960
5.000000 27852029477
5.000000 27852046960
5.000000 27852071958
5.000000 27852096976
5.000000 27852121936
5.000000 27852146967
5.000000 27852171967
5.000000 27852196965
5.000000 27852221940
5.000000 27852246969
5.000000 27852271973
5.000000 27852296964
5.000000 27852321996
5.000000 27852346980
5.000000 27852371969
0.000000 27852396833
0.000000 27852421939
0.000000 27852446975
0.000000 27852471977
0.000000 27852496971
0.000000 27852521937
0.000000 27852546972
0.000000 27852571973
0.000000 27852596980
5.000000 27852621946
5.000000 27852646974
5.000000 27852671965
5.000000 27852696968
5.000000 27852721938
5.000000 27852746965
5.000000 27852771956
5.000000 27852796968
5.000000 27852821928
5.000000 27852846971
