z0.225553 -0.205940 9.394772 22639207766
0.323619 -0.294200 9.541871 22639232761
0.392266 -0.372653 9.532065 22639257761
0.362846 -0.372653 9.522259 22639282740
0.353039 -0.372653 9.483032 22639307747
0.284393 -0.392266 9.581099 22639332764
0.323619 -0.362846 9.522259 22639357763
0.372653 -0.372653 9.492838 22639382762
0.382459 -0.382459 9.532065 22639407763
0.235360 -0.284393 9.571292 22639432764
0.225553 -0.304006 9.581099 22639457768
0.323619 -0.304006 9.571292 22639482766
0.343233 -0.313813 9.571292 22639507767
0.235360 -0.353039 9.649745 22639532758
0.205940 -0.215746 9.630132 22639557761
0.205940 -0.137293 9.512452 22639582759
0.274586 -0.117680 9.384965 22639607767
0.313813 -0.117680 9.365352 22639632765
0.186326 -0.254973 9.512452 22639657764
0.254973 -0.519753 9.649745 22639682761
0.176520 -0.598206 9.816459 22639707764
0.049033 -0.588399 9.698778 22639732752
-0.078453 -0.706079 9.688972 22639757762
-0.205940 -0.725692 9.845878 22639782756
-0.058840 -0.657046 9.286899 22639807770
-0.088260 -0.558979 9.051538 22639832749
-0.156906 -0.529559 8.865212 22639857767
-0.284393 -0.657046 8.992700 22639882754
-0.755112 -0.862985 9.433999 22639907769
-1.088538 -0.931632 9.630132 22639932757
-1.363124 -0.853179 9.806651 22639957767
-1.804424 -0.686466 9.669358 22639982752
-1.892684 -0.519753 9.384965 22640007767
-1.971137 -0.460913 8.992700 22640032756
-2.157463 -0.392266 8.737726 22640057762
-3.118515 -0.382459 8.816179 22640082755
-3.608848 -0.402073 8.973086 22640107777
-3.893241 -0.480526 8.865212 22640132760
-4.001114 -0.519753 8.600433 22640157765
-4.971972 -0.480526 8.129714 22640182740
-5.393658 -0.382459 7.972808 22640207773
-5.658438 -0.392266 7.894354 22640232754
-5.717278 -0.431493 7.825707 22640257766
-6.080123 -0.460913 7.600155 22640282753
-6.246837 -0.392266 7.511894 22640307768
-6.482196 -0.294200 7.374601 22640332747
-6.658716 -0.166713 6.550843 22640357762
-6.658716 -0.078453 5.913410 22640382759
-6.717556 0.098067 4.717000 22640407763
-7.149048 -0.009807 4.854292 22640432744
-8.227780 -0.529559 6.217417 22640457760
-8.316040 -0.519753 5.766311 22640482758
-8.541594 -0.382459 4.952359 22640507768
-8.776953 -0.294200 4.099180 22640532760
-9.080959 -0.235360 3.344068 22640557762
-9.522259 -0.049033 2.863542 22640582763
-9.610518 -0.088260 2.726249 22640607779
-9.571292 -0.235360 2.167270 22640632768
-9.649745 -0.088260 1.637711 22640657759
-9.816459 -0.215746 1.431771 22640682768
-9.796844 -0.313813 1.108152 22640707771
-9.934137 -0.323619 0.284393 22640732763
-9.963558 -0.372653 -0.019613 22640757760
-10.022397 -0.343233 -0.176520 22640782769
-10.100850 -0.392266 -0.500139 22640807755
-10.051817 -0.480526 -1.392545 22640832768
-10.032204 -0.490333 -1.618097 22640857756
-10.061625 -0.441299 -1.833844 22640882752
-10.032204 -0.333426 -2.118237 22640907758
-9.796844 -0.362846 -2.559536 22640932764
-9.659552 -0.431493 -2.755669 22640957764
-9.620325 -0.460913 -2.951802 22640982771
-9.522259 -0.313813 -3.520588 22641007756
-9.463418 -0.392266 -3.824594 22641032767
-9.335932 -0.490333 -4.059954 22641057766
-9.286899 -0.451106 -4.295313 22641082775
-9.071153 -0.147100 -4.805259 22641107776
-8.992700 -0.225553 -4.962165 22641132773
-8.845599 -0.313813 -5.197526 22641157756
-8.688693 -0.304006 -5.540758 22641182774
-8.335654 -0.264780 -6.384130 22641207765
-8.502367 -0.254973 -6.442970 22641232760
-8.335654 -0.245166 -6.933302 22641257762
-7.384408 -0.196133 -7.217695 22641282772
-7.178468 -0.254973 -7.423635 22641307772
-6.796009 -0.274586 -7.766868 22641332769
-6.325290 -0.343233 -8.110101 22641357760
-5.727084 -0.353039 -8.747533 22641382763
-5.491724 -0.372653 -8.982893 22641407768
-5.266171 -0.343233 -9.110379 22641432757
-5.050425 -0.284393 -9.179026 22641457762
-4.775839 -0.284393 -9.296705 22641482765
-4.667966 -0.274586 -9.473226 22641507755
-4.432606 -0.382459 -9.757618 22641532765
-4.393380 -0.284393 -9.836071 22641557755
-3.903047 -0.313813 -9.904717 22641582765
-3.579428 -0.333426 -10.022397 22641607755
-3.304842 -0.392266 -10.120463 22641632764
-2.824315 -0.411879 -10.365630 22641657755
-2.579149 -0.392266 -10.571569 22641682763
-2.324176 -0.362846 -10.591184 22641707753
-2.088817 -0.274586 -10.640217 22641732759
-1.745584 -0.245166 -10.591184 22641757762
-1.745584 -0.343233 -10.679443 22641782758
-1.372931 -0.186326 -10.777510 22641807758
-0.980665 -0.039227 -10.767703 22641832761
-0.362846 -0.039227 -10.571569 22641857762
-0.274586 -0.049033 -10.659830 22641882762
-0.117680 -0.039227 -10.679443 22641907762
0.039227 -0.039227 -10.924609 22641932764
0.431493 0.029420 -11.562041 22641957766
0.568786 0.313813 -11.287456 22641982765
1.010085 0.558979 -10.914803 22642007754
1.980944 0.617819 -10.522536 22642032759
2.265337 0.598206 -10.306790 22642057754
2.569343 0.813952 -10.130271 22642082755
2.736056 1.019892 -10.012591 22642107760
3.030255 0.882599 -10.522536 22642132762
3.236195 0.970859 -10.748089 22642157761
3.422521 1.117958 -10.326404 22642182759
3.520588 0.961052 -10.051817 22642207761
3.991307 0.706079 -10.463697 22642232763
4.207053 0.706079 -10.355824 22642257759
4.412993 0.804145 -9.992978 22642282760
4.962165 1.010085 -9.090766 22642307795
5.246559 0.961052 -8.629853 22642332767
5.658438 0.921825 -8.492560 22642357758
5.972251 0.882599 -8.737726 22642382755
6.178190 0.892405 -8.727920 22642407756
6.599876 0.823759 -8.355267 22642432771
7.198082 0.872792 -7.815901 22642457763
7.658995 1.000278 -7.256922 22642482759
8.217974 1.039505 -6.197803 22642507770
8.394494 0.902212 -5.962444 22642532759
8.571013 0.823759 -5.609405 22642557762
8.865212 0.657046 -5.315205 22642582765
9.149606 0.558979 -4.618933 22642607756
9.286899 0.568786 -4.030534 22642632759
9.365352 0.519753 -3.746140 22642657761
9.630132 0.637432 -3.677494 22642682760
9.630132 0.617819 -3.451941 22642707760
9.590905 0.696272 -3.079288 22642732763
9.463418 0.608012 -2.383016 22642757746
9.885104 0.745305 0.068647 22642782738
9.914525 0.666852 1.245445 22642807767
9.855684 0.696272 1.402351 22642832721
10.002784 0.706079 1.255251 22642857747
10.071430 0.578592 2.059397 22642882767
9.953751 0.500139 2.383016 22642907764
9.787038 0.451106 2.422243 22642932805
9.590905 0.264780 2.667409 22642957773
9.433999 0.274586 2.736056 22642982720
9.433999 0.264780 2.794895 22643007776
9.355545 0.225553 3.059675 22643032770
9.179026 0.215746 3.422521 22643057764
9.110379 0.137293 3.373488 22643082778
9.061346 0.225553 3.373488 22643107750
8.943666 0.176520 3.726527 22643132769
8.669080 0.156906 4.226666 22643157762
8.561207 0.147100 4.520866 22643182774
8.374881 0.127486 4.599319 22643207771
8.080681 0.215746 4.226666 22643232774
7.443248 -0.088260 5.991864 22643257768
7.119628 -0.166713 6.766589 22643282771
6.864655 -0.284393 7.384408 22643307813
6.678329 0.107873 7.247115 22643332784
6.639102 0.107873 6.982336 22643357779
6.482196 0.107873 7.031369 22643382764
6.305676 0.117680 7.100015 22643407760
5.776117 0.117680 7.404021 22643432776
5.874184 -0.058840 7.884548 22643457759
5.834958 -0.029420 7.678608 22643482773
5.854571 0.215746 7.158855 22643507772
5.648631 0.166713 7.541315 22643532774
5.403465 -0.088260 7.757061 22643557745
5.148491 -0.088260 7.835515 22643582773
4.648353 -0.049033 8.178747 22643607768
4.471833 -0.078453 8.217974 22643632780
4.314927 -0.127486 8.423914 22643657759
4.030534 -0.009807 8.688693 22643682766
3.550008 0.029420 8.924053 22643707768
3.334261 0.029420 9.022120 22643732761
3.128322 0.156906 9.090766 22643757756
2.902769 0.088260 9.120186 22643782762
2.490890 0.137293 9.149606 22643807764
2.216303 0.137293 9.139799 22643832760
1.990750 0.098067 9.286899 22643857764
1.892684 0.088260 9.512452 22643882768
1.559257 0.098067 9.532065 22643907764
1.363124 0.147100 9.522259 22643932756
1.157185 0.137293 9.561485 22643957754
0.725692 0.215746 9.679165 22643982751
0.715886 0.176520 9.659552 22644007751
0.666852 0.186326 9.796844 22644032756
0.529559 0.137293 9.649745 22644057757
0.509946 0.127486 9.492838 22644082763
0.362846 0.186326 9.502645 22644107764
0.225553 0.196133 9.581099 22644132764
0.117680 0.205940 9.610518 22644157762
0.333426 0.176520 9.639938 22644182759
