-0.862985 0.225553 9.757618 13358071333
-0.921825 0.402073 9.943945 13358096315
-1.274865 0.568786 9.698778 13358121329
-1.284671 0.441299 9.492838 13358146329
-0.882599 0.058840 9.561485 13358171310
-0.774725 -0.078453 9.639938 13358196307
-0.676659 -0.127486 9.855684 13358221330
-0.902212 -0.019613 10.002784 13358246318
-1.176798 0.333426 9.953751 13358271321
-1.176798 0.421686 9.826264 13358296302
-1.216025 0.500139 9.855684 13358321326
-0.715886 1.068925 10.267564 13358346323
-0.558979 1.108152 10.071430 13358371326
-0.519753 1.225831 9.894911 13358396306
-0.500139 1.431771 9.571292 13358421327
-0.284393 1.843650 9.433999 13358446327
-0.333426 1.873070 9.630132 13358471331
-0.304006 2.079010 9.639938 13358496306
-0.382459 2.304563 9.532065 13358521323
-0.333426 2.853735 9.669358 13358546314
-0.323619 3.030255 9.796844 13358571333
-0.353039 3.196968 9.561485 13358596304
-0.441299 3.383295 9.384965 13358621308
-0.421686 3.589234 9.237865 13358646319
-0.402073 3.834401 9.041733 13358671319
-0.411879 4.010921 8.865212 13358696297
-0.451106 4.128600 8.865212 13358721316
-0.411879 4.609126 8.767146 13358746312
-0.519753 4.756226 8.590627 13358771316
-0.578592 4.883712 8.620047 13358796305
-0.637432 4.971972 8.463140 13358821315
-0.647239 5.481918 8.198360 13358846314
-0.647239 5.481918 8.139521 13358871320
-0.715886 5.560371 8.100294 13358896290
-0.608012 5.727084 8.061068 13358921317
-0.578592 6.295870 7.806095 13358946320
-0.666852 6.315483 7.492281 13358971320
-0.657046 6.492003 7.472668 13358996295
-0.578592 6.786202 7.345181 13359021319
-0.578592 6.894075 7.139242 13359046319
-0.598206 6.933302 6.815622 13359071316
-0.421686 7.041175 6.835236 13359096297
-0.254973 7.315762 6.629296 13359121306
-0.264780 7.453054 6.256643 13359146314
-0.284393 7.551122 6.266450 13359171317
-0.235360 7.845321 6.129157 13359196288
-0.107873 8.080681 5.933024 13359221313
-0.068647 8.159134 5.834958 13359246317
-0.039227 8.198360 5.707471 13359271317
-0.068647 8.217974 5.266171 13359296292
-0.019613 8.502367 4.942552 13359321313
0.049033 8.531787 4.756226 13359346328
0.088260 8.620047 4.520866 13359371321
0.186326 8.727920 4.363960 13359396294
0.186326 8.816179 4.099180 13359421313
0.215746 9.002505 3.726527 13359446301
0.313813 9.169219 3.432328 13359471317
0.254973 9.306512 3.108708 13359496290
0.225553 9.384965 2.333983 13359521325
0.264780 9.326125 2.128043 13359546312
0.294200 9.502645 1.833844 13359571305
0.186326 9.767425 1.461191 13359596301
0.245166 9.934137 1.225831 13359621310
0.382459 10.081238 0.912019 13359646316
0.421686 10.051817 0.617819 13359671310
0.411879 9.855684 0.098067 13359696298
0.245166 9.688972 -0.205940 13359721319
0.196133 9.551678 -1.421964 13359746314
0.235360 9.453611 -2.275143 13359771313
0.500139 9.698778 -4.501253 13359796306
0.470719 9.600712 -4.373766 13359821315
0.254973 8.953472 -4.569900 13359846308
0.147100 8.453333 -5.530951 13359871319
0.254973 7.972808 -6.413549 13359896312
0.117680 7.757061 -6.786202 13359921316
0.166713 7.678608 -7.060789 13359946321
0.284393 7.600155 -7.296148 13359971315
-0.049033 7.404021 -7.737448 13359996315
-0.127486 6.923496 -7.511894 13360021307
0.019613 6.541036 -7.560929 13360046310
0.029420 6.413549 -7.835515 13360071306
-0.245166 5.991864 -8.051261 13360096293
-0.313813 5.785924 -8.306233 13360121310
-0.264780 5.560371 -8.865212 13360146309
-0.205940 5.638824 -8.875020 13360171310
-0.470719 5.148491 -9.149606 13360196290
-0.490333 4.942552 -9.228059 13360221310
-0.588399 4.785646 -9.522259 13360246280
-0.637432 4.628739 -9.836071 13360271314
-0.794339 4.246280 -9.865492 13360296296
-0.862985 4.040340 -9.894911 13360321314
-0.951245 3.854014 -10.120463 13360346315
-1.068925 3.746140 -10.277370 13360371306
-1.000278 3.599041 -10.316597 13360396367
-1.049312 3.481361 -10.198916 13360421300
-1.068925 3.295035 -10.267564 13360446294
-0.941439 2.863542 -9.708585 13360471289
-0.941439 2.422243 -9.963558 13360496303
-1.049312 2.471276 -10.404857 13360521325
-1.372931 2.647796 -10.689250 13360546308
-1.157185 2.226110 -10.924609 13360571318
-0.921825 2.020170 -10.748089 13360596316
-0.715886 1.922104 -10.571569 13360621323
-0.637432 1.765197 -10.346016 13360646311
-0.666852 1.206218 -10.434277 13360671319
-0.666852 1.098345 -10.140078 13360696303
-0.853179 0.902212 -10.179304 13360721314
-0.833565 0.539366 -10.404857 13360746310
-0.961052 0.205940 -10.434277 13360771308
-0.970859 0.088260 -10.532343 13360796282
-0.951245 -0.078453 -10.914803 13360821316
-1.137571 -0.294200 -10.993257 13360846292
-1.166991 -0.706079 -10.375437 13360871306
-1.363124 -0.813952 -10.365630 13360896312
-1.480804 -1.078732 -10.522536 13360921316
-1.451384 -1.667131 -10.551956 13360946293
-1.529838 -1.814230 -10.620603 13360971311
-1.274865 -1.902490 -10.620603 13360996292
-1.245445 -2.049590 -10.767703 13361021304
-1.176798 -2.353596 -10.336210 13361046342
-1.206218 -2.667409 -9.610518 13361071335
-1.353318 -2.932189 -9.669358 13361096298
-1.480804 -3.295035 -9.620325 13361121321
-1.598484 -3.451941 -9.767425 13361146308
-1.784810 -4.373766 -9.953751 13361171316
-1.755391 -4.393380 -9.571292 13361196312
-1.637711 -4.207053 -9.600712 13361221320
-1.343511 -4.873906 -9.071153 13361246314
-1.265058 -5.050425 -8.982893 13361271320
-1.196411 -5.030812 -8.904439 13361296308
-1.068925 -5.148491 -9.022120 13361321292
-1.108152 -5.383852 -9.022120 13361346309
-0.343233 -5.619211 -8.698500 13361371322
-0.127486 -5.668244 -7.649189 13361396301
0.029420 -5.952637 -7.021562 13361421325
-0.421686 -7.060789 -7.953194 13361446307
-0.431493 -7.560929 -7.649189 13361471316
-0.284393 -7.688415 -7.217695 13361496310
-0.225553 -7.708028 -7.001948 13361521318
0.186326 -7.570735 -6.962722 13361546307
0.205940 -7.551122 -7.011755 13361571322
0.215746 -7.590348 -7.011755 13361596313
0.225553 -7.678608 -6.913689 13361621320
0.451106 -7.855128 -6.619490 13361646309
0.637432 -7.992421 -6.433163 13361671320
0.539366 -8.178747 -6.354710 13361696314
0.764919 -8.149327 -6.227223 13361721330
0.970859 -8.247394 -5.923217 13361746311
0.843372 -8.531787 -5.403465 13361771311
0.902212 -8.786759 -5.119072 13361796309
1.274865 -8.786759 -5.070039 13361821329
1.402351 -8.904439 -3.854014 13361846319
1.196411 -9.120186 -3.138128 13361871314
1.461191 -9.267285 -2.588956 13361896320
1.549451 -9.277092 -2.039783 13361921326
1.569064 -9.306512 -1.431771 13361946315
1.716164 -9.326125 -1.363124 13361971319
1.892684 -9.433999 -0.402073 13361996310
1.676937 -9.561485 -0.323619 13362021326
1.824037 -9.443805 -0.029420 13362046310
1.843650 -9.590905 0.156906 13362071315
1.510224 -9.747811 0.411879 13362096311
1.412158 -9.620325 0.598206 13362121304
1.402351 -9.708585 0.755112 13362146369
1.461191 -9.600712 0.813952 13362171322
1.392545 -9.532065 1.127765 13362196314
1.245445 -9.424192 2.000557 13362221324
1.196411 -9.394772 2.020170 13362246316
1.186605 -9.502645 2.363403 13362271330
1.078732 -9.522259 2.598763 13362296323
1.068925 -9.286899 2.745862 13362321332
0.833565 -9.463418 2.814509 13362346321
0.833565 -9.306512 2.932189 13362371323
0.696272 -9.228059 3.089095 13362396320
0.480526 -9.345738 3.275421 13362421322
0.519753 -9.286899 3.491168 13362446323
0.333426 -9.159412 3.500974 13362471323
0.313813 -9.071153 3.491168 13362496326
0.558979 -8.894632 3.854014 13362521330
0.568786 -8.855406 4.118793 13362546326
1.441578 -8.149327 4.314927 13362571321
0.627626 -8.551400 4.285507 13362596321
0.323619 -8.453333 4.383573 13362621323
-0.107873 -8.482754 4.766033 13362646320
-0.196133 -8.384687 4.785646 13362671314
-0.353039 -8.119907 5.393658 13362696319
-0.362846 -7.786481 5.727084 13362721333
-0.294200 -7.560929 5.942831 13362746320
-0.274586 -7.119628 6.001670 13362771326
-0.225553 -6.854849 6.541036 13362796329
-0.264780 -6.599876 7.021562 13362821329
-0.107873 -6.344903 7.335375 13362846326
-0.107873 -6.011477 7.580542 13362871317
0.009807 -5.736891 8.345461 13362896329
0.137293 -5.550564 8.110101 13362921328
0.127486 -5.256365 7.786481 13362946326
0.117680 -5.119072 8.070874 13362971325
0.274586 -4.815066 8.698500 13362996324
0.294200 -4.540480 8.963279 13363021328
0.245166 -4.295313 9.022120 13363046316
0.509946 -3.608848 8.786759 13363071322
0.215746 -3.795174 9.051538 13363096330
0.156906 -3.667687 8.845599 13363121329
0.039227 -3.589234 9.080959 13363146328
-0.039227 -3.442135 9.345738 13363171316
-0.127486 -2.843929 9.110379 13363196327
-0.107873 -2.755669 9.277092 13363221330
-0.137293 -2.500696 9.718391 13363246318
-0.156906 -2.343790 9.698778 13363271324
-0.392266 -2.333983 9.806651 13363296324
-0.274586 -2.186883 9.757618 13363321318
-0.186326 -2.079010 9.914525 13363346327
-0.509946 -1.784810 9.669358 13363371323
-0.470719 -1.745584 9.747811 13363396320
-0.470719 -1.716164 9.777231 13363421307
-0.451106 -1.520031 9.826264 13363446324
-0.509946 -1.284671 9.659552 13363471322
-0.470719 -1.196411 9.738005 13363496326
-0.470719 -1.019892 9.718391 13363521327
-0.509946 -0.970859 9.787038 13363546321
-0.519753 -0.745305 9.532065 13363571299
-0.421686 -0.725692 9.718391 13363596319
-0.382459 -0.843372 9.973364 13363621298
-0.392266 -0.872792 9.894911 13363646332
-0.343233 -0.725692 9.718391 13363671322
-0.245166 -0.637432 9.787038 13363696324
-0.147100 -0.598206 9.855684 13363721308
-0.147100 -0.647239 9.914525 13363746315
-0.274586 -0.706079 9.943945 13363771319
-0.274586 -0.715886 9.934137 13363796328
