3.290000 4.987500 2.047500 13358107239
-2.922500 4.935000 -1.592500 13358132237
3.097500 2.730000 -0.840000 13358157235
8.697500 2.782500 3.815000 13358182235
14.927500 3.762500 3.955000 13358207240
14.927500 -5.075000 6.055000 13358232245
18.077499 -11.672500 2.765000 13358257238
20.422501 -18.707500 0.700000 13358282239
25.812500 -14.332500 -0.665000 13358307236
41.632500 -9.940000 -3.587500 13358332238
53.532501 -9.940000 2.817500 13358357238
57.119999 -21.665001 2.380000 13358382237
60.777500 -24.010000 0.192500 13358407239
60.217499 -15.190001 -3.395000 13358432237
51.152500 -7.595000 -3.027500 13358457231
51.275002 -2.572500 -0.857500 13358482235
59.185001 -2.730000 -2.835000 13358507233
67.269997 -1.400000 -4.655000 13358532235
66.290001 6.615000 -9.502500 13358557237
58.257500 4.497500 -7.245000 13358582234
59.255001 -4.130000 -4.777500 13358607227
58.485001 -0.630000 -1.487500 13358632217
53.532501 1.050000 -4.357500 13358657222
52.517502 5.145000 -4.025000 13358682220
54.897499 10.220000 -4.025000 13358707222
55.369999 11.672500 -5.512500 13358732217
61.022499 9.047500 -3.290000 13358757216
70.612503 12.355000 -2.660000 13358782218
64.592499 10.272500 -3.307500 13358807221
51.974998 3.307500 -4.427500 13358832220
51.292500 1.277500 0.280000 13358857220
53.165001 -1.242500 1.907500 13358882222
51.152500 0.682500 -0.840000 13358907224
49.087502 0.665000 -1.102500 13358932218
53.584999 -1.330000 2.975000 13358957221
61.127499 -2.765000 4.270000 13358982218
62.037498 -3.325000 6.352500 13359007237
57.837502 -4.497500 8.907500 13359032213
58.677502 -8.067500 11.322500 13359057222
57.802502 -12.407500 14.962500 13359082217
59.500000 -10.342500 11.007500 13359107222
63.752499 -3.080000 6.527500 13359132218
62.090000 0.735000 2.380000 13359157221
53.252499 -4.445000 1.697500 13359182219
47.477501 -7.105000 4.217500 13359207224
51.099998 -4.427500 9.205000 13359232217
52.045002 -4.602500 8.715000 13359257219
56.262501 -6.895000 8.260000 13359282217
59.167500 -7.175000 7.402500 13359307221
61.127499 -7.857500 6.300000 13359332217
67.357498 -10.185000 12.040000 13359357218
75.074997 -8.312500 12.040000 13359382218
80.675003 -4.480000 6.317500 13359407298
90.055000 -8.837500 7.017500 13359432303
90.737503 -9.572500 8.242500 13359457345
89.144997 -4.637500 9.257500 13359482301
86.047501 -7.157500 11.200000 13359507381
80.220001 -5.075000 8.435000 13359532300
72.432503 -3.902500 0.070000 13359557287
61.722500 -3.972500 -2.765000 13359582297
49.560001 -10.027500 -3.395000 13359607297
49.525002 -11.620000 0.892500 13359632295
63.297501 -15.067500 3.395000 13359657322
84.910004 -19.267500 6.615000 13359682293
124.617500 -16.677500 3.132500 13359707279
157.307495 -25.480000 -11.252500 13359732294
208.250000 -20.754999 -11.305000 13359757273
234.062500 -20.719999 -15.295000 13359782294
248.132507 -13.247500 -20.405001 13359807276
252.857498 -2.030000 -12.407500 13359832296
240.100006 5.372500 -6.037500 13359857277
192.955002 15.977500 -7.927500 13359882298
148.347504 14.070000 -12.775000 13359907277
101.867500 0.630000 -14.612500 13359932295
56.752499 1.907500 -9.362500 13359957275
45.202499 3.412500 -3.762500 13359982297
50.452499 2.800000 -1.190000 13360007275
71.417503 -9.240000 -1.067500 13360032295
80.465004 -28.280001 -13.422500 13360057276
79.502502 -25.217501 -14.542500 13360082295
74.217499 -27.230000 -13.597500 13360107279
73.937500 -28.472500 -14.315001 13360132296
70.629997 -8.522500 -15.697500 13360157276
77.052498 -5.285000 -12.232500 13360182295
65.922501 0.035000 -8.400000 13360207276
62.702499 -1.452500 -7.822500 13360232306
66.377502 -8.522500 -9.625000 13360257279
55.545002 -1.592500 -6.562500 13360282294
52.902500 -0.875000 -5.110000 13360307283
46.917500 -7.385000 -4.865000 13360332295
43.627499 -8.802500 -6.300000 13360357275
43.207500 -3.990000 -3.675000 13360382296
35.595001 -1.592500 -3.587500 13360407297
34.387501 -4.480000 -2.782500 13360432298
40.459999 -1.540000 -5.897500 13360457273
44.152500 2.170000 -1.680000 13360482299
49.595001 -9.870000 -8.592500 13360507300
49.735001 -3.290000 -16.502501 13360532299
54.215000 6.230000 -15.802500 13360557299
54.529999 25.655001 -13.667500 13360582294
56.244999 16.170000 -12.267500 13360607304
52.080002 12.722500 -10.692500 13360632300
43.557499 17.639999 -9.590000 13360657296
55.264999 14.192500 -13.632500 13360682294
63.070000 4.095000 -10.990000 13360707298
52.377499 -5.687500 -13.160000 13360732298
48.142502 -8.715000 -4.147500 13360757297
55.737499 -23.327499 4.725000 13360782295
53.217499 -29.785000 -1.540000 13360807301
54.459999 -11.165000 0.752500 13360832297
66.832497 -6.877500 1.050000 13360857299
67.830002 -11.655000 1.907500 13360882295
71.627502 -20.737499 11.025000 13360907299
71.540001 -19.424999 16.432501 13360932295
68.092499 -17.062500 14.735000 13360957290
71.417503 -10.850000 17.132500 13360982300
74.637497 -8.977500 12.932500 13361007291
74.917503 9.362500 8.995000 13361032292
80.657501 8.872500 2.625000 13361057302
77.927498 -2.607500 -7.420000 13361082300
79.065002 4.445000 -5.915000 13361107298
79.834999 -1.540000 -10.447500 13361132291
73.657501 6.422500 -9.922500 13361157290
65.590004 10.587500 -17.395000 13361182289
62.352501 4.655000 -20.737499 13361207293
56.314999 9.065000 -21.385000 13361232292
68.722504 13.545000 -19.512501 13361257292
71.050003 18.760000 -18.900000 13361282292
69.807503 12.740000 -30.135000 13361307370
67.830002 23.344999 -35.297501 13361332313
67.550003 58.485001 -28.192501 13361357295
70.139999 44.834999 -17.692499 13361382293
82.442497 12.862500 -3.290000 13361407297
88.550003 -27.125000 -0.840000 13361432295
85.084999 -15.050000 -6.615000 13361457291
78.750000 30.467501 -19.267500 13361482291
48.877499 32.795002 -25.969999 13361507291
32.637501 28.035000 -31.184999 13361532292
26.110001 17.657499 -25.865000 13361557292
26.775000 17.045000 -20.965000 13361582293
28.980000 16.817499 -20.352501 13361607295
35.560001 16.100000 -21.490000 13361632295
43.014999 15.662500 -22.434999 13361657289
51.134998 15.242500 -21.139999 13361682293
67.654999 19.460001 -24.115000 13361707299
76.264999 20.737499 -22.575001 13361732295
83.142502 8.732500 -11.865000 13361757293
92.452499 1.627500 -7.945000 13361782291
98.682503 1.767500 -12.285000 13361807294
113.837502 9.012500 -12.530000 13361832293
124.897499 6.720000 -13.072500 13361857291
130.830002 6.545000 -18.532499 13361882293
120.907501 18.410000 -11.007500 13361907295
111.947502 23.695000 -4.305000 13361932293
110.459999 19.092501 -4.707500 13361957288
108.254997 32.567501 2.362500 13361982292
106.400002 22.855000 2.590000 13362007293
82.705002 19.232500 -9.450000 13362032291
72.379997 23.940001 -7.332500 13362057289
64.557503 30.152500 4.445000 13362082291
63.577499 21.997499 -0.035000 13362107292
69.090004 17.307501 -3.710000 13362132294
60.584999 20.667500 0.857500 13362157300
51.590000 14.560000 8.102500 13362182291
61.827499 6.562500 9.817500 13362207293
63.244999 1.312500 12.985000 13362232288
60.410000 -4.812500 19.582500 13362257285
60.392502 1.995000 20.457500 13362282294
46.322498 6.370000 23.975000 13362307292
36.750000 5.757500 24.955000 13362332289
34.702499 8.382500 28.717501 13362357286
31.587500 6.772500 28.927500 13362382287
30.887501 6.247500 21.000000 13362407286
31.639999 4.795000 15.452500 13362432289
32.182499 3.535000 18.514999 13362457284
32.235001 -4.007500 18.007500 13362482285
37.099998 -4.357500 15.050000 13362507284
42.647499 -2.187500 15.330000 13362532292
47.880001 0.770000 13.072500 13362557291
46.549999 12.740000 18.182501 13362582291
40.355000 10.605000 10.010000 13362607292
52.744999 12.005000 19.547501 13362632289
59.867500 6.632500 12.985000 13362657285
73.517502 5.005000 0.140000 13362682290
95.305000 13.020000 -5.215000 13362707290
110.285004 4.882500 -1.155000 13362732289
96.495003 4.410000 2.572500 13362757284
87.482498 12.827500 -9.065000 13362782289
96.897499 4.707500 -15.260000 13362807289
109.934998 -5.967500 -11.147500 13362832292
114.887497 -10.325000 1.540000 13362857286
104.002502 -11.725000 -0.332500 13362882291
85.644997 -18.375000 -7.875000 13362907295
67.322502 -16.520000 -1.820000 13362932289
57.067501 -3.342500 9.677500 13362957287
66.254997 4.305000 10.605000 13362982291
82.669998 3.937500 2.607500 13363007287
79.764999 -5.092500 -6.090000 13363032289
65.345001 0.892500 -12.372500 13363057292
43.697498 -1.347500 2.730000 13363082289
55.545002 7.472500 5.897500 13363107289
43.417500 15.872500 7.420000 13363132286
57.732502 12.145000 6.142500 13363157286
71.452499 11.060000 10.430000 13363182290
69.107498 16.730000 17.990000 13363207288
65.747498 17.937500 21.962500 13363232286
53.252499 19.075001 20.002501 13363257287
26.127501 15.977500 20.090000 13363282289
21.157499 8.925000 17.412500 13363307289
28.507500 5.827500 12.722500 13363332291
32.357502 5.827500 4.602500 13363357286
34.650002 -1.645000 3.500000 13363382287
22.190001 5.757500 10.430000 13363407303
26.757500 -0.402500 1.785000 13363432291
29.469999 -7.560000 -0.630000 13363457289
37.152500 -3.010000 2.117500 13363482288
33.564999 -5.092500 0.227500 13363507293
22.942499 -2.240000 3.972500 13363532287
21.577499 -3.395000 5.442500 13363557284
14.245000 2.432500 8.890000 13363582327
9.222500 1.645000 4.427500 13363607292
2.905000 -8.347500 -4.462500 13363632293
6.930000 -8.960000 -4.007500 13363657287
12.022500 -7.192500 -1.400000 13363682291
7.910000 -2.047500 2.380000 13363707290
2.187500 0.910000 1.802500 13363732292
-2.940000 0.490000 1.120000 13363757284
-1.067500 -2.065000 0.612500 13363782290
5.477500 -4.077500 -0.612500 13363807292
2.922500 4.637500 5.652500 13363832292
