0.000000 13358071333
0.000000 13358096315
0.000000 13358121329
0.000000 13358146329
0.000000 13358171310
0.000000 13358196307
0.000000 13358221330
0.000000 13358246318
0.000000 13358271321
0.000000 13358296302
0.000000 13358321326
0.000000 13358346323
0.000000 13358371326
0.000000 13358396306
0.000000 13358421327
0.000000 13358446327
0.000000 13358471331
0.000000 13358496306
0.000000 13358521323
0.000000 13358546314
0.000000 13358571333
0.000000 13358596304
0.000000 13358621308
0.000000 13358646319
0.000000 13358671319
0.000000 13358696297
0.000000 13358721316
0.000000 13358746312
0.000000 13358771316
0.000000 13358796305
0.000000 13358821315
0.000000 13358846314
0.000000 13358871320
0.000000 13358896290
0.000000 13358921317
0.000000 13358946320
0.000000 13358971320
0.000000 13358996295
0.000000 13359021319
0.000000 13359046319
0.000000 13359071316
0.000000 13359096297
0.000000 13359121306
0.000000 13359146314
0.000000 13359171317
0.000000 13359196288
0.000000 13359221313
0.000000 13359246317
0.000000 13359271317
0.000000 13359296292
0.000000 13359321313
0.000000 13359346328
0.000000 13359371321
0.000000 13359396294
0.000000 13359421313
0.000000 13359446301
0.000000 13359471317
0.000000 13359496290
0.000000 13359521325
0.000000 13359546312
0.000000 13359571305
0.000000 13359596301
0.000000 13359621310
0.000000 13359646316
0.000000 13359671310
0.000000 13359696298
0.000000 13359721319
0.000000 13359746314
0.000000 13359771313
0.000000 13359796306
0.000000 13359821315
0.000000 13359846308
0.000000 13359871319
0.000000 13359896312
0.000000 13359921316
0.000000 13359946321
0.000000 13359971315
0.000000 13359996315
0.000000 13360021307
0.000000 13360046310
0.000000 13360071306
0.000000 13360096293
0.000000 13360121310
0.000000 13360146309
0.000000 13360171310
0.000000 13360196290
0.000000 13360221310
0.000000 13360246280
0.000000 13360271314
0.000000 13360296296
0.000000 13360321314
0.000000 13360346315
0.000000 13360371306
0.000000 13360396367
0.000000 13360421300
0.000000 13360446294
0.000000 13360471289
0.000000 13360496303
0.000000 13360521325
0.000000 13360546308
0.000000 13360571318
0.000000 13360596316
0.000000 13360621323
0.000000 13360646311
0.000000 13360671319
0.000000 13360696303
0.000000 13360721314
0.000000 13360746310
0.000000 13360771308
0.000000 13360796282
0.000000 13360821316
0.000000 13360846292
0.000000 13360871306
0.000000 13360896312
0.000000 13360921316
0.000000 13360946293
0.000000 13360971311
0.000000 13360996292
0.000000 13361021304
0.000000 13361046342
0.000000 13361071335
0.000000 13361096298
0.000000 13361121321
0.000000 13361146308
0.000000 13361171316
0.000000 13361196312
0.000000 13361221320
0.000000 13361246314
0.000000 13361271320
0.000000 13361296308
0.000000 13361321292
0.000000 13361346309
0.000000 13361371322
0.000000 13361396301
0.000000 13361421325
0.000000 13361446307
0.000000 13361471316
0.000000 13361496310
0.000000 13361521318
0.000000 13361546307
0.000000 13361571322
0.000000 13361596313
0.000000 13361621320
0.000000 13361646309
0.000000 13361671320
0.000000 13361696314
0.000000 13361721330
0.000000 13361746311
0.000000 13361771311
0.000000 13361796309
0.000000 13361821329
0.000000 13361846319
0.000000 13361871314
0.000000 13361896320
0.000000 13361921326
0.000000 13361946315
0.000000 13361971319
0.000000 13361996310
0.000000 13362021326
0.000000 13362046310
0.000000 13362071315
0.000000 13362096311
0.000000 13362121304
0.000000 13362146369
0.000000 13362171322
0.000000 13362196314
0.000000 13362221324
0.000000 13362246316
0.000000 13362271330
0.000000 13362296323
0.000000 13362321332
0.000000 13362346321
0.000000 13362371323
0.000000 13362396320
0.000000 13362421322
0.000000 13362446323
0.000000 13362471323
0.000000 13362496326
0.000000 13362521330
0.000000 13362546326
0.000000 13362571321
0.000000 13362596321
0.000000 13362621323
0.000000 13362646320
0.000000 13362671314
0.000000 13362696319
0.000000 13362721333
0.000000 13362746320
0.000000 13362771326
0.000000 13362796329
0.000000 13362821329
0.000000 13362846326
0.000000 13362871317
0.000000 13362896329
0.000000 13362921328
0.000000 13362946326
0.000000 13362971325
0.000000 13362996324
0.000000 13363021328
0.000000 13363046316
0.000000 13363071322
0.000000 13363096330
0.000000 13363121329
0.000000 13363146328
0.000000 13363171316
0.000000 13363196327
0.000000 13363221330
0.000000 13363246318
0.000000 13363271324
0.000000 13363296324
0.000000 13363321318
0.000000 13363346327
0.000000 13363371323
0.000000 13363396320
0.000000 13363421307
0.000000 13363446324
0.000000 13363471322
0.000000 13363496326
0.000000 13363521327
0.000000 13363546321
0.000000 13363571299
0.000000 13363596319
0.000000 13363621298
0.000000 13363646332
0.000000 13363671322
0.000000 13363696324
0.000000 13363721308
0.000000 13363746315
0.000000 13363771319
0.000000 13363796328
