-0.647239 0.029420 -10.512731 13171345644
-0.608012 0.009807 -10.620603 13171367678
-0.706079 -0.019613 -10.532343 13171392647
-0.833565 -0.019613 -10.375437 13171417674
-0.843372 -0.088260 -10.375437 13171442665
-0.843372 -0.058840 -10.542150 13171467724
-0.804145 -0.058840 -10.659830 13171492714
-0.804145 0.068647 -10.453890 13171517721
-0.784532 0.098067 -10.257757 13171542698
-0.715886 0.166713 -10.247950 13171567717
-0.725692 0.235360 -10.346016 13171592683
-0.549172 0.274586 -10.640217 13171617733
-0.568786 0.274586 -10.718670 13171642703
-0.647239 0.323619 -10.777510 13171667728
-0.637432 0.235360 -10.679443 13171692729
-0.745305 0.156906 -10.679443 13171717721
-0.794339 0.137293 -10.855963 13171742704
-0.745305 0.107873 -10.836349 13171767723
-0.764919 0.088260 -10.757896 13171792724
-0.892405 0.127486 -10.718670 13171817728
-0.833565 0.068647 -10.640217 13171842705
-0.892405 0.088260 -10.571569 13171867722
-0.921825 0.098067 -10.600989 13171892729
-0.892405 0.107873 -10.473503 13171917723
-0.872792 0.088260 -10.444084 13171942701
-0.990472 0.117680 -10.493117 13171967725
-0.980665 0.137293 -10.551956 13171992722
-0.882599 0.127486 -10.669637 13172017722
-0.735499 0.147100 -10.659830 13172042700
-0.833565 0.147100 -10.571569 13172067717
-0.764919 0.137293 -10.346016 13172092733
-0.637432 0.166713 -10.816736 13172117727
-1.225831 -0.353039 -10.669637 13172142704
-1.323898 -0.225553 -10.689250 13172167732
-1.265058 -0.088260 -10.689250 13172192740
-1.206218 -0.088260 -10.463697 13172217730
-1.216025 0.049033 -10.522536 13172242703
-1.206218 0.107873 -10.571569 13172267739
-1.166991 0.107873 -10.395051 13172292731
-1.216025 0.127486 -10.365630 13172317737
-1.245445 0.088260 -10.385243 13172342671
-1.235638 0.088260 -10.493117 13172367712
-1.284671 0.147100 -10.561764 13172392727
-1.245445 0.205940 -10.610797 13172417730
-1.265058 0.294200 -10.591184 13172442697
-1.196411 0.294200 -10.699056 13172467736
-1.127765 0.411879 -10.875576 13172492727
-1.196411 0.460913 -10.757896 13172517717
-1.225831 0.588399 -10.659830 13172542715
-1.176798 0.921825 -10.620603 13172567735
-0.813952 1.196411 -10.228337 13172592712
-0.460913 1.284671 -9.943945 13172617721
-0.215746 1.814230 -9.914525 13172642697
-0.127486 2.235916 -10.140078 13172667731
-0.068647 2.883155 -10.051817 13172692727
-0.068647 3.265615 -9.816459 13172717715
0.215746 3.599041 -9.502645 13172742693
0.470719 3.981500 -9.218252 13172767735
0.460913 4.873906 -9.129992 13172792721
0.411879 5.305398 -8.757339 13172817733
0.313813 5.854571 -8.541594 13172842695
0.127486 6.344903 -8.276814 13172867736
0.049033 6.609683 -7.688415 13172892726
-0.039227 7.178468 -7.394215 13172917725
0.009807 7.619768 -7.266728 13172942692
0.029420 8.267007 -6.835236 13172967726
-0.078453 8.482754 -6.413549 13172992728
-0.304006 8.629853 -5.982057 13173017716
-0.294200 8.835793 -5.629018 13173042694
0.068647 9.179026 -4.883712 13173067715
0.058840 9.306512 -4.383573 13173092719
-0.019613 9.404578 -3.971694 13173117722
-0.235360 9.424192 -3.677494 13173142695
-0.372653 9.571292 -2.863542 13173167721
-0.166713 9.757618 -2.785089 13173192715
-0.245166 9.836071 -2.383016 13173217714
-0.372653 10.002784 -2.314370 13173242693
-0.362846 9.826264 -1.735777 13173267720
-0.215746 9.767425 -1.412158 13173292714
-0.205940 10.051817 -1.186605 13173317719
-0.353039 10.140078 -0.980665 13173342694
-0.421686 9.934137 -0.637432 13173367718
-0.362846 9.963558 -0.578592 13173392718
-0.284393 9.953751 -0.294200 13173417715
-0.323619 9.963558 -0.245166 13173442697
-0.402073 9.757618 -0.058840 13173467717
-0.372653 9.738005 -0.029420 13173492711
-0.284393 9.777231 0.009807 13173517718
-0.117680 9.943945 0.107873 13173542695
-0.098067 10.051817 0.078453 13173567729
-0.078453 10.100850 0.078453 13173592681
-0.137293 10.120463 0.049033 13173617731
-0.274586 10.012591 0.098067 13173642660
-0.284393 9.963558 0.127486 13173667704
-0.254973 10.071430 0.205940 13173692701
-0.254973 10.208724 0.186326 13173717716
-0.372653 10.130271 0.235360 13173742655
-0.362846 10.120463 0.323619 13173767722
-0.313813 10.051817 0.431493 13173792708
-0.343233 9.973364 0.490333 13173817718
-0.323619 9.777231 0.539366 13173842661
-0.284393 9.787038 0.490333 13173867723
-0.254973 9.865492 0.460913 13173892711
-0.304006 9.904717 0.431493 13173917718
-0.353039 10.012591 0.068647 13173942657
-0.353039 10.100850 -0.107873 13173967718
-0.460913 10.179304 -0.382459 13173992705
-0.627626 10.140078 -0.706079 13174017736
-0.382459 10.149883 -1.578871 13174042657
-0.215746 10.120463 -1.902490 13174067720
-0.264780 9.983171 -2.314370 13174092713
-0.196133 9.836071 -2.667409 13174117723
-0.558979 9.267285 -3.481361 13174142660
-0.529559 9.198639 -4.050147 13174167718
-0.549172 9.012313 -4.471833 13174192696
-0.460913 8.394494 -5.746698 13174217717
-0.480526 8.217974 -6.178190 13174242725
-0.608012 8.080681 -6.737169 13174267710
-0.568786 7.766868 -7.090209 13174292739
-0.588399 7.129435 -7.825707 13174317723
-0.519753 6.639102 -8.139521 13174342682
-0.470719 6.256643 -8.463140 13174367733
-0.382459 5.707471 -8.571013 13174392705
-0.627626 4.942552 -9.179026 13174417730
-0.774725 4.609126 -9.041733 13174442684
-0.225553 4.275700 -9.463418 13174467739
-0.382459 3.932467 -9.826264 13174492712
-0.284393 3.216582 -10.395051 13174517733
-0.441299 2.853735 -10.895190 13174542679
-0.784532 2.451663 -10.865769 13174567737
-0.853179 2.020170 -9.934137 13174592712
-0.813952 1.343511 -10.473503 13174617731
-0.764919 1.029698 -10.355824 13174642689
-0.725692 0.676659 -9.992978 13174667729
-0.794339 0.245166 -10.051817 13174692709
-0.823759 -0.254973 -10.306790 13174717733
-1.166991 -0.470719 -10.296983 13174742686
-1.402351 -0.774725 -10.061625 13174767733
-1.274865 -1.117958 -9.973364 13174792707
-1.667131 -1.676937 -10.444084 13174817727
-1.686744 -1.961330 -10.453890 13174842684
-1.490611 -2.118237 -10.091044 13174867732
-1.686744 -2.314370 -10.198916 13174892711
-1.598484 -2.941995 -10.179304 13174917733
-1.569064 -3.206775 -9.855684 13174942682
-1.618097 -3.461748 -9.698778 13174967734
-1.784810 -3.971694 -9.728198 13174992706
-1.775004 -4.295313 -9.581099 13175017698
-2.049590 -4.530673 -9.718391 13175042666
-1.951524 -4.942552 -9.335932 13175067728
-1.784810 -5.874184 -8.482754 13175092708
-2.020170 -6.276257 -8.237587 13175117732
-1.637711 -6.668523 -7.953194 13175142699
-1.588677 -6.874462 -7.462861 13175167728
-0.970859 -7.433442 -7.364795 13175192732
-0.980665 -7.541315 -6.482196 13175217736
-1.225831 -7.717835 -5.560371 13175242694
-0.921825 -7.913968 -5.609405 13175267727
-0.676659 -8.835793 -4.648353 13175292722
-0.882599 -8.531787 -3.285228 13175317730
-0.843372 -8.590627 -2.481083 13175342701
-0.862985 -8.718113 -2.628183 13175367724
-0.833565 -9.394772 -2.628183 13175392731
-0.657046 -9.532065 -1.784810 13175417731
-0.784532 -9.424192 -1.441578 13175442699
-0.853179 -9.453611 -1.500418 13175467731
-0.382459 -9.806651 -1.265058 13175492731
-0.362846 -9.826264 -0.921825 13175517733
-0.196133 -9.630132 -0.774725 13175542697
0.049033 -9.649745 -0.862985 13175567726
-0.127486 -9.845878 -0.176520 13175592726
-0.205940 -9.247672 0.372653 13175617718
-0.196133 -9.433999 0.058840 13175642702
-0.245166 -10.032204 -0.176520 13175667731
0.039227 -9.885104 0.176520 13175692731
-0.068647 -9.669358 0.460913 13175717731
-0.137293 -9.757618 0.676659 13175742693
-0.029420 -9.953751 0.460913 13175767733
-0.068647 -9.836071 0.647239 13175792722
-0.098067 -9.787038 0.637432 13175817740
-0.029420 -9.787038 0.598206 13175842701
-0.039227 -9.816459 0.529559 13175867732
-0.107873 -9.738005 0.529559 13175892716
-0.127486 -9.747811 0.490333 13175917728
-0.019613 -9.767425 0.421686 13175942685
-0.088260 -9.649745 0.411879 13175967715
-0.176520 -9.620325 0.392266 13175992720
-0.166713 -9.610518 0.402073 13176017729
-0.147100 -9.728198 0.333426 13176042689
-0.019613 -9.865492 0.323619 13176067725
0.147100 -9.777231 0.137293 13176092709
-0.009807 -9.728198 0.402073 13176117735
0.009807 -9.747811 0.402073 13176142693
0.009807 -9.757618 0.382459 13176167720
0.058840 -9.688972 0.205940 13176192713
0.019613 -9.659552 0.245166 13176219572
-0.127486 -9.718391 0.421686 13176242698
-0.156906 -9.708585 0.519753 13176267723
-0.117680 -9.698778 0.568786 13176292711
-0.088260 -9.757618 0.568786 13176317728
-0.107873 -9.845878 0.568786 13176342694
-0.098067 -9.767425 0.568786 13176367720
-0.107873 -9.757618 0.608012 13176392711
-0.127486 -9.816459 0.568786 13176417730
-0.127486 -9.630132 0.470719 13176442688
-0.019613 -9.649745 0.470719 13176467726
-0.039227 -9.551678 0.421686 13176492725
0.088260 -9.600712 0.372653 13176517729
0.264780 -9.875298 0.372653 13176542684
0.078453 -9.659552 0.686466 13176567729
-0.127486 -9.659552 0.480526 13176592715
-0.235360 -9.757618 0.392266 13176617718
-0.156906 -9.865492 0.362846 13176642701
-0.029420 -9.963558 0.470719 13176667732
0.019613 -10.002784 0.353039 13176692730
0.068647 -9.963558 0.294200 13176717732
0.058840 -9.845878 0.294200 13176742695
0.039227 -9.826264 0.284393 13176767732
-0.019613 -9.767425 0.254973 13176792728
-0.019613 -9.767425 0.215746 13176817723
0.039227 -9.806651 0.098067 13176842702
0.029420 -9.796844 0.098067 13176867731
-0.009807 -9.836071 0.117680 13176892719
0.009807 -9.787038 0.254973 13176917732
-0.029420 -9.738005 0.225553 13176942697
-0.039227 -9.728198 0.274586 13176967715
-0.029420 -9.728198 0.304006 13176992719
0.009807 -9.698778 0.421686 13177017698
0.009807 -9.679165 0.470719 13177042695
-0.009807 -9.679165 0.470719 13177067723
-0.078453 -9.698778 0.451106 13177092722
-0.147100 -9.649745 0.441299 13177117731
-0.147100 -9.600712 0.431493 13177142700
-0.078453 -9.610518 0.372653 13177167724
-0.019613 -9.630132 0.362846 13177192720
0.068647 -9.698778 0.205940 13177217734
0.068647 -9.708585 0.205940 13177242714
0.137293 -9.757618 0.304006 13177267723
0.196133 -9.875298 0.333426 13177292720
0.176520 -9.934137 0.205940 13177317741
0.137293 -9.934137 0.225553 13177342696
0.107873 -9.934137 0.313813 13177367735
0.088260 -9.796844 0.313813 13177392718
0.049033 -9.630132 0.274586 13177417717
0.039227 -9.610518 0.245166 13177442695
0.039227 -9.698778 0.196133 13177467733
0.068647 -9.610518 0.196133 13177492729
0.166713 -9.718391 0.245166 13177517719
0.254973 -9.806651 0.254973 13177542714
0.284393 -9.787038 0.205940 13177567726
0.304006 -9.777231 0.127486 13177592729
0.411879 -9.855684 0.166713 13177617727
0.382459 -9.806651 0.039227 13177642695
0.343233 -9.738005 0.039227 13177667729
0.353039 -9.738005 -0.019613 13177692735
0.451106 -9.708585 -0.098067 13177717732
0.470719 -9.757618 -0.186326 13177742700
0.500139 -9.816459 -0.176520 13177767735
0.500139 -9.806651 -0.088260 13177792726
0.411879 -9.796844 -0.029420 13177817728
