0.000000 13171345644
0.000000 13171367678
0.000000 13171392647
0.000000 13171417674
0.000000 13171442665
0.000000 13171467724
0.000000 13171492714
0.000000 13171517721
0.000000 13171542698
0.000000 13171567717
0.000000 13171592683
0.000000 13171617733
0.000000 13171642703
0.000000 13171667728
0.000000 13171692729
0.000000 13171717721
0.000000 13171742704
0.000000 13171767723
0.000000 13171792724
0.000000 13171817728
0.000000 13171842705
0.000000 13171867722
0.000000 13171892729
0.000000 13171917723
0.000000 13171942701
0.000000 13171967725
0.000000 13171992722
0.000000 13172017722
0.000000 13172042700
0.000000 13172067717
0.000000 13172092733
0.000000 13172117727
0.000000 13172142704
0.000000 13172167732
0.000000 13172192740
0.000000 13172217730
0.000000 13172242703
0.000000 13172267739
0.000000 13172292731
0.000000 13172317737
0.000000 13172342671
0.000000 13172367712
0.000000 13172392727
0.000000 13172417730
0.000000 13172442697
0.000000 13172467736
0.000000 13172492727
0.000000 13172517717
0.000000 13172542715
0.000000 13172567735
0.000000 13172592712
0.000000 13172617721
0.000000 13172642697
0.000000 13172667731
0.000000 13172692727
0.000000 13172717715
0.000000 13172742693
0.000000 13172767735
0.000000 13172792721
0.000000 13172817733
0.000000 13172842695
0.000000 13172867736
0.000000 13172892726
0.000000 13172917725
0.000000 13172942692
0.000000 13172967726
0.000000 13172992728
0.000000 13173017716
0.000000 13173042694
0.000000 13173067715
0.000000 13173092719
0.000000 13173117722
0.000000 13173142695
0.000000 13173167721
0.000000 13173192715
0.000000 13173217714
0.000000 13173242693
0.000000 13173267720
0.000000 13173292714
0.000000 13173317719
0.000000 13173342694
0.000000 13173367718
0.000000 13173392718
0.000000 13173417715
0.000000 13173442697
0.000000 13173467717
0.000000 13173492711
0.000000 13173517718
0.000000 13173542695
0.000000 13173567729
0.000000 13173592681
0.000000 13173617731
0.000000 13173642660
0.000000 13173667704
0.000000 13173692701
0.000000 13173717716
0.000000 13173742655
0.000000 13173767722
0.000000 13173792708
0.000000 13173817718
0.000000 13173842661
0.000000 13173867723
0.000000 13173892711
0.000000 13173917718
0.000000 13173942657
0.000000 13173967718
0.000000 13173992705
0.000000 13174017736
0.000000 13174042657
0.000000 13174067720
0.000000 13174092713
0.000000 13174117723
0.000000 13174142660
0.000000 13174167718
0.000000 13174192696
0.000000 13174217717
0.000000 13174242725
0.000000 13174267710
0.000000 13174292739
0.000000 13174317723
0.000000 13174342682
0.000000 13174367733
0.000000 13174392705
0.000000 13174417730
0.000000 13174442684
0.000000 13174467739
0.000000 13174492712
0.000000 13174517733
0.000000 13174542679
0.000000 13174567737
0.000000 13174592712
0.000000 13174617731
0.000000 13174642689
0.000000 13174667729
0.000000 13174692709
0.000000 13174717733
0.000000 13174742686
0.000000 13174767733
0.000000 13174792707
0.000000 13174817727
0.000000 13174842684
0.000000 13174867732
0.000000 13174892711
0.000000 13174917733
0.000000 13174942682
0.000000 13174967734
0.000000 13174992706
0.000000 13175017698
0.000000 13175042666
0.000000 13175067728
0.000000 13175092708
0.000000 13175117732
0.000000 13175142699
0.000000 13175167728
0.000000 13175192732
0.000000 13175217736
0.000000 13175242694
0.000000 13175267727
0.000000 13175292722
0.000000 13175317730
0.000000 13175342701
0.000000 13175367724
0.000000 13175392731
0.000000 13175417731
0.000000 13175442699
0.000000 13175467731
0.000000 13175492731
0.000000 13175517733
0.000000 13175542697
0.000000 13175567726
0.000000 13175592726
0.000000 13175617718
0.000000 13175642702
0.000000 13175667731
0.000000 13175692731
0.000000 13175717731
0.000000 13175742693
0.000000 13175767733
0.000000 13175792722
0.000000 13175817740
0.000000 13175842701
0.000000 13175867732
0.000000 13175892716
0.000000 13175917728
0.000000 13175942685
0.000000 13175967715
0.000000 13175992720
0.000000 13176017729
0.000000 13176042689
0.000000 13176067725
0.000000 13176092709
0.000000 13176117735
0.000000 13176142693
0.000000 13176167720
0.000000 13176192713
0.000000 13176219572
0.000000 13176242698
0.000000 13176267723
0.000000 13176292711
0.000000 13176317728
0.000000 13176342694
0.000000 13176367720
0.000000 13176392711
0.000000 13176417730
0.000000 13176442688
0.000000 13176467726
0.000000 13176492725
0.000000 13176517729
0.000000 13176542684
0.000000 13176567729
0.000000 13176592715
0.000000 13176617718
0.000000 13176642701
0.000000 13176667732
0.000000 13176692730
0.000000 13176717732
0.000000 13176742695
0.000000 13176767732
0.000000 13176792728
0.000000 13176817723
0.000000 13176842702
0.000000 13176867731
0.000000 13176892719
0.000000 13176917732
0.000000 13176942697
0.000000 13176967715
0.000000 13176992719
0.000000 13177017698
0.000000 13177042695
0.000000 13177067723
0.000000 13177092722
0.000000 13177117731
0.000000 13177142700
0.000000 13177167724
0.000000 13177192720
0.000000 13177217734
0.000000 13177242714
0.000000 13177267723
0.000000 13177292720
0.000000 13177317741
0.000000 13177342696
0.000000 13177367735
0.000000 13177392718
0.000000 13177417717
0.000000 13177442695
0.000000 13177467733
0.000000 13177492729
0.000000 13177517719
0.000000 13177542714
0.000000 13177567726
0.000000 13177592729
0.000000 13177617727
0.000000 13177642695
0.000000 13177667729
0.000000 13177692735
0.000000 13177717732
0.000000 13177742700
0.000000 13177767735
0.000000 13177792726
0.000000 13177817728
