1.598484 0.147100 9.424192 20109679133
1.608291 0.137293 9.335932 20109704149
1.529838 0.137293 9.365352 20109729142
1.520031 0.137293 9.424192 20109754099
1.520031 0.127486 9.424192 20109779137
1.520031 0.127486 9.463418 20109804136
1.520031 0.088260 9.453611 20109829132
1.510224 0.107873 9.453611 20109854111
1.500418 0.098067 9.384965 20109879122
1.578871 0.039227 9.384965 20109904140
1.608291 0.039227 9.463418 20109929122
1.608291 0.039227 9.522259 20109954102
1.598484 0.049033 9.502645 20109979136
1.500418 0.068647 9.522259 20110004122
1.480804 0.058840 9.463418 20110029133
1.500418 0.039227 9.502645 20110054098
1.470998 0.039227 9.522259 20110079134
1.392545 0.166713 9.267285 20110104123
1.441578 0.117680 9.365352 20110129132
1.588677 0.058840 9.639938 20110154092
1.608291 -0.068647 9.414385 20110179135
1.637711 -0.127486 9.384965 20110204131
1.667131 -0.078453 9.502645 20110229133
1.588677 -0.019613 9.561485 20110254091
1.510224 0.098067 9.424192 20110279137
1.470998 0.058840 9.365352 20110304130
1.186605 0.147100 9.237865 20110329135
1.304285 0.029420 9.316319 20110354088
1.098345 0.039227 9.688972 20110379139
1.010085 0.039227 9.757618 20110404121
1.029698 0.176520 9.865492 20110429141
0.921825 0.225553 9.179026 20110454094
0.862985 0.107873 9.306512 20110479136
0.657046 0.058840 9.228059 20110504130
0.490333 0.098067 9.443805 20110529140
0.049033 0.098067 9.688972 20110554092
-0.029420 -0.127486 9.561485 20110579134
-0.245166 -0.107873 9.522259 20110604127
-0.529559 -0.098067 9.679165 20110629147
-0.813952 -0.137293 9.453611 20110654092
-0.951245 -0.147100 9.345738 20110679132
-1.127765 -0.215746 9.247672 20110704129
-1.323898 -0.205940 9.345738 20110729129
-1.765197 -0.098067 9.375159 20110754092
-2.069203 -0.235360 9.149606 20110779134
-2.314370 -0.245166 9.277092 20110804129
-3.167548 -0.284393 9.335932 20110829134
-3.275421 -0.235360 9.041733 20110854094
-3.373488 -0.254973 8.835793 20110879133
-3.510781 -0.323619 8.776953 20110904126
-3.854014 -0.333426 8.541594 20110929143
-4.020727 -0.421686 8.551400 20110954095
-4.177633 -0.451106 8.463140 20110979142
-4.363960 -0.460913 8.217974 20111004120
-4.658159 -0.470719 7.894354 20111029127
-4.864099 -0.480526 7.923775 20111054113
-5.158298 -0.480526 8.002228 20111079141
-5.462305 -0.490333 7.698222 20111104123
-6.129157 -0.568786 7.531508 20111129130
-6.354710 -0.519753 7.413828 20111154094
-6.521423 -0.568786 7.031369 20111179135
-6.884269 -0.608012 6.462583 20111204131
-7.060789 -0.568786 6.197803 20111229131
-7.149048 -0.529559 6.344903 20111254095
-7.325568 -0.480526 5.864377 20111279136
-7.757061 -0.558979 5.344625 20111304124
-7.776674 -0.323619 5.079845 20111329141
-8.159134 -0.304006 5.128879 20111354091
-8.571013 -0.323619 5.001392 20111379138
-9.120186 -0.598206 4.471833 20111404134
-9.061346 -0.696272 3.393101 20111429140
-8.875020 -0.215746 3.049868 20111454094
-9.296705 -0.480526 2.873349 20111479145
-9.502645 -0.647239 2.687022 20111504123
-9.639938 -0.637432 2.304563 20111529143
-9.669358 -0.617819 1.912297 20111554053
-9.757618 -0.745305 1.343511 20111579138
-9.855684 -0.745305 1.127765 20111604117
-9.875298 -0.774725 1.000278 20111629143
-9.914525 -0.774725 0.794339 20111654055
-10.032204 -0.764919 -0.078453 20111679141
-10.149883 -0.882599 -0.441299 20111704119
-10.179304 -0.862985 -0.794339 20111729128
-10.169497 -0.902212 -0.921825 20111754057
-10.022397 -1.039505 -1.372931 20111779143
-9.934137 -1.088538 -1.765197 20111804114
-9.836071 -1.196411 -2.167270 20111829140
-9.738005 -1.176798 -2.726249 20111854058
-9.659552 -1.216025 -2.932189 20111879139
-9.522259 -1.196411 -3.687301 20111904119
-9.630132 -1.010085 -4.344347 20111929143
-9.257479 -1.235638 -4.540480 20111954055
-8.875020 -1.314091 -4.393380 20111979137
-8.482754 -1.363124 -4.589513 20112004109
-8.345461 -1.323898 -5.089652 20112029130
-8.012034 -1.206218 -6.335097 20112054056
-7.835515 -1.206218 -6.648909 20112079128
-7.698222 -1.196411 -6.854849 20112104118
-7.305955 -1.147378 -7.305955 20112129141
-7.149048 -1.284671 -7.531508 20112154053
-6.933302 -1.323898 -7.855128 20112179142
-6.786202 -1.265058 -7.972808 20112204119
-6.374323 -1.147378 -8.198360 20112229142
-6.197803 -1.088538 -8.512174 20112254051
-5.972251 -1.010085 -8.669080 20112279134
-5.785924 -0.902212 -8.757339 20112304120
-5.256365 -0.608012 -9.012313 20112329131
-4.815066 -0.519753 -9.129992 20112354046
-4.383573 -0.539366 -9.208446 20112379142
-4.599319 -0.755112 -9.541871 20112404113
-4.726806 -0.598206 -10.071430 20112429141
-4.412993 -0.519753 -10.022397 20112454103
-4.089374 -0.480526 -9.826264 20112479139
-3.648074 -0.392266 -10.169497 20112504242
-3.324455 -0.411879 -10.218531 20112529132
-3.089095 -0.392266 -10.296983 20112554098
-2.981222 -0.372653 -10.483310 20112579142
-2.667409 -0.333426 -10.375437 20112604173
-2.559536 -0.372653 -10.336210 20112629132
-2.392823 -0.402073 -10.404857 20112654079
-2.304563 -0.549172 -9.934137 20112679134
-1.824037 -0.343233 -10.296983 20112704108
-1.775004 -0.421686 -10.247950 20112729142
-1.539644 -0.313813 -10.463697 20112754078
-1.176798 -0.264780 -10.493117 20112779144
-1.039505 -0.313813 -10.404857 20112804108
-0.941439 -0.235360 -10.473503 20112829139
-0.774725 -0.156906 -10.620603 20112854086
-0.637432 -0.186326 -10.767703 20112879128
-0.519753 -0.215746 -10.836349 20112904100
-0.362846 -0.254973 -10.836349 20112929125
-0.264780 -0.215746 -10.699056 20112954093
-0.029420 -0.460913 -10.699056 20112979126
0.176520 -0.500139 -10.591184 20113004109
0.156906 -0.382459 -10.630409 20113029139
0.147100 -0.245166 -10.689250 20113054095
0.205940 -0.284393 -10.699056 20113079137
0.304006 -0.323619 -10.718670 20113104125
0.382459 -0.313813 -10.787316 20113129142
0.274586 -0.304006 -10.630409 20113154085
0.225553 -0.421686 -10.620603 20113179145
0.323619 -0.402073 -10.610797 20113204128
0.470719 -0.451106 -10.581376 20113229142
0.460913 -0.519753 -10.650023 20113254082
0.451106 -0.529559 -10.699056 20113279139
0.402073 -0.568786 -10.620603 20113304121
0.451106 -0.529559 -10.679443 20113329132
0.490333 -0.402073 -10.924609 20113354088
0.264780 -0.205940 -10.954029 20113379131
0.264780 -0.529559 -11.012870 20113404114
0.451106 -0.617819 -10.885383 20113429125
0.431493 -0.558979 -10.650023 20113454087
0.323619 -0.490333 -10.650023 20113479131
0.215746 -0.451106 -10.875576 20113504114
0.147100 -0.323619 -10.522536 20113529129
0.372653 -0.588399 -10.473503 20113554085
0.460913 -0.608012 -10.650023 20113579132
0.392266 -0.509946 -10.669637 20113604115
0.284393 -0.362846 -10.728477 20113629137
0.362846 -0.362846 -10.679443 20113654086
0.431493 -0.411879 -10.600989 20113679140
0.460913 -0.431493 -10.679443 20113704137
0.402073 -0.568786 -10.846155 20113729130
0.402073 -0.539366 -10.846155 20113754086
0.411879 -0.558979 -10.875576 20113779123
