2.240000 -4.830000 -1.102500 16336405520
8.032500 -8.102500 -2.012500 16336430733
7.525000 -5.285000 -2.345000 16336455490
6.300000 -6.632500 -2.310000 16336480540
5.687500 -7.087500 -1.365000 16336505536
0.822500 -4.970000 3.762500 16336530500
-3.097500 0.525000 -1.750000 16336555482
-2.887500 -4.200000 -3.132500 16336580487
-1.802500 -9.082500 -1.610000 16336605528
-0.682500 -10.832500 -0.997500 16336630502
1.085000 -9.677500 -0.280000 16336655491
3.010000 -4.795000 -1.190000 16336680500
1.610000 -1.137500 -2.012500 16336705521
-0.805000 -1.260000 -1.452500 16336730505
-0.280000 -7.472500 -0.787500 16336755498
2.362500 -6.440000 0.140000 16336780507
0.682500 -6.317500 0.332500 16336805507
3.255000 -7.560000 -0.122500 16336830494
7.577500 -6.492500 -0.787500 16336855483
10.045000 3.797500 1.050000 16336880474
12.757500 9.992500 1.610000 16336905508
16.240000 -2.747500 -1.855000 16336930500
18.340000 0.822500 -0.700000 16336955499
18.934999 -34.685001 -3.237500 16336980482
14.087500 -9.800000 -4.060000 16337005480
10.990000 20.912500 -7.997500 16337030512
7.350000 30.467501 -8.225000 16337055499
7.980000 33.827499 -3.447500 16337080473
9.765000 36.522499 3.972500 16337105536
14.525000 35.577499 6.002500 16337130510
14.787500 26.985001 2.152500 16337155546
10.255000 42.805000 -0.822500 16337180497
10.360000 47.512501 -2.397500 16337205483
9.415000 73.675003 3.535000 16337230497
6.580000 154.175003 11.305000 16337255481
6.702500 44.345001 3.937500 16337280552
9.607500 6.020000 1.715000 16337305489
8.207500 35.192501 3.272500 16337330501
4.165000 32.777500 3.447500 16337355864
0.805000 20.790001 1.750000 16337380478
-2.380000 39.707500 -1.697500 16337405527
-4.847500 70.279999 -4.760000 16337430494
-5.372500 77.875000 -4.830000 16337455609
-0.525000 64.487503 -3.762500 16337480503
7.980000 77.455002 -1.242500 16337505483
17.972500 84.717499 -0.962500 16337530553
19.862499 64.172501 -4.287500 16337555476
19.547501 62.195000 -7.980000 16337597704
19.040001 63.314999 -8.365000 16337606272
18.147501 65.205002 -9.555000 16337630497
14.542500 67.602501 -7.437500 16337655496
10.885000 75.267502 -7.945000 16337680494
2.747500 70.805000 -9.660000 16337705522
-6.002500 80.849998 -7.087500 16337730500
-10.675000 95.934998 -0.612500 16337755477
-6.650000 95.917503 -3.202500 16337780479
-7.035000 97.317497 -9.537500 16337805485
-9.275000 121.432503 -16.625000 16337830498
-4.305000 110.302498 -20.702499 16337855482
-4.725000 91.962502 -21.612499 16337880535
-3.342500 104.982498 -17.815001 16337905505
-2.730000 114.362503 -16.922501 16337930506
-2.730000 122.430000 -14.612500 16337955482
-3.045000 114.922501 -13.510000 16337980497
-2.747500 112.192497 -9.467500 16338005890
-2.765000 110.915001 -7.735000 16338030626
-4.480000 109.287498 -5.862500 16338055486
-4.357500 107.327499 0.962500 16338080495
-7.315000 95.794998 1.242500 16338105520
-9.940000 91.787498 2.415000 16338130506
-10.815000 101.919998 6.562500 16338155478
-7.455000 106.942497 9.677500 16338180498
-7.035000 104.650002 12.932500 16338205477
-7.612500 103.302498 12.145000 16338230996
-5.127500 103.985001 9.187500 16338255480
-3.430000 101.815002 7.770000 16338280474
-2.362500 85.172501 8.050000 16338305506
1.277500 88.654999 0.752500 16338330494
6.125000 104.824997 -2.047500 16338355485
10.990000 101.517502 -3.342500 16338380499
10.500000 87.937500 -3.395000 16338405481
8.417500 88.182503 -3.027500 16338430464
7.752500 91.699997 -3.167500 16338455495
8.015000 86.239998 -4.270000 16338480497
6.370000 78.785004 -5.302500 16338505529
4.830000 73.587502 -5.302500 16338530494
5.110000 70.192497 -4.217500 16338555498
5.460000 79.519997 -3.395000 16338580481
6.702500 82.862503 -1.925000 16338605494
8.417500 75.004997 -0.087500 16338630477
8.837500 76.720001 1.050000 16338655484
8.592500 79.695000 2.292500 16338680480
6.702500 68.879997 1.155000 16338705505
3.150000 51.695000 -0.595000 16338730496
2.852500 45.639999 -0.997500 16338755495
4.217500 41.230000 -0.857500 16338780491
4.777500 37.712502 -1.592500 16338805497
6.002500 38.727501 -3.377500 16338830479
9.170000 37.799999 -3.080000 16338855492
9.537500 40.162498 -1.277500 16338880503
8.890000 32.567501 1.207500 16338905512
7.297500 29.767500 1.120000 16338930494
6.562500 35.297501 0.665000 16338955478
5.495000 38.360001 2.730000 16338980491
0.962500 33.599998 2.607500 16339005547
1.382500 27.650000 0.612500 16339030497
3.570000 23.555000 -1.190000 16339055483
5.215000 23.695000 -0.105000 16339080491
3.657500 27.947500 3.657500 16339105976
2.555000 21.962500 6.177500 16339130502
2.327500 13.965000 5.845000 16339155481
0.105000 11.987500 5.355000 16339180498
-5.547500 24.062500 4.865000 16339205483
-7.857500 21.787500 0.140000 16339230478
-2.572500 13.720000 -3.517500 16339255501
-3.045000 8.732500 -3.727500 16339280472
-3.517500 0.227500 -3.937500 16339305501
0.525000 -1.505000 -2.485000 16339330494
-1.085000 -1.452500 -4.410000 16339355492
-5.040000 7.980000 -7.385000 16339380483
5.705000 10.115000 -6.597500 16339405501
5.530000 23.520000 -3.937500 16339430501
5.320000 21.122499 -4.532500 16339455501
2.975000 19.495001 -5.477500 16339480499
0.612500 19.809999 -3.710000 16339505500
4.550000 20.107500 -2.835000 16339530505
10.290000 20.702499 -0.175000 16339555489
8.417500 26.372499 0.087500 16339580478
14.402500 12.845000 -3.727500 16339605481
0.735000 4.410000 -3.780000 16339630506
-10.622500 -1.872500 1.995000 16339655484
-16.905001 -5.145000 3.797500 16339680501
-12.267500 -11.217500 3.955000 16339705506
-9.135000 -9.887500 3.920000 16339730500
-4.567500 -6.317500 0.910000 16339755481
-1.400000 -2.450000 -0.997500 16339780538
1.382500 -5.827500 0.490000 16339805511
0.717500 -6.895000 1.610000 16339830495
-1.732500 -0.700000 2.520000 16339855484
-4.690000 -0.717500 3.080000 16339880485
-7.052500 -0.910000 3.027500 16339905497
-6.422500 0.315000 3.465000 16339930541
-7.035000 1.347500 4.602500 16339955479
-7.350000 -3.010000 3.167500 16339980883
-5.827500 -5.670000 2.362500 16340005524
-2.187500 -3.325000 2.117500 16340030500
-0.332500 -1.645000 0.805000 16340055485
1.872500 -1.802500 0.700000 16340080486
1.032500 -3.640000 1.102500 16340105483
-3.167500 -2.012500 1.225000 16340130498
-4.322500 0.332500 1.697500 16340155498
-4.165000 -2.975000 2.275000 16340180822
-5.635000 -0.787500 3.587500 16340205520
-6.475000 -2.292500 5.897500 16340230500
-6.405000 -1.067500 -1.382500 16340255489
-7.700000 0.455000 -3.867500 16340280485
-5.022500 4.602500 -3.062500 16340305510
2.030000 5.600000 -4.882500 16340330504
11.182500 -3.325000 -4.200000 16340355490
6.912500 -10.465000 -5.705000 16340380468
6.352500 -18.445000 -6.807500 16340405523
8.032500 -24.920000 -9.835000 16340430505
10.867500 -21.840000 -11.865000 16340455477
15.102500 -19.004999 -12.250000 16340480483
14.245000 -16.922501 -5.320000 16340505531
13.300000 -15.120000 -17.027500 16340530498
36.049999 -9.170000 -13.842500 16340555470
41.492500 -8.137500 -3.027500 16340580489
20.667500 -1.155000 6.930000 16340605532
0.770000 2.835000 5.512500 16340630496
-6.965000 -0.472500 2.572500 16340655503
-10.640000 1.872500 6.912500 16340680484
-10.815000 2.625000 7.490000 16340705514
-13.072500 -1.697500 1.295000 16340730565
-10.045000 -4.007500 0.087500 16340755488
