7.380000 3.060000 0.660000 16336418563
7.200000 3.480000 0.720000 16336443735
7.260000 3.060000 0.540000 16336468591
7.200000 3.240000 0.600000 16336494163
7.320000 3.360000 0.720000 16336518542
7.200000 3.240000 0.720000 16336543676
7.140000 3.060000 0.780000 16336568559
6.840000 3.360000 0.720000 16336593540
7.380000 3.060000 0.660000 16336618548
6.900000 3.300000 0.660000 16336643675
7.080000 3.360000 0.600000 16336668488
6.840000 3.120000 0.840000 16336693570
7.140000 2.940000 0.900000 16336718554
7.440000 3.360000 0.600000 16336743675
6.960000 3.240000 0.600000 16336768550
7.440000 3.360000 0.240000 16336793549
7.260000 3.300000 0.540000 16336819155
7.140000 3.180000 0.420000 16336843713
7.200000 3.120000 0.600000 16336868543
6.840000 3.360000 0.600000 16336893554
7.200000 3.480000 0.600000 16336918552
7.560000 3.120000 0.840000 16336943681
7.260000 3.180000 0.780000 16336968567
7.380000 2.940000 0.780000 16336993543
7.200000 3.120000 0.600000 16337019348
7.380000 2.940000 0.780000 16337043690
7.440000 3.240000 0.840000 16337068548
7.620000 2.940000 0.900000 16337093536
7.560000 3.120000 0.960000 16337118547
7.620000 3.060000 0.900000 16337143697
7.800000 3.240000 1.320000 16337168566
7.620000 3.060000 1.140000 16337193541
7.560000 3.120000 1.320000 16337218752
7.920000 3.240000 1.560000 16337243693
8.099999 3.060000 2.100000 16337268546
7.980000 2.820000 2.100000 16337294084
8.580000 3.420000 1.860000 16337318751
8.520000 3.000000 2.160000 16337343683
8.520000 3.240000 2.160000 16337368544
8.220000 2.580000 2.340000 16337393546
8.880000 3.000000 2.400000 16337418544
8.639999 2.880000 2.520000 16337443692
8.639999 3.120000 2.520000 16337468537
9.120000 3.000000 3.000000 16337494154
9.059999 3.300000 2.940000 16337518769
9.059999 3.060000 3.060000 16337543685
9.179999 3.060000 3.660000 16337568544
9.179999 2.940000 3.300000 16337604917
9.059999 3.060000 3.780000 16337619409
9.300000 3.060000 4.260000 16337643711
9.480000 3.240000 4.200000 16337668551
9.360000 3.240000 4.440000 16337694395
9.179999 2.940000 4.860000 16337718585
9.420000 3.180000 4.980000 16337743662
9.540000 3.420000 5.340000 16337768558
9.540000 3.060000 5.220000 16337793596
9.179999 3.780000 5.940000 16337818752
9.000000 3.600000 5.880000 16337843691
9.420000 3.900000 6.180000 16337868544
9.059999 3.420000 6.180000 16337894196
8.700000 3.420000 6.420000 16337918610
9.179999 3.780000 7.260000 16337943683
8.880000 3.360000 7.680000 16337968553
9.000000 3.360000 7.920000 16337993552
8.580000 3.900000 7.980000 16338018532
8.160000 3.720000 8.280000 16338043988
8.280000 3.840000 8.520000 16338068547
7.920000 3.840000 8.760000 16338093584
7.860000 3.780000 9.059999 16338118545
7.920000 3.840000 9.120000 16338143680
7.440000 3.600000 9.480000 16338169175
7.440000 3.720000 9.240000 16338193552
7.080000 3.600000 10.080000 16338218746
6.840000 3.720000 9.599999 16338243675
6.300000 3.660000 10.020000 16338268560
6.180000 3.540000 10.260000 16338293545
5.700000 3.420000 10.260000 16338318547
5.760000 3.480000 9.960000 16338343685
5.460000 3.420000 10.500000 16338369073
5.340000 3.540000 10.620000 16338393533
4.860000 3.420000 10.740000 16338418745
4.620000 3.420000 10.500000 16338443682
4.800000 3.480000 10.800000 16338468528
4.260000 3.660000 10.980000 16338493538
3.780000 3.300000 10.860000 16338518538
3.960000 3.840000 10.920000 16338543675
3.720000 3.600000 10.920000 16338569148
3.120000 3.360000 10.679999 16338593546
2.940000 3.780000 10.860000 16338618525
2.880000 3.720000 10.800000 16338643682
2.760000 3.480000 11.040000 16338668545
2.520000 3.360000 10.920000 16338693529
2.340000 3.660000 10.860000 16338718544
2.160000 3.600000 10.920000 16338743672
1.860000 3.780000 10.740000 16338769097
1.680000 3.600000 10.800000 16338793542
1.200000 3.600000 10.679999 16338818536
1.680000 3.480000 10.800000 16338843639
1.560000 3.720000 10.800000 16338868547
1.620000 3.780000 10.740000 16338893537
1.380000 3.780000 10.860000 16338918540
1.200000 3.600000 10.440000 16338943668
1.020000 3.540000 10.740000 16338968541
0.780000 3.660000 10.620000 16338993547
0.720000 3.720000 10.559999 16339018548
0.600000 3.720000 10.679999 16339044185
0.600000 3.960000 10.440000 16339068538
0.600000 3.720000 10.559999 16339093536
0.540000 3.660000 10.380000 16339118531
0.360000 3.840000 10.320000 16339143697
0.060000 3.540000 10.139999 16339168607
0.060000 3.900000 10.500000 16339193545
0.240000 3.600000 10.440000 16339218848
0.420000 3.780000 10.260000 16339244273
0.120000 3.720000 10.320000 16339268658
0.180000 3.540000 10.500000 16339293532
0.060000 3.540000 10.020000 16339318659
-0.060000 3.900000 10.139999 16339343685
-0.060000 3.960000 9.840000 16339368516
-0.120000 3.720000 10.200000 16339393537
-0.360000 3.600000 10.440000 16339418556
-0.180000 3.900000 10.139999 16339444188
-0.240000 3.480000 9.960000 16339468528
-0.300000 3.660000 10.020000 16339493539
-0.360000 3.480000 9.840000 16339518533
-0.660000 3.660000 9.780000 16339543666
-0.420000 3.660000 9.900000 16339568536
-0.240000 3.480000 9.719999 16339593536
-0.840000 3.600000 9.960000 16339618746
-0.660000 3.540000 10.139999 16339644339
-0.600000 3.240000 9.719999 16339668541
-0.540000 3.300000 9.780000 16339693561
-0.660000 3.660000 9.660000 16339718539
-0.540000 3.180000 9.780000 16339743703
-0.840000 3.240000 9.719999 16339768540
-0.420000 3.540000 10.020000 16339793540
-0.840000 3.720000 9.599999 16339818530
-0.360000 3.720000 9.480000 16339843673
-0.600000 3.600000 9.840000 16339868536
-0.900000 3.420000 9.660000 16339893530
-0.660000 3.420000 9.660000 16339919126
-0.480000 3.720000 9.599999 16339943666
-0.600000 3.600000 9.360000 16339968541
-0.660000 3.180000 9.420000 16339993535
-0.900000 3.300000 9.660000 16340018538
-0.600000 3.480000 9.719999 16340043675
-0.660000 3.540000 9.540000 16340068547
-0.900000 3.420000 9.420000 16340093553
-0.780000 3.540000 9.179999 16340119303
-0.720000 3.480000 9.480000 16340143675
-0.840000 3.600000 9.360000 16340168530
-0.840000 3.360000 9.719999 16340197851
-0.900000 3.300000 9.540000 16340216714
-0.960000 3.600000 9.480000 16340241542
-0.960000 3.240000 9.599999 16340266693
-1.020000 3.060000 9.420000 16340291547
-1.080000 3.480000 9.719999 16340316736
-0.900000 3.180000 9.059999 16340341546
-1.140000 3.300000 9.420000 16340366721
-1.020000 3.660000 9.300000 16340391561
-0.960000 3.480000 9.599999 16340416682
-0.720000 3.360000 9.719999 16340441569
-0.780000 3.300000 9.540000 16340466679
-0.720000 3.480000 9.599999 16340491540
-0.540000 3.300000 9.780000 16340516701
-0.660000 3.540000 9.420000 16340541538
-0.720000 3.360000 9.360000 16340566677
-0.600000 3.600000 9.840000 16340591556
-0.600000 3.960000 9.599999 16340616674
-0.660000 3.180000 9.660000 16340641549
-0.480000 3.600000 9.480000 16340666704
-0.480000 3.600000 9.599999 16340691544
-0.900000 3.420000 9.540000 16340716667
-0.660000 3.540000 9.540000 16340741589
-0.780000 3.300000 9.540000 16340766744
