0.000000 16336403236
0.000000 16336428222
0.000000 16336453214
0.000000 16336478231
0.000000 16336503243
0.000000 16336528231
0.000000 16336553227
0.000000 16336578231
0.000000 16336603257
0.000000 16336628230
0.000000 16336653225
0.000000 16336678231
0.000000 16336703245
0.000000 16336728237
0.000000 16336753226
0.000000 16336778225
0.000000 16336803227
0.000000 16336828216
0.000000 16336853234
0.000000 16336878236
0.000000 16336903220
0.000000 16336928234
0.000000 16336953223
0.000000 16336978213
0.000000 16337003215
0.000000 16337028228
0.000000 16337053233
0.000000 16337078240
0.000000 16337103238
0.000000 16337128240
0.000000 16337153520
0.000000 16337178242
0.000000 16337203229
0.000000 16337228226
0.000000 16337253228
0.000000 16337278237
0.000000 16337303237
0.000000 16337328236
0.000000 16337353228
0.000000 16337378238
0.000000 16337403232
0.000000 16337428229
0.000000 16337453232
0.000000 16337478228
0.000000 16337503227
0.000000 16337528228
0.000000 16337553240
0.000000 16337578241
5.000000 16337603199
5.000000 16337628239
5.000000 16337653233
5.000000 16337678223
5.000000 16337703231
5.000000 16337728239
5.000000 16337753410
5.000000 16337778223
5.000000 16337803234
5.000000 16337828232
5.000000 16337853233
5.000000 16337878235
5.000000 16337903216
5.000000 16337928227
5.000000 16337953235
5.000000 16337978235
5.000000 16338003225
5.000000 16338028619
5.000000 16338053235
5.000000 16338078219
5.000000 16338103240
5.000000 16338128237
5.000000 16338153218
5.000000 16338178224
5.000000 16338203222
5.000000 16338228237
5.000000 16338253224
5.000000 16338278242
5.000000 16338303218
5.000000 16338328237
5.000000 16338353223
5.000000 16338378223
5.000000 16338403227
5.000000 16338428230
5.000000 16338453226
5.000000 16338478226
5.000000 16338503260
5.000000 16338528228
5.000000 16338553254
5.000000 16338578226
5.000000 16338603324
5.000000 16338628236
5.000000 16338653231
5.000000 16338678231
5.000000 16338703217
5.000000 16338728227
5.000000 16338753227
5.000000 16338778217
5.000000 16338803223
5.000000 16338828233
5.000000 16338853218
5.000000 16338878234
5.000000 16338903507
5.000000 16338928225
5.000000 16338953233
5.000000 16338978229
5.000000 16339003231
5.000000 16339028229
5.000000 16339053224
5.000000 16339078222
5.000000 16339103231
5.000000 16339128232
5.000000 16339153240
5.000000 16339178234
5.000000 16339203212
5.000000 16339228230
5.000000 16339253235
5.000000 16339278239
5.000000 16339303231
5.000000 16339328228
5.000000 16339353222
5.000000 16339378231
5.000000 16339403238
5.000000 16339428223
5.000000 16339453222
5.000000 16339478235
5.000000 16339503240
5.000000 16339528224
5.000000 16339553232
5.000000 16339578226
5.000000 16339603244
5.000000 16339628233
5.000000 16339653232
5.000000 16339678221
5.000000 16339703235
5.000000 16339728224
5.000000 16339753237
5.000000 16339778564
5.000000 16339803232
5.000000 16339828235
5.000000 16339853240
5.000000 16339878230
5.000000 16339903233
5.000000 16339928225
5.000000 16339953230
5.000000 16339978224
5.000000 16340003216
5.000000 16340028221
5.000000 16340053234
5.000000 16340078218
5.000000 16340103233
5.000000 16340128224
5.000000 16340153232
5.000000 16340178220
5.000000 16340203235
5.000000 16340228228
5.000000 16340253223
5.000000 16340278230
5.000000 16340303235
5.000000 16340328232
5.000000 16340353226
5.000000 16340378230
5.000000 16340403237
5.000000 16340428232
5.000000 16340453229
5.000000 16340478235
5.000000 16340503208
5.000000 16340528225
5.000000 16340553245
5.000000 16340578221
5.000000 16340603260
5.000000 16340628224
5.000000 16340653168
5.000000 16340678227
5.000000 16340703225
0.000000 16340728442
0.000000 16340753252
