10.091044 0.882599 -0.362846 30698826383
10.247950 0.882599 -0.215746 30698844702
10.336210 1.068925 -0.186326 30698869703
10.336210 1.166991 -0.343233 30698894696
10.189111 1.049312 -0.353039 30698919729
10.110658 1.029698 -0.451106 30698944746
9.992978 0.872792 -0.549172 30698969724
9.826264 0.755112 -0.539366 30698994727
9.757618 0.706079 -0.588399 30699019780
9.845878 0.539366 -0.578592 30699044783
9.992978 0.480526 -0.470719 30699069775
10.120463 0.490333 -0.245166 30699094774
10.130271 0.470719 -0.147100 30699119844
10.306790 0.382459 -0.088260 30699144888
10.512731 0.598206 -0.019613 30699169841
10.669637 0.843372 -0.313813 30699194811
10.512731 0.676659 -0.470719 30699219899
10.493117 0.676659 -0.549172 30699244884
10.434277 0.676659 -0.558979 30699269891
10.296983 0.676659 -0.627626 30699294877
10.277370 0.676659 -0.657046 30699319892
10.257757 0.745305 -0.568786 30699344885
10.267564 0.657046 -0.411879 30699369891
10.169497 0.637432 -0.353039 30699394882
10.022397 0.578592 -0.313813 30699420101
9.924331 0.460913 -0.411879 30699445081
9.826264 0.490333 -0.617819 30699470084
9.767425 0.372653 -0.686466 30699495079
10.032204 0.372653 -0.529559 30699520092
10.198916 0.539366 -0.411879 30699545086
9.963558 0.647239 -0.627626 30699570100
9.992978 0.853179 -0.735499 30699595080
10.081238 1.363124 -0.804145 30699620101
10.198916 0.706079 -0.676659 30699645005
10.336210 1.039505 -0.333426 30699670095
10.532343 1.637711 -0.205940 30699695000
10.306790 1.784810 -0.313813 30699720075
10.296983 1.549451 -0.676659 30699744996
10.620603 1.412158 -0.068647 30699770105
10.983449 1.461191 -0.892405 30699795079
10.826543 1.431771 -0.470719 30699820368
10.453890 1.127765 -0.588399 30699845112
10.395051 0.970859 -0.088260 30699870101
10.355824 0.588399 -0.539366 30699894995
10.130271 0.382459 -1.059118 30699920096
9.845878 0.617819 -1.088538 30699945089
10.022397 1.049312 -0.853179 30699970098
9.963558 0.608012 -0.657046 30699995002
10.071430 0.421686 -0.245166 30700020090
10.375437 0.509946 -0.009807 30700045098
10.208724 0.205940 -0.392266 30700070198
10.247950 0.254973 -0.372653 30700095004
10.238144 0.264780 -0.127486 30700120112
10.247950 0.411879 -0.049033 30700145096
10.149883 0.460913 -0.264780 30700170100
10.179304 0.588399 -0.431493 30700195005
10.130271 0.696272 -0.490333 30700220082
10.130271 0.794339 -0.509946 30700245090
10.051817 1.088538 -0.392266 30700270001
9.904717 1.274865 -0.519753 30700295006
9.963558 1.314091 -0.657046 30700320107
10.247950 1.127765 -0.627626 30700345089
10.169497 1.157185 -0.539366 30700370091
10.140078 1.284671 -0.411879 30700395007
10.159691 1.216025 -0.392266 30700420090
10.198916 1.127765 -0.264780 30700445095
10.169497 1.108152 -0.304006 30700470094
10.110658 1.039505 -0.264780 30700495001
10.179304 1.098345 -0.294200 30700520093
10.159691 1.019892 -0.274586 30700545095
10.051817 1.049312 -0.313813 30700570089
10.051817 1.127765 -0.343233 30700594999
10.120463 1.108152 -0.313813 30700620087
10.198916 1.039505 -0.294200 30700645114
10.228337 1.166991 -0.225553 30700670091
10.159691 1.166991 -0.176520 30700694985
10.081238 1.186605 -0.147100 30700720097
9.934137 1.402351 -0.225553 30700745095
10.002784 1.441578 -0.166713 30700770092
10.012591 1.353318 -0.294200 30700795000
9.953751 1.363124 -0.353039 30700820096
9.953751 1.412158 -0.353039 30700845094
9.983171 1.392545 -0.176520 30700870090
9.904717 1.284671 -0.019613 30700895007
9.904717 1.216025 -0.382459 30700920094
9.924331 1.206218 -0.392266 30700945090
10.012591 1.029698 -0.058840 30700970080
9.992978 0.872792 -0.490333 30700995002
10.110658 1.461191 0.343233 30701020097
10.179304 1.814230 0.215746 30701045209
10.149883 1.755391 -0.078453 30701070100
10.061625 1.647517 -0.343233 30701094993
10.306790 1.539644 -0.333426 30701120091
10.198916 1.804424 -0.058840 30701145083
10.140078 1.765197 -0.029420 30701170114
9.983171 1.392545 -0.254973 30701194998
9.836071 1.098345 -0.372653 30701220104
9.767425 1.343511 -0.117680 30701245091
9.777231 1.255251 -0.343233 30701270095
9.845878 1.333705 -0.402073 30701294989
9.698778 0.696272 -0.176520 30701320100
9.738005 0.990472 0.666852 30701345084
10.208724 0.794339 0.235360 30701370095
10.650023 1.225831 0.333426 30701394990
10.424470 0.529559 0.549172 30701420090
10.826543 0.657046 0.627626 30701445086
10.846155 0.862985 0.549172 30701470097
10.591184 0.304006 0.686466 30701495080
10.022397 -0.304006 0.519753 30701520091
10.032204 -0.637432 0.902212 30701545098
10.208724 -0.294200 1.441578 30701570104
10.836349 -0.068647 1.049312 30701594988
11.316875 1.059118 -0.509946 30701620086
11.395329 1.059118 -1.372931 30701645089
10.493117 0.068647 -0.735499 30701670097
9.836071 -0.362846 0.402073 30701694990
9.914525 -0.019613 0.176520 30701720092
10.130271 0.451106 -0.215746 30701745098
10.061625 0.735499 -0.235360 30701770093
9.698778 0.951245 -0.657046 30701794998
9.679165 1.225831 -0.833565 30701820096
9.816459 1.186605 -0.853179 30701845093
10.022397 1.314091 -0.833565 30701870087
10.336210 1.255251 -0.539366 30701895000
10.238144 1.127765 -0.392266 30701920093
10.061625 1.117958 -0.500139 30701945089
10.081238 0.961052 -0.647239 30701970108
10.071430 0.362846 -0.500139 30701995004
10.022397 0.313813 -0.402073 30702020089
9.943945 0.431493 -0.382459 30702045103
10.012591 0.382459 -0.568786 30702070101
10.267564 0.872792 -0.529559 30702095002
10.228337 1.059118 -0.755112 30702120094
10.159691 1.059118 -1.019892 30702145097
10.189111 1.549451 -1.059118 30702170089
10.140078 1.745584 -0.823759 30702195003
10.169497 1.676937 -0.539366 30702220115
10.042011 1.696550 -0.304006 30702245105
9.943945 1.843650 -0.362846 30702270090
9.796844 1.392545 -0.392266 30702294988
9.904717 1.421964 -0.225553 30702320100
10.032204 1.176798 -0.225553 30702345097
10.022397 1.196411 -0.264780 30702370083
10.032204 1.157185 -0.186326 30702395078
10.404857 1.098345 -0.039227 30702420089
10.591184 1.059118 -0.156906 30702445093
10.120463 1.402351 -0.509946 30702470097
9.934137 1.068925 -0.657046 30702495091
10.002784 1.088538 -0.549172 30702520089
10.051817 1.304285 -0.421686 30702545104
10.189111 1.667131 -0.529559 30702570097
10.189111 2.137850 -0.490333 30702595003
10.002784 2.294756 -0.421686 30702620100
10.012591 2.177077 -0.215746 30702645100
9.953751 2.226110 -0.098067 30702670098
9.934137 2.510503 -0.451106 30702695004
9.924331 2.451663 -0.343233 30702720098
9.865492 2.235916 0.009807 30702745113
9.973364 2.167270 -0.058840 30702770095
9.924331 2.196690 -0.039227 30702795006
9.894911 2.255530 0.029420 30702820107
9.836071 2.108430 0.176520 30702845088
9.953751 1.814230 0.098067 30702870098
10.071430 1.873070 0.225553 30702895007
10.140078 2.177077 0.284393 30702920099
10.130271 2.226110 0.294200 30702945099
10.208724 2.020170 0.186326 30702970091
10.061625 2.137850 -0.176520 30702995007
9.992978 2.118237 -0.186326 30703019997
10.002784 2.216303 0.333426 30703045090
10.032204 2.412436 0.078453 30703070105
10.061625 2.902769 -0.539366 30703095006
9.836071 2.471276 -0.617819 30703120098
9.973364 2.059397 -0.068647 30703145089
10.061625 1.863264 -0.117680 30703170099
9.963558 1.892684 -0.304006 30703195002
9.875298 1.725971 -0.490333 30703220095
10.238144 2.000557 -0.333426 30703245004
10.091044 2.098624 -0.353039 30703270094
9.894911 1.961330 -0.304006 30703294993
9.943945 2.069203 -0.205940 30703320116
10.120463 2.549729 0.058840 30703345095
10.140078 2.559536 -0.049033 30703370095
10.012591 2.441856 0.039227 30703395074
10.071430 2.422243 0.098067 30703420095
9.728198 1.951524 0.176520 30703445079
9.953751 1.784810 0.225553 30703470094
10.218531 2.049590 0.137293 30703494998
10.091044 2.294756 -0.245166 30703520090
9.679165 1.657324 -0.470719 30703545089
10.287177 1.912297 -0.088260 30703570078
10.336210 1.657324 0.274586 30703595001
10.306790 1.206218 0.166713 30703620093
10.355824 1.676937 -0.294200 30703645095
10.277370 1.068925 0.176520 30703670100
10.247950 1.059118 0.833565 30703694992
10.051817 1.206218 0.784532 30703720099
10.051817 1.294478 0.284393 30703745088
10.051817 0.980665 0.284393 30703770088
10.159691 0.725692 0.205940 30703795000
10.091044 0.961052 1.245445 30703820095
9.934137 1.206218 1.441578 30703845092
9.914525 0.764919 1.059118 30703870098
9.904717 0.647239 0.078453 30703894996
10.404857 0.774725 -0.853179 30703920095
10.404857 0.686466 -0.421686 30703945085
10.257757 0.372653 -0.254973 30703970099
10.238144 0.725692 -0.196133 30703994997
10.120463 0.637432 0.441299 30704020099
9.983171 0.794339 0.764919 30704045096
9.796844 0.951245 0.951245 30704070207
9.688972 0.833565 1.137571 30704094998
9.914525 0.813952 1.412158 30704120085
10.365630 1.196411 1.470998 30704145093
10.336210 1.117958 1.480804 30704170090
9.992978 0.706079 0.745305 30704194982
10.306790 1.088538 -1.039505 30704220093
10.179304 1.157185 -1.039505 30704245091
9.934137 0.862985 -0.862985 30704270085
10.012591 1.010085 -0.558979 30704294995
10.453890 1.186605 0.186326 30704320077
10.542150 1.304285 0.862985 30704345093
10.385243 1.255251 1.588677 30704370098
10.257757 1.274865 1.961330 30704395006
10.218531 1.108152 1.157185 30704420007
9.845878 1.039505 1.157185 30704445077
9.659552 1.166991 1.068925 30704470091
10.189111 1.265058 1.078732 30704494997
10.140078 1.265058 0.931632 30704520082
10.051817 1.627904 0.578592 30704545106
10.120463 1.569064 0.872792 30704570098
10.110658 1.725971 1.304285 30704594990
9.698778 1.686744 1.470998 30704620081
9.728198 1.510224 1.510224 30704645088
9.943945 1.618097 1.049312 30704670083
9.335932 2.157463 0.872792 30704694991
9.198639 2.235916 1.441578 30704720007
9.414385 2.039783 1.500418 30704745083
9.610518 1.686744 1.019892 30704770086
9.992978 2.726249 1.019892 30704794984
10.130271 2.736056 0.470719 30704820077
10.218531 2.843929 0.706079 30704845083
10.287177 2.804702 0.549172 30704870087
10.453890 3.089095 0.343233 30704894995
10.247950 3.059675 0.843372 30704920085
10.130271 2.863542 1.657324 30704945092
10.091044 2.883155 1.873070 30704970078
9.728198 2.588956 1.451384 30704995081
9.433999 2.657602 1.206218 30705020092
9.335932 2.510503 1.353318 30705045084
9.414385 2.333983 1.382738 30705070112
10.061625 2.971415 1.196411 30705095079
9.796844 2.755669 1.382738 30705120085
9.639938 2.941995 1.598484 30705145100
9.443805 2.834122 1.696550 30705170083
9.738005 2.981222 1.716164 30705194994
9.806651 3.157742 2.128043 30705220090
9.581099 2.775282 2.245723 30705245086
9.404578 2.961608 1.608291 30705270078
9.286899 2.687022 1.549451 30705295001
9.630132 3.108708 1.382738 30705320090
9.865492 3.540201 1.588677 30705345005
9.679165 2.991029 2.177077 30705370085
9.522259 2.912575 2.039783 30705395002
9.316319 2.667409 1.922104 30705420088
9.345738 2.892962 1.902490 30705445095
9.139799 2.618376 2.363403 30705470085
9.345738 2.559536 1.853457 30705495006
9.885104 2.941995 1.206218 30705520089
9.757618 2.785089 1.196411 30705545101
9.757618 2.824315 0.951245 30705570087
9.796844 2.932189 0.970859 30705594993
9.698778 2.775282 1.137571 30705620091
9.747811 2.559536 1.235638 30705645087
10.051817 2.775282 1.029698 30705670093
9.688972 2.745862 0.912019 30705695001
9.257479 2.510503 1.039505 30705720089
9.404578 2.383016 1.255251 30705745096
9.875298 2.637989 1.108152 30705770085
9.777231 2.637989 1.255251 30705794996
9.806651 2.667409 1.363124 30705820088
9.924331 2.814509 1.235638 30705845096
9.973364 2.794895 0.990472 30705870086
9.796844 2.745862 1.127765 30705894999
9.483032 2.539923 1.480804 30705920005
9.384965 2.618376 1.402351 30705945094
9.483032 2.696829 1.088538 30705970081
9.600712 2.824315 1.088538 30705995003
9.777231 3.040062 1.088538 30706020081
9.649745 3.030255 1.000278 30706045098
9.767425 3.059675 1.225831 30706070092
9.855684 3.059675 1.166991 30706095006
9.777231 3.049868 1.225831 30706120104
9.747811 3.314648 1.706357 30706145084
9.728198 3.157742 1.647517 30706170078
9.698778 3.108708 1.716164 30706195077
9.590905 3.030255 1.804424 30706220003
9.355545 3.500974 2.373209 30706245083
9.022120 3.265615 2.157463 30706270084
9.169219 3.236195 2.235916 30706295003
9.139799 3.079288 2.314370 30706320089
9.443805 3.236195 2.177077 30706345101
9.708585 3.324455 2.049590 30706370090
9.698778 3.285228 1.882877 30706395000
9.522259 3.520588 1.980944 30706420088
9.551678 3.569621 2.314370 30706445093
9.394772 3.226388 2.481083 30706470085
9.365352 3.147935 2.549729 30706495000
9.453611 3.226388 2.637989 30706520080
9.110379 3.461748 3.118515 30706545087
9.002505 3.206775 3.236195 30706570085
9.188832 2.892962 3.030255 30706595000
9.208446 2.932189 2.961608 30706620084
8.894632 3.196968 3.481361 30706645111
9.022120 2.834122 3.903047 30706670086
9.129992 2.432050 3.775561 30706695077
8.718113 2.785089 4.001114 30706720086
8.374881 2.588956 4.501253 30706745080
8.531787 2.118237 4.569900 30706770084
8.806373 1.961330 4.305120 30706794997
8.806373 2.314370 4.442413 30706820084
8.639660 1.725971 4.412993 30706845085
8.727920 1.539644 4.511060 30706870094
8.992700 1.804424 4.560093 30706894995
9.080959 2.118237 4.589513 30706920088
8.747533 1.696550 4.334540 30706945105
8.541594 1.716164 4.677773 30706970092
8.296427 1.343511 4.913132 30706995002
8.649467 2.177077 4.756226 30707020101
8.727920 2.010364 4.648353 30707045178
8.306233 2.539923 4.785646 30707070099
8.061068 2.824315 5.128879 30707095095
8.423914 2.157463 4.893519 30707120092
8.688693 2.373209 4.462027 30707145100
8.541594 2.843929 4.775839 30707170115
8.384687 2.588956 4.922939 30707195001
8.767146 2.275143 5.070039 30707220107
8.610240 2.628183 5.168105 30707245087
8.414106 2.167270 4.873906 30707270095
8.423914 2.020170 5.579985 30707295004
8.551400 1.696550 5.540758 30707320102
8.472947 1.412158 5.325011 30707345076
8.433721 1.480804 5.374044 30707370098
8.198360 1.431771 5.834958 30707395001
8.021841 1.735777 5.923217 30707420097
8.061068 1.588677 5.658438 30707445093
7.953194 1.294478 5.501531 30707470094
7.963001 1.441578 6.001670 30707495007
8.041454 1.529838 5.687858 30707520094
8.100294 1.784810 5.344625 30707545099
7.982615 1.843650 5.481918 30707570097
7.747255 1.382738 6.031090 30707594997
8.070874 1.196411 5.815344 30707620100
8.610240 1.147378 5.148491 30707645076
8.620047 1.510224 5.236752 30707670087
8.355267 1.019892 5.413271 30707694998
8.580820 1.166991 5.040619 30707720094
8.688693 1.284671 5.266171 30707745077
8.649467 0.931632 5.403465 30707770093
8.227780 0.637432 5.275978 30707795002
8.345461 0.509946 5.374044 30707820127
8.590627 0.637432 5.275978 30707845099
8.502367 0.882599 5.393658 30707870098
8.865212 0.862985 5.021006 30707895007
8.708306 0.843372 5.030812 30707920095
8.463140 0.902212 4.687580 30707945098
8.884827 0.813952 4.501253 30707970098
8.992700 0.715886 4.354153 30707995005
8.933860 1.216025 4.422800 30708020087
8.806373 1.078732 4.618933 30708045099
8.973086 0.715886 4.324733 30708070188
8.943666 0.931632 4.422800 30708095003
8.875020 0.970859 4.442413 30708120099
8.855406 1.088538 4.442413 30708145098
9.031926 0.794339 3.775561 30708170088
9.306512 0.941439 3.530394 30708195005
9.394772 1.294478 3.667687 30708220095
9.208446 1.117958 3.569621 30708245097
9.757618 0.745305 2.765476 30708270096
9.463418 0.637432 3.049868 30708294996
9.316319 0.637432 3.010642 30708320082
9.237865 0.617819 3.010642 30708345089
9.532065 0.598206 3.255808 30708370093
9.610518 0.853179 3.285228 30708395005
9.532065 0.804145 3.275421 30708420077
9.649745 0.774725 3.196968 30708445095
9.845878 1.157185 3.187161 30708470084
9.904717 1.137571 3.049868 30708495003
9.532065 0.980665 2.951802 30708520097
9.502645 1.166991 3.059675 30708545094
9.639938 1.618097 3.216582 30708570090
9.738005 1.480804 3.196968 30708595004
9.855684 1.363124 2.873349 30708620080
9.620325 1.284671 2.932189 30708645091
9.669358 1.245445 2.804702 30708670098
9.718391 1.166991 2.637989 30708695079
9.718391 1.088538 2.677216 30708720077
9.630132 1.353318 2.775282 30708745093
9.718391 1.304285 2.579149 30708770094
9.777231 1.402351 2.559536 30708795088
9.885104 1.657324 2.637989 30708820096
9.600712 1.667131 2.726249 30708845098
9.679165 1.784810 2.637989 30708870098
9.796844 1.627904 2.736056 30708894998
9.532065 1.421964 2.814509 30708920096
9.502645 1.412158 2.579149 30708945092
9.492838 1.372931 2.726249 30708970100
9.218252 1.441578 2.814509 30708994999
9.228059 1.431771 2.765476 30709019995
9.257479 1.382738 3.108708 30709045093
9.100572 1.578871 3.138128 30709070088
9.443805 1.520031 2.853735 30709095007
9.483032 1.108152 2.736056 30709120099
9.600712 1.255251 2.834122 30709145090
9.875298 1.206218 2.706636 30709170101
10.051817 0.951245 2.549729 30709195077
9.992978 1.010085 2.667409 30709220112
10.081238 0.853179 2.461469 30709245082
10.238144 0.755112 2.235916 30709270099
10.081238 1.059118 2.353596 30709294994
9.875298 0.843372 2.216303 30709320097
9.953751 0.990472 2.020170 30709345101
9.728198 1.461191 2.088817 30709370103
9.953751 1.814230 1.990750 30709395000
10.042011 2.088817 1.529838 30709420091
9.679165 1.990750 1.480804 30709445099
9.669358 1.784810 1.265058 30709470092
9.875298 1.824037 1.166991 30709494994
9.679165 2.000557 1.235638 30709520095
9.522259 1.980944 1.245445 30709545007
9.757618 1.922104 0.961052 30709570089
9.894911 1.637711 0.784532 30709595001
10.120463 1.853457 0.755112 30709620099
9.953751 2.000557 0.931632 30709645086
9.845878 1.804424 0.833565 30709670114
10.100850 1.853457 0.833565 30709694992
9.777231 1.686744 1.314091 30709720092
9.865492 1.186605 0.921825 30709745093
10.100850 1.461191 0.666852 30709770098
10.110658 1.608291 0.431493 30709794999
10.532343 1.510224 -0.558979 30709820085
10.434277 1.549451 -0.382459 30709845099
9.963558 1.314091 -0.156906 30709870090
9.796844 1.235638 -0.127486 30709895000
10.120463 1.824037 0.392266 30709920095
9.855684 1.745584 0.637432 30709945094
9.973364 1.529838 0.627626 30709970093
10.287177 1.255251 0.647239 30709995001
9.875298 1.323898 0.813952 30710020097
9.885104 1.510224 0.862985 30710045100
9.953751 1.706357 0.980665 30710070095
10.051817 1.824037 1.412158 30710095105
10.081238 1.833844 1.480804 30710120097
10.120463 2.167270 1.578871 30710145095
9.992978 2.343790 1.794617 30710170091
10.238144 1.892684 1.431771 30710194992
10.326404 1.657324 1.284671 30710219977
10.091044 1.578871 1.392545 30710244958
9.992978 1.520031 1.353318 30710270078
9.914525 0.912019 0.961052 30710295001
9.963558 0.853179 0.872792 30710320096
10.002784 1.049312 0.961052 30710345098
9.924331 1.284671 1.029698 30710370084
