12.442500 -4.007500 -2.047500 30698846415
12.442500 -2.572500 -3.307500 30698871408
8.190000 -0.770000 -2.380000 30698896413
-2.660000 1.977500 5.057500 30698921411
-5.792500 1.137500 7.490000 30698946424
-2.240000 2.275000 9.520000 30698971421
-0.840000 1.557500 5.110000 30698996419
0.402500 2.835000 4.357500 30699021464
2.187500 4.865000 2.502500 30699046482
6.475000 3.762500 -3.885000 30699071460
11.532500 4.672500 -4.830000 30699096475
11.340000 3.745000 -4.935000 30699121547
7.262500 1.295000 -8.680000 30699146548
7.017500 -1.732500 -10.010000 30699171530
7.770000 -6.335000 -3.412500 30699196546
7.052500 -6.037500 -1.732500 30699221625
8.435000 -0.647500 -1.872500 30699246616
6.265000 -0.070000 0.752500 30699271619
0.612500 -3.150000 -0.647500 30699296622
-1.365000 -3.902500 -4.567500 30699321619
3.360000 -3.465000 -3.167500 30699346619
2.870000 -3.237500 -0.472500 30699371618
-1.890000 -0.647500 3.360000 30699396617
-10.045000 -1.260000 7.245000 30699422035
-13.527500 -5.337500 2.397500 30699447085
-11.445000 -0.857500 3.797500 30699471993
-10.640000 3.360000 2.030000 30699497016
-9.975000 2.520000 -5.267500 30699522007
-7.875000 0.262500 -3.832500 30699547190
-9.572500 2.800000 3.185000 30699572033
-18.969999 5.897500 1.470000 30699596979
-20.580000 6.510000 -0.700000 30699622045
-16.677500 5.950000 0.210000 30699646980
-7.980000 3.010000 -12.757500 30699672000
-7.332500 3.675000 -14.000000 30699696906
-7.787500 -1.032500 -1.942500 30699722004
-28.472500 0.350000 -3.535000 30699747044
-25.882500 -7.910000 -10.360000 30699780756
-10.202500 -8.837500 -3.132500 30699797171
-12.040000 0.892500 11.620000 30699821728
17.045000 -7.752500 -2.590000 30699846721
25.200001 -7.980000 0.647500 30699871697
17.657499 -3.360000 2.520000 30699896690
-7.945000 -2.625000 -6.877500 30699921694
18.200001 1.872500 -9.607500 30699946687
28.000000 8.942500 -2.520000 30699971689
-15.487500 12.040000 1.137500 30699996686
-25.620001 13.667500 0.630000 30700021693
-28.927500 -2.940000 2.660000 30700046696
-38.395000 -1.960000 1.452500 30700071699
-42.139999 3.815000 1.190000 30700096691
-43.994999 -0.577500 -1.102500 30700121691
-44.625000 -10.185000 -3.290000 30700146690
-40.127499 -9.030000 -0.717500 30700171696
-36.102501 -5.705000 -1.155000 30700196768
-32.340000 -2.100000 -1.855000 30700221758
-33.564999 -1.365000 -3.867500 30700246742
-33.267502 -3.167500 -4.305000 30700271753
-34.842499 -3.027500 -3.342500 30700296748
-36.487499 -0.122500 -0.332500 30700321739
-40.792500 1.155000 0.595000 30700346708
-38.657501 1.347500 -1.155000 30700371756
-29.295000 1.715000 0.140000 30700396732
-29.102501 3.342500 3.902500 30700421750
-42.402500 2.852500 3.570000 30700446736
-44.257500 -1.382500 2.082500 30700471756
-42.665001 3.552500 1.732500 30700496734
-44.327499 4.742500 2.047500 30700521776
-44.974998 4.200000 -6.527500 30700546740
-42.070000 -2.887500 -8.172500 30700571735
-42.980000 -1.907500 -6.842500 30700596768
-50.102501 -1.715000 -4.322500 30700621741
-58.572502 1.890000 -5.495000 30700646755
-53.025002 -0.525000 -6.352500 30700671772
-44.082500 -1.592500 -6.387500 30700696748
-46.952499 -2.117500 -7.350000 30700721764
-42.472500 -3.937500 -9.135000 30700746755
-37.082500 -0.490000 -7.647500 30700771746
-47.337502 -3.762500 -6.335000 30700796745
-50.137501 -5.740000 -7.210000 30700821747
-48.404999 -7.192500 -3.902500 30700846768
-56.297501 -5.092500 -1.172500 30700871767
-64.137497 -13.457500 -0.752500 30700896769
-64.434998 -7.717500 -0.437500 30700921749
-51.275002 -1.645000 1.102500 30700946768
-51.555000 0.420000 5.722500 30700971767
-54.547501 0.647500 0.367500 30700996768
-56.962502 -0.927500 -7.175000 30701021768
-49.577499 -5.285000 -0.122500 30701046780
-68.074997 -6.037500 10.045000 30701071755
-76.300003 -11.025000 8.680000 30701096767
-59.430000 -13.562500 4.112500 30701121769
-43.224998 -0.630000 5.477500 30701146765
-49.542500 -7.840000 7.140000 30701171755
-51.625000 -12.022500 1.995000 30701196767
-43.295002 -3.955000 -4.252500 30701221770
-35.384998 -8.225000 -4.567500 30701246771
-21.822500 6.720000 2.082500 30701271767
-31.797501 17.202499 8.260000 30701296779
-28.262501 21.087500 11.025000 30701321783
-19.565001 5.740000 10.622500 30701346767
-10.902500 3.832500 14.840000 30701371771
-35.192501 19.705000 32.252499 30701396759
-61.862499 9.835000 24.150000 30701421763
-70.157501 3.727500 12.285000 30701446765
-58.834999 -9.345000 35.437500 30701471769
-27.930000 -6.685000 39.970001 30701496765
-37.537498 -13.072500 19.302500 30701521767
-53.112499 -12.390000 -34.230000 30701546781
-72.327499 -24.132500 -58.292500 30701571770
-103.022499 -28.472500 -31.010000 30701596763
-134.557495 -24.692499 -0.612500 30701621768
-110.669998 -16.555000 42.962502 30701646767
-75.617500 -8.120000 36.994999 30701671770
-15.277500 -11.777500 -2.555000 30701696764
-25.112499 -19.705000 -16.712500 30701721767
-65.029999 -15.225000 -9.677500 30701746884
-80.797501 -11.515000 -6.860000 30701771765
-88.532501 -14.070000 -23.257500 30701796774
-90.720001 -12.180000 -23.362499 30701821766
-83.002502 -8.575000 -8.487500 30701846971
-71.942497 -3.622500 2.975000 30701871768
-59.027500 -1.522500 7.840000 30701896751
-53.322498 -1.610000 16.187500 30701921769
-49.560001 -6.807500 7.262500 30701946766
-51.660000 -8.155000 0.315000 30701971777
-49.595001 -6.352500 1.522500 30701996745
-43.347500 -3.570000 0.087500 30702021770
-52.307499 -5.810000 -11.130000 30702046790
-68.985001 -8.050000 -20.650000 30702071775
-68.162498 -7.350000 -26.687500 30702096769
-68.669998 -11.427500 -17.622499 30702121771
-73.605003 -4.392500 -14.122500 30702146744
-72.870003 1.627500 -12.495000 30702171772
-71.102501 1.522500 -7.542500 30702196766
-60.200001 1.645000 -3.377500 30702221771
-53.077499 -3.570000 -5.862500 30702246739
-54.180000 -0.840000 0.875000 30702271768
-59.972500 3.727500 7.105000 30702296779
-59.990002 -0.017500 -6.702500 30702321771
-57.014999 -5.145000 -12.740000 30702346764
-52.377499 -2.520000 -10.587500 30702371767
-60.147499 1.452500 -7.385000 30702396773
-67.514999 -3.692500 -8.190000 30702421769
-67.129997 -13.510000 -14.140000 30702446774
-58.712502 -15.750000 -9.590000 30702471766
-61.810001 -8.855000 -3.412500 30702496767
-68.985001 -5.267500 -6.685000 30702521770
-65.187500 -7.105000 -15.365000 30702546802
-57.102501 -4.445000 -12.407500 30702571772
-49.105000 1.715000 -3.622500 30702596768
-53.970001 3.010000 -2.152500 30702621762
-55.615002 -1.505000 -4.165000 30702646773
-43.855000 -5.932500 -15.382500 30702671766
-35.577499 3.360000 -16.520000 30702696766
-43.347500 14.280000 -3.780000 30702721771
-47.180000 13.947500 3.430000 30702746763
-40.880001 4.725000 -2.485000 30702771739
-29.242500 9.940000 -3.797500 30702796781
-29.014999 12.652500 3.237500 30702821859
-30.852501 7.805000 0.175000 30702846770
-27.020000 5.285000 -7.542500 30702871764
-21.087500 6.860000 -7.630000 30702896767
-16.555000 4.795000 -5.267500 30702921741
-18.672501 0.280000 -1.575000 30702946775
-16.012501 -5.232500 -4.497500 30702971739
-3.010000 -3.307500 -3.885000 30702996767
5.530000 1.102500 -0.455000 30703021769
18.969999 -3.972500 -5.512500 30703046790
11.025000 -6.947500 -8.155000 30703071749
-5.162500 -3.045000 7.070000 30703096764
-16.362499 3.255000 12.635000 30703121768
-2.240000 0.717500 5.880000 30703146765
11.847500 -3.552500 0.350000 30703171827
9.275000 1.225000 5.635000 30703196750
-0.315000 4.077500 6.195000 30703221792
-4.777500 -0.507500 1.907500 30703246775
6.510000 -0.980000 7.192500 30703271760
6.877500 1.855000 6.440000 30703296756
4.707500 1.400000 5.127500 30703321764
4.200000 -0.472500 7.525000 30703346692
-0.962500 -2.170000 7.595000 30703371689
-5.127500 1.872500 8.557500 30703396699
-7.035000 2.870000 11.497500 30703421688
-6.020000 4.900000 13.597500 30703446688
-9.590000 5.197500 5.337500 30703471687
-19.740000 3.675000 -3.937500 30703496779
-12.652500 4.305000 6.912500 30703521735
-15.137500 6.370000 21.437500 30703546782
9.782500 10.150000 17.500000 30703571754
31.990000 13.055000 21.594999 30703596757
25.637501 11.410000 11.497500 30703621739
15.610000 22.977501 15.907500 30703646772
14.770000 27.650000 22.067499 30703671764
16.117500 15.347500 11.182500 30703696768
4.882500 3.045000 0.612500 30703721768
-2.100000 9.012500 9.800000 30703746771
-12.425000 24.150000 17.080000 30703771973
-12.617500 18.585001 9.275000 30703796775
1.820000 -0.805000 -9.625000 30703821766
-1.067500 -3.132500 -5.932500 30703846779
-25.934999 -5.775000 2.240000 30703871786
-49.052502 -10.027500 -5.442500 30703896763
-48.877499 -3.185000 -7.612500 30703921771
-31.867500 3.885000 -2.450000 30703946766
-7.472500 -3.307500 6.475000 30703971766
-5.005000 16.135000 -6.020000 30703996765
-9.432500 11.392500 2.065000 30704021770
-21.857500 12.232500 -6.037500 30704046780
-26.460001 -6.212500 -6.790000 30704071775
-26.547501 -8.137500 -10.395000 30704096767
-37.712502 -12.845000 -10.762500 30704121772
-65.292503 -7.297500 -4.322500 30704146764
-88.147499 -14.245000 1.767500 30704171769
-98.192497 -24.290001 -5.495000 30704196767
-108.307503 -1.750000 -14.262500 30704221768
-87.692497 7.787500 -14.717500 30704246765
-43.365002 1.802500 -16.764999 30704271769
14.525000 6.037500 -19.897501 30704296747
34.264999 12.197500 -7.192500 30704321740
27.930000 20.930000 -3.465000 30704346738
22.207500 12.145000 -2.677500 30704371738
12.862500 -5.547500 -5.477500 30704396752
-7.525000 11.970000 -13.107500 30704421749
-28.262501 20.125000 -14.630000 30704446750
-38.290001 6.317500 -17.447500 30704471770
-33.355000 2.362500 -20.912500 30704496745
-23.100000 0.560000 -22.242500 30704521779
-23.782499 3.535000 -19.320000 30704546747
-23.222500 9.030000 -13.965000 30704571748
-13.755000 -0.455000 -16.642500 30704596753
-13.615000 -5.127500 -15.365000 30704621756
-17.360001 -16.047501 -14.752501 30704646751
-38.657501 -9.782500 -14.472500 30704671764
-40.250000 4.987500 -21.139999 30704696760
-31.062500 -3.342500 -22.802500 30704721760
-12.530000 -22.032499 -22.977501 30704746770
-10.885000 -20.965000 -23.257500 30704771760
-28.262501 2.572500 -27.684999 30704796745
-35.402500 11.655000 -16.065001 30704821743
-19.004999 -9.537500 -9.975000 30704846781
-0.035000 -2.852500 -13.090000 30704871752
1.995000 14.157500 -15.470000 30704896753
4.865000 37.362499 -12.302500 30704921766
10.430000 22.120001 -7.455000 30704946758
3.902500 -2.537500 1.837500 30704971752
-5.897500 2.100000 -3.902500 30704996745
-9.537500 13.475000 -12.215000 30705021735
-9.730000 16.467501 -9.100000 30705046753
-10.797500 7.122500 -13.195000 30705071746
-12.355000 9.362500 -7.052500 30705096786
-4.042500 14.525000 -1.365000 30705121759
4.707500 13.877501 -6.790000 30705146745
0.297500 8.680000 -10.325000 30705171753
-1.225000 12.600000 -13.212500 30705196751
-4.270000 14.875000 -2.502500 30705221735
-3.377500 -10.850000 5.687500 30705246766
-14.367500 -7.945000 1.785000 30705271758
-14.542500 -2.135000 -4.357500 30705296743
-11.427500 4.042500 -10.500000 30705321774
-8.452500 8.295000 0.962500 30705346748
5.652500 -14.647500 11.987500 30705371769
-5.705000 -12.390000 6.685000 30705396752
-12.792500 -6.247500 -1.592500 30705421765
-13.405000 -2.100000 -2.432500 30705446771
-14.245000 -13.195000 0.700000 30705471736
-13.142500 -29.102501 -5.512500 30705496746
-22.680000 -13.055000 -3.202500 30705521752
-14.087500 -0.840000 1.522500 30705546750
-5.477500 -4.410000 -6.667500 30705571771
-10.027500 -4.252500 -3.062500 30705596749
0.577500 -7.507500 0.420000 30705621735
7.612500 -7.805000 -3.990000 30705646733
-2.292500 -7.630000 -1.085000 30705671755
-12.407500 2.397500 2.292500 30705696747
-7.507500 -3.780000 -0.017500 30705721766
-3.307500 -13.055000 -5.652500 30705746752
-9.292500 0.682500 -7.875000 30705771759
-15.155000 5.092500 -7.682500 30705796788
-19.792500 -5.320000 -9.537500 30705821741
-35.717499 -6.965000 -9.870000 30705846730
-40.285000 -4.217500 -8.627500 30705871745
-41.737499 -0.770000 -3.220000 30705896749
-41.299999 -7.070000 -7.105000 30705921747
-44.904999 -15.067500 -11.480000 30705946780
-47.232502 -17.395000 -15.155000 30705971756
-40.617500 -8.995000 -14.682500 30705996747
-38.412498 -5.775000 -9.782500 30706021765
-32.287498 -3.045000 -10.395000 30706046747
-28.000000 0.507500 -13.702500 30706071746
-26.757500 6.930000 -16.415001 30706096746
-23.309999 14.840000 -18.340000 30706121744
-23.677500 14.175000 -14.700000 30706146767
-26.809999 14.612500 -10.465000 30706171752
-32.077499 13.195000 -10.570000 30706196761
-36.977501 12.932500 -15.522500 30706221750
-45.552502 7.035000 -16.957500 30706246758
-58.064999 -1.260000 -5.250000 30706271745
-47.005001 -1.487500 -8.907500 30706296744
-43.785000 -2.572500 -10.080000 30706321777
-48.020000 0.612500 -16.100000 30706346756
-45.657501 -2.012500 -12.985000 30706371752
-45.377499 4.165000 -11.917500 30706396751
-41.369999 14.805000 -4.340000 30706421754
-38.674999 17.622499 4.322500 30706446735
-35.087502 16.047501 8.312500 30706471764
-34.177502 12.810000 0.962500 30706496773
-38.762501 18.865000 -3.605000 30706521839
-43.540001 17.097500 0.910000 30706546754
-43.557499 9.222500 6.825000 30706571733
-35.332500 7.437500 3.570000 30706596749
-41.177502 27.632500 -4.480000 30706621857
-50.592499 29.960001 -6.737500 30706646735
-56.542500 14.822500 -0.542500 30706671753
-71.557503 20.387501 -2.170000 30706696753
-75.495003 30.467501 -6.212500 30706721779
-67.095001 14.297500 -5.127500 30706746724
-77.385002 -0.315000 -13.842500 30706771729
-95.952499 9.887500 -17.482500 30706796742
-75.389999 13.405000 -11.182500 30706821738
-57.295002 8.050000 -10.675000 30706846732
-58.869999 13.247500 -35.000000 30706871739
-64.697502 11.427500 -35.227501 30706896767
-54.512501 7.875000 -27.930000 30706921868
-45.849998 5.460000 -28.997499 30706946748
-59.115002 11.270000 -39.060001 30706971770
-57.942501 3.832500 -47.512501 30706996775
-64.504997 -5.127500 -42.105000 30707021728
-55.457500 3.325000 -38.395000 30707046747
-32.007500 6.860000 -27.825001 30707071783
-12.880000 -8.382500 -26.705000 30707096772
-13.807500 -14.455000 -31.237499 30707121737
-30.799999 -1.050000 -20.195000 30707146720
-33.810001 5.145000 -7.420000 30707171689
-33.880001 -2.117500 -14.192500 30707196774
-50.627499 0.035000 -21.262501 30707221743
-57.400002 -4.480000 -24.972500 30707246759
-62.912498 -3.902500 -18.042500 30707271751
-78.522499 0.980000 -22.365000 30707296742
-84.402504 -7.682500 -28.420000 30707321726
-80.832497 -3.867500 -34.562500 30707346755
-75.407501 4.515000 -36.645000 30707371761
-68.757500 12.022500 -34.160000 30707396760
-54.442501 1.557500 -38.552502 30707421730
-48.650002 -5.512500 -33.599998 30707446751
-53.514999 8.435000 -27.440001 30707471756
-53.077499 5.495000 -31.867500 30707496771
-49.840000 -14.157500 -36.575001 30707521747
-49.630001 -8.190000 -26.722500 30707546750
-50.697498 -1.470000 -5.705000 30707571762
-51.695000 -13.265000 -2.100000 30707596751
-58.450001 -27.422501 -12.425000 30707621749
-64.120003 -14.805000 -16.835001 30707646751
-62.177502 -8.365000 -14.892500 30707671753
-59.832500 -14.927500 -21.420000 30707696765
-67.532501 -13.440001 -25.042500 30707721749
-72.187500 -3.202500 -15.015000 30707746770
-66.010002 -16.747499 -19.320000 30707771758
-60.182499 -14.350000 -27.965000 30707796831
-60.672501 -15.592500 -33.057499 30707821763
-64.014999 -28.332500 -24.535000 30707846751
-52.657501 -30.660000 -16.642500 30707871767
-47.215000 -31.465000 -20.667500 30707896738
-43.084999 -39.375000 -26.022501 30707921736
-37.152500 -40.792500 -33.197498 30707946735
-43.610001 -28.997499 -29.645000 30707971772
-45.535000 -26.040001 -36.785000 30707996776
-44.974998 -19.302500 -28.280001 30708021774
-37.310001 -20.684999 -21.472500 30708046748
-29.120001 -24.377501 -33.075001 30708071747
-26.862499 -20.090000 -19.809999 30708096748
-18.042500 -23.205000 -19.320000 30708121759
-19.337500 -32.392502 -20.440001 30708146759
-23.450001 -35.577499 -25.549999 30708171770
-35.560001 -31.867500 -23.187500 30708196751
-42.227501 -27.352501 -13.492500 30708221730
-37.730000 -33.215000 -18.042500 30708246763
-58.782501 -22.942499 -19.424999 30708271755
-66.570000 -14.192500 -5.722500 30708296753
-55.930000 -14.595000 -9.677500 30708321770
-56.122501 -6.702500 -14.752501 30708346761
-58.485001 -4.270000 -26.285000 30708371773
-58.712502 -10.465000 -20.597500 30708396770
-46.689999 -13.300000 -16.379999 30708421743
-33.652500 -10.307500 -19.617500 30708446738
-28.052500 -11.970000 -19.092501 30708471756
-23.677500 -10.937500 -21.805000 30708496748
-33.285000 -6.002500 -26.897501 30708521758
-45.272499 -8.312500 -27.877501 30708546746
-55.615002 -14.752501 -15.470000 30708571753
-59.657501 -13.825000 -20.160000 30708596753
-69.352501 -12.040000 -17.920000 30708621747
-68.687500 -6.422500 -14.070000 30708646749
-59.535000 -10.360000 -18.760000 30708671750
-54.810001 -6.405000 -16.240000 30708696760
-49.717499 -10.167500 -12.215000 30708721752
-44.047501 -18.182501 -15.435000 30708746750
-40.810001 -11.147500 -17.885000 30708771905
-42.157501 -4.462500 -20.107500 30708796990
-43.119999 0.157500 -24.080000 30708821782
-42.279999 -0.980000 -23.625000 30708846770
-41.422501 -5.425000 -18.375000 30708871759
-40.372501 -4.235000 -8.505000 30708896767
-32.812500 -7.805000 -14.175000 30708921761
-30.222500 -6.002500 -10.972500 30708946763
-34.230000 -5.582500 -6.055000 30708971769
-32.970001 -10.745000 -7.822500 30708996763
-34.895000 -6.317500 -6.825000 30709021740
-40.022499 -4.427500 -8.330000 30709046749
-35.892502 -17.710001 -9.642500 30709071769
-31.307501 -16.485001 -6.790000 30709096784
-33.529999 -14.735000 -8.732500 30709121769
-35.962502 -19.652500 -16.065001 30709146768
-40.775002 -21.612499 -11.427500 30709171768
-40.512501 -18.690001 -11.987500 30709196768
-38.692501 -22.049999 -16.730000 30709221743
-42.070000 -23.817499 -18.480000 30709246771
-48.125000 -21.700001 -23.187500 30709271771
-43.592499 -21.629999 -21.910000 30709296780
-40.302502 -21.822500 -23.852501 30709321768
-48.755001 -19.792500 -24.045000 30709346787
-48.685001 -26.232500 -17.622499 30709371747
-30.642500 -30.397501 -7.402500 30709396751
-4.742500 -29.172501 -3.150000 30709421748
3.255000 -29.697500 -0.787500 30709446758
-5.635000 -25.427500 -5.932500 30709471748
-23.537500 -18.812500 -9.975000 30709496753
-21.350000 -15.557500 -5.705000 30709521754
-16.485001 -17.430000 -4.795000 30709546779
-19.600000 -18.305000 -11.462500 30709571772
-22.750000 -12.950000 -9.660000 30709596767
-19.827499 -7.910000 -3.185000 30709621762
-8.207500 -11.147500 2.222500 30709646773
-0.770000 -6.737500 -7.245000 30709671769
-5.512500 -6.160000 -0.140000 30709696780
-5.372500 -8.907500 3.447500 30709721759
-16.170000 -8.435000 -3.937500 30709746760
-15.435000 -9.450000 -3.045000 30709771773
-0.070000 -8.155000 -5.442500 30709796787
15.120000 -1.837500 -3.115000 30709821770
19.337500 3.675000 6.755000 30709846778
21.157499 7.700000 -1.487500 30709871762
1.207500 8.505000 -4.830000 30709897107
-8.067500 13.405000 3.745000 30709921761
-8.575000 11.655000 0.157500 30709946764
-8.242500 9.852500 -2.450000 30709971766
-7.052500 13.650000 1.767500 30709996765
0.297500 13.702500 -7.245000 30710021763
-0.105000 11.987500 -2.852500 30710046779
-0.192500 13.002500 -3.237500 30710071771
4.375000 12.495000 -4.532500 30710096746
3.692500 10.482500 -6.317500 30710121781
-1.960000 8.382500 0.997500 30710146768
1.977500 3.237500 3.780000 30710171775
4.200000 -3.220000 -1.907500 30710196764
-1.347500 -2.432500 5.022500 30710221784
-4.900000 -2.590000 3.430000 30710246770
-10.710000 -5.827500 0.822500 30710271762
-13.527500 -5.250000 3.290000 30710296754
-11.672500 -0.455000 -0.210000 30710321779
-1.855000 0.997500 0.857500 30710346771
6.772500 -2.030000 -1.872500 30710371776
