-4.380000 -2.580000 -1.620000 30698832486
-4.080000 -2.760000 -1.680000 30698860169
-4.440000 -2.760000 -1.440000 30698882108
-4.020000 -2.580000 -1.620000 30698907670
-4.380000 -2.700000 -1.860000 30698932166
-4.380000 -2.820000 -1.620000 30698957170
-4.260000 -2.820000 -1.860000 30698982151
-4.380000 -2.700000 -1.740000 30699008244
-4.020000 -2.820000 -1.740000 30699032411
-4.200000 -2.760000 -1.320000 30699057486
-4.260000 -3.060000 -1.620000 30699082404
-4.080000 -3.000000 -1.920000 30699108966
-4.080000 -3.000000 -1.920000 30699132750
-3.840000 -3.120000 -1.920000 30699157754
-4.140000 -3.180000 -2.100000 30699182738
-4.080000 -2.880000 -2.040000 30699209590
-3.900000 -2.940000 -2.100000 30699233082
-4.080000 -3.120000 -1.920000 30699258084
-4.260000 -2.820000 -2.220000 30699283086
-4.200000 -3.000000 -1.920000 30699308256
-4.380000 -3.540000 -1.980000 30699333083
-4.200000 -2.880000 -2.400000 30699358079
-4.200000 -2.880000 -2.040000 30699383069
-4.020000 -3.180000 -1.860000 30699410862
-4.020000 -3.060000 -1.740000 30699434135
-4.320000 -3.120000 -1.800000 30699459179
-4.080000 -2.760000 -1.680000 30699484082
-4.140000 -2.820000 -1.620000 30699509370
-4.140000 -2.820000 -1.860000 30699534080
-4.080000 -2.640000 -1.920000 30699559310
-4.500000 -2.820000 -1.620000 30699584127
-4.440000 -3.000000 -1.800000 30699609315
-4.080000 -2.880000 -1.440000 30699634143
-4.320000 -2.640000 -1.560000 30699658990
-4.200000 -2.520000 -1.680000 30699684092
-4.080000 -2.880000 -1.680000 30699709236
-4.560000 -2.640000 -1.680000 30699734070
-4.200000 -2.760000 -2.040000 30699758590
-4.320000 -2.760000 -1.440000 30699784384
-4.260000 -2.580000 -1.980000 30699811118
-4.380000 -2.340000 -1.620000 30699833853
-4.440000 -2.400000 -1.560000 30699858808
-4.440000 -3.000000 -1.800000 30699883705
-4.260000 -2.700000 -1.860000 30699908913
-4.320000 -2.640000 -1.560000 30699933696
-4.320000 -2.760000 -1.680000 30699958682
-4.560000 -2.760000 -1.800000 30699983689
-4.260000 -2.940000 -1.500000 30700008941
-3.900000 -2.940000 -1.620000 30700033695
-4.200000 -2.400000 -1.800000 30700058877
-4.380000 -2.580000 -1.500000 30700083703
-4.200000 -2.400000 -1.440000 30700108914
-4.380000 -2.100000 -1.620000 30700133702
-4.320000 -2.280000 -1.320000 30700158687
-4.380000 -2.340000 -1.260000 30700183818
-4.080000 -2.160000 -1.080000 30700208673
-4.380000 -1.980000 -1.020000 30700233401
-4.500000 -2.220000 -1.020000 30700258387
-4.680000 -2.040000 -0.720000 30700283388
-4.380000 -2.100000 -1.020000 30700308620
-4.380000 -1.980000 -0.900000 30700333428
-4.380000 -1.620000 -0.900000 30700358374
-4.380000 -1.860000 -0.780000 30700383416
-4.200000 -1.920000 -0.720000 30700408621
-4.500000 -1.740000 -0.660000 30700433396
-4.500000 -1.740000 -0.660000 30700458378
-4.380000 -1.740000 -0.660000 30700483392
-4.500000 -1.620000 -0.540000 30700508601
-4.620000 -1.620000 -0.540000 30700533385
-4.320000 -1.920000 -0.360000 30700558411
-4.560000 -1.440000 -0.240000 30700583390
-4.440000 -1.440000 -0.360000 30700608600
-4.440000 -1.560000 -0.360000 30700633390
-4.860000 -1.260000 0.060000 30700658395
-4.380000 -1.260000 -0.060000 30700683382
-4.320000 -0.960000 0.120000 30700708593
-4.500000 -0.780000 0.060000 30700733382
-4.740000 -1.380000 0.060000 30700758385
-4.800000 -0.840000 0.480000 30700783382
-4.440000 -1.080000 0.480000 30700808601
-4.560000 -1.320000 0.360000 30700833398
-4.500000 -0.900000 0.780000 30700858386
-4.260000 -1.020000 0.780000 30700883381
-4.500000 -1.020000 1.020000 30700908610
-4.440000 -1.200000 0.720000 30700933388
-4.740000 -0.900000 1.140000 30700958385
-4.440000 -0.360000 1.200000 30700983384
-4.560000 -0.960000 0.960000 30701008633
-4.560000 -0.960000 0.960000 30701033401
-4.740000 -1.020000 1.620000 30701058557
-4.800000 -0.720000 1.440000 30701083392
-4.500000 -1.020000 1.500000 30701108613
-4.680000 -0.720000 1.680000 30701133389
-4.860000 -0.780000 1.860000 30701158389
-4.620000 -0.660000 1.740000 30701183401
-4.560000 -0.600000 2.040000 30701208596
-4.440000 -0.720000 1.920000 30701233396
-4.680000 -0.840000 1.920000 30701258391
-4.500000 -0.900000 2.220000 30701283390
-4.620000 -0.780000 2.100000 30701308628
-4.380000 -0.900000 2.220000 30701333405
-4.560000 -0.600000 2.160000 30701358386
-4.260000 -0.780000 2.100000 30701383394
-4.380000 -0.660000 2.100000 30701408596
-4.500000 -0.420000 2.220000 30701433409
-4.200000 -0.600000 2.640000 30701458391
-4.260000 -0.660000 2.460000 30701483377
-3.960000 -0.600000 2.760000 30701508596
-4.080000 -0.600000 3.000000 30701533391
-4.320000 -0.720000 2.880000 30701558412
-4.140000 -0.540000 3.060000 30701583393
-4.320000 -0.960000 3.720000 30701608593
-4.560000 -1.080000 3.960000 30701633391
-4.140000 -1.140000 4.020000 30701658394
-3.840000 -0.960000 3.960000 30701683378
-4.080000 -0.840000 4.080000 30701708595
-4.020000 -1.020000 4.380000 30701733397
-4.260000 -1.140000 4.260000 30701758380
-3.960000 -1.320000 4.680000 30701783381
-4.200000 -1.320000 4.680000 30701808615
-4.080000 -1.680000 4.800000 30701833395
-4.080000 -1.920000 5.040000 30701858382
-4.080000 -1.440000 5.400000 30701883381
-3.840000 -2.040000 5.160000 30701908599
-4.020000 -1.980000 5.340000 30701933387
-3.900000 -1.740000 5.340000 30701958409
-3.780000 -1.740000 5.580000 30701983394
-3.780000 -2.100000 5.340000 30702008645
-3.780000 -2.340000 5.460000 30702033392
-3.720000 -2.400000 5.760000 30702058571
-3.840000 -2.280000 5.640000 30702083397
-3.600000 -2.280000 6.000000 30702108608
-4.020000 -2.580000 5.940000 30702133390
-3.840000 -2.760000 6.000000 30702158389
-4.020000 -2.820000 6.300000 30702183379
-3.840000 -3.120000 6.000000 30702208592
-4.080000 -3.120000 6.240000 30702233387
-4.020000 -3.420000 6.180000 30702258379
-4.140000 -3.300000 6.660000 30702283381
-4.020000 -3.660000 6.300000 30702308625
-3.720000 -3.240000 6.720000 30702333384
-3.660000 -3.540000 6.660000 30702358390
-3.660000 -3.900000 6.540000 30702383383
-3.840000 -3.960000 6.720000 30702408592
-3.660000 -4.260000 6.900000 30702433391
-3.900000 -4.140000 6.660000 30702458386
-4.020000 -4.380000 6.900000 30702483398
-3.540000 -4.380000 7.140000 30702508586
-3.600000 -4.440000 6.600000 30702533381
-3.840000 -4.680000 6.960000 30702558427
-3.720000 -4.800000 6.840000 30702583389
-3.720000 -4.800000 7.080000 30702608602
-3.540000 -5.100000 7.020000 30702633392
-3.600000 -5.040000 6.960000 30702658383
-3.720000 -5.520000 6.960000 30702683387
-3.900000 -5.220000 6.900000 30702708603
-3.780000 -5.460000 7.140000 30702733384
-3.900000 -5.460000 7.020000 30702758376
-3.720000 -5.760000 6.600000 30702783405
-3.540000 -5.700000 6.900000 30702808613
-3.720000 -5.640000 7.200000 30702833389
-3.780000 -5.700000 7.020000 30702858388
-3.540000 -5.940000 6.900000 30702883376
-3.780000 -5.820000 6.900000 30702908587
-3.900000 -6.180000 7.020000 30702933381
-3.720000 -6.000000 7.200000 30702958381
-3.480000 -5.640000 6.840000 30702983388
-3.960000 -5.640000 6.840000 30703008632
-3.660000 -5.820000 6.660000 30703033392
-3.900000 -5.820000 6.900000 30703058590
-4.020000 -6.180000 6.780000 30703083388
-3.480000 -6.120000 6.960000 30703108608
-3.720000 -6.000000 6.360000 30703133398
-3.720000 -6.000000 7.080000 30703158380
-3.660000 -5.700000 7.020000 30703183527
-3.780000 -6.300000 7.260000 30703208594
-3.780000 -6.060000 6.900000 30703233372
-3.960000 -5.640000 7.080000 30703258393
-3.840000 -5.880000 7.080000 30703283374
-3.540000 -5.820000 6.900000 30703308628
-3.840000 -5.760000 7.320000 30703333849
-3.960000 -6.000000 6.720000 30703358678
-3.540000 -5.580000 6.660000 30703383681
-3.660000 -5.580000 6.900000 30703408909
-3.600000 -5.760000 6.960000 30703433679
-3.780000 -5.700000 7.020000 30703458682
-3.480000 -6.000000 7.320000 30703483675
-3.660000 -5.820000 7.020000 30703508648
-3.900000 -5.580000 7.140000 30703533408
-3.660000 -5.820000 7.140000 30703558488
-3.720000 -5.760000 6.840000 30703583417
-3.720000 -5.760000 6.960000 30703608630
-4.080000 -5.640000 6.960000 30703633391
-3.960000 -5.640000 6.840000 30703658393
-3.780000 -5.460000 6.780000 30703683389
-4.140000 -5.340000 7.140000 30703708601
-3.540000 -5.460000 6.780000 30703733392
-3.900000 -5.460000 6.660000 30703758398
-4.140000 -5.460000 6.660000 30703787662
-3.900000 -5.580000 6.780000 30703808633
-4.140000 -5.700000 6.900000 30703833387
-4.320000 -5.520000 6.600000 30703858403
-3.960000 -5.760000 6.720000 30703883402
-4.320000 -5.640000 6.600000 30703908616
-4.020000 -5.700000 6.660000 30703933394
-4.380000 -5.820000 6.900000 30703958384
-4.320000 -6.120000 6.600000 30703983393
-4.200000 -6.000000 7.080000 30704008630
-4.260000 -5.940000 6.660000 30704033390
-4.260000 -5.940000 6.780000 30704058549
-3.900000 -6.180000 6.900000 30704083408
-3.660000 -6.300000 6.540000 30704108604
-3.900000 -6.540000 6.900000 30704133391
-4.260000 -6.660000 6.900000 30704158388
-4.080000 -6.960000 6.720000 30704183387
-3.840000 -6.720000 6.720000 30704208610
-3.660000 -7.140000 6.780000 30704233390
-3.720000 -7.200000 6.840000 30704258398
-4.020000 -7.140000 6.660000 30704283406
-3.900000 -7.140000 6.780000 30704308608
-4.080000 -7.080000 6.840000 30704333406
-4.140000 -6.780000 6.660000 30704358390
-3.840000 -7.320000 6.720000 30704383384
-3.900000 -7.020000 6.660000 30704408599
-3.960000 -7.200000 6.600000 30704433386
-4.140000 -7.260000 6.540000 30704458384
-3.960000 -7.440000 6.960000 30704483383
-3.900000 -7.500000 6.780000 30704508596
-4.020000 -7.380000 6.540000 30704533400
-3.900000 -7.620000 6.900000 30704558404
-3.900000 -7.860000 6.540000 30704583388
-3.600000 -7.800000 6.360000 30704608608
-3.840000 -7.680000 6.480000 30704633385
-3.900000 -7.980000 6.540000 30704658381
-3.720000 -8.040000 6.360000 30704683390
-3.660000 -7.980000 6.300000 30704708592
-3.660000 -7.980000 6.300000 30704733409
-3.780000 -7.620000 6.540000 30704758382
-3.600000 -8.280000 6.360000 30704783380
-3.540000 -8.220000 6.660000 30704808632
-3.540000 -8.340000 6.420000 30704833402
-3.360000 -8.280000 6.600000 30704858392
-3.480000 -8.160000 6.360000 30704883404
-3.540000 -8.220000 6.420000 30704908598
-3.720000 -8.280000 6.360000 30704933387
-3.480000 -8.280000 6.360000 30704958404
-3.480000 -8.639999 6.480000 30704983414
-3.540000 -8.340000 6.420000 30705008664
-3.540000 -8.340000 6.060000 30705033390
-3.720000 -8.880000 6.480000 30705058564
-3.600000 -8.520000 6.000000 30705083405
-3.360000 -8.639999 6.480000 30705108600
-3.540000 -8.460000 6.180000 30705133399
-3.540000 -8.340000 6.180000 30705158391
-3.600000 -8.639999 6.240000 30705183382
-3.840000 -8.880000 6.240000 30705208608
-3.540000 -8.220000 6.180000 30705233390
-3.540000 -8.340000 6.300000 30705258379
-3.600000 -8.520000 6.240000 30705283392
-3.720000 -8.520000 6.360000 30705308607
-3.780000 -8.580000 6.300000 30705333414
-3.660000 -8.340000 6.180000 30705358390
-3.660000 -8.820000 6.420000 30705383384
-3.120000 -8.880000 6.240000 30705408607
-3.480000 -8.639999 6.120000 30705433385
-3.900000 -8.700000 6.060000 30705458387
-3.660000 -8.700000 6.180000 30705483403
-3.720000 -8.880000 6.120000 30705508593
-3.600000 -8.639999 6.000000 30705533385
-3.480000 -8.639999 6.000000 30705558405
-3.120000 -9.120000 6.120000 30705583384
-3.180000 -8.700000 6.060000 30705608602
-3.180000 -9.059999 6.420000 30705633392
-3.360000 -9.000000 6.240000 30705658384
-3.300000 -8.820000 6.180000 30705683406
-3.480000 -8.639999 6.360000 30705708592
-3.360000 -9.240000 6.360000 30705733389
-3.420000 -8.940000 6.300000 30705758402
-3.060000 -8.700000 6.060000 30705783384
-3.180000 -9.179999 6.180000 30705808614
-3.120000 -9.240000 6.000000 30705833400
-2.940000 -9.179999 5.820000 30705858410
-3.300000 -8.700000 5.940000 30705883397
-3.180000 -9.540000 5.700000 30705908596
-3.120000 -9.480000 5.520000 30705933387
-2.940000 -9.300000 5.340000 30705958392
-3.180000 -9.420000 5.700000 30705983387
-2.940000 -9.780000 5.700000 30706008621
-2.820000 -9.300000 5.820000 30706033393
-3.120000 -9.480000 5.640000 30706058542
-2.820000 -9.420000 5.100000 30706083400
-2.700000 -9.900000 5.580000 30706108611
-2.520000 -9.960000 5.400000 30706133398
-3.060000 -9.900000 5.100000 30706158390
-2.820000 -10.139999 5.580000 30706183517
-2.940000 -10.020000 5.100000 30706208597
-2.820000 -10.020000 5.220000 30706233400
-2.760000 -10.440000 4.920000 30706258383
-2.700000 -10.139999 4.740000 30706283498
-2.640000 -10.320000 4.680000 30706308625
-2.580000 -10.500000 4.860000 30706333421
-2.580000 -10.860000 4.740000 30706358397
-2.400000 -10.440000 4.440000 30706383436
-2.700000 -10.860000 4.500000 30706408622
-2.520000 -10.800000 4.200000 30706433405
-2.520000 -10.800000 4.200000 30706458399
-2.760000 -10.679999 4.080000 30706483403
-2.640000 -11.040000 4.080000 30706508592
-2.580000 -10.860000 4.020000 30706533380
-2.760000 -11.160000 3.600000 30706558408
-2.940000 -10.740000 3.900000 30706583388
-2.760000 -11.160000 3.240000 30706608603
-2.760000 -10.920000 3.480000 30706633385
-2.940000 -11.099999 3.780000 30706658398
-2.760000 -11.040000 3.120000 30706683385
-2.760000 -11.160000 3.000000 30706708589
-2.940000 -11.099999 2.820000 30706733398
-2.520000 -11.160000 3.000000 30706758382
-2.400000 -11.280000 2.400000 30706783379
-2.460000 -11.340000 2.340000 30706808620
-3.000000 -11.040000 2.280000 30706833386
-2.520000 -11.400000 2.040000 30706858381
-2.580000 -11.219999 1.980000 30706883389
-2.400000 -11.280000 1.800000 30706908611
-2.400000 -11.160000 1.680000 30706934924
-2.220000 -11.340000 1.500000 30706958408
-2.160000 -11.040000 1.200000 30706983395
-2.100000 -11.219999 1.260000 30707008645
-1.920000 -11.160000 1.200000 30707033392
-1.860000 -11.219999 1.020000 30707058556
-1.800000 -11.040000 0.840000 30707083453
-1.800000 -11.160000 1.200000 30707108675
-1.500000 -11.099999 1.020000 30707133388
-1.440000 -11.520000 1.080000 30707158624
-1.740000 -10.860000 0.780000 30707183691
-1.920000 -11.400000 0.720000 30707208659
-1.440000 -11.040000 0.360000 30707233390
-1.620000 -11.219999 0.540000 30707258390
-1.560000 -11.280000 0.240000 30707283388
-1.440000 -11.400000 -0.240000 30707308602
-1.260000 -11.099999 -0.060000 30707333387
-1.440000 -10.920000 -0.360000 30707358384
-1.320000 -10.920000 -0.360000 30707383381
-1.020000 -10.980000 -0.540000 30707408595
-0.960000 -10.920000 -0.480000 30707433409
-0.660000 -10.740000 -0.780000 30707458384
-1.020000 -10.620000 -0.540000 30707483381
-0.840000 -10.800000 -0.840000 30707508594
-1.140000 -10.500000 -1.140000 30707533387
-0.900000 -10.380000 -1.140000 30707558413
-0.720000 -10.200000 -1.080000 30707583383
-0.660000 -10.380000 -1.260000 30707608610
-0.960000 -10.200000 -1.320000 30707633393
-0.660000 -10.380000 -1.380000 30707658383
-0.840000 -10.080000 -1.680000 30707683378
-0.900000 -10.139999 -1.860000 30707708586
-0.900000 -10.020000 -1.860000 30707733378
-1.020000 -9.420000 -1.980000 30707758378
-0.960000 -9.360000 -1.920000 30707783385
-0.960000 -9.240000 -2.160000 30707808706
-0.780000 -9.540000 -2.100000 30707833418
-0.780000 -8.820000 -2.460000 30707858381
-1.020000 -8.940000 -2.220000 30707883402
-1.200000 -9.240000 -2.640000 30707908610
-0.960000 -8.639999 -2.640000 30707933387
-1.500000 -8.460000 -2.700000 30707958421
-1.020000 -8.700000 -2.580000 30707983379
-1.440000 -8.639999 -2.880000 30708008616
-0.960000 -8.639999 -2.880000 30708033381
-0.900000 -8.580000 -2.940000 30708058396
-1.080000 -8.520000 -2.760000 30708083420
-1.500000 -8.340000 -2.820000 30708108606
-1.320000 -8.400000 -2.640000 30708133379
-1.080000 -8.280000 -2.760000 30708158396
-1.440000 -8.040000 -3.120000 30708183383
-1.440000 -8.280000 -2.880000 30708208589
-1.680000 -8.160000 -3.000000 30708233396
-1.740000 -8.099999 -3.060000 30708258382
-1.740000 -7.740000 -2.940000 30708283385
-1.440000 -7.680000 -3.000000 30708308607
-1.620000 -7.380000 -2.940000 30708333383
-1.740000 -7.620000 -2.820000 30708358382
-1.800000 -7.440000 -3.120000 30708383379
-1.740000 -7.020000 -3.180000 30708408587
-1.800000 -7.200000 -3.000000 30708433389
-1.980000 -7.140000 -2.940000 30708458383
-1.800000 -7.320000 -3.120000 30708483404
-1.740000 -7.020000 -3.300000 30708508592
-1.860000 -6.780000 -3.660000 30708533382
-2.040000 -6.840000 -3.360000 30708558399
-1.680000 -6.720000 -3.240000 30708583412
-1.680000 -6.360000 -3.480000 30708608599
-2.280000 -6.360000 -3.480000 30708633426
-1.860000 -5.940000 -3.300000 30708658386
-1.920000 -6.000000 -3.360000 30708683390
-2.040000 -5.640000 -3.120000 30708708604
-1.980000 -6.060000 -3.300000 30708733391
-2.280000 -5.520000 -3.240000 30708758389
-2.040000 -5.880000 -3.360000 30708784911
-1.740000 -5.700000 -3.180000 30708808627
-2.220000 -5.580000 -3.300000 30708833458
-1.980000 -5.580000 -3.300000 30708858393
-2.520000 -5.040000 -3.240000 30708883401
-2.340000 -5.340000 -3.180000 30708908602
-2.340000 -5.100000 -3.300000 30708933385
-2.460000 -5.100000 -3.540000 30708958386
-2.520000 -4.920000 -3.120000 30708983387
-2.040000 -4.920000 -3.240000 30709008640
-2.760000 -4.440000 -3.480000 30709033399
-2.460000 -4.380000 -3.180000 30709058398
-2.400000 -4.560000 -3.480000 30709083404
-2.340000 -4.380000 -3.060000 30709108638
-2.580000 -4.620000 -3.060000 30709133388
-2.760000 -4.320000 -3.240000 30709158427
-2.820000 -4.380000 -3.180000 30709183537
-2.700000 -4.260000 -3.180000 30709208600
-2.760000 -3.720000 -3.120000 30709233395
-3.120000 -3.840000 -3.240000 30709258395
-2.940000 -3.660000 -2.820000 30709283522
-3.060000 -4.020000 -2.820000 30709308619
-3.120000 -3.720000 -2.760000 30709333433
-3.000000 -3.600000 -2.640000 30709358405
-3.240000 -3.480000 -2.760000 30709383393
-3.420000 -3.300000 -2.820000 30709408609
-3.240000 -3.600000 -2.520000 30709433415
-3.180000 -3.540000 -2.820000 30709458392
-3.480000 -3.120000 -2.400000 30709483393
-3.600000 -3.600000 -2.520000 30709508624
-3.480000 -3.240000 -2.400000 30709533389
-3.540000 -3.420000 -2.460000 30709558410
-3.780000 -3.420000 -2.340000 30709583398
-3.660000 -3.300000 -2.700000 30709608616
-4.020000 -3.180000 -2.460000 30709633396
-3.720000 -3.360000 -2.760000 30709658394
-4.020000 -3.300000 -2.460000 30709683390
-4.020000 -3.300000 -2.220000 30709708630
-3.660000 -3.180000 -2.580000 30709733390
-3.840000 -3.000000 -2.280000 30709758385
-3.840000 -3.360000 -2.280000 30709783402
-3.900000 -3.420000 -2.340000 30709808622
-3.840000 -3.600000 -2.160000 30709833395
-3.900000 -3.300000 -2.340000 30709858407
-3.840000 -3.120000 -2.400000 30709883387
-3.780000 -3.540000 -2.580000 30709908617
-3.840000 -3.360000 -2.160000 30709933415
-3.780000 -3.420000 -2.340000 30709958387
-3.660000 -3.540000 -2.340000 30709983401
-3.480000 -3.480000 -2.400000 30710008638
-3.660000 -3.300000 -2.340000 30710033392
-3.420000 -3.300000 -2.460000 30710058404
-3.840000 -3.360000 -2.640000 30710083466
-3.660000 -3.180000 -2.700000 30710108703
-3.780000 -3.420000 -2.580000 30710133417
-3.600000 -3.480000 -2.640000 30710158389
-3.360000 -3.240000 -2.280000 30710183393
-3.540000 -3.180000 -2.460000 30710208608
-3.840000 -3.120000 -2.280000 30710233428
-3.480000 -3.360000 -2.400000 30710258393
-3.360000 -3.240000 -2.160000 30710283406
-3.600000 -3.360000 -2.640000 30710308649
-3.540000 -3.300000 -2.220000 30710333412
-3.720000 -3.240000 -2.400000 30710358394
