1.157185 0.176520 9.149606 16336403236
1.176798 0.274586 9.424192 16336428222
1.265058 0.313813 9.424192 16336453214
1.108152 0.264780 9.414385 16336478231
1.598484 0.637432 9.767425 16336503243
1.304285 0.500139 9.512452 16336528231
1.225831 0.470719 9.522259 16336553227
1.098345 0.382459 9.639938 16336578231
1.049312 0.156906 9.492838 16336603257
1.147378 0.098067 9.414385 16336628230
1.245445 0.117680 9.257479 16336653225
1.274865 0.186326 9.316319 16336678231
1.294478 0.362846 9.532065 16336703245
1.176798 0.284393 9.561485 16336728237
1.216025 0.254973 9.561485 16336753226
1.186605 0.304006 9.639938 16336778225
1.235638 0.235360 9.541871 16336803227
1.225831 0.225553 9.581099 16336828216
1.235638 0.264780 9.541871 16336853234
1.068925 0.294200 9.433999 16336878236
1.147378 0.353039 9.718391 16336903220
1.196411 0.588399 9.571292 16336928234
0.862985 0.176520 9.718391 16336953223
0.941439 0.304006 9.483032 16336978213
1.127765 0.480526 8.865212 16337003215
1.225831 0.431493 8.816179 16337028228
1.078732 0.529559 9.022120 16337053233
0.706079 0.666852 9.335932 16337078240
0.568786 0.657046 9.326125 16337103238
0.657046 0.784532 9.669358 16337128240
0.392266 0.912019 9.198639 16337153520
0.245166 1.029698 9.502645 16337178242
-0.029420 0.961052 9.473226 16337203229
-0.382459 0.990472 9.022120 16337228226
-1.196411 1.225831 10.600989 16337253228
-1.392545 1.088538 10.699056 16337278237
-1.461191 1.010085 9.963558 16337303237
-1.637711 1.059118 9.257479 16337328236
-1.814230 1.010085 9.541871 16337353228
-1.853457 0.990472 9.257479 16337378238
-1.971137 0.853179 8.953472 16337403232
-2.471276 0.872792 8.884827 16337428229
-2.853735 0.951245 8.963279 16337453232
-3.128322 0.970859 9.198639 16337478228
-3.442135 1.078732 8.688693 16337503227
-3.942274 1.186605 8.806373 16337528228
-4.108987 1.117958 8.384687 16337553240
-4.216860 1.039505 8.414106 16337578241
-4.491446 1.000278 8.267007 16337603199
-4.805259 0.970859 7.933581 16337628239
-4.922939 0.794339 7.727641 16337653233
-5.119072 0.764919 7.698222 16337678223
-5.481918 0.686466 7.433442 16337703231
-5.972251 0.961052 7.129435 16337728239
-6.276257 1.049312 6.894075 16337753410
-6.482196 1.049312 6.737169 16337778223
-6.442970 0.833565 5.697665 16337803234
-7.050982 0.882599 5.658438 16337828232
-7.482475 0.804145 5.766311 16337853233
-7.737448 0.725692 5.442691 16337878235
-8.316040 0.558979 4.658159 16337903216
-8.571013 0.411879 4.334540 16337928227
-8.825986 0.382459 3.971694 16337953235
-9.228059 0.411879 3.667687 16337978235
-9.669358 0.294200 2.873349 16338003225
-9.757618 0.254973 2.422243 16338028619
-9.806651 0.215746 1.941717 16338053235
-9.855684 0.049033 1.343511 16338078219
-9.914525 0.039227 0.931632 16338103240
-9.934137 0.068647 0.480526 16338128237
-9.914525 0.186326 0.019613 16338153218
-9.924331 0.186326 -0.686466 16338178224
-9.943945 0.176520 -1.039505 16338203222
-9.924331 0.127486 -1.431771 16338228237
-9.963558 0.107873 -1.833844 16338253224
-9.659552 0.176520 -2.363403 16338278242
-9.698778 0.294200 -2.834122 16338303218
-9.679165 0.294200 -3.540201 16338328237
-9.561485 0.294200 -3.883434 16338353223
-9.335932 0.215746 -4.383573 16338378223
-9.149606 0.186326 -4.677773 16338403227
-8.924053 0.196133 -5.030812 16338428230
-8.708306 0.156906 -5.609405 16338453226
-8.561207 0.137293 -5.933024 16338478226
-8.365073 0.137293 -6.168384 16338503260
-8.119907 0.078453 -6.393937 16338528228
-7.717835 0.068647 -7.031369 16338553254
-7.580542 0.078453 -7.276535 16338578226
-7.374601 0.049033 -7.345181 16338603324
-7.100015 0.019613 -7.423635 16338628236
-6.570456 0.039227 -7.943388 16338653231
-6.403743 -0.068647 -8.090487 16338678231
-6.178190 -0.107873 -8.110101 16338703217
-6.011477 -0.186326 -8.217974 16338728227
-5.648631 -0.147100 -8.708306 16338753227
-5.521145 -0.147100 -8.835793 16338778217
-5.383852 -0.137293 -8.992700 16338803223
-5.119072 -0.127486 -9.149606 16338828233
-4.981779 -0.127486 -9.257479 16338853218
-4.824872 -0.127486 -9.335932 16338878234
-4.677773 -0.156906 -9.247672 16338903507
-4.363960 -0.245166 -9.532065 16338928225
-4.265893 -0.235360 -9.669358 16338953233
-4.020727 -0.304006 -9.610518 16338978229
-3.971694 -0.323619 -9.728198 16339003231
-3.824594 -0.323619 -9.953751 16339028229
-3.677494 -0.284393 -9.963558 16339053224
-3.599041 -0.254973 -10.061625 16339078222
-3.422521 -0.176520 -10.022397 16339103231
-3.275421 -0.274586 -9.983171 16339128232
-3.216582 -0.313813 -10.081238 16339153240
-3.128322 -0.304006 -10.198916 16339178234
-3.069482 -0.274586 -10.493117 16339203212
-2.951802 -0.343233 -10.473503 16339228230
-2.794895 -0.333426 -10.581376 16339253235
-2.765476 -0.156906 -10.816736 16339278239
-2.824315 0.196133 -10.846155 16339303231
-2.696829 -0.019613 -10.728477 16339328228
-2.383016 0.608012 -11.209002 16339353222
-2.657602 0.137293 -11.199195 16339378231
-2.343790 0.088260 -10.561764 16339403238
-2.275143 -0.039227 -10.444084 16339428223
-2.098624 -0.235360 -10.336210 16339453222
-1.824037 -0.254973 -10.306790 16339478235
-1.804424 -0.098067 -10.522536 16339503240
-1.794617 -0.176520 -10.620603 16339528224
-1.706357 -0.186326 -10.865769 16339553232
-1.598484 -0.392266 -10.659830 16339578226
-1.520031 -0.264780 -10.247950 16339603244
-1.382738 -0.107873 -10.198916 16339628233
-1.294478 -0.049033 -10.424470 16339653232
-1.255251 0.039227 -10.610797 16339678221
-1.274865 0.147100 -10.738283 16339703235
-1.372931 0.088260 -10.767703 16339728224
-1.461191 0.019613 -10.767703 16339753237
-1.421964 0.049033 -10.679443 16339778564
-1.421964 0.019613 -10.571569 16339803232
-1.382738 -0.029420 -10.600989 16339828235
-1.323898 -0.019613 -10.650023 16339853240
-1.284671 0.009807 -10.699056 16339878230
-1.255251 -0.019613 -10.659830 16339903233
-1.166991 0.107873 -10.757896 16339928225
-1.206218 0.245166 -10.777510 16339953230
-1.206218 0.333426 -10.748089 16339978224
-1.216025 0.333426 -10.708863 16340003216
-1.274865 0.382459 -10.738283 16340028221
-1.265058 0.382459 -10.610797 16340053234
-1.225831 0.411879 -10.473503 16340078218
-1.196411 0.411879 -10.502923 16340103233
-1.157185 0.460913 -10.591184 16340128224
-1.098345 0.451106 -10.561764 16340153232
-1.068925 0.500139 -10.502923 16340178220
-0.912019 0.588399 -10.650023 16340203235
-1.108152 0.519753 -10.434277 16340228228
-1.323898 0.509946 -10.532343 16340253223
-1.088538 0.666852 -10.679443 16340278230
-1.059118 0.500139 -11.150162 16340303235
-0.745305 0.392266 -10.571569 16340328232
-0.912019 0.382459 -10.738283 16340353226
-0.862985 0.451106 -10.640217 16340378230
-0.990472 0.470719 -10.689250 16340403237
-1.059118 0.490333 -10.630409 16340428232
-1.068925 0.451106 -10.600989 16340453229
-0.980665 0.490333 -10.630409 16340478235
-0.990472 0.186326 -10.453890 16340503208
-0.990472 0.235360 -10.532343 16340528225
-1.157185 0.235360 -10.620603 16340553245
-1.225831 0.284393 -10.689250 16340578221
-1.372931 0.107873 -11.032482 16340603260
-1.382738 -0.049033 -10.963836 16340628224
-1.333705 -0.049033 -10.993257 16340653168
-1.235638 -0.019613 -11.120742 16340678227
-1.137571 -0.088260 -10.797122 16340703225
-1.039505 -0.186326 -10.728477 16340728442
-1.039505 -0.107873 -10.630409 16340753252
