-1.080000 -1.800000 6.960000 13418762035
-1.080000 -1.800000 7.080000 13418786905
-0.900000 -1.620000 6.780000 13418812118
-1.260000 -1.620000 7.020000 13418836919
-0.900000 -1.620000 7.140000 13418862036
-1.320000 -1.920000 6.720000 13418886906
-1.020000 -1.620000 6.780000 13418911928
-1.320000 -1.680000 7.080000 13418936932
-0.960000 -1.560000 6.840000 13418962057
-0.720000 -1.560000 6.840000 13418986929
-0.840000 -1.680000 6.720000 13419012158
-0.720000 -1.440000 6.600000 13419036919
-0.420000 -1.260000 6.420000 13419062044
-0.120000 -1.200000 6.600000 13419086917
0.240000 -1.320000 6.120000 13419112114
0.360000 -1.440000 6.120000 13419136928
0.420000 -1.380000 5.940000 13419162061
0.900000 -1.140000 5.940000 13419186920
0.540000 -0.900000 5.700000 13419212121
0.540000 -1.020000 5.340000 13419236921
0.600000 -1.080000 5.400000 13419262056
1.020000 -0.900000 4.980000 13419286927
0.720000 -0.720000 4.920000 13419312107
1.140000 -0.540000 4.500000 13419336922
0.960000 -0.720000 4.320000 13419362053
1.440000 -0.600000 4.080000 13419386924
1.500000 -0.540000 3.780000 13419412118
1.740000 -0.420000 3.540000 13419436939
1.320000 -0.480000 3.480000 13419462058
1.380000 -0.420000 3.300000 13419486916
0.720000 -0.420000 3.720000 13419512115
0.240000 0.240000 3.720000 13419536943
-0.420000 0.060000 3.900000 13419562066
-0.960000 0.120000 4.080000 13419586909
-2.160000 0.120000 4.200000 13419612109
-2.760000 -0.240000 3.600000 13419636906
-3.360000 -0.240000 3.360000 13419662037
-4.320000 -0.360000 2.880000 13419686932
-4.920000 -0.960000 2.880000 13419712095
-5.400000 -0.960000 2.400000 13419736910
-5.760000 -1.440000 2.520000 13419762037
-6.060000 -1.980000 2.460000 13419786906
-6.540000 -2.460000 2.220000 13419812074
-6.480000 -3.120000 2.520000 13419836887
-7.020000 -3.540000 3.180000 13419862014
-6.780000 -4.500000 4.020000 13419886884
-6.300000 -5.460000 4.620000 13419912067
-5.460000 -5.940000 5.460000 13419936888
-4.620000 -6.420000 5.940000 13419962032
-4.020000 -7.140000 6.660000 13419986904
-3.120000 -7.680000 6.960000 13420012118
-2.760000 -7.320000 6.720000 13420036903
-1.800000 -7.680000 7.200000 13420062068
-1.560000 -7.680000 7.080000 13420086891
-1.320000 -8.040000 6.840000 13420112080
-1.020000 -7.860000 7.140000 13420136898
-0.420000 -7.620000 6.900000 13420166010
-0.420000 -7.860000 6.900000 13420186897
-0.600000 -7.920000 6.960000 13420212104
-0.600000 -7.680000 6.960000 13420236935
-0.480000 -7.680000 7.080000 13420262040
-0.540000 -7.740000 6.780000 13420286902
-0.360000 -7.680000 6.840000 13420312088
-0.420000 -7.620000 7.020000 13420336898
-0.540000 -7.860000 6.780000 13420362020
