0.000000 13418742122
0.000000 13418767111
0.000000 13418792120
0.000000 13418817131
0.000000 13418842121
0.000000 13418867108
0.000000 13418892127
0.000000 13418917142
0.000000 13418942131
0.000000 13418967139
0.000000 13418992140
0.000000 13419017144
0.000000 13419042127
0.000000 13419067145
0.000000 13419092133
0.000000 13419117130
0.000000 13419142125
0.000000 13419167132
0.000000 13419192128
0.000000 13419217145
0.000000 13419242125
0.000000 13419267142
0.000000 13419292132
0.000000 13419317131
0.000000 13419342123
0.000000 13419367136
0.000000 13419392129
0.000000 13419417136
5.000000 13419442126
5.000000 13419467130
5.000000 13419492123
5.000000 13419517130
0.000000 13419542149
0.000000 13419567135
0.000000 13419592114
0.000000 13419617134
0.000000 13419642111
0.000000 13419667119
0.000000 13419692126
0.000000 13419717130
0.000000 13419742116
0.000000 13419767132
0.000000 13419792124
0.000000 13419817117
0.000000 13419842105
0.000000 13419867120
0.000000 13419892114
0.000000 13419917116
0.000000 13419942101
0.000000 13419967116
0.000000 13419992096
0.000000 13420017109
0.000000 13420042109
0.000000 13420067109
0.000000 13420092108
0.000000 13420117110
0.000000 13420142103
5.000000 13420167130
5.000000 13420192116
5.000000 13420217109
5.000000 13420242098
5.000000 13420267118
5.000000 13420292108
5.000000 13420317118
5.000000 13420342099
