1.890000 0.472500 -0.472500 63560404.000000
-3.657500 2.362500 -31.377501 63660552.000000
-5.512500 -0.227500 1.645000 63760476.000000
-4.830000 0.157500 1.697500 63860468.000000
-6.510000 -0.542500 2.782500 63960488.000000
-5.005000 0.542500 3.010000 64060464.000000
-7.507500 -0.227500 3.027500 64160512.000000
-3.342500 0.507500 2.572500 64260512.000000
-6.125000 0.892500 2.940000 64360468.000000
-6.772500 0.227500 2.555000 64460512.000000
-4.462500 1.102500 2.467500 64560520.000000
-7.332500 0.717500 3.867500 64660560.000000
-3.290000 1.872500 2.222500 64760492.000000
-7.052500 -0.052500 3.360000 64860516.000000
-10.255000 -2.957500 5.337500 64960528.000000
0.245000 16.887501 18.952499 65060680.000000
-9.292500 3.202500 36.802502 65160488.000000
-11.112500 -17.377501 53.235001 65260464.000000
18.480000 9.082500 43.295002 65360456.000000
19.162500 -4.112500 16.292500 65460464.000000
30.450001 5.302500 -8.190000 65560528.000000
19.512501 24.377501 -9.135000 65660516.000000
-20.335001 11.322500 9.485000 65760584.000000
-21.507500 -2.362500 6.685000 65860496.000000
-22.190001 -11.427500 -0.052500 65960540.000000
-11.917500 -5.372500 -15.732500 66060500.000000
6.702500 -6.317500 -33.705002 66160512.000000
-11.095000 -14.542500 -29.260000 66260476.000000
-17.639999 -9.747500 -31.325001 66360512.000000
-15.470000 7.752500 -18.059999 66460476.000000
-14.262500 -6.527500 0.490000 66560752.000000
-0.332500 7.822500 0.052500 66660452.000000
4.217500 8.942500 2.450000 66760544.000000
-8.557500 -3.727500 0.612500 66860468.000000
-1.890000 2.432500 -2.152500 66960520.000000
-4.375000 -2.537500 3.482500 67060508.000000
-2.677500 -3.167500 1.557500 67160552.000000
-2.730000 2.502500 0.210000 67260504.000000
-10.675000 2.292500 2.642500 67360536.000000
-2.800000 0.752500 10.010000 67460464.000000
-14.892500 -2.397500 27.860001 67560504.000000
-9.310000 9.922500 43.697498 67660544.000000
-2.520000 -1.487500 36.137501 67760504.000000
33.197498 15.277500 7.437500 67860472.000000
-10.167500 2.782500 7.035000 67960528.000000
-10.535000 9.887500 -1.487500 68060576.000000
-2.975000 -1.732500 -6.125000 68160496.000000
-11.602500 0.647500 5.092500 68260480.000000
-30.030001 -11.217500 8.522500 68360544.000000
-9.100000 -4.707500 -2.502500 68460520.000000
15.855000 -9.887500 -20.860001 68560528.000000
35.279999 7.472500 -36.557499 68660456.000000
-9.905000 -30.782499 -47.967499 68760472.000000
-19.792500 0.192500 -25.305000 68860480.000000
-6.632500 10.132500 2.292500 68960464.000000
-3.552500 5.547500 -1.417500 69060480.000000
0.980000 6.177500 5.425000 69160584.000000
-3.937500 4.357500 1.470000 69260520.000000
-13.177500 -3.097500 5.775000 69360592.000000
-5.372500 -1.067500 7.980000 69460528.000000
-2.257500 5.547500 4.130000 69560736.000000
-9.852500 2.537500 2.642500 69660528.000000
-1.592500 1.907500 4.235000 69760528.000000
-6.755000 0.472500 5.250000 69860528.000000
-3.185000 -1.277500 3.622500 69960592.000000
-1.645000 -1.347500 9.047500 70060520.000000
-11.130000 -1.487500 24.237499 70160584.000000
-19.530001 -0.822500 42.070000 70260528.000000
-25.129999 24.027500 49.910000 70360592.000000
-9.030000 5.827500 39.095001 70460536.000000
-7.945000 -5.197500 20.737499 70560752.000000
-0.227500 6.737500 -1.662500 70660504.000000
-1.575000 2.327500 2.537500 70760568.000000
-11.060000 -3.062500 6.457500 70860472.000000
-13.527500 -1.977500 3.517500 70960544.000000
-21.070000 -9.327500 0.087500 71060600.000000
5.040000 1.557500 -14.087500 71160544.000000
16.485001 -1.032500 -28.385000 71260488.000000
-8.907500 -24.272501 -34.860001 71360616.000000
-2.100000 5.162500 -47.512501 71460472.000000
-11.917500 3.272500 -1.907500 71560552.000000
1.820000 -4.707500 2.625000 71660504.000000
-8.627500 15.592500 -6.597500 71760536.000000
-3.167500 1.872500 1.470000 71860576.000000
-14.315001 -2.992500 0.822500 71960528.000000
-1.470000 0.892500 2.887500 72060536.000000
-5.477500 0.367500 3.570000 72160504.000000
-4.392500 0.892500 4.287500 72260584.000000
-4.812500 1.592500 1.295000 72360488.000000
-5.635000 -0.262500 1.977500 72460488.000000
-5.057500 0.367500 1.400000 72560592.000000
-6.335000 2.152500 2.782500 72660520.000000
-4.112500 2.432500 2.327500 72760464.000000
-7.472500 1.347500 4.410000 72860536.000000
-5.390000 1.137500 3.342500 72960528.000000
-5.670000 0.647500 2.187500 73061936.000000
-6.160000 0.997500 3.657500 73160384.000000
-5.005000 0.647500 1.872500 73260544.000000
-4.130000 2.852500 2.555000 73360440.000000
-6.807500 2.222500 4.515000 73460480.000000
-3.955000 2.852500 3.150000 73560448.000000
3.202500 4.287500 4.935000 73660456.000000
-5.460000 11.567500 2.730000 73760472.000000
-9.082500 11.322500 -1.995000 73860512.000000
-20.422501 -0.017500 -0.420000 73960440.000000
-21.385000 -9.607500 6.300000 74060640.000000
-2.327500 4.007500 -1.925000 74160456.000000
1.715000 -14.892500 4.357500 74260488.000000
10.727500 -6.947500 0.437500 74360520.000000
4.357500 -3.587500 2.100000 74460512.000000
-1.557500 -4.217500 5.162500 74560512.000000
-7.052500 1.522500 7.017500 74660560.000000
-12.565000 2.887500 6.020000 74760544.000000
-10.150000 2.782500 6.177500 74860544.000000
-6.405000 -0.962500 2.852500 74960552.000000
-5.547500 -0.647500 2.397500 75060544.000000
-4.917500 -0.157500 2.975000 75160544.000000
-7.262500 4.462500 3.290000 75260560.000000
-12.687500 0.752500 2.292500 75360528.000000
-5.267500 0.332500 0.770000 75460552.000000
-4.760000 0.192500 0.245000 75560712.000000
-6.300000 0.507500 4.935000 75660528.000000
-1.050000 0.262500 7.157500 75760536.000000
-6.037500 0.577500 7.752500 75860552.000000
-6.807500 -0.017500 2.747500 75960536.000000
-3.185000 -0.332500 0.437500 76060536.000000
-4.725000 0.367500 0.385000 76160560.000000
-5.792500 -0.787500 3.482500 76260512.000000
-5.880000 0.297500 2.782500 76360536.000000
-3.605000 2.292500 0.000000 76460544.000000
-4.130000 2.047500 2.887500 76560488.000000
-4.340000 0.507500 4.900000 76660472.000000
-5.162500 -1.382500 2.030000 76760512.000000
-4.742500 -1.452500 3.885000 76960528.000000
