0.107873 -9.767425 -0.529559 13575124840
0.107873 -9.767425 -0.529559 13575149830
0.137293 -9.718391 -0.500139 13575174823
0.107873 -9.738005 -0.529559 13575199835
0.127486 -9.767425 -0.509946 13575224829
0.127486 -9.777231 -0.509946 13575249830
0.137293 -9.767425 -0.500139 13575274829
0.088260 -9.767425 -0.470719 13575299828
0.078453 -9.777231 -0.470719 13575324833
0.068647 -9.777231 -0.490333 13575349828
0.058840 -9.796844 -0.519753 13575374830
0.029420 -9.796844 -0.549172 13575399833
0.049033 -9.796844 -0.558979 13575424830
0.049033 -9.787038 -0.578592 13575449831
-0.166713 -9.679165 -0.696272 13575474829
-0.372653 -9.630132 -0.578592 13575499830
-0.529559 -9.698778 -0.578592 13575524833
-0.568786 -9.845878 -0.509946 13575549830
-0.637432 -9.728198 -0.715886 13575574826
-0.598206 -9.787038 -0.912019 13575599827
-0.598206 -9.767425 -0.912019 13575624840
-0.568786 -9.796844 -0.990472 13575649829
-0.392266 -9.777231 -1.088538 13575674830
-0.460913 -9.649745 -1.157185 13575699836
-0.392266 -9.649745 -1.196411 13575724823
-0.402073 -9.845878 -1.235638 13575749830
-0.294200 -9.953751 -1.431771 13575774827
-0.147100 -10.051817 -1.392545 13575799836
-0.078453 -9.669358 -1.402351 13575824829
0.039227 -10.071430 -1.265058 13575849831
0.147100 -9.355545 -1.372931 13575874832
0.235360 -9.296705 -1.304285 13575899828
0.353039 -9.345738 -1.402351 13575924846
0.490333 -9.630132 -1.372931 13575949835
0.637432 -8.806373 -1.274865 13575974839
0.666852 -8.973086 -1.314091 13575999834
0.706079 -8.914246 -1.323898 13576024845
0.706079 -9.698778 -0.902212 13576049810
0.745305 -10.404857 -0.676659 13576074851
0.774725 -10.395051 -0.686466 13576099839
0.872792 -10.071430 -0.735499 13576124837
0.980665 -9.659552 -0.617819 13576149838
0.823759 -10.100850 -0.519753 13576174835
0.862985 -10.012591 -0.509946 13576199843
0.804145 -10.473503 -0.480526 13576224848
0.833565 -9.934137 -0.304006 13576249838
0.706079 -10.179304 -0.254973 13576274827
0.794339 -9.590905 -0.362846 13576299822
0.755112 -9.394772 -0.333426 13576324826
0.627626 -9.875298 -0.215746 13576349827
0.706079 -9.698778 -0.254973 13576374823
0.706079 -10.238144 -0.176520 13576399827
0.578592 -10.483310 -0.107873 13576424827
0.196133 -10.218531 -0.078453 13576449827
0.117680 -10.061625 0.147100 13576474822
0.068647 -9.806651 0.166713 13576499830
0.068647 -9.738005 0.353039 13576524828
-0.009807 -9.718391 0.460913 13576549829
-0.176520 -9.894911 0.421686 13576574807
-0.215746 -9.806651 0.470719 13576599842
-0.264780 -9.904717 0.421686 13576624818
-0.294200 -9.581099 0.451106 13576649828
-0.362846 -9.845878 0.372653 13576674821
-0.421686 -9.718391 0.392266 13576699829
-0.578592 -9.983171 0.372653 13576724835
-0.745305 -9.277092 0.313813 13576749821
-0.813952 -9.934137 0.176520 13576774822
-0.696272 -9.375159 0.186326 13576799823
-0.627626 -9.071153 0.245166 13576824808
-0.578592 -10.179304 0.019613 13576849828
-0.490333 -9.433999 0.019613 13576874818
-0.617819 -9.983171 0.009807 13576899827
-0.666852 -9.012313 0.284393 13576924834
-0.755112 -9.836071 0.088260 13576949827
-0.912019 -10.846155 -0.304006 13576974824
-0.951245 -10.336210 -0.186326 13576999812
-0.951245 -10.061625 -0.343233 13577024830
-0.862985 -8.933860 -0.362846 13577049829
-0.784532 -10.453890 -0.647239 13577074830
-0.519753 -11.091323 -0.696272 13577099824
-0.176520 -10.512731 -0.725692 13577124828
0.009807 -10.973642 -0.882599 13577149825
0.117680 -10.424470 -0.784532 13577174819
0.245166 -9.630132 -0.813952 13577199826
0.441299 -9.335932 -0.519753 13577224827
0.490333 -9.375159 -0.637432 13577249823
0.598206 -9.649745 -0.549172 13577274816
0.882599 -9.767425 -0.372653 13577299833
0.764919 -9.728198 -0.411879 13577324807
0.764919 -9.679165 -0.353039 13577349827
0.833565 -9.679165 -0.460913 13577374825
0.843372 -9.845878 -0.343233 13577399823
0.774725 -9.806651 -0.402073 13577424828
0.784532 -9.796844 -0.392266 13577449828
0.784532 -9.816459 -0.382459 13577474824
0.706079 -9.816459 -0.353039 13577499832
0.568786 -9.728198 -0.431493 13577524836
0.490333 -9.708585 -0.431493 13577549832
0.500139 -9.688972 -0.500139 13577574818
0.235360 -9.787038 -0.558979 13577599823
