-0.717500 1.102500 0.175000 13575160361
-0.612500 1.715000 0.420000 13575185328
-0.490000 1.015000 0.665000 13575210330
-0.087500 1.225000 0.560000 13575235328
-0.140000 1.365000 0.140000 13575260355
-0.315000 1.137500 0.472500 13575285329
-0.472500 1.417500 0.245000 13575310328
-1.680000 1.487500 -0.332500 13575335326
-1.977500 1.295000 -0.770000 13575360353
-2.030000 1.120000 -2.345000 13575385330
-1.680000 0.822500 -3.080000 13575410328
-1.995000 1.085000 -3.762500 13575435323
-1.820000 2.310000 -4.182500 13575460357
-1.855000 2.887500 -4.602500 13575485328
-1.365000 2.922500 9.677500 13575510327
-3.710000 1.452500 10.587500 13575535324
-6.317500 -2.065000 3.815000 13575560353
-6.755000 -3.622500 3.657500 13575585330
-11.060000 -7.175000 1.942500 13575610345
-11.147500 -7.840000 0.665000 13575635196
-8.610000 -9.012500 2.327500 13575660206
-9.275000 -10.517500 -1.155000 13575685328
-5.040000 -11.427500 0.997500 13575710327
-5.495000 -11.287500 1.452500 13575735326
-4.392500 -12.232500 -0.682500 13575760355
-1.820000 -10.867500 -2.520000 13575785329
-0.332500 -12.285000 -3.325000 13575810329
0.210000 -9.730000 3.237500 13575835324
0.595000 -8.907500 0.822500 13575860331
3.045000 -5.197500 1.575000 13575885332
2.730000 -2.940000 -0.647500 13575910325
3.255000 -1.067500 1.662500 13575935327
0.297500 3.412500 3.990000 13575960353
1.225000 4.077500 3.395000 13575985325
-0.367500 6.282500 0.822500 13576010326
2.782500 10.500000 0.350000 13576035319
2.660000 12.022500 -0.682500 13576060366
4.270000 13.335000 -0.980000 13576085327
3.710000 15.645000 -0.542500 13576110324
2.940000 16.520000 -0.420000 13576135321
2.310000 16.065001 -0.175000 13576160355
2.905000 14.367500 -2.187500 13576185322
3.640000 17.272501 -3.482500 13576210324
1.312500 21.542500 0.717500 13576235320
2.397500 22.627501 2.292500 13576260350
0.822500 21.577499 -0.315000 13576285313
2.030000 21.892500 -3.815000 13576310303
-1.207500 25.900000 -2.975000 13576335301
-0.682500 23.187500 -1.382500 13576360338
-0.595000 28.000000 4.515000 13576385305
3.027500 27.667500 5.022500 13576410308
6.387500 30.117500 -1.190000 13576435303
5.617500 30.047501 -4.515000 13576460342
0.140000 27.090000 -4.917500 13576485307
-4.637500 25.182501 -2.975000 13576510310
-4.497500 21.910000 -1.505000 13576535305
-6.737500 20.510000 -3.920000 13576560316
-5.110000 18.462500 -4.042500 13576585309
-4.235000 16.275000 -2.100000 13576610311
-0.595000 14.980000 1.645000 13576635310
1.610000 14.122500 4.987500 13576660340
2.135000 8.312500 0.927500 13576685305
5.600000 5.687500 -5.985000 13576710307
7.367500 3.045000 -10.535000 13576735304
10.675000 -4.987500 -6.632500 13576760319
7.175000 -6.685000 0.665000 13576785306
8.067500 -8.277500 3.150000 13576810309
9.852500 -10.115000 -0.070000 13576835300
12.075000 -9.170000 -1.785000 13576860338
13.072500 -3.132500 1.925000 13576885292
11.445000 -4.637500 3.272500 13576910307
9.275000 -6.545000 2.555000 13576935392
7.227500 -9.817500 1.330000 13576960343
7.542500 -11.445000 -0.892500 13576985382
6.317500 -14.262500 -0.980000 13577010304
5.057500 -14.892500 0.367500 13577035400
2.450000 -17.325001 -0.822500 13577060342
2.240000 -17.815001 1.277500 13577085301
5.197500 -19.424999 0.332500 13577110312
1.365000 -16.432501 -2.345000 13577135301
1.732500 -14.017500 -2.940000 13577160344
-0.367500 -8.400000 -3.535000 13577185303
2.415000 -7.752500 -3.255000 13577210307
1.750000 -0.210000 -1.820000 13577235300
1.627500 -3.360000 -0.647500 13577260341
-1.312500 -1.662500 0.262500 13577285299
-2.012500 -2.817500 -2.310000 13577310309
-4.462500 -5.862500 -4.410000 13577335299
-6.300000 -4.742500 -2.415000 13577360338
-5.827500 -1.872500 -0.490000 13577385302
-6.720000 0.035000 -1.225000 13577410308
-7.385000 -1.050000 -2.607500 13577435299
-6.895000 1.050000 -1.260000 13577460329
-6.265000 1.802500 -0.560000 13577485300
-8.050000 1.487500 -0.437500 13577510307
-9.607500 -0.297500 1.190000 13577535302
-11.532500 2.082500 3.815000 13577560346
-10.517500 3.797500 7.245000 13577585301
-8.715000 4.795000 8.155000 13577610309
-4.480000 1.032500 5.705000 13577635300
