-3.540000 -2.220000 6.180000 13575144259
-3.180000 -2.100000 5.940000 13575169255
-3.420000 -2.460000 5.940000 13575194250
-3.600000 -2.280000 5.760000 13575219443
-3.360000 -2.640000 6.000000 13575244249
-3.360000 -2.640000 6.120000 13575269255
-3.360000 -2.400000 5.880000 13575294244
-3.480000 -2.520000 6.000000 13575319439
-3.540000 -2.700000 6.180000 13575344249
-3.180000 -2.220000 5.940000 13575369257
-3.600000 -2.160000 6.000000 13575394263
-2.940000 -2.460000 5.820000 13575419434
-3.360000 -2.160000 6.240000 13575444235
-3.600000 -2.040000 6.240000 13575469256
-3.660000 -2.100000 6.060000 13575494230
-3.540000 -2.340000 5.940000 13575519435
-3.360000 -2.280000 5.760000 13575544242
-3.360000 -2.640000 5.880000 13575569255
-3.420000 -1.980000 5.820000 13575594237
-3.540000 -2.460000 5.940000 13575619470
-3.420000 -2.460000 6.060000 13575644361
-3.180000 -2.340000 5.940000 13575669262
-3.300000 -2.580000 6.180000 13575694256
-3.180000 -2.340000 6.300000 13575719467
-3.060000 -2.580000 6.180000 13575744245
-3.240000 -2.280000 6.120000 13575769259
-3.240000 -2.280000 6.120000 13575794240
-3.420000 -2.700000 6.300000 13575819435
-3.060000 -2.460000 6.540000 13575844241
-3.060000 -2.220000 6.180000 13575869250
-2.940000 -2.580000 6.540000 13575894248
-2.700000 -1.980000 6.060000 13575919447
-3.000000 -2.280000 6.120000 13575944253
-3.420000 -2.700000 6.180000 13575969258
-3.060000 -2.220000 6.180000 13575994269
-2.880000 -2.400000 6.000000 13576019465
-2.820000 -2.580000 6.060000 13576044390
-3.060000 -2.340000 6.300000 13576069247
-2.760000 -2.040000 6.480000 13576094345
-2.880000 -2.280000 6.000000 13576119434
-3.240000 -2.160000 6.000000 13576144248
-3.300000 -2.100000 6.300000 13576169262
-3.000000 -2.280000 6.120000 13576194240
-3.300000 -2.460000 6.060000 13576219435
-2.880000 -2.160000 6.120000 13576244252
-3.120000 -2.280000 6.120000 13576269277
-3.060000 -2.220000 5.820000 13576294232
-3.420000 -2.340000 6.060000 13576319408
-3.120000 -2.280000 6.000000 13576344235
-3.480000 -2.280000 6.000000 13576369235
-3.360000 -2.400000 6.360000 13576394230
-3.540000 -1.860000 6.060000 13576419419
-3.720000 -2.040000 5.760000 13576444230
-3.540000 -1.980000 5.940000 13576469244
-3.840000 -2.160000 5.760000 13576494227
-3.720000 -1.800000 5.880000 13576519416
-3.900000 -1.980000 5.940000 13576544255
-4.080000 -2.280000 5.640000 13576569245
-4.020000 -2.100000 5.700000 13576594257
-4.380000 -2.340000 5.820000 13576619442
-3.840000 -2.400000 5.880000 13576644238
-3.960000 -2.040000 5.400000 13576669239
-3.780000 -2.220000 5.580000 13576694254
-4.020000 -1.860000 5.580000 13576719430
-3.900000 -2.220000 5.580000 13576744237
-3.960000 -2.400000 5.760000 13576769369
-4.080000 -2.400000 5.520000 13576794237
-4.080000 -2.160000 5.520000 13576819451
-3.600000 -1.920000 5.640000 13576844237
-4.080000 -2.160000 5.760000 13576869250
-3.840000 -1.920000 6.000000 13576894240
-4.140000 -1.740000 5.580000 13576919437
-4.380000 -2.100000 5.580000 13576944225
-3.780000 -2.100000 5.700000 13576969241
-4.200000 -1.920000 5.520000 13576994234
-4.020000 -2.100000 5.580000 13577019447
-3.720000 -2.040000 5.520000 13577044377
-4.200000 -1.920000 5.280000 13577069239
-3.780000 -1.980000 5.580000 13577094246
-3.780000 -2.340000 5.580000 13577119441
-3.480000 -1.920000 5.400000 13577144248
-3.480000 -2.040000 5.640000 13577169248
-3.660000 -2.100000 5.460000 13577194238
-3.900000 -2.100000 5.580000 13577219421
-3.540000 -1.980000 5.460000 13577244237
-3.660000 -2.340000 5.820000 13577269237
-3.300000 -1.980000 5.580000 13577294229
-3.900000 -2.220000 5.820000 13577319425
-3.780000 -1.980000 5.580000 13577344232
-3.420000 -1.980000 6.060000 13577369258
-3.600000 -2.160000 6.000000 13577394235
-3.540000 -2.220000 5.460000 13577419435
-3.840000 -2.400000 5.520000 13577444236
-3.600000 -2.040000 5.520000 13577469245
-3.660000 -2.460000 6.060000 13577494233
-3.540000 -2.340000 5.700000 13577519426
-3.660000 -2.100000 5.700000 13577544252
-3.540000 -2.460000 5.940000 13577569235
-3.540000 -1.860000 5.820000 13577594228
-3.480000 -2.040000 5.880000 13577619447
