0.000000 13575124840
0.000000 13575149830
0.000000 13575174823
0.000000 13575199835
0.000000 13575224829
0.000000 13575249830
0.000000 13575274829
0.000000 13575299828
0.000000 13575324833
0.000000 13575349828
0.000000 13575374830
0.000000 13575399833
0.000000 13575424830
0.000000 13575449831
0.000000 13575474829
0.000000 13575499830
0.000000 13575524833
0.000000 13575549830
0.000000 13575574826
0.000000 13575599827
0.000000 13575624840
0.000000 13575649829
0.000000 13575674830
0.000000 13575699836
0.000000 13575724823
0.000000 13575749830
0.000000 13575774827
0.000000 13575799836
0.000000 13575824829
0.000000 13575849831
0.000000 13575874832
0.000000 13575899828
0.000000 13575924846
0.000000 13575949835
0.000000 13575974839
0.000000 13575999834
0.000000 13576024845
0.000000 13576049810
0.000000 13576074851
0.000000 13576099839
0.000000 13576124837
0.000000 13576149838
0.000000 13576174835
0.000000 13576199843
0.000000 13576224848
0.000000 13576249838
0.000000 13576274827
0.000000 13576299822
0.000000 13576324826
0.000000 13576349827
0.000000 13576374823
0.000000 13576399827
0.000000 13576424827
0.000000 13576449827
0.000000 13576474822
0.000000 13576499830
0.000000 13576524828
0.000000 13576549829
0.000000 13576574807
0.000000 13576599842
0.000000 13576624818
0.000000 13576649828
0.000000 13576674821
0.000000 13576699829
0.000000 13576724835
0.000000 13576749821
0.000000 13576774822
0.000000 13576799823
0.000000 13576824808
0.000000 13576849828
0.000000 13576874818
0.000000 13576899827
0.000000 13576924834
0.000000 13576949827
0.000000 13576974824
0.000000 13576999812
0.000000 13577024830
0.000000 13577049829
0.000000 13577074830
0.000000 13577099824
0.000000 13577124828
0.000000 13577149825
0.000000 13577174819
0.000000 13577199826
0.000000 13577224827
0.000000 13577249823
0.000000 13577274816
0.000000 13577299833
0.000000 13577324807
0.000000 13577349827
0.000000 13577374825
0.000000 13577399823
0.000000 13577424828
0.000000 13577449828
0.000000 13577474824
0.000000 13577499832
0.000000 13577524836
0.000000 13577549832
0.000000 13577574818
0.000000 13577599823
