0.019613 0.166713 9.669358 31079756469
0.039227 0.166713 9.679165 31079779847
0.029420 0.156906 9.679165 31079804849
0.058840 0.186326 9.826264 31079829854
0.068647 0.166713 9.845878 31079854844
0.088260 0.186326 9.836071 31079879872
0.068647 0.205940 9.826264 31079904868
0.058840 0.166713 9.855684 31079929994
0.068647 0.156906 9.865492 31079954993
0.068647 0.156906 9.924331 31079979990
0.058840 0.166713 9.885104 31080004993
0.039227 0.186326 9.885104 31080030203
0.039227 0.186326 9.894911 31080055183
0.068647 0.166713 9.865492 31080080192
0.058840 0.147100 9.875298 31080105189
0.107873 0.176520 9.875298 31080130183
0.117680 0.186326 9.875298 31080155213
0.078453 0.156906 9.904717 31080180183
0.039227 0.166713 9.855684 31080205186
0.068647 0.186326 9.875298 31080230207
0.039227 0.196133 9.885104 31080255274
0.029420 0.205940 9.875298 31080280193
0.058840 0.147100 9.914525 31080305189
0.068647 0.186326 9.914525 31080330182
0.078453 0.186326 9.904717 31080355185
0.078453 0.166713 9.914525 31080380174
0.049033 0.186326 9.924331 31080405179
0.019613 0.186326 9.924331 31080430183
0.049033 0.176520 9.904717 31080455153
0.039227 0.196133 9.865492 31080480178
0.039227 0.176520 9.894911 31080505188
0.039227 0.156906 9.875298 31080530178
0.078453 0.156906 9.894911 31080555164
0.068647 0.156906 9.875298 31080580172
0.058840 0.147100 9.924331 31080605173
0.049033 0.196133 9.924331 31080630184
-0.029420 -0.088260 10.806930 31080655184
0.039227 0.029420 9.718391 31080680184
0.039227 0.117680 9.943945 31080705181
0.009807 0.137293 9.914525 31080730158
0.029420 0.215746 9.992978 31080755157
0.088260 0.196133 9.845878 31080780148
0.039227 0.156906 9.845878 31080805176
0.049033 0.156906 9.826264 31080830169
0.058840 0.156906 9.836071 31080855153
0.049033 0.166713 9.855684 31080880158
0.039227 0.176520 9.934137 31080905167
0.039227 0.166713 9.934137 31080930158
0.058840 0.156906 9.943945 31080955136
0.049033 0.127486 9.914525 31080980154
0.039227 0.147100 9.943945 31081005153
0.029420 0.166713 9.924331 31081030159
0.029420 0.147100 9.924331 31081055167
0.049033 0.147100 9.865492 31081080136
0.058840 0.196133 9.894911 31081105163
0.058840 0.176520 9.865492 31081130146
0.058840 0.147100 9.885104 31081155156
0.049033 0.186326 9.934137 31081180154
0.068647 0.166713 9.885104 31081205153
0.078453 0.147100 9.904717 31081230144
0.078453 0.186326 9.904717 31081255163
0.039227 0.196133 9.806651 31081280159
0.049033 0.215746 9.875298 31081305160
0.058840 0.156906 9.875298 31081330156
0.049033 0.156906 9.885104 31081355142
0.068647 0.156906 9.885104 31081380173
0.088260 0.147100 9.894911 31081405162
0.088260 0.137293 9.894911 31081430136
0.088260 0.147100 9.894911 31081455160
0.039227 0.147100 9.836071 31081480144
0.049033 0.137293 9.875298 31081505173
0.039227 0.137293 9.924331 31081530160
0.049033 0.147100 9.875298 31081555140
0.058840 0.176520 9.924331 31081580163
0.039227 0.156906 9.865492 31081605145
0.049033 0.166713 9.875298 31081630157
0.058840 0.196133 9.845878 31081655161
0.049033 0.186326 9.953751 31081680154
0.049033 0.156906 9.934137 31081705167
0.058840 0.156906 9.885104 31081730167
0.039227 0.186326 9.953751 31081755143
