0.000000 31079756469
0.000000 31079779847
0.000000 31079804849
0.000000 31079829854
0.000000 31079854844
0.000000 31079879872
0.000000 31079904868
0.000000 31079929994
0.000000 31079954993
0.000000 31079979990
0.000000 31080004993
0.000000 31080030203
0.000000 31080055183
0.000000 31080080192
0.000000 31080105189
0.000000 31080130183
0.000000 31080155213
0.000000 31080180183
0.000000 31080205186
0.000000 31080230207
0.000000 31080255274
0.000000 31080280193
0.000000 31080305189
0.000000 31080330182
0.000000 31080355185
0.000000 31080380174
0.000000 31080405179
0.000000 31080430183
0.000000 31080455153
0.000000 31080480178
0.000000 31080505188
0.000000 31080530178
0.000000 31080555164
0.000000 31080580172
0.000000 31080605173
0.000000 31080630184
0.000000 31080655184
0.000000 31080680184
0.000000 31080705181
0.000000 31080730158
0.000000 31080755157
0.000000 31080780148
0.000000 31080805176
0.000000 31080830169
0.000000 31080855153
0.000000 31080880158
0.000000 31080905167
0.000000 31080930158
0.000000 31080955136
0.000000 31080980154
0.000000 31081005153
0.000000 31081030159
0.000000 31081055167
0.000000 31081080136
0.000000 31081105163
0.000000 31081130146
0.000000 31081155156
0.000000 31081180154
0.000000 31081205153
0.000000 31081230144
0.000000 31081255163
0.000000 31081280159
0.000000 31081305160
0.000000 31081330156
0.000000 31081355142
0.000000 31081380173
0.000000 31081405162
0.000000 31081430136
0.000000 31081455160
0.000000 31081480144
0.000000 31081505173
0.000000 31081530160
0.000000 31081555140
0.000000 31081580163
0.000000 31081605145
0.000000 31081630157
0.000000 31081655161
0.000000 31081680154
0.000000 31081705167
0.000000 31081730167
0.000000 31081755143
