12.407500 -3.937500 -1.977500 31183935184
12.407500 -1.995000 -2.485000 31183960182
9.870000 0.175000 -2.642500 31183985172
-0.997500 1.890000 -0.175000 31184010165
-2.870000 0.840000 -0.350000 31184035215
-0.910000 0.192500 -2.870000 31184060195
-1.557500 0.682500 -3.325000 31184085136
-0.875000 0.507500 -3.500000 31184110193
-0.577500 -0.962500 -2.817500 31184135250
-1.452500 -0.525000 -0.997500 31184160133
-1.470000 0.472500 0.332500 31184185229
-1.470000 0.297500 1.697500 31184210158
-2.275000 -0.017500 0.892500 31184235235
-2.327500 1.365000 0.910000 31184260133
-0.822500 1.102500 1.015000 31184285217
-0.507500 0.630000 0.175000 31184310123
-0.910000 1.925000 1.382500 31184335127
-0.262500 0.857500 0.630000 31184360204
-1.312500 0.017500 -1.225000 31184385216
-3.220000 0.385000 -2.030000 31184410118
-4.200000 -0.122500 -3.412500 31184435235
-4.830000 -1.190000 -5.355000 31184460219
-6.317500 -3.342500 -6.090000 31184485243
-8.137500 1.540000 2.012500 31184510193
4.707500 1.487500 10.885000 31184535218
12.180000 -1.540000 4.340000 31184560125
6.632500 -3.780000 -6.947500 31184585246
-3.237500 -4.760000 -5.145000 31184610117
-0.612500 -6.002500 -1.277500 31184635208
2.432500 -5.827500 0.560000 31184660210
3.150000 -6.807500 0.542500 31184685211
5.057500 -9.782500 -0.787500 31184710115
2.887500 -9.800000 -1.890000 31184735122
2.065000 -11.882500 -5.285000 31184760180
-0.315000 -12.565000 -1.767500 31184785123
0.735000 -13.387500 0.525000 31184810111
1.767500 -15.837500 -0.420000 31184835125
-0.087500 -14.157500 -1.190000 31184860200
-0.157500 -10.885000 3.797500 31184885127
5.057500 -11.795000 4.252500 31184910136
4.357500 -9.572500 1.680000 31184935140
6.002500 -12.092500 5.162500 31184960244
9.852500 -14.227500 0.227500 31184985126
4.025000 -13.580000 -1.557500 31185010197
4.375000 -14.017500 1.732500 31185035234
6.632500 -14.525000 3.202500 31185060214
5.162500 -12.775000 2.590000 31185085237
5.442500 -14.052500 2.012500 31185110215
3.097500 -16.187500 2.485000 31185135204
3.045000 -17.290001 0.157500 31185160132
1.575000 -14.752501 0.035000 31185185206
2.450000 -14.507500 1.802500 31185210206
2.205000 -15.470000 1.995000 31185235121
0.980000 -14.122500 3.710000 31185260204
0.717500 -14.000000 3.535000 31185285120
0.752500 -13.247500 -1.067500 31185310202
0.367500 -11.550000 -2.730000 31185335121
-0.192500 -11.480000 -1.347500 31185360233
-0.910000 -12.635000 -1.032500 31185385233
-1.015000 -14.420000 -0.192500 31185410197
-2.345000 -12.022500 4.847500 31185435143
-2.555000 -10.132500 6.247500 31185460229
-1.995000 -9.712500 4.427500 31185485243
-1.277500 -9.887500 0.017500 31185510211
-0.752500 -9.397500 0.420000 31185535122
-1.487500 -7.647500 1.155000 31185560219
-0.770000 -7.560000 0.735000 31185585247
-1.872500 -7.805000 3.237500 31185610242
-0.717500 -8.767500 -1.732500 31185635234
-1.120000 -6.667500 -3.622500 31185660212
-1.382500 -8.470000 -0.157500 31185685246
-2.187500 -8.435000 -1.470000 31185710123
-1.085000 -6.457500 -1.855000 31185735229
-0.262500 -7.105000 -2.450000 31185760132
-0.875000 -6.457500 -1.417500 31185785243
-0.507500 -6.212500 -1.365000 31185810192
-0.700000 -6.212500 -1.242500 31185835124
-0.980000 -5.845000 -3.360000 31185860194
-1.365000 -5.880000 -2.572500 31185885242
-0.175000 -4.165000 -2.870000 31185910179
1.697500 -2.135000 -1.522500 31185935215
2.152500 -2.065000 -0.525000 31185960219
2.555000 -1.592500 0.402500 31185985244
3.570000 -0.385000 1.120000 31186010179
3.605000 -0.175000 -0.560000 31186035216
2.012500 -0.595000 -1.627500 31186060195
1.365000 -1.960000 -1.260000 31186085249
0.350000 -1.295000 -1.680000 31186110183
0.472500 -2.450000 -3.447500 31186135189
-0.140000 -1.155000 -1.942500 31186160158
-0.245000 -0.350000 -1.750000 31186185240
-1.487500 -2.100000 -1.785000 31186210179
-2.502500 -2.012500 -1.277500 31186235148
-2.642500 -1.925000 -1.907500 31186260111
-2.730000 -0.910000 -2.012500 31186285241
-2.555000 -0.210000 -2.765000 31186310179
-0.682500 0.385000 -1.435000 31186335207
-2.257500 0.857500 -2.642500 31186360173
-1.505000 2.030000 -1.995000 31186385252
-2.660000 3.010000 -0.542500 31186410179
-1.855000 2.975000 0.122500 31186435201
-1.417500 3.675000 2.065000 31186460108
-1.190000 5.407500 -0.490000 31186485116
3.045000 5.600000 -0.367500 31186510178
1.732500 6.317500 1.487500 31186535212
3.237500 5.967500 1.505000 31186560206
1.155000 4.812500 0.472500 31186585258
-0.385000 5.337500 -1.102500 31186610170
0.192500 6.055000 -1.085000 31186635207
0.070000 7.297500 0.122500 31186660119
0.577500 7.945000 3.325000 31186685236
0.017500 6.230000 2.817500 31186710180
0.017500 6.142500 0.175000 31186735191
1.662500 6.615000 0.332500 31186760199
2.397500 7.840000 1.977500 31186785238
4.007500 6.457500 3.605000 31186810182
1.645000 7.070000 2.887500 31186835157
1.015000 7.577500 0.560000 31186859937
1.890000 7.472500 0.017500 31186885122
-0.087500 8.050000 -0.070000 31186910176
0.157500 8.120000 -0.682500 31186935210
-0.315000 7.612500 0.070000 31186960194
1.610000 7.000000 0.420000 31186985129
3.360000 7.210000 -0.140000 31187010191
2.275000 7.752500 0.175000 31187035175
1.557500 9.660000 2.152500 31187060159
3.272500 11.252500 2.345000 31187085130
2.537500 11.812500 2.065000 31187110192
3.482500 11.392500 0.262500 31187135188
2.205000 11.042500 -0.350000 31187160156
-1.855000 9.747500 -2.922500 31187185122
-5.215000 10.080000 -3.640000 31187210194
-5.757500 12.337500 -2.450000 31187235181
-2.572500 13.037500 -0.595000 31187260187
-1.382500 14.560000 1.925000 31187285114
-0.367500 15.015000 1.942500 31187310164
0.332500 14.070000 -0.595000 31187335115
-1.277500 11.917500 -2.170000 31187360159
-1.645000 10.832500 -5.670000 31187385241
-2.660000 12.127500 -5.232500 31187410159
-1.575000 12.897500 -2.397500 31187435185
-0.175000 12.215000 3.027500 31187460158
2.362500 11.865000 2.747500 31187485225
-0.437500 12.530000 -1.452500 31187510202
-0.437500 12.600000 -2.992500 31187535198
0.315000 10.675000 -3.692500 31187560164
-2.345000 9.940000 -1.872500 31187585124
-1.662500 9.940000 -1.715000 31187610120
-3.447500 9.800000 -3.430000 31187635110
-3.377500 10.080000 -4.830000 31187660160
-3.605000 10.622500 -3.325000 31187685117
-4.917500 9.450000 -2.905000 31187710215
-4.515000 9.450000 -3.062500 31187735109
-4.970000 10.710000 -3.307500 31187760156
-3.955000 10.220000 -1.452500 31187785140
-2.905000 12.040000 1.715000 31187810163
-0.367500 12.162500 1.155000 31187835115
-0.892500 12.915000 2.170000 31187860163
0.280000 10.972500 -1.557500 31187885135
-4.830000 12.005000 -6.545000 31187910163
-5.705000 12.040000 -7.980000 31187935199
-6.930000 13.317500 -5.582500 31187960164
-5.880000 11.917500 -3.885000 31187985228
-5.232500 12.267500 -2.520000 31188010188
-4.287500 12.827500 -2.275000 31188035197
-5.005000 12.582500 -2.817500 31188060200
-4.217500 12.442500 -3.045000 31188085227
-3.955000 13.055000 -3.395000 31188110198
-4.445000 13.825000 -4.165000 31188135117
-4.742500 13.597500 -2.205000 31188160264
-2.327500 12.897500 -1.172500 31188185242
-3.902500 14.070000 -1.330000 31188210107
-3.675000 14.140000 -1.662500 31188235114
-2.747500 12.162500 -1.732500 31188260189
-2.555000 11.900000 -0.647500 31188285237
-3.762500 10.097500 -3.517500 31188310172
-4.917500 10.447500 -1.662500 31188335221
-3.097500 9.432500 0.560000 31188360108
-3.867500 7.700000 -2.467500 31188385141
-4.812500 8.190000 -3.167500 31188410172
-3.430000 7.735000 -3.710000 31188435193
-3.535000 6.895000 -2.485000 31188460116
-3.797500 4.935000 2.887500 31188485230
-2.485000 4.480000 3.185000 31188510099
-2.642500 5.757500 2.047500 31188535185
-1.925000 5.145000 3.412500 31188560213
-1.452500 4.987500 5.005000 31188585303
-2.012500 4.392500 1.855000 31188610110
-2.765000 4.952500 -3.622500 31188635192
-2.187500 4.602500 -3.797500 31188660116
-2.380000 4.952500 -4.532500 31188685131
-1.995000 5.477500 -4.952500 31188710189
-2.310000 5.372500 -3.797500 31188735116
-2.082500 4.690000 -3.062500 31188760124
-3.080000 5.372500 -1.015000 31188785202
-2.590000 5.355000 -2.117500 31188810107
-1.802500 5.687500 -4.270000 31188835196
-1.680000 4.970000 -4.777500 31188860201
-2.520000 4.182500 -4.672500 31188885124
-3.902500 3.412500 -3.587500 31188910183
-3.937500 4.217500 -2.117500 31188935193
-2.940000 3.447500 -1.102500 31188960187
-3.867500 1.960000 -0.262500 31188985185
-4.410000 1.207500 0.297500 31189010226
-3.132500 2.432500 -2.677500 31189035187
-1.627500 1.225000 -2.012500 31189060193
-4.270000 0.962500 -1.417500 31189085111
-4.182500 1.925000 -3.220000 31189110195
-3.657500 2.275000 -6.125000 31189135191
-2.905000 1.802500 -4.480000 31189160180
-3.657500 1.680000 -2.992500 31189185121
-2.835000 1.365000 -1.295000 31189210181
-2.642500 1.487500 -2.065000 31189235179
-3.185000 0.840000 -3.290000 31189260199
-3.552500 0.210000 -2.835000 31189285107
-3.972500 0.367500 -2.765000 31189310172
-6.107500 1.785000 -4.427500 31189335184
-2.415000 0.805000 -3.657500 31189360198
-3.342500 -0.822500 -0.542500 31189385112
-4.865000 1.032500 -0.875000 31189410180
-2.817500 0.962500 -0.192500 31189435099
-4.655000 -0.052500 2.310000 31189460184
-4.007500 0.910000 2.030000 31189485240
-2.625000 1.820000 -0.822500 31189510197
-2.362500 -0.700000 -1.977500 31189535180
-5.057500 -0.437500 -1.155000 31189560201
-4.095000 -0.997500 -0.875000 31189585220
-5.565000 0.227500 -1.347500 31189610189
-2.240000 0.052500 0.122500 31189635197
-4.935000 1.365000 -1.400000 31189660224
-2.187500 1.575000 -2.747500 31189685137
-2.082500 1.172500 -1.925000 31189710160
-3.692500 2.520000 -1.592500 31189735255
0.035000 1.295000 -0.840000 31189760211
-2.800000 1.225000 -2.327500 31189785230
-1.995000 1.907500 -4.252500 31189810102
-1.662500 0.717500 -4.882500 31189835106
-1.942500 0.927500 -2.135000 31189860102
-0.157500 -0.070000 -1.750000 31189885121
-3.045000 -0.647500 -0.227500 31189910101
-4.200000 1.540000 -0.175000 31189935229
0.910000 0.630000 -0.175000 31189960233
-0.962500 -0.262500 -0.525000 31189985110
-2.922500 -1.155000 -2.747500 31190010185
-4.725000 0.770000 -5.862500 31190035226
-0.857500 -1.400000 -6.317500 31190060105
-4.707500 -3.465000 -5.232500 31190085229
-7.455000 -2.047500 -4.340000 31190110105
-3.377500 -0.787500 -4.287500 31190135198
-2.502500 -2.467500 -2.082500 31190160130
-6.317500 0.682500 1.522500 31190185229
-2.817500 0.560000 -0.192500 31190210182
-3.710000 -0.315000 -2.205000 31190235238
-3.202500 0.140000 -3.325000 31190260117
-0.910000 0.297500 -3.587500 31190285245
-3.080000 -0.140000 -4.480000 31190310196
-4.812500 -0.140000 -5.215000 31190335256
-4.357500 2.292500 -5.792500 31190360109
2.940000 -2.362500 -4.375000 31190385127
-4.585000 -1.330000 -3.097500 31190410194
-2.380000 2.152500 -3.237500 31190435214
4.760000 -3.220000 -3.220000 31190460108
-9.450000 -0.525000 -3.500000 31190485227
-2.450000 1.715000 -5.372500 31190510097
3.517500 -3.045000 -5.862500 31190535100
-7.245000 -3.115000 -4.725000 31190560108
-3.517500 -3.972500 -2.187500 31190585239
-1.890000 -4.637500 -0.542500 31190610193
-5.180000 -1.085000 -0.280000 31190635125
2.100000 -3.692500 -2.520000 31190660117
-5.600000 -4.182500 -4.970000 31190685203
-6.912500 -0.805000 -6.387500 31190710106
3.062500 -0.210000 -4.952500 31190735177
2.730000 -3.710000 -5.127500 31190760182
-2.467500 -4.007500 -3.955000 31190785111
-0.140000 -5.110000 -3.220000 31190810188
-2.817500 -4.217500 -2.082500 31190835191
1.487500 -2.852500 -1.067500 31190860103
0.840000 -2.870000 -2.415000 31190885116
-1.767500 -2.187500 -2.520000 31190909964
0.630000 -2.100000 -1.732500 31190935108
2.187500 -3.727500 -1.645000 31190960174
0.402500 -4.602500 -3.097500 31190985227
1.137500 -3.902500 -2.730000 31191010200
3.570000 -3.832500 -2.030000 31191035102
2.712500 -1.802500 -1.470000 31191060195
4.707500 -1.505000 0.035000 31191085141
7.105000 -2.905000 -1.435000 31191110198
4.777500 -4.130000 -2.275000 31191135215
3.132500 -2.257500 0.682500 31191160201
5.477500 -1.505000 2.782500 31191185199
9.170000 -1.837500 3.570000 31191210195
8.452500 -2.467500 2.485000 31191235109
5.530000 -0.367500 4.690000 31191260204
11.182500 -0.367500 6.317500 31191285233
11.357500 -1.470000 6.807500 31191310202
8.120000 -0.717500 6.842500 31191335194
8.400000 -1.645000 3.587500 31191360183
8.452500 -2.450000 2.572500 31191385226
5.092500 -0.822500 1.925000 31191410205
4.935000 -1.312500 0.595000 31191435110
3.832500 -1.680000 1.785000 31191460144
4.270000 -2.537500 3.972500 31191485232
7.350000 -4.865000 -0.542500 31191510198
1.050000 -3.500000 -0.910000 31191535193
2.362500 -4.672500 -1.662500 31191560196
2.170000 -5.425000 -0.857500 31191585219
2.100000 -6.195000 -0.157500 31191610184
2.135000 -4.812500 1.120000 31191635185
3.325000 -4.882500 2.222500 31191660194
4.497500 -5.547500 2.222500 31191685139
3.797500 -4.165000 3.307500 31191710204
4.375000 -4.620000 1.207500 31191735187
3.150000 -5.372500 -1.050000 31191760189
4.305000 -4.847500 2.572500 31191785115
6.107500 -5.932500 6.002500 31191810162
4.217500 -4.655000 2.537500 31191835110
3.552500 -4.795000 0.507500 31191860103
3.587500 -3.027500 1.715000 31191885121
6.317500 -4.182500 2.712500 31191910187
4.760000 -3.202500 1.645000 31191935231
3.412500 -3.500000 2.520000 31191960230
5.705000 -4.742500 3.885000 31191985234
5.390000 -4.550000 -0.997500 31192010096
0.962500 -3.202500 -1.680000 31192035109
3.062500 -2.817500 1.067500 31192060105
5.635000 -4.427500 5.162500 31192085226
6.440000 -3.762500 5.005000 31192110096
5.442500 -4.620000 4.865000 31192135107
9.327500 -4.322500 5.022500 31192160108
9.047500 -4.532500 3.885000 31192185239
6.597500 -3.937500 2.887500 31192210099
4.725000 -5.302500 3.517500 31192235103
4.760000 -7.490000 3.990000 31192260194
4.410000 -7.700000 3.255000 31192285133
3.815000 -6.440000 3.307500 31192310101
3.622500 -6.895000 2.450000 31192335105
2.905000 -7.577500 0.332500 31192360196
4.865000 -6.492500 0.105000 31192385231
5.687500 -4.130000 3.115000 31192410097
4.165000 -3.202500 5.040000 31192435108
3.395000 -3.290000 4.742500 31192460187
0.805000 -4.182500 1.435000 31192485227
-1.417500 -3.202500 0.227500 31192510095
-3.202500 -3.237500 -2.712500 31192535098
-2.625000 -2.922500 -2.800000 31192560184
-2.502500 -5.110000 3.220000 31192585229
-3.080000 -4.935000 3.622500 31192610096
-1.050000 -4.847500 1.907500 31192635122
-0.262500 -4.462500 0.577500 31192660199
0.175000 -4.655000 2.275000 31192685158
0.017500 -5.232500 2.205000 31192710160
-0.315000 -4.270000 1.872500 31192735191
-0.472500 -4.567500 -0.157500 31192760242
0.035000 -2.957500 -1.907500 31192785236
-1.277500 -3.062500 -0.455000 31192810111
-2.730000 -3.430000 0.017500 31192835123
-2.625000 -2.817500 -0.910000 31192860197
-3.290000 -2.327500 -2.835000 31192885140
-4.165000 -2.187500 -0.577500 31192910183
-3.290000 -2.135000 1.032500 31192935199
-2.135000 -2.275000 -0.192500 31192960214
-2.642500 -1.662500 -0.122500 31192985199
-2.870000 -1.522500 0.122500 31193010105
-2.380000 -1.330000 0.525000 31193035198
-1.907500 -1.365000 -0.437500 31193060181
-3.307500 -2.082500 -0.280000 31193085226
-3.937500 -0.140000 0.962500 31193110202
-4.970000 -0.315000 -0.157500 31193135112
-5.075000 -1.907500 -0.980000 31193160132
-5.652500 -0.332500 -1.890000 31193185226
-6.807500 0.630000 -2.817500 31193210176
-5.215000 -0.385000 -3.640000 31193235115
-4.900000 0.997500 1.067500 31193260106
-3.430000 -0.052500 3.535000 31193285103
-2.940000 0.420000 1.592500 31193310188
-4.025000 -0.822500 -1.977500 31193335112
-5.477500 0.595000 -1.907500 31193360178
-6.177500 1.855000 -1.540000 31193385232
-4.620000 1.277500 -2.800000 31193410184
-4.007500 0.192500 -4.427500 31193435120
-3.535000 -0.157500 -3.307500 31193460113
-3.430000 0.805000 -0.437500 31193485221
-3.132500 2.730000 1.085000 31193510176
-1.767500 4.042500 1.190000 31193534958
-0.857500 3.710000 -0.717500 31193560162
-0.245000 2.012500 -3.062500 31193585235
-0.297500 0.752500 -4.130000 31193610180
-0.560000 0.525000 -3.377500 31193635241
-0.682500 0.787500 -2.642500 31193660195
-1.032500 0.647500 -1.382500 31193685234
-1.662500 1.487500 0.560000 31193710162
-1.925000 1.732500 1.802500 31193735198
-0.857500 1.190000 1.995000 31193760180
0.525000 1.785000 1.190000 31193785243
0.945000 1.417500 -0.367500 31193810173
1.767500 1.295000 -1.242500 31193835202
1.417500 0.507500 -1.505000 31193860189
0.455000 0.507500 -1.645000 31193885224
-0.577500 -0.157500 -0.787500 31193910200
-1.855000 0.262500 -0.035000 31193935199
-2.170000 0.717500 -1.067500 31193960165
-2.537500 0.735000 -1.522500 31193985225
-2.432500 0.035000 -2.572500 31194010195
-2.205000 0.227500 -2.642500 31194035237
-1.785000 1.260000 -1.400000 31194060110
-1.225000 2.415000 -1.470000 31194085229
0.210000 1.172500 -1.382500 31194110190
0.192500 1.330000 -0.192500 31194135199
0.525000 2.397500 -0.332500 31194160108
2.170000 2.940000 0.070000 31194185230
2.520000 2.572500 -0.315000 31194210162
2.012500 0.997500 -1.662500 31194235198
0.455000 0.507500 -2.485000 31194260106
-0.525000 0.367500 -4.112500 31194285223
-2.345000 -0.700000 -4.602500 31194310103
-3.885000 -1.085000 -3.902500 31194335197
-4.340000 -0.770000 -3.150000 31194360107
-4.042500 -0.297500 -2.082500 31194385236
-3.360000 0.735000 0.385000 31194410176
-1.680000 1.592500 2.502500 31194435196
-0.770000 1.820000 4.165000 31194460187
-0.140000 1.907500 3.465000 31194485226
0.105000 0.945000 1.575000 31194510193
-0.840000 0.280000 0.122500 31194535192
-1.890000 -0.297500 -1.347500 31194560178
-2.992500 -0.420000 -1.225000 31194585234
-3.710000 -1.662500 -1.102500 31194610162
-4.252500 -1.155000 -1.470000 31194635197
