2.520000 -3.480000 5.160000 31183916389
2.280000 -3.600000 5.280000 31183940988
2.220000 -3.300000 5.220000 31183966205
2.760000 -3.240000 5.280000 31183991110
2.640000 -3.480000 5.400000 31184016159
2.760000 -3.480000 4.920000 31184041132
2.940000 -3.420000 4.860000 31184065956
2.640000 -3.600000 5.160000 31184091891
2.100000 -3.300000 4.980000 31184116100
2.580000 -3.420000 5.100000 31184141189
2.220000 -3.420000 4.980000 31184167315
2.760000 -3.360000 4.680000 31184191182
2.700000 -3.180000 5.100000 31184217238
2.280000 -3.600000 5.280000 31184240934
2.640000 -3.360000 4.920000 31184267060
2.220000 -3.540000 5.100000 31184291160
2.580000 -3.540000 4.980000 31184317036
2.520000 -3.240000 5.160000 31184342098
2.280000 -3.360000 5.040000 31184365990
2.700000 -3.300000 4.980000 31184391143
2.460000 -3.540000 5.100000 31184417163
2.460000 -3.660000 5.100000 31184441141
2.400000 -3.360000 4.920000 31184465934
2.580000 -3.540000 5.220000 31184490984
2.340000 -3.540000 5.100000 31184515940
2.280000 -3.480000 5.160000 31184541183
2.580000 -3.780000 5.220000 31184566762
2.160000 -3.480000 4.800000 31184591214
2.520000 -3.720000 4.920000 31184616732
2.400000 -3.480000 4.920000 31184640988
2.880000 -3.480000 4.920000 31184665926
2.520000 -3.480000 5.040000 31184691216
2.520000 -3.600000 4.920000 31184716873
2.340000 -3.420000 4.740000 31184741872
2.400000 -3.360000 5.040000 31184765987
2.640000 -3.480000 4.800000 31184791890
2.460000 -3.420000 4.980000 31184816886
2.880000 -3.480000 4.920000 31184841857
3.000000 -3.480000 4.920000 31184865962
2.580000 -3.660000 4.740000 31184891877
2.580000 -3.420000 4.860000 31184917053
2.760000 -3.360000 4.800000 31184941912
2.640000 -3.360000 5.040000 31184966309
2.940000 -3.180000 5.220000 31184991877
2.640000 -3.240000 4.800000 31185015957
2.940000 -3.300000 4.620000 31185040977
2.520000 -3.360000 4.920000 31185066070
2.760000 -3.360000 4.800000 31185091186
2.580000 -3.180000 4.740000 31185116228
2.520000 -3.120000 4.440000 31185141007
3.000000 -3.480000 4.320000 31185167042
2.880000 -3.240000 4.560000 31185191176
2.940000 -3.300000 4.380000 31185216180
3.180000 -3.540000 4.380000 31185241861
2.940000 -2.820000 4.500000 31185266187
3.060000 -3.060000 4.260000 31185291865
2.820000 -3.060000 4.500000 31185315955
2.880000 -3.480000 4.320000 31185341865
2.880000 -3.240000 4.440000 31185366141
2.640000 -3.840000 4.440000 31185390976
2.700000 -3.420000 4.380000 31185415957
2.940000 -3.300000 4.260000 31185441896
3.000000 -3.360000 4.200000 31185466082
2.880000 -3.240000 4.200000 31185490948
3.060000 -3.660000 4.260000 31185516213
3.060000 -3.300000 4.140000 31185541868
3.000000 -3.360000 4.200000 31185565942
3.060000 -3.540000 4.500000 31185590947
3.120000 -3.480000 4.320000 31185616185
3.060000 -3.420000 4.260000 31185640949
2.940000 -3.180000 4.140000 31185666241
2.940000 -3.300000 4.500000 31185690973
3.240000 -3.600000 4.200000 31185716881
3.120000 -3.480000 4.200000 31185740940
3.480000 -3.480000 4.080000 31185766887
3.180000 -3.180000 4.140000 31185790950
3.240000 -3.360000 4.200000 31185815953
3.420000 -3.060000 4.020000 31185841867
3.060000 -3.300000 4.140000 31185866093
3.300000 -3.300000 4.020000 31185890934
3.000000 -3.120000 3.840000 31185916150
3.300000 -3.540000 4.140000 31185941156
3.660000 -3.420000 3.660000 31185966986
3.300000 -3.540000 4.020000 31185990937
3.540000 -3.540000 3.780000 31186016197
3.300000 -3.180000 3.900000 31186041204
3.180000 -3.420000 4.020000 31186066191
3.120000 -3.120000 3.960000 31186090951
3.180000 -3.060000 3.900000 31186115969
3.120000 -3.480000 3.960000 31186141963
3.480000 -3.240000 4.080000 31186166715
3.180000 -3.540000 4.020000 31186191486
3.060000 -3.300000 4.260000 31186216216
3.480000 -3.480000 3.840000 31186241683
3.240000 -3.000000 4.080000 31186266644
3.360000 -3.360000 3.960000 31186291437
3.420000 -3.180000 3.900000 31186316406
3.360000 -3.240000 3.720000 31186341447
3.300000 -3.540000 3.900000 31186366188
3.240000 -3.240000 4.080000 31186391219
3.180000 -3.300000 3.780000 31186416632
2.880000 -3.360000 3.960000 31186441429
3.300000 -3.540000 4.140000 31186466468
3.420000 -3.180000 4.020000 31186491469
3.120000 -3.360000 4.200000 31186516294
3.240000 -3.120000 4.200000 31186541532
3.060000 -3.180000 4.020000 31186566321
3.300000 -3.300000 3.780000 31186591580
3.360000 -3.480000 3.960000 31186616414
3.540000 -3.300000 4.020000 31186641332
3.420000 -3.180000 4.020000 31186666479
3.360000 -3.720000 3.840000 31186691596
3.300000 -3.420000 4.140000 31186716306
3.060000 -3.540000 4.020000 31186742084
3.120000 -3.360000 4.200000 31186766293
3.240000 -3.600000 3.840000 31186791298
3.120000 -3.360000 4.200000 31186816310
3.360000 -3.240000 3.960000 31186841906
3.360000 -3.000000 4.200000 31186867050
3.120000 -3.480000 4.080000 31186891880
3.180000 -3.300000 4.140000 31186916300
3.060000 -3.060000 4.380000 31186941584
3.300000 -3.300000 3.900000 31186968785
3.180000 -3.420000 4.020000 31186991874
3.480000 -3.480000 4.080000 31187016995
3.240000 -3.120000 4.320000 31187041303
3.060000 -3.180000 4.020000 31187066277
3.240000 -3.240000 4.080000 31187091865
3.240000 -3.360000 4.320000 31187116515
3.360000 -3.720000 4.080000 31187141604
3.120000 -3.360000 4.440000 31187166288
3.240000 -3.360000 4.200000 31187191858
3.000000 -3.480000 4.080000 31187216547
3.180000 -3.540000 4.380000 31187241578
3.060000 -3.420000 4.260000 31187266517
2.820000 -3.300000 4.260000 31187291850
3.060000 -3.780000 4.020000 31187316309
3.060000 -3.420000 4.140000 31187341846
3.060000 -3.420000 4.020000 31187366548
3.300000 -3.300000 4.380000 31187391540
3.180000 -3.060000 4.260000 31187416575
3.120000 -3.480000 4.560000 31187441327
3.000000 -3.720000 4.320000 31187466291
3.060000 -3.780000 4.380000 31187491298
3.120000 -3.360000 4.440000 31187516537
3.180000 -3.420000 4.500000 31187541279
3.000000 -3.120000 4.320000 31187566301
3.180000 -3.180000 4.380000 31187591871
2.940000 -3.300000 4.500000 31187616876
2.820000 -3.420000 4.380000 31187641872
3.000000 -3.240000 4.320000 31187666527
3.060000 -3.420000 4.380000 31187691854
3.120000 -3.360000 4.680000 31187716319
3.180000 -3.300000 4.500000 31187741835
3.060000 -3.180000 4.620000 31187766210
2.940000 -3.300000 4.740000 31187792194
3.060000 -3.540000 4.500000 31187816207
2.760000 -3.480000 4.320000 31187842153
3.060000 -3.420000 4.500000 31187865948
3.060000 -3.300000 4.740000 31187892184
3.060000 -3.060000 4.260000 31187916167
3.060000 -3.660000 4.500000 31187941123
2.700000 -3.180000 4.860000 31187967232
3.000000 -3.720000 4.560000 31187990924
3.060000 -3.300000 4.620000 31188016993
3.060000 -3.300000 4.860000 31188041154
2.820000 -3.300000 4.860000 31188066150
3.240000 -3.480000 4.680000 31188091172
2.880000 -3.360000 4.920000 31188115953
2.940000 -3.180000 4.860000 31188142176
2.940000 -3.420000 4.740000 31188166641
3.180000 -3.780000 4.860000 31188191459
2.640000 -3.480000 4.920000 31188216958
3.000000 -3.360000 4.800000 31188241792
2.880000 -3.240000 4.800000 31188266264
3.000000 -3.480000 4.800000 31188291350
3.060000 -3.300000 4.620000 31188316488
3.000000 -3.360000 4.920000 31188341390
3.000000 -3.360000 5.160000 31188367120
2.940000 -3.180000 5.220000 31188392012
2.700000 -3.060000 4.980000 31188416479
2.820000 -3.420000 4.860000 31188441483
3.060000 -3.420000 4.980000 31188466989
2.880000 -2.880000 5.160000 31188491434
3.120000 -3.240000 4.800000 31188517077
2.940000 -3.180000 4.980000 31188541214
3.120000 -3.360000 4.680000 31188566167
3.120000 -3.240000 4.920000 31188591502
3.060000 -3.660000 4.860000 31188617078
3.060000 -3.300000 4.620000 31188641203
3.180000 -3.300000 4.860000 31188667102
3.300000 -3.060000 4.860000 31188692120
3.060000 -2.940000 4.860000 31188716210
3.000000 -3.240000 4.560000 31188742156
3.240000 -3.480000 4.920000 31188767086
3.120000 -3.120000 4.800000 31188791273
3.180000 -3.180000 4.860000 31188817088
2.880000 -3.360000 4.680000 31188842200
3.060000 -3.060000 4.620000 31188866244
3.300000 -3.300000 4.860000 31188892173
3.180000 -3.180000 4.860000 31188916329
3.180000 -2.940000 4.860000 31188941221
3.120000 -2.760000 4.560000 31188966472
2.940000 -3.060000 4.980000 31188991474
3.180000 -3.300000 4.740000 31189016417
3.300000 -3.060000 4.860000 31189041213
3.120000 -3.000000 4.920000 31189066233
2.820000 -3.060000 4.620000 31189091755
3.180000 -2.940000 4.860000 31189116741
3.240000 -3.000000 5.040000 31189141420
2.940000 -2.940000 4.620000 31189166593
3.480000 -3.120000 4.800000 31189191734
2.760000 -3.240000 4.800000 31189216215
2.940000 -3.060000 4.740000 31189241582
3.000000 -3.240000 4.560000 31189266452
3.180000 -3.420000 4.620000 31189291714
2.820000 -3.060000 4.620000 31189316195
2.880000 -3.120000 4.440000 31189341215
2.820000 -3.180000 4.740000 31189366437
3.060000 -3.300000 4.860000 31189391727
2.820000 -3.060000 4.740000 31189416526
2.940000 -3.180000 4.620000 31189441708
2.820000 -3.060000 4.380000 31189466208
2.580000 -3.180000 4.620000 31189491194
2.580000 -3.180000 5.100000 31189516170
2.880000 -3.000000 4.560000 31189540938
2.700000 -3.300000 4.260000 31189566178
2.580000 -2.940000 4.980000 31189590916
2.880000 -3.240000 4.920000 31189616097
2.700000 -3.060000 4.620000 31189640916
3.000000 -3.120000 4.560000 31189666400
2.820000 -2.940000 4.380000 31189692249
2.460000 -3.180000 4.620000 31189715942
2.400000 -3.360000 4.800000 31189741105
2.940000 -3.300000 4.500000 31189766118
2.580000 -3.420000 4.740000 31189790954
2.640000 -3.240000 4.680000 31189817255
2.880000 -3.480000 5.040000 31189842238
2.760000 -3.360000 4.680000 31189867220
2.700000 -3.300000 4.740000 31189892257
2.520000 -3.360000 4.800000 31189917385
2.100000 -3.300000 4.980000 31189941161
2.460000 -3.660000 4.860000 31189966348
2.580000 -3.540000 4.740000 31189992219
2.340000 -3.420000 4.860000 31190015957
2.280000 -3.720000 4.920000 31190041072
2.520000 -3.480000 5.040000 31190067217
2.400000 -3.360000 4.920000 31190091150
2.520000 -3.120000 5.160000 31190117228
2.640000 -3.480000 5.040000 31190140976
2.700000 -3.540000 4.980000 31190167331
2.340000 -3.180000 4.980000 31190191169
2.580000 -3.540000 4.860000 31190216784
2.340000 -3.180000 5.340000 31190241206
2.100000 -3.300000 4.860000 31190267243
2.340000 -3.420000 4.860000 31190290951
2.280000 -3.480000 4.920000 31190316227
2.400000 -3.480000 5.040000 31190341211
2.280000 -3.600000 5.160000 31190366924
2.460000 -3.660000 5.220000 31190391959
2.160000 -3.240000 5.040000 31190415960
2.040000 -3.480000 5.040000 31190441180
1.980000 -3.180000 5.220000 31190466928
2.280000 -3.000000 5.160000 31190491145
2.100000 -3.420000 5.100000 31190516931
2.220000 -3.540000 4.980000 31190541946
2.160000 -3.480000 4.920000 31190566933
2.220000 -3.300000 4.980000 31190591168
2.340000 -3.540000 5.100000 31190615969
2.100000 -3.420000 5.220000 31190641197
2.040000 -3.720000 5.040000 31190667284
2.160000 -3.720000 5.160000 31190690976
1.920000 -3.360000 5.160000 31190716969
2.040000 -3.480000 5.040000 31190741200
2.220000 -3.300000 5.220000 31190765957
2.040000 -3.240000 5.160000 31190791927
2.340000 -3.420000 5.220000 31190815953
2.640000 -3.600000 5.040000 31190841112
2.160000 -3.240000 5.280000 31190866914
2.400000 -3.240000 5.280000 31190892249
2.340000 -3.180000 5.220000 31190917260
2.040000 -3.360000 5.280000 31190942228
2.460000 -3.180000 5.220000 31190967313
2.460000 -3.540000 5.100000 31190991166
2.220000 -3.420000 5.340000 31191016168
1.980000 -3.300000 5.220000 31191042207
2.160000 -3.480000 5.040000 31191065989
2.340000 -3.300000 5.340000 31191092275
1.980000 -3.420000 5.220000 31191116178
2.100000 -3.180000 5.340000 31191141110
2.220000 -3.300000 5.220000 31191166210
2.400000 -3.480000 5.280000 31191191286
2.220000 -3.180000 5.220000 31191216311
2.400000 -3.360000 4.800000 31191241927
2.100000 -3.300000 5.100000 31191266531
2.400000 -3.000000 4.920000 31191291515
2.400000 -3.120000 5.160000 31191316541
2.220000 -3.180000 5.100000 31191341329
2.460000 -3.300000 4.860000 31191366288
2.640000 -3.360000 5.040000 31191391524
2.220000 -3.420000 5.460000 31191416647
2.700000 -3.540000 4.740000 31191441945
2.400000 -2.880000 5.040000 31191466973
2.580000 -3.300000 4.860000 31191491268
2.280000 -3.240000 5.160000 31191516516
2.220000 -3.060000 5.100000 31191541304
2.460000 -3.180000 5.340000 31191566478
2.520000 -3.120000 5.040000 31191591260
2.580000 -3.300000 5.100000 31191616273
2.040000 -3.240000 5.040000 31191641299
2.460000 -3.420000 5.220000 31191666301
2.520000 -3.360000 4.920000 31191691969
2.460000 -3.420000 5.100000 31191716313
2.100000 -3.060000 4.740000 31191741282
2.400000 -3.240000 4.920000 31191766283
2.220000 -3.420000 4.860000 31191791844
2.520000 -3.480000 4.920000 31191816311
2.280000 -3.240000 5.040000 31191842232
2.220000 -3.300000 4.860000 31191867216
2.400000 -3.240000 4.920000 31191892259
2.280000 -3.360000 4.800000 31191915937
2.700000 -3.420000 4.860000 31191941052
2.400000 -3.360000 5.040000 31191966038
2.400000 -2.880000 4.680000 31191990936
2.460000 -3.180000 5.100000 31192017240
2.400000 -3.240000 4.800000 31192042220
2.580000 -3.180000 4.860000 31192067216
2.520000 -3.360000 4.920000 31192090955
2.340000 -3.060000 4.380000 31192117217
2.640000 -3.240000 4.800000 31192142218
2.760000 -3.240000 4.920000 31192167305
2.580000 -3.420000 4.740000 31192190921
2.880000 -3.240000 4.560000 31192217222
2.580000 -3.180000 4.860000 31192242215
2.580000 -3.180000 4.980000 31192265914
2.880000 -3.600000 4.680000 31192291853
2.940000 -3.540000 4.620000 31192317223
2.520000 -3.360000 4.920000 31192342229
2.820000 -3.300000 4.620000 31192365920
2.760000 -3.360000 4.560000 31192390933
2.640000 -2.880000 4.680000 31192417168
2.580000 -3.180000 4.740000 31192442236
2.940000 -3.180000 4.740000 31192465956
2.640000 -3.240000 4.920000 31192490949
2.880000 -3.240000 4.440000 31192516924
2.700000 -3.420000 4.860000 31192541923
2.520000 -3.120000 4.680000 31192565948
2.880000 -3.120000 4.680000 31192590938
2.640000 -3.480000 4.680000 31192616948
2.820000 -3.060000 4.860000 31192641962
2.760000 -3.120000 5.040000 31192666194
2.580000 -3.180000 4.980000 31192691967
2.880000 -3.600000 4.680000 31192715939
3.060000 -2.940000 4.620000 31192740939
2.820000 -3.300000 4.500000 31192765953
2.760000 -3.000000 4.560000 31192790936
3.000000 -3.240000 4.800000 31192817259
2.880000 -3.120000 4.440000 31192842278
2.940000 -3.180000 4.740000 31192865959
2.880000 -3.240000 4.440000 31192892300
3.300000 -3.300000 4.500000 31192915937
2.880000 -3.240000 4.680000 31192940934
2.460000 -3.180000 4.380000 31192966045
2.940000 -3.420000 4.500000 31192990937
3.060000 -3.300000 4.980000 31193017245
3.120000 -3.360000 4.680000 31193040920
2.520000 -3.360000 4.320000 31193066302
2.880000 -3.240000 4.440000 31193091275
2.760000 -3.480000 4.440000 31193116302
2.940000 -3.180000 4.500000 31193141952
2.940000 -3.180000 4.500000 31193167117
2.640000 -3.120000 4.560000 31193191283
3.180000 -3.540000 4.740000 31193216290
2.880000 -3.240000 4.680000 31193241958
2.940000 -3.060000 4.380000 31193266934
2.820000 -3.300000 4.740000 31193291922
2.940000 -3.420000 4.620000 31193316295
2.820000 -3.180000 4.740000 31193341933
2.760000 -3.120000 4.440000 31193366328
2.760000 -3.360000 4.800000 31193391275
2.760000 -3.120000 4.320000 31193416309
2.700000 -3.300000 4.380000 31193441956
3.000000 -3.000000 4.560000 31193466933
3.120000 -3.360000 4.560000 31193491272
2.820000 -3.420000 4.740000 31193516283
3.180000 -3.180000 4.860000 31193541984
3.000000 -3.360000 4.680000 31193566283
2.880000 -3.600000 4.800000 31193591516
3.060000 -3.180000 4.740000 31193616291
2.820000 -3.300000 4.500000 31193641590
3.000000 -3.480000 4.680000 31193666403
3.060000 -3.300000 4.620000 31193691546
2.760000 -3.360000 4.560000 31193716293
2.880000 -3.240000 4.560000 31193741534
3.060000 -3.300000 4.500000 31193766339
2.820000 -2.820000 4.620000 31193791550
2.760000 -3.600000 4.200000 31193816305
2.820000 -3.540000 4.380000 31193841545
2.880000 -3.120000 4.680000 31193866313
2.700000 -3.180000 4.980000 31193891558
2.880000 -3.480000 4.680000 31193916438
2.580000 -3.300000 4.500000 31193941486
2.760000 -3.240000 4.680000 31193967020
2.820000 -3.060000 4.500000 31193991477
3.000000 -3.360000 4.560000 31194016489
2.940000 -3.060000 4.620000 31194041545
2.880000 -3.240000 4.800000 31194066938
2.940000 -3.420000 4.620000 31194091559
2.580000 -3.180000 4.500000 31194116313
2.700000 -3.300000 4.740000 31194141477
2.640000 -3.480000 4.440000 31194167056
2.700000 -3.060000 4.980000 31194191545
2.940000 -3.420000 4.500000 31194216298
2.940000 -3.180000 4.500000 31194241540
3.000000 -3.360000 4.440000 31194266920
2.580000 -3.300000 4.380000 31194291527
3.120000 -3.240000 4.440000 31194316939
3.000000 -3.240000 4.440000 31194341552
2.820000 -3.300000 4.500000 31194366921
3.000000 -3.240000 4.680000 31194391537
2.700000 -3.300000 4.500000 31194416294
2.760000 -3.240000 4.560000 31194441469
3.060000 -3.180000 4.500000 31194466345
2.880000 -3.360000 4.680000 31194491523
2.640000 -3.000000 4.560000 31194516317
2.820000 -3.300000 4.500000 31194541543
2.580000 -3.180000 4.500000 31194566284
3.060000 -3.300000 4.620000 31194591538
2.820000 -3.420000 4.260000 31194616287
2.820000 -3.180000 4.500000 31194641552
