0.000000 31183901665
0.000000 31183923428
0.000000 31183946925
0.000000 31183971978
0.000000 31183996969
0.000000 31184021994
0.000000 31184046985
0.000000 31184071970
0.000000 31184096970
0.000000 31184121993
0.000000 31184147002
0.000000 31184171991
0.000000 31184196967
0.000000 31184221992
0.000000 31184246978
0.000000 31184271989
0.000000 31184296982
0.000000 31184321990
0.000000 31184347054
0.000000 31184371992
0.000000 31184397046
0.000000 31184421972
0.000000 31184446979
0.000000 31184471985
0.000000 31184497008
0.000000 31184521988
0.000000 31184546983
0.000000 31184572002
0.000000 31184596956
0.000000 31184622005
0.000000 31184646985
0.000000 31184672012
0.000000 31184696990
0.000000 31184721998
0.000000 31184746985
0.000000 31184772004
0.000000 31184796988
0.000000 31184821993
0.000000 31184846986
0.000000 31184872009
0.000000 31184896983
0.000000 31184921972
0.000000 31184946990
0.000000 31184972002
0.000000 31184996985
0.000000 31185022012
0.000000 31185046987
0.000000 31185071985
0.000000 31185096976
0.000000 31185122412
0.000000 31185146981
0.000000 31185171998
0.000000 31185196976
0.000000 31185222001
0.000000 31185246978
0.000000 31185272000
0.000000 31185296975
0.000000 31185321995
0.000000 31185346999
0.000000 31185371984
0.000000 31185397014
0.000000 31185421996
0.000000 31185446997
0.000000 31185471982
0.000000 31185497014
0.000000 31185521986
0.000000 31185547008
0.000000 31185571980
0.000000 31185597110
0.000000 31185622004
0.000000 31185647005
0.000000 31185671988
0.000000 31185697017
0.000000 31185722002
0.000000 31185747011
0.000000 31185771984
0.000000 31185797019
0.000000 31185822011
0.000000 31185847001
0.000000 31185871977
0.000000 31185897013
0.000000 31185922005
0.000000 31185947011
0.000000 31185971987
0.000000 31185996995
0.000000 31186022008
0.000000 31186046999
0.000000 31186071981
0.000000 31186097013
0.000000 31186122005
0.000000 31186146980
0.000000 31186171985
0.000000 31186197000
0.000000 31186222004
0.000000 31186246992
0.000000 31186271984
0.000000 31186296987
0.000000 31186322009
0.000000 31186347008
0.000000 31186371990
0.000000 31186397009
0.000000 31186422010
0.000000 31186447008
0.000000 31186471984
0.000000 31186497008
0.000000 31186522004
0.000000 31186547001
0.000000 31186571986
0.000000 31186597002
0.000000 31186622001
0.000000 31186647002
0.000000 31186672003
0.000000 31186696997
0.000000 31186723885
0.000000 31186746969
0.000000 31186771969
0.000000 31186797001
0.000000 31186821983
0.000000 31186846985
0.000000 31186871977
0.000000 31186896994
0.000000 31186921993
0.000000 31186946999
0.000000 31186971993
0.000000 31186996988
0.000000 31187021985
0.000000 31187046990
0.000000 31187071968
0.000000 31187096997
0.000000 31187121983
0.000000 31187146994
0.000000 31187171983
0.000000 31187196997
0.000000 31187221958
0.000000 31187246989
0.000000 31187271983
0.000000 31187296999
0.000000 31187321985
0.000000 31187346989
0.000000 31187371975
0.000000 31187396997
0.000000 31187421988
0.000000 31187446986
0.000000 31187471976
0.000000 31187496998
0.000000 31187521989
0.000000 31187546989
0.000000 31187571978
0.000000 31187596985
0.000000 31187621989
0.000000 31187646992
0.000000 31187671987
0.000000 31187697004
0.000000 31187721992
0.000000 31187746995
0.000000 31187771970
0.000000 31187797002
0.000000 31187821991
0.000000 31187846997
0.000000 31187871991
0.000000 31187896989
0.000000 31187922002
0.000000 31187946994
0.000000 31187971981
0.000000 31187996999
0.000000 31188021986
0.000000 31188046978
0.000000 31188071969
0.000000 31188097002
0.000000 31188121990
0.000000 31188146959
0.000000 31188171988
0.000000 31188197002
0.000000 31188221991
0.000000 31188246978
0.000000 31188271988
0.000000 31188297002
0.000000 31188321993
0.000000 31188346973
0.000000 31188371984
0.000000 31188397002
0.000000 31188421970
0.000000 31188446966
0.000000 31188471978
0.000000 31188497001
0.000000 31188521977
0.000000 31188546972
0.000000 31188571969
0.000000 31188596987
0.000000 31188621973
0.000000 31188646975
0.000000 31188671990
0.000000 31188697002
0.000000 31188721981
0.000000 31188746967
0.000000 31188771970
0.000000 31188797001
0.000000 31188821964
0.000000 31188846982
0.000000 31188871961
0.000000 31188897014
0.000000 31188922000
0.000000 31188946989
0.000000 31188971974
0.000000 31188996990
0.000000 31189021983
0.000000 31189046976
0.000000 31189071994
0.000000 31189097004
0.000000 31189121981
0.000000 31189146984
0.000000 31189171981
0.000000 31189197002
0.000000 31189221987
0.000000 31189247004
0.000000 31189271986
0.000000 31189296999
0.000000 31189321979
0.000000 31189346990
0.000000 31189371978
0.000000 31189397007
0.000000 31189421977
0.000000 31189446985
0.000000 31189471978
0.000000 31189496998
0.000000 31189521979
0.000000 31189546981
0.000000 31189571988
0.000000 31189597005
0.000000 31189621981
0.000000 31189646992
0.000000 31189671989
0.000000 31189697001
0.000000 31189721985
0.000000 31189746976
0.000000 31189771950
0.000000 31189796978
0.000000 31189821960
0.000000 31189846976
0.000000 31189871964
0.000000 31189896969
0.000000 31189921965
0.000000 31189946971
0.000000 31189971974
0.000000 31189996982
0.000000 31190021969
0.000000 31190046959
0.000000 31190071962
0.000000 31190096974
0.000000 31190121966
0.000000 31190146975
0.000000 31190171965
0.000000 31190196994
0.000000 31190221960
0.000000 31190246961
0.000000 31190271936
0.000000 31190296961
0.000000 31190321973
0.000000 31190346971
0.000000 31190371976
0.000000 31190396990
0.000000 31190421980
0.000000 31190446982
0.000000 31190471976
0.000000 31190496979
0.000000 31190521967
0.000000 31190546972
0.000000 31190571964
0.000000 31190596986
0.000000 31190621958
0.000000 31190646928
0.000000 31190671981
0.000000 31190697003
0.000000 31190721970
0.000000 31190746981
0.000000 31190771970
0.000000 31190796985
0.000000 31190821973
0.000000 31190846972
0.000000 31190871958
0.000000 31190897006
0.000000 31190921964
0.000000 31190946974
0.000000 31190971963
0.000000 31190996994
0.000000 31191021954
0.000000 31191046971
0.000000 31191071960
0.000000 31191096999
0.000000 31191121959
0.000000 31191146975
0.000000 31191171928
0.000000 31191196997
0.000000 31191221958
0.000000 31191246966
0.000000 31191271953
0.000000 31191297000
0.000000 31191321956
0.000000 31191346967
0.000000 31191371945
0.000000 31191396995
0.000000 31191421956
0.000000 31191446966
0.000000 31191471952
0.000000 31191497001
0.000000 31191521987
0.000000 31191546974
0.000000 31191571954
0.000000 31191596991
0.000000 31191621971
0.000000 31191646958
0.000000 31191671969
0.000000 31191696980
0.000000 31191721966
0.000000 31191746978
0.000000 31191771961
0.000000 31191796979
0.000000 31191821991
0.000000 31191846980
0.000000 31191871962
0.000000 31191897009
0.000000 31191921977
0.000000 31191946954
0.000000 31191971972
0.000000 31191997001
0.000000 31192021992
0.000000 31192046998
0.000000 31192071983
0.000000 31192097019
0.000000 31192121981
0.000000 31192146978
0.000000 31192171999
0.000000 31192196993
0.000000 31192221995
0.000000 31192246971
0.000000 31192271984
0.000000 31192297004
0.000000 31192321985
0.000000 31192346973
0.000000 31192371981
0.000000 31192397005
0.000000 31192421986
0.000000 31192446982
0.000000 31192471978
0.000000 31192497000
0.000000 31192521988
0.000000 31192546997
0.000000 31192571985
0.000000 31192596997
0.000000 31192621987
0.000000 31192646990
0.000000 31192671983
0.000000 31192697000
0.000000 31192721971
0.000000 31192746966
0.000000 31192771942
0.000000 31192797005
0.000000 31192821956
0.000000 31192846978
0.000000 31192871963
0.000000 31192897013
0.000000 31192921979
0.000000 31192946983
0.000000 31192971993
0.000000 31192996991
0.000000 31193021956
0.000000 31193046975
0.000000 31193071986
0.000000 31193097003
0.000000 31193121983
0.000000 31193146988
0.000000 31193171989
0.000000 31193196997
0.000000 31193221982
0.000000 31193246997
0.000000 31193271980
0.000000 31193297001
0.000000 31193321980
0.000000 31193346992
0.000000 31193371984
0.000000 31193396993
0.000000 31193421987
0.000000 31193446990
0.000000 31193471986
0.000000 31193496978
0.000000 31193522004
0.000000 31193546994
0.000000 31193571987
0.000000 31193596998
0.000000 31193621984
0.000000 31193646968
0.000000 31193671991
0.000000 31193696987
0.000000 31193721991
0.000000 31193746987
0.000000 31193771991
0.000000 31193796980
0.000000 31193821990
0.000000 31193846946
0.000000 31193871991
0.000000 31193896992
0.000000 31193921990
0.000000 31193946980
0.000000 31193971997
0.000000 31193996988
0.000000 31194021987
0.000000 31194046996
0.000000 31194071983
0.000000 31194096987
0.000000 31194121985
0.000000 31194146991
0.000000 31194171981
0.000000 31194196991
0.000000 31194221985
0.000000 31194246995
0.000000 31194271983
0.000000 31194296980
0.000000 31194322195
0.000000 31194346989
0.000000 31194371959
0.000000 31194397003
0.000000 31194422002
0.000000 31194446990
0.000000 31194471982
0.000000 31194496992
0.000000 31194521988
0.000000 31194547002
0.000000 31194571992
0.000000 31194596997
0.000000 31194621962
