9.953751 -0.147100 1.343511 21043618288
9.983171 -0.176520 1.402351 21043643306
9.914525 -0.166713 1.353318 21043668318
9.865492 -0.068647 1.480804 21043693305
9.796844 -0.029420 1.461191 21043718306
9.826264 -0.029420 1.431771 21043743302
9.953751 -0.107873 1.431771 21043768314
10.012591 -0.176520 1.421964 21043793283
9.943945 -0.176520 1.539644 21043818313
9.983171 -0.019613 1.598484 21043843278
9.963558 -0.039227 1.627904 21043868304
9.953751 -0.088260 1.451384 21043893302
9.934137 -0.127486 1.451384 21043918312
9.943945 -0.147100 1.392545 21043943310
9.943945 -0.245166 1.539644 21043968315
10.032204 -0.284393 1.598484 21043993293
10.110658 -0.362846 1.510224 21044018301
10.071430 -0.480526 1.529838 21044043309
10.100850 -0.539366 1.539644 21044068294
9.963558 -0.362846 1.657324 21044093316
9.885104 -0.294200 1.647517 21044118312
9.787038 -0.343233 1.676937 21044143283
9.738005 -0.382459 1.647517 21044168309
9.649745 -0.176520 1.549451 21044193287
9.659552 -0.088260 1.598484 21044218314
9.728198 -0.068647 1.598484 21044243297
9.953751 -0.039227 1.372931 21044268313
10.002784 -0.039227 1.255251 21044293300
10.022397 -0.127486 1.343511 21044318312
10.002784 -0.147100 1.421964 21044343315
9.963558 -0.029420 1.333705 21044368316
9.943945 -0.029420 1.402351 21044393316
9.894911 -0.039227 1.490611 21044418330
9.816459 -0.009807 1.500418 21044443320
9.698778 0.058840 1.451384 21044468337
9.600712 0.058840 1.382738 21044493312
9.630132 0.058840 1.294478 21044518332
9.738005 -0.137293 1.480804 21044543316
9.757618 -0.294200 1.451384 21044568326
9.787038 -0.304006 1.372931 21044593303
9.796844 -0.333426 1.166991 21044618624
9.845878 -0.156906 1.108152 21044643312
9.885104 -0.088260 1.059118 21044668322
9.924331 -0.088260 1.010085 21044693304
9.953751 -0.166713 1.059118 21044718318
10.051817 -0.274586 1.127765 21044743313
10.110658 -0.323619 1.166991 21044768296
10.140078 -0.353039 1.216025 21044793308
10.189111 -0.313813 1.059118 21044818310
10.100850 -0.254973 0.921825 21044843321
10.022397 -0.186326 0.853179 21044868316
9.904717 -0.078453 0.892405 21044893797
9.757618 0.196133 1.078732 21044918314
9.708585 0.254973 0.990472 21044943320
9.679165 0.235360 0.843372 21044968328
9.649745 0.127486 0.774725 21044993378
9.777231 -0.019613 0.392266 21045018305
9.777231 -0.186326 0.402073 21045043363
9.787038 -0.313813 0.333426 21045068321
9.953751 -0.588399 0.411879 21045093461
10.051817 -0.696272 0.313813 21045118288
10.091044 -0.686466 0.460913 21045143340
10.100850 -0.617819 0.529559 21045168319
10.091044 -0.392266 0.647239 21045193330
10.120463 -0.411879 0.755112 21045218302
10.208724 -0.431493 0.853179 21045243324
10.179304 -0.451106 0.813952 21045268305
10.042011 -0.284393 0.647239 21045293315
10.032204 -0.353039 0.568786 21045318292
10.032204 -0.470719 0.470719 21045343317
10.022397 -0.480526 0.353039 21045368295
9.973364 -0.627626 0.362846 21045393364
9.904717 -0.666852 0.304006 21045418296
9.992978 -0.637432 0.176520 21045443335
10.051817 -0.666852 0.127486 21045468298
10.032204 -0.676659 0.029420 21045493329
10.042011 -0.647239 -0.058840 21045518381
10.032204 -0.764919 -0.127486 21045543337
9.992978 -0.970859 -0.127486 21045568335
9.953751 -0.882599 -0.058840 21045593316
9.983171 -0.755112 -0.058840 21045618376
9.992978 -0.686466 -0.088260 21045643322
10.100850 -0.774725 -0.196133 21045668315
10.130271 -0.706079 -0.245166 21045693313
10.208724 -0.617819 -0.284393 21045718323
10.140078 -0.735499 -0.529559 21045743307
10.110658 -0.755112 -0.617819 21045768322
10.120463 -0.637432 -0.686466 21045793316
10.110658 -0.617819 -0.637432 21045818318
10.149883 -0.666852 -0.500139 21045843320
10.110658 -0.686466 -0.480526 21045868342
10.100850 -0.666852 -0.539366 21045893339
10.061625 -0.588399 -0.608012 21045918335
9.973364 -0.637432 -0.735499 21045943336
10.022397 -0.627626 -0.657046 21045968322
10.042011 -0.578592 -0.657046 21045993338
9.924331 -0.470719 -0.725692 21046018336
9.934137 -0.402073 -0.715886 21046043331
9.934137 -0.372653 -0.608012 21046068487
9.992978 -0.382459 -0.568786 21046093335
10.208724 -0.558979 -0.617819 21046118336
9.865492 -1.059118 -0.382459 21046143332
9.983171 -1.108152 -0.196133 21046168342
9.963558 -1.176798 -0.421686 21046193319
10.002784 -1.127765 -1.029698 21046218341
9.718391 -1.176798 -1.343511 21046243328
9.610518 -0.941439 -1.578871 21046268330
9.816459 -0.627626 -1.794617 21046293366
10.012591 -0.804145 -1.755391 21046318313
10.042011 -0.755112 -1.843650 21046343335
9.992978 -0.706079 -1.902490 21046368339
9.845878 -0.961052 -1.775004 21046393345
9.983171 -0.666852 -1.598484 21046418332
10.051817 -0.323619 -1.598484 21046443341
9.992978 -0.147100 -1.716164 21046468317
10.081238 0.058840 -1.882877 21046493331
9.992978 0.107873 -1.990750 21046518342
9.894911 0.058840 -2.098624 21046543337
9.777231 0.049033 -1.824037 21046568331
10.042011 0.441299 -0.990472 21046593328
10.042011 0.617819 -1.225831 21046618337
10.100850 0.774725 -1.735777 21046643340
10.208724 0.666852 -1.951524 21046668337
9.973364 0.627626 -2.118237 21046693327
9.728198 0.451106 -2.206496 21046718341
9.747811 0.225553 -2.284950 21046743333
9.836071 0.588399 -2.088817 21046768331
10.061625 0.823759 -2.304563 21046793342
10.091044 0.813952 -2.539923 21046818332
10.091044 0.637432 -2.373209 21046843323
10.071430 0.539366 -2.118237 21046868314
9.875298 0.539366 -2.304563 21046893317
9.836071 0.519753 -2.304563 21046918314
10.002784 0.353039 -1.706357 21046943330
9.992978 0.372653 -1.549451 21046968329
9.904717 0.519753 -1.667131 21046993331
9.836071 0.529559 -1.804424 21047018336
9.747811 0.411879 -1.990750 21047043331
9.659552 0.235360 -1.775004 21047068336
9.904717 0.755112 -1.608291 21047093335
10.247950 1.196411 -1.539644 21047118332
10.346016 0.872792 -1.441578 21047143330
10.228337 0.902212 -1.127765 21047168338
10.179304 1.098345 -0.912019 21047193320
10.169497 1.392545 -0.990472 21047218325
10.316597 1.549451 -1.088538 21047243335
10.316597 1.598484 -1.078732 21047268333
10.306790 1.647517 -0.990472 21047293340
10.414664 1.696550 -0.990472 21047318327
10.326404 1.745584 -1.049312 21047343343
10.267564 1.686744 -1.108152 21047368318
10.130271 1.529838 -1.176798 21047393343
9.924331 1.647517 -1.323898 21047418351
9.816459 1.833844 -1.529838 21047443339
9.698778 1.559257 -1.716164 21047468314
9.600712 1.618097 -1.529838 21047493319
9.757618 1.814230 -1.490611 21047518328
9.738005 1.775004 -1.745584 21047543331
9.728198 1.804424 -1.735777 21047568325
9.728198 1.578871 -1.559257 21047593328
9.836071 1.412158 -1.470998 21047618307
10.051817 0.872792 -1.833844 21047643322
10.042011 1.039505 -1.510224 21047668326
10.100850 1.225831 -1.117958 21047693329
10.159691 1.667131 -1.353318 21047718884
10.002784 1.735777 -1.520031 21047743326
9.787038 1.363124 -1.569064 21047768302
9.522259 0.509946 -1.343511 21047793310
9.708585 0.431493 -1.431771 21047818314
9.836071 0.098067 -1.686744 21047843300
10.002784 -0.225553 -1.951524 21047868304
10.100850 -0.784532 -2.147657 21047893305
10.189111 -0.441299 -1.637711 21047918308
10.130271 -0.264780 -1.490611 21047943286
10.012591 -0.166713 -1.431771 21047968303
9.992978 -0.147100 -1.314091 21047993296
10.032204 -0.029420 -1.392545 21048018287
10.042011 0.117680 -1.716164 21048043312
9.973364 0.274586 -2.196690 21048068311
9.934137 0.294200 -2.137850 21048093300
9.816459 0.235360 -2.020170 21048118295
9.738005 0.304006 -1.637711 21048143302
9.698778 0.235360 -1.510224 21048168293
9.679165 0.225553 -1.265058 21048193299
9.826264 0.284393 -0.980665 21048218289
9.963558 0.657046 -0.941439 21048243302
9.973364 0.921825 -0.951245 21048268557
10.110658 1.176798 -0.892405 21048293320
10.247950 1.421964 -0.784532 21048318302
10.189111 1.843650 -0.637432 21048343302
10.238144 1.824037 -0.598206 21048368303
10.267564 1.676937 -0.470719 21048393312
10.130271 1.627904 -0.549172 21048418308
9.875298 1.421964 -1.157185 21048443302
9.688972 1.578871 -0.627626 21048468310
10.002784 1.716164 -1.696550 21048493286
10.591184 2.098624 -1.068925 21048518310
10.571569 2.049590 -1.049312 21048543315
10.355824 2.020170 -0.941439 21048568309
10.218531 2.069203 -0.588399 21048593307
10.032204 2.029977 -0.049033 21048618315
9.767425 1.843650 -0.049033 21048643301
9.581099 1.716164 0.068647 21048668298
9.581099 1.657324 0.147100 21048693313
9.924331 1.676937 -0.117680 21048718305
10.042011 1.637711 -0.372653 21048743301
9.953751 1.421964 -0.558979 21048768312
9.885104 0.853179 -0.539366 21048793306
10.042011 0.833565 -0.676659 21048818308
10.159691 0.892405 -0.696272 21048843308
10.159691 0.921825 -0.588399 21048868310
10.159691 0.804145 -0.500139 21048893300
9.963558 0.764919 -0.431493 21048918305
9.973364 0.823759 -0.431493 21048943300
10.032204 0.980665 -0.254973 21048968311
10.012591 1.108152 -0.176520 21048993303
9.953751 1.049312 -0.274586 21049018292
9.973364 1.078732 -0.411879 21049043306
10.169497 1.216025 -0.235360 21049068314
10.277370 1.274865 0.019613 21049093311
10.228337 1.225831 0.098067 21049118290
10.238144 1.235638 -0.127486 21049143334
10.228337 1.166991 -0.235360 21049168323
10.375437 1.265058 -0.019613 21049193337
10.355824 1.196411 0.078453 21049218315
10.316597 1.166991 0.029420 21049243334
10.061625 0.892405 -0.235360 21049268315
10.051817 0.833565 -0.117680 21049293327
10.012591 0.735499 0.068647 21049318307
9.934137 0.529559 -0.117680 21049343316
9.885104 0.362846 -0.304006 21049368322
9.904717 0.362846 -0.078453 21049393313
9.963558 0.421686 0.196133 21049418312
10.081238 0.578592 0.147100 21049443560
10.120463 0.657046 -0.215746 21049468336
9.924331 0.392266 -0.264780 21049493331
9.826264 0.166713 -0.451106 21049518306
9.688972 0.166713 -0.784532 21049543310
9.855684 -0.078453 -1.029698 21049568302
9.875298 -0.225553 -1.117958 21049593318
9.943945 -0.304006 -1.029698 21049618300
9.992978 -0.304006 -0.921825 21049643316
9.943945 -0.294200 -0.833565 21049668301
10.022397 -0.166713 -0.411879 21049693303
10.238144 0.137293 -0.039227 21049718291
10.140078 0.147100 -0.127486 21049743313
9.914525 -0.058840 -0.372653 21049768308
9.757618 -0.362846 -0.764919 21049793308
9.855684 -0.372653 -1.176798 21049818310
9.777231 -0.519753 -1.206218 21049843317
9.894911 -0.490333 -1.274865 21049868302
10.140078 -0.304006 -1.274865 21049893310
10.306790 -0.147100 -1.088538 21049918308
10.336210 -0.049033 -1.294478 21049943295
10.414664 -0.009807 -1.314091 21049968298
10.502923 -0.039227 -1.451384 21049993297
10.581376 0.039227 -1.284671 21050018308
10.502923 -0.009807 -1.186605 21050043316
10.395051 -0.049033 -1.010085 21050068303
10.277370 -0.029420 -0.706079 21050093314
10.218531 -0.078453 -0.647239 21050118303
10.159691 -0.196133 -0.647239 21050143308
10.022397 -0.117680 -0.480526 21050168309
9.992978 0.009807 -0.049033 21050193319
10.042011 0.049033 -0.254973 21050218304
10.110658 0.078453 -0.392266 21050243301
10.042011 0.078453 -0.156906 21050268299
9.904717 0.098067 0.009807 21050293309
9.875298 -0.068647 0.068647 21050318306
9.698778 -0.294200 0.274586 21050343310
9.992978 -0.313813 -0.353039 21050368304
10.081238 -0.196133 -0.215746 21050393301
9.904717 -0.431493 -0.215746 21050418284
9.679165 -0.627626 0.215746 21050443302
9.963558 -0.529559 0.137293 21050468298
10.071430 -0.490333 0.186326 21050493314
10.130271 -0.509946 0.235360 21050518301
10.130271 -0.539366 0.264780 21050543302
10.012591 -0.804145 0.205940 21050568296
10.002784 -0.784532 0.353039 21050593299
9.992978 -0.755112 0.353039 21050618321
10.051817 -0.804145 0.382459 21050643315
10.061625 -0.735499 0.392266 21050668289
10.022397 -0.735499 0.519753 21050693290
9.855684 -0.764919 0.637432 21050718293
10.110658 -0.696272 0.127486 21050743301
10.277370 -0.549172 0.029420 21050768320
10.179304 -0.539366 0.137293 21050793308
9.953751 -0.608012 0.392266 21050818322
9.983171 -0.804145 0.147100 21050843307
9.983171 -0.794339 0.176520 21050868310
9.973364 -0.774725 0.284393 21050893302
9.963558 -0.843372 0.245166 21050918324
10.012591 -0.882599 0.353039 21050943313
9.953751 -0.784532 0.333426 21050968322
9.983171 -0.657046 0.343233 21050993319
10.149883 -0.617819 0.215746 21051018316
10.140078 -0.617819 0.372653 21051043322
10.032204 -0.558979 0.431493 21051068328
10.051817 -0.539366 0.402073 21051093300
10.022397 -0.470719 0.637432 21051118324
9.875298 -0.549172 0.813952 21051143318
9.963558 -0.637432 0.745305 21051168325
10.120463 -0.961052 0.313813 21051193298
10.130271 -1.166991 0.323619 21051218320
9.875298 -1.098345 0.519753 21051243331
9.934137 -1.010085 0.696272 21051268326
10.179304 -0.804145 0.735499 21051293312
10.189111 -0.578592 0.764919 21051318320
10.140078 -0.598206 0.882599 21051343322
10.051817 -0.608012 1.059118 21051368319
9.885104 -0.382459 1.245445 21051393309
9.826264 -0.333426 1.255251 21051418327
9.904717 -0.411879 1.147378 21051443318
9.973364 -0.529559 1.176798 21051468307
10.071430 -0.686466 0.931632 21051493313
9.924331 -0.774725 0.951245 21051518321
9.796844 -0.794339 0.872792 21051543305
9.561485 -0.990472 0.735499 21051568303
9.581099 -0.990472 0.853179 21051593316
9.551678 -0.853179 0.961052 21051618304
9.639938 -0.451106 0.882599 21051643314
9.738005 -0.343233 0.921825 21051668330
9.767425 -0.431493 0.794339 21051693316
9.855684 -0.372653 0.764919 21051718324
9.963558 -0.284393 0.794339 21051743306
9.875298 -0.068647 1.000278 21051768329
9.865492 0.098067 1.039505 21051793241
9.983171 0.294200 1.255251 21051818320
10.346016 0.441299 1.363124 21051843301
10.257757 0.245166 1.245445 21051868314
10.179304 -0.156906 1.196411 21051893318
10.012591 -0.627626 1.088538 21051918303
9.806651 -0.578592 1.480804 21051943343
9.747811 -0.382459 1.627904 21051968314
9.708585 -0.451106 1.686744 21051993312
9.767425 -0.686466 2.010364 21052018337
9.620325 -0.804145 2.245723 21052043315
9.728198 -0.902212 2.696829 21052068317
9.728198 -0.902212 2.294756 21052093318
9.865492 -0.794339 1.216025 21052118321
9.924331 -0.706079 1.363124 21052143314
9.924331 -0.627626 1.461191 21052168336
9.953751 -0.676659 1.500418 21052193304
9.934137 -1.117958 1.853457 21052218346
9.953751 -1.068925 1.892684 21052243479
9.992978 -0.882599 1.833844 21052268309
10.032204 -0.539366 1.657324 21052293320
9.836071 -0.166713 1.637711 21052318341
9.738005 -0.107873 1.931910 21052343315
9.728198 -0.166713 2.157463 21052368317
9.757618 -0.284393 1.980944 21052393310
9.738005 -0.353039 1.824037 21052418250
9.561485 -0.333426 1.480804 21052443477
9.649745 -0.460913 1.216025 21052468333
9.688972 -0.970859 1.922104 21052493356
9.639938 -0.941439 2.029977 21052518331
9.483032 -0.843372 2.010364 21052543424
9.473226 -0.784532 1.873070 21052568335
9.826264 -0.872792 1.863264 21052593306
9.904717 -0.990472 1.706357 21052618328
9.934137 -1.127765 1.824037 21052643297
9.757618 -1.235638 1.618097 21052668313
10.022397 -0.657046 1.343511 21052693322
10.051817 -0.353039 1.363124 21052718301
9.953751 -0.254973 1.490611 21052743323
9.885104 -0.088260 1.784810 21052768315
9.904717 0.117680 1.559257 21052793323
9.836071 0.225553 1.569064 21052818306
9.885104 0.313813 1.569064 21052843274
9.875298 0.392266 1.323898 21052868303
9.904717 0.313813 1.363124 21052893302
9.875298 0.323619 1.461191 21052918324
9.992978 0.372653 1.274865 21052943318
9.865492 -0.147100 1.539644 21052968317
9.924331 -0.578592 1.392545 21052993318
9.885104 -0.539366 1.265058 21053018325
9.796844 -0.627626 1.441578 21053043317
9.679165 -0.725692 1.235638 21053068312
9.688972 -0.627626 1.039505 21053093319
9.826264 -1.000278 0.970859 21053118314
9.914525 -0.774725 1.323898 21053143320
9.855684 -0.706079 1.412158 21053168339
9.943945 -0.715886 1.431771 21053193341
9.943945 -0.706079 1.392545 21053218325
9.806651 -0.735499 1.363124 21053243340
9.747811 -0.666852 1.265058 21053268311
9.738005 -0.823759 1.353318 21053293340
9.659552 -0.804145 1.225831 21053318339
9.551678 -0.892405 1.147378 21053343325
9.561485 -1.029698 1.216025 21053368338
9.571292 -0.961052 1.196411 21053393369
9.747811 -0.892405 1.059118 21053418340
9.865492 -0.745305 1.245445 21053443336
9.904717 -0.774725 1.333705 21053468344
9.963558 -0.774725 1.363124 21053493317
10.002784 -0.637432 1.490611 21053518332
10.071430 -0.647239 1.470998 21053543316
10.032204 -0.657046 1.569064 21053568339
9.914525 -0.588399 1.421964 21053593587
9.914525 -0.470719 1.618097 21053618334
9.914525 -0.431493 1.755391 21053643326
9.826264 -0.392266 1.667131 21053668336
9.826264 -0.304006 1.608291 21053693340
9.787038 -0.235360 1.412158 21053718326
9.777231 -0.313813 1.245445 21053743338
9.826264 -0.323619 1.196411 21053768315
9.904717 -0.284393 1.206218 21053793329
10.002784 -0.205940 1.206218 21053818585
10.042011 -0.107873 1.137571 21053843313
10.032204 -0.137293 1.039505 21053868336
10.022397 -0.098067 1.255251 21053893323
9.963558 -0.049033 1.245445 21053918337
9.865492 -0.019613 1.304285 21053943325
9.826264 -0.166713 1.539644 21053968329
9.620325 -0.088260 1.294478 21053993296
9.610518 -0.039227 1.049312 21054018309
9.492838 -0.009807 0.902212 21054043339
9.522259 -0.009807 0.637432 21054068313
9.865492 0.029420 0.686466 21054093334
9.914525 0.009807 0.686466 21054118327
9.963558 0.039227 0.951245 21054143333
10.208724 0.088260 0.912019 21054168321
10.198916 0.039227 0.745305 21054193323
10.257757 -0.068647 0.578592 21054218304
10.247950 -0.274586 0.500139 21054243339
10.169497 -0.284393 0.539366 21054268306
10.091044 -0.333426 0.558979 21054293334
10.071430 -0.284393 0.598206 21054318327
10.032204 -0.137293 0.715886 21054343337
10.012591 0.029420 0.990472 21054368343
9.983171 0.264780 0.990472 21054393316
9.983171 0.294200 0.862985 21054418342
9.885104 0.549172 1.127765 21054443328
9.767425 0.451106 1.088538 21054468328
9.610518 0.509946 1.431771 21054493318
9.688972 0.166713 0.284393 21054518326
10.081238 -0.588399 0.362846 21054543468
10.061625 -0.941439 0.196133 21054568328
10.071430 -0.970859 0.421686 21054593336
10.110658 -0.725692 0.568786 21054618318
10.081238 -0.264780 0.941439 21054643333
10.042011 -0.107873 0.941439 21054668320
9.983171 -0.049033 0.961052 21054693341
9.983171 0.088260 1.147378 21054718314
10.002784 0.127486 1.147378 21054743333
10.012591 0.166713 1.147378 21054768316
9.963558 0.166713 1.216025 21054793324
9.973364 0.147100 1.265058 21054818322
10.002784 0.107873 1.098345 21054843332
10.051817 0.019613 1.157185 21054868337
10.051817 -0.068647 1.029698 21054893327
10.081238 -0.235360 1.010085 21054918340
10.071430 -0.196133 0.970859 21054943324
9.992978 -0.117680 0.980665 21054968341
9.953751 -0.019613 0.970859 21054993261
9.875298 0.127486 0.931632 21055018319
9.875298 0.166713 0.921825 21055043338
9.845878 0.186326 0.941439 21055068334
9.943945 0.235360 0.921825 21055093311
