-2.397500 -3.535000 -1.890000 21043645286
0.630000 -2.922500 -3.307500 21043670276
2.905000 -2.450000 -2.117500 21043695296
4.235000 -5.127500 -1.102500 21043720300
6.405000 -2.887500 0.192500 21043745300
7.227500 -2.380000 -1.225000 21043770269
7.297500 -2.555000 -4.165000 21043795295
5.897500 -5.792500 -1.592500 21043820309
3.412500 -6.912500 -0.262500 21043845161
1.662500 -8.715000 0.052500 21043870273
-0.402500 -9.292500 0.857500 21043895339
-2.397500 -7.455000 0.490000 21043920307
-3.325000 -5.635000 -0.245000 21043945280
-3.570000 -4.515000 0.577500 21043970274
-5.722500 -9.625000 1.347500 21043995283
-8.470000 -7.140000 0.035000 21044020313
-12.985000 -2.782500 -3.097500 21044045295
-12.985000 -1.312500 -5.460000 21044070350
-11.865000 -5.267500 -5.950000 21044095279
-11.532500 -6.177500 -5.145000 21044120302
-11.252500 -6.860000 -4.847500 21044145269
-9.905000 -9.047500 -7.962500 21044170299
-10.027500 -7.980000 -8.452500 21044195285
-12.040000 -6.300000 -4.987500 21044220298
-13.702500 -9.677500 -2.135000 21044245278
-15.207500 -13.177500 -1.225000 21044270269
-17.010000 -12.390000 -4.567500 21044295285
-21.245001 -7.245000 -7.402500 21044320313
-19.652500 -8.925000 -10.185000 21044345285
-16.240000 -8.225000 -13.282500 21044370280
-13.702500 -6.335000 -13.072500 21044395366
-13.177500 -8.645000 -11.760000 21044420325
-15.120000 -12.197500 -9.957500 21044445281
-17.780001 -13.807500 -7.105000 21044470306
-21.822500 -12.285000 -0.175000 21044495304
-30.362499 -16.957500 3.937500 21044520328
-34.720001 -15.242500 5.845000 21044545301
-34.264999 -16.730000 3.570000 21044570307
-24.639999 -17.674999 1.295000 21044595309
-19.162500 -13.002500 -1.715000 21044620204
-16.047501 -8.312500 -4.252500 21044645305
-16.467501 -8.960000 -2.590000 21044670325
-20.230000 -10.150000 0.402500 21044695306
-23.222500 -9.660000 0.140000 21044720319
-23.117500 -9.572500 0.035000 21044745300
-23.747499 -9.397500 -0.507500 21044770309
-23.275000 -13.387500 -2.152500 21044795313
-23.887501 -18.007500 -3.307500 21044820330
-27.475000 -18.549999 -2.870000 21044845300
-32.235001 -13.562500 -3.885000 21044870308
-31.272501 -8.295000 -3.955000 21044895266
-25.637501 -12.827500 -2.590000 21044920325
-25.200001 -16.205000 -0.420000 21044945313
-27.755001 -14.910000 3.517500 21044970303
-28.350000 -13.807500 5.005000 21044995302
-26.127501 -11.935000 5.145000 21045020324
-24.850000 -2.310000 2.642500 21045045299
-26.180000 -4.270000 1.540000 21045070304
-28.192501 -5.670000 1.470000 21045095320
-32.322498 -7.875000 0.717500 21045120321
-39.287498 -5.617500 -1.417500 21045145303
-40.810001 -9.870000 -4.777500 21045170308
-35.279999 -9.222500 -2.922500 21045195296
-34.369999 -9.730000 0.227500 21045220309
-33.494999 -13.615000 0.052500 21045245275
-30.764999 -16.047501 0.052500 21045270277
-33.197498 -15.470000 2.537500 21045295288
-39.987499 -16.590000 5.302500 21045320309
-48.685001 -15.102500 5.302500 21045345337
-51.047501 -11.270000 3.727500 21045370282
-54.494999 -11.147500 1.697500 21045395339
-53.760002 -10.552500 1.032500 21045420319
-51.799999 -12.687500 0.822500 21045445353
-50.277500 -12.670000 -4.340000 21045470293
-50.312500 -15.172500 -6.055000 21045495305
-52.307499 -13.160000 2.870000 21045520322
-53.025002 -9.520000 6.037500 21045545340
-50.767502 -9.257500 -0.350000 21045570287
-41.755001 -11.742500 -4.795000 21045595262
-36.942501 -13.020000 -3.500000 21045620317
-35.735001 -12.180000 -0.560000 21045645278
-39.392502 -12.845000 1.837500 21045670284
-39.689999 -12.915000 2.485000 21045695275
-38.202499 -13.230000 2.922500 21045720297
-39.549999 -13.755000 4.357500 21045745277
-41.369999 -11.130000 4.970000 21045770279
-36.014999 -9.082500 2.870000 21045795275
-36.102501 -7.472500 2.380000 21045820306
-37.782501 -6.300000 2.152500 21045845309
-36.994999 -7.367500 2.257500 21045870311
-35.857502 -9.642500 0.892500 21045895278
-34.947498 -8.540000 0.227500 21045920326
-34.002499 -7.997500 2.520000 21045945278
-34.177502 -5.950000 2.607500 21045970314
-31.587500 -7.577500 -1.400000 21045995283
-30.764999 -9.170000 -0.210000 21046020372
-32.654999 -8.575000 3.745000 21046045293
-37.677502 -8.750000 4.287500 21046070302
-44.099998 -9.660000 4.620000 21046095292
-49.262501 -10.115000 4.042500 21046120355
-47.494999 -9.537500 14.945000 21046145295
-37.082500 -13.422500 2.870000 21046170296
-41.895000 -19.792500 -6.685000 21046195297
-54.180000 -25.112499 -6.020000 21046220284
-54.389999 -21.087500 -6.405000 21046245301
-55.790001 -20.895000 -9.782500 21046270303
-55.930000 -18.532499 -14.105000 21046295287
-46.235001 -14.962500 -17.184999 21046320295
-45.377499 -14.280000 -12.827500 21046345247
-33.442501 -13.982500 -11.112500 21046370280
-18.217501 -9.275000 -19.722500 21046395288
-15.995000 -9.327500 -28.157499 21046420296
-20.142500 -16.870001 -29.207500 21046445272
-14.735000 -17.990000 -26.740000 21046470295
-13.667500 -14.297500 -19.617500 21046495285
-15.592500 -11.707500 -18.077499 21046520290
8.627500 -10.762500 -20.422501 21046545285
29.732500 -5.390000 -22.942499 21046570264
27.982500 -12.775000 -26.880001 21046595291
-10.832500 -22.277500 -20.825001 21046620287
-42.332500 -17.780001 2.117500 21046645298
-55.317501 -19.670000 10.850000 21046670287
-46.392502 -23.117500 2.747500 21046695299
-34.299999 -15.417500 -6.090000 21046720279
-44.869999 -6.965000 -4.182500 21046745289
-54.775002 -5.652500 -11.445000 21046770288
-57.662498 -12.512500 -2.082500 21046795336
-68.652504 -4.795000 14.122500 21046820270
-66.324997 0.892500 20.877501 21046845272
-57.014999 -11.672500 11.112500 21046870270
-40.985001 -12.617500 4.270000 21046895271
-32.025002 0.822500 4.427500 21046920275
-30.485001 4.620000 6.685000 21046945271
-31.902500 -1.382500 1.155000 21046970292
-33.897499 -4.270000 -8.505000 21046995297
-40.915001 3.675000 -8.487500 21047020433
-42.665001 8.977500 -11.987500 21047045296
-40.145000 19.512501 -18.025000 21047070298
-39.637501 21.350000 -27.772501 21047095300
-45.884998 6.212500 -22.277500 21047120278
-39.427502 3.097500 -14.227500 21047145283
-25.637501 3.447500 -6.317500 21047170289
-31.150000 -0.805000 -1.172500 21047195297
-55.720001 -3.972500 -1.400000 21047220289
-56.805000 -8.172500 -5.180000 21047245308
-47.389999 -15.925000 -7.910000 21047270284
-42.490002 -18.602501 -7.402500 21047295332
-44.047501 -19.740000 1.015000 21047320287
-49.770000 -21.157499 11.550000 21047345289
-58.730000 -23.082500 15.925000 21047370300
-65.415001 -27.317501 15.522500 21047395958
-64.750000 -31.027500 9.800000 21047420314
-64.207497 -31.342501 11.340000 21047445310
-65.135002 -21.000000 18.270000 21047470282
-57.942501 -16.397501 15.785000 21047495294
-53.270000 -17.674999 11.305000 21047520282
-52.220001 -13.300000 16.485001 21047545292
-44.747501 -6.615000 22.434999 21047570279
-37.957500 -4.095000 19.617500 21047595278
-30.205000 -2.852500 14.770000 21047620296
-24.184999 -2.082500 9.870000 21047645283
-8.540000 -0.350000 -14.035000 21047670269
22.662500 0.612500 1.225000 21047695283
4.235000 -2.135000 11.672500 21047720339
-14.507500 -4.847500 33.722500 21047745168
-13.772500 -3.570000 37.170002 21047770164
-5.635000 -1.540000 33.705002 21047795152
-5.442500 -5.915000 30.450001 21047820150
-26.722500 -10.902500 22.295000 21047845208
-31.377501 -8.435000 15.155000 21047870202
-22.627501 -6.895000 14.280000 21047895197
-17.885000 -6.212500 4.690000 21047920200
-2.275000 -6.930000 3.377500 21047945210
-20.212500 -4.585000 2.065000 21047970198
-29.855000 -6.335000 -6.037500 21047995191
-42.192501 -9.502500 -7.840000 21048020196
-45.272499 -6.562500 -8.995000 21048045235
-36.994999 0.297500 -11.305000 21048070246
-25.882500 2.240000 -10.867500 21048095199
-11.707500 6.685000 -15.575000 21048120198
-0.857500 10.377500 -21.105000 21048145200
5.740000 9.835000 -23.922501 21048170203
3.587500 8.645000 -25.375000 21048195200
3.377500 3.867500 -28.262501 21048220197
-9.222500 0.770000 -27.510000 21048245200
-18.777500 -5.285000 -27.002501 21048270145
-20.510000 -5.845000 -27.947500 21048295214
-18.847500 -8.505000 -23.870001 21048320273
-21.227501 -17.587500 -15.872500 21048345201
-25.235001 -17.605000 -15.977500 21048370197
-29.575001 -4.182500 -16.835001 21048395200
-46.147499 7.875000 -13.982500 21048420200
-68.599998 12.827500 -13.352500 21048445204
-74.567497 2.012500 -16.240000 21048470197
-65.607498 -7.787500 -13.090000 21048495195
-45.307499 -9.905000 -4.690000 21048520197
-30.782499 -13.702500 11.427500 21048545221
-27.930000 -9.625000 15.820000 21048570202
-25.812500 -8.137500 13.877501 21048595205
-24.272501 -7.315000 15.417500 21048620205
-32.847500 -5.687500 15.365000 21048645204
-37.415001 2.135000 7.980000 21048670204
-49.910000 -1.085000 5.372500 21048695205
-52.762501 -5.967500 7.122500 21048720199
-49.787498 -14.752501 16.502501 21048745199
-40.880001 -18.340000 19.547501 21048770215
-32.480000 -15.732500 14.945000 21048795200
-32.060001 -3.150000 5.355000 21048820199
-38.535000 -2.030000 3.780000 21048845206
-33.529999 -4.445000 3.762500 21048870201
-29.522501 -1.610000 -0.210000 21048895203
-31.080000 -0.595000 0.927500 21048920193
-29.540001 2.082500 -5.740000 21048945200
-28.017500 -2.135000 -4.970000 21048970197
-26.565001 -9.065000 -0.805000 21048995205
-23.257500 -8.085000 0.682500 21049020196
-26.180000 -2.415000 -0.297500 21049045238
-28.017500 -1.942500 -0.980000 21049070201
-24.027500 -10.727500 4.060000 21049095198
-20.020000 -14.770000 8.470000 21049120206
-23.082500 -10.342500 8.750000 21049145309
-30.047501 -2.030000 5.880000 21049170160
-31.815001 1.750000 5.600000 21049195175
-34.334999 -4.322500 10.465000 21049220169
-37.799999 -9.327500 17.605000 21049245171
-36.872501 -10.990000 19.197500 21049270159
-34.650002 -10.482500 20.212500 21049295161
-33.512501 -17.219999 21.420000 21049320157
-33.005001 -10.780000 18.270000 21049345164
-42.332500 -1.820000 11.690000 21049370155
-48.685001 5.565000 6.370000 21049395159
-54.389999 6.545000 3.185000 21049420175
-67.410004 -7.350000 6.230000 21049445172
-67.235001 -28.735001 13.720000 21049470161
-46.514999 -34.509998 19.302500 21049495171
-30.222500 -26.705000 17.395000 21049520154
-36.802502 -21.525000 11.742500 21049545148
-36.417500 -18.322500 7.577500 21049570152
-29.540001 -13.072500 6.720000 21049595157
-27.422501 -4.077500 2.590000 21049620161
-33.337502 -7.770000 4.375000 21049645153
-32.077499 -3.360000 3.517500 21049670148
-28.752501 10.657500 -4.672500 21049695153
-39.217499 9.362500 -6.300000 21049720156
-50.505001 -2.625000 0.595000 21049745159
-56.507500 -30.695000 8.872500 21049770177
-44.064999 -33.320000 4.830000 21049795159
-37.817501 -24.815001 -1.137500 21049820153
-34.090000 -18.882500 -0.822500 21049845158
-34.667500 -14.665000 -4.777500 21049870160
-33.670002 -7.472500 -1.505000 21049895161
-40.337502 -3.325000 1.277500 21049920157
-45.342499 -6.212500 -0.472500 21049945157
-44.904999 -2.275000 -2.047500 21049970151
-34.299999 0.455000 -1.330000 21049995171
-32.865002 6.737500 1.347500 21050020162
-35.087502 9.310000 1.907500 21050045179
-35.857502 11.550000 1.505000 21050070160
-37.590000 12.442500 1.382500 21050095157
-36.645000 11.375000 1.942500 21050120153
-35.139999 11.935000 2.730000 21050145152
-36.680000 12.495000 -1.137500 21050170158
-46.532501 7.420000 -2.590000 21050195158
-55.842499 3.517500 0.700000 21050220152
-71.592499 11.900000 3.482500 21050245155
-80.779999 16.222500 7.350000 21050270161
-85.312500 11.515000 7.315000 21050295159
-87.919998 9.520000 7.945000 21050320157
-88.147499 2.362500 6.230000 21050345212
-86.275002 5.810000 5.355000 21050370206
-67.095001 8.522500 10.517500 21050395200
-47.215000 9.310000 13.965000 21050420310
-39.095001 5.180000 2.135000 21050445155
-40.670002 7.717500 -2.782500 21050470150
-36.470001 3.867500 -0.752500 21050495157
-26.809999 2.205000 2.660000 21050520171
-23.415001 0.805000 5.687500 21050545163
-21.105000 2.730000 4.357500 21050570152
-20.772501 4.165000 2.240000 21050595153
-18.602501 2.345000 0.595000 21050620162
-18.182501 -2.187500 -1.995000 21050645155
-20.807501 -2.625000 -1.942500 21050670159
-21.174999 -3.990000 -0.945000 21050695155
-25.305000 -11.287500 -3.902500 21050720156
-28.105000 -12.740000 -6.317500 21050745157
-30.905001 -2.607500 0.840000 21050770329
-32.812500 -1.400000 2.975000 21050795159
-30.677500 -4.235000 3.675000 21050820198
-28.174999 -5.407500 0.175000 21050845151
-30.397501 -0.507500 -1.960000 21050870284
-25.410000 -4.060000 -1.557500 21050895284
-20.457500 -5.425000 -2.870000 21050920379
-21.315001 -3.360000 -4.847500 21050945292
-22.802500 -5.162500 -9.922500 21050970364
-28.052500 -7.840000 -10.535000 21050995313
-30.170000 -5.075000 -8.382500 21051020350
-31.937500 1.925000 -5.512500 21051045283
-36.610001 0.665000 -5.337500 21051070278
-35.770000 3.027500 -2.712500 21051095310
-31.972500 6.037500 7.315000 21051120285
-25.235001 2.345000 10.867500 21051145301
-24.780001 -1.855000 11.147500 21051170283
-37.467499 1.225000 13.702500 21051195301
-42.822498 6.510000 9.467500 21051220278
-34.720001 6.125000 -10.657500 21051245307
1.190000 2.222500 -25.952499 21051270281
2.905000 4.952500 -24.885000 21051295299
-5.180000 8.715000 -19.915001 21051320293
-12.407500 9.100000 -19.600000 21051345311
-16.870001 5.460000 -15.872500 21051370276
-22.172501 1.820000 -12.757500 21051395284
-22.610001 -3.447500 -10.955000 21051420304
-22.172501 0.035000 -11.882500 21051445285
-26.705000 2.625000 -12.582500 21051470275
-31.045000 9.205000 -11.900000 21051495278
-29.715000 11.725000 -11.655000 21051520271
-23.205000 10.920000 -15.802500 21051545300
-18.042500 4.900000 -16.432501 21051570296
-9.642500 3.500000 -18.777500 21051595279
-0.682500 -4.725000 -18.375000 21051620288
7.262500 -10.010000 -10.815000 21051645312
8.540000 -13.160000 -4.322500 21051670295
3.132500 -13.755000 -3.062500 21051695298
-3.325000 -7.262500 -7.157500 21051720292
-4.515000 -3.412500 -10.097500 21051745311
-0.630000 -1.435000 -12.547500 21051770301
3.832500 -2.432500 -12.897500 21051795309
3.342500 -4.095000 -11.392500 21051820297
0.472500 -5.442500 14.280000 21051845269
-29.102501 -0.910000 23.520000 21051870288
-38.832500 5.687500 15.435000 21051895289
-34.755001 8.522500 0.367500 21051920291
-17.167500 10.185000 -4.952500 21051945315
-4.532500 9.310000 -2.450000 21051970293
-24.062500 8.942500 5.547500 21051995298
-60.935001 5.547500 9.712500 21052020272
-76.720001 -2.852500 9.555000 21052045311
-69.037498 -14.980000 7.770000 21052070447
-56.857502 -30.572500 1.925000 21052095301
-46.497501 -16.590000 -3.640000 21052120285
-46.165001 -4.287500 -7.525000 21052145305
-50.400002 -0.997500 -11.042500 21052170284
-52.062500 2.712500 -10.815000 21052195292
-54.512501 5.635000 -13.702500 21052220314
-52.657501 -0.822500 -22.190001 21052245323
-43.084999 -2.677500 -28.735001 21052270291
-32.147499 1.645000 -32.427502 21052295270
-25.129999 13.650000 -25.059999 21052320295
-11.340000 9.800000 -17.290001 21052345288
-7.385000 0.612500 -8.050000 21052370303
-14.560000 -11.917500 -0.245000 21052395408
-36.942501 -14.420000 -0.822500 21052420317
-53.567501 -14.437500 0.280000 21052445298
-62.790001 -7.035000 0.472500 21052470216
-63.472500 -4.795000 -7.735000 21052495309
-61.197502 -9.152500 -18.602501 21052520286
-37.922501 -7.245000 -17.710001 21052545296
-25.445000 -8.032500 -11.970000 21052570188
-22.627501 -6.720000 -3.675000 21052595295
-29.977501 -9.240000 -3.570000 21052620270
-44.117500 -8.767500 -5.565000 21052645284
-56.000000 -10.447500 -11.462500 21052670296
-60.410000 -3.710000 -16.764999 21052695281
-64.294998 -1.855000 -20.160000 21052720274
-70.717499 -0.577500 -19.477501 21052745270
-68.372498 -2.765000 -17.482500 21052770298
-66.167503 -7.647500 -13.877501 21052795271
-65.449997 -8.312500 -9.047500 21052820243
-68.565002 -7.945000 -7.805000 21052845216
-67.252502 -8.312500 -4.777500 21052870304
-61.810001 -4.830000 -5.442500 21052895318
-51.467499 -4.305000 -6.037500 21052920330
-39.007500 -3.727500 -2.625000 21052945283
-43.207500 -3.500000 0.630000 21052970275
-49.227501 -5.985000 1.260000 21052995305
-52.692501 -4.025000 -2.205000 21053020266
-52.674999 -2.030000 -4.305000 21053045310
-51.134998 1.802500 -5.687500 21053070266
-47.407501 -0.350000 -6.895000 21053095274
-47.740002 5.075000 -16.275000 21053120274
-44.432499 0.367500 -15.295000 21053145824
-46.759998 -1.050000 -12.967500 21053170297
-52.482502 -4.077500 -6.177500 21053195287
-57.382500 -6.055000 -7.437500 21053220293
-60.497501 -5.057500 -4.270000 21053245287
-61.110001 -7.385000 -3.482500 21053270303
-56.682499 -6.265000 -2.870000 21053295290
-55.685001 -8.417500 -2.572500 21053320308
-54.005001 -2.835000 -5.075000 21053345294
-44.607502 -3.937500 -6.877500 21053370238
-36.119999 -7.157500 -13.527500 21053395313
-32.252499 -2.695000 -15.627501 21053420287
-29.295000 3.237500 -15.312500 21053445290
-28.385000 1.085000 -11.060000 21053470280
-30.205000 2.677500 -11.690000 21053495294
-28.262501 6.352500 -12.967500 21053520275
-24.674999 1.050000 -14.192500 21053545285
-24.465000 0.945000 -17.395000 21053570289
-23.922501 1.785000 -19.267500 21053595300
-22.802500 0.857500 -20.510000 21053620292
-24.482500 -5.810000 -21.682501 21053645304
-27.055000 -19.232500 -25.392500 21053670300
-27.982500 -16.432501 -22.277500 21053695291
-28.962500 -20.230000 -20.580000 21053720302
-30.485001 -14.910000 -14.105000 21053745287
-30.030001 -4.427500 -7.122500 21053770292
-26.687500 -1.050000 -4.392500 21053795277
-17.342501 -4.777500 -4.970000 21053820313
-12.897500 -5.775000 -5.005000 21053845288
-13.055000 -3.482500 -5.600000 21053870322
-15.592500 -2.852500 -5.110000 21053895285
-14.577500 -5.652500 -4.742500 21053920295
-12.215000 -4.637500 -3.412500 21053945292
-8.120000 -4.725000 -1.365000 21053970270
0.210000 -12.775000 -0.367500 21053995284
1.382500 -15.872500 0.035000 21054020516
-1.137500 -14.000000 -1.085000 21054045288
-4.182500 -15.557500 -5.372500 21054070292
-9.327500 -13.440001 -7.297500 21054095239
-12.267500 -12.547500 -8.925000 21054120293
-13.527500 -21.350000 -10.815000 21054145288
-14.770000 -26.389999 -12.512500 21054170304
-16.905001 -27.247499 -9.310000 21054195290
-18.777500 -14.105000 -2.747500 21054220314
-16.222500 -0.560000 2.607500 21054245278
-9.852500 9.082500 5.092500 21054270293
1.505000 7.122500 4.357500 21054295283
6.370000 4.865000 -1.295000 21054320252
13.755000 2.467500 -6.090000 21054345278
14.192500 -5.425000 -7.455000 21054370282
12.250000 -9.852500 -8.312500 21054395278
11.252500 -7.420000 -5.670000 21054420287
10.307500 -3.430000 -6.335000 21054445291
7.227500 2.327500 4.130000 21054470275
4.567500 -35.892502 14.105000 21054495293
-6.405000 -41.982502 24.307501 21054520283
-25.305000 -13.002500 15.767500 21054545300
-32.077499 -9.800000 5.092500 21054570295
-24.674999 5.862500 -5.162500 21054595317
-7.997500 7.945000 -14.822500 21054620290
-0.647500 7.105000 -13.107500 21054645283
-1.015000 2.555000 -7.892500 21054670284
-8.347500 1.505000 -5.827500 21054695283
-9.957500 1.750000 -5.897500 21054720316
-9.730000 -3.587500 -7.035000 21054745282
-8.050000 -3.552500 -6.772500 21054770291
-6.072500 -2.992500 -6.265000 21054795276
-4.252500 -5.967500 -3.622500 21054820479
-0.980000 -8.907500 -2.327500 21054845293
-0.490000 -6.825000 -1.312500 21054870287
-1.225000 -9.870000 -1.680000 21054895300
-2.047500 -7.052500 -3.080000 21054920321
-0.700000 -6.790000 -6.510000 21054945300
0.140000 -4.865000 -7.857500 21054970291
0.717500 -3.395000 -7.490000 21054995307
1.767500 -2.572500 -6.282500 21055020324
1.995000 -1.785000 -5.512500 21055045293
0.805000 -3.010000 -4.777500 21055070302
0.665000 -3.850000 -1.837500 21055095308
-2.397500 -3.150000 0.472500 21055120321
