-0.780000 3.540000 1.380000 21043632713
-0.600000 3.480000 1.440000 21043657067
-0.540000 3.420000 1.020000 21043682014
-0.480000 3.600000 1.200000 21043707044
-0.840000 3.120000 1.080000 21043732026
-0.660000 3.540000 1.140000 21043757043
-0.300000 3.180000 1.260000 21043782036
-0.540000 3.540000 1.020000 21043807033
-0.480000 3.360000 1.320000 21043832009
-0.360000 3.480000 1.320000 21043857368
-0.660000 3.300000 1.140000 21043882083
-0.660000 3.540000 0.900000 21043907179
-0.900000 3.420000 1.380000 21043932043
-0.660000 3.300000 1.020000 21043957157
-0.600000 3.360000 1.200000 21043982026
-0.660000 3.660000 1.020000 21044007275
-0.480000 3.720000 1.080000 21044032033
-0.360000 3.600000 1.200000 21044057129
-0.360000 3.480000 1.080000 21044082026
-0.660000 3.540000 1.260000 21044107139
-0.420000 3.540000 1.020000 21044132081
-0.780000 3.540000 0.900000 21044157105
-0.600000 3.600000 1.080000 21044182063
-0.480000 3.600000 1.080000 21044207151
-0.720000 3.600000 0.960000 21044232021
-0.480000 3.840000 0.960000 21044257017
-0.420000 3.780000 0.900000 21044281898
-0.840000 3.600000 0.600000 21044306774
-0.840000 3.720000 0.840000 21044331641
-0.660000 3.900000 1.260000 21044356759
-0.480000 3.480000 0.720000 21044381634
-0.780000 3.660000 0.780000 21044408333
-0.480000 4.080000 0.720000 21044431658
-0.420000 3.900000 0.540000 21044456808
-0.480000 3.960000 0.840000 21044481647
-0.600000 3.840000 0.960000 21044506751
-0.420000 4.020000 0.780000 21044531679
-0.300000 4.020000 0.780000 21044556791
-0.240000 4.200000 0.960000 21044581670
-0.420000 4.260000 0.900000 21044606754
-0.420000 4.260000 0.660000 21044633118
-0.240000 4.560000 0.360000 21044656801
-0.480000 4.440000 0.360000 21044681669
-0.360000 4.320000 0.600000 21044706809
-0.600000 4.320000 0.600000 21044731640
-0.600000 4.320000 0.360000 21044756804
-0.600000 4.560000 0.600000 21044781676
-0.720000 4.800000 0.240000 21044806759
-0.600000 4.680000 0.600000 21044831635
-0.540000 5.220000 0.540000 21044856747
-0.660000 4.980000 0.300000 21044881628
-0.600000 5.160000 0.720000 21044906682
-0.480000 5.280000 0.360000 21044931675
-0.720000 5.400000 0.360000 21044956669
-0.480000 5.160000 0.120000 21044981659
-0.900000 5.220000 0.420000 21045006796
-0.480000 5.160000 0.360000 21045031665
-0.600000 5.280000 0.360000 21045056669
-0.300000 5.460000 0.420000 21045081645
-0.600000 5.400000 0.240000 21045106647
-0.360000 5.640000 0.240000 21045131668
-0.480000 6.000000 0.480000 21045156633
-0.600000 6.000000 0.480000 21045181635
-0.540000 6.180000 0.300000 21045206635
-0.540000 6.060000 0.660000 21045231646
-0.360000 6.240000 0.240000 21045256627
-0.420000 6.180000 0.420000 21045281627
-0.660000 6.540000 0.060000 21045306635
-0.540000 6.780000 0.420000 21045331640
-0.780000 6.660000 0.780000 21045356675
-0.720000 6.840000 0.600000 21045381630
-0.720000 6.720000 0.600000 21045406701
-0.600000 6.960000 0.480000 21045431667
-0.360000 7.200000 0.600000 21045456680
-0.540000 7.140000 0.780000 21045481633
-0.660000 7.260000 0.300000 21045506648
-0.600000 7.320000 0.840000 21045537761
-0.600000 7.680000 0.120000 21045556636
-0.480000 7.680000 0.720000 21045581637
-0.480000 7.800000 0.960000 21045606633
-0.780000 7.980000 0.900000 21045631643
-0.540000 8.340000 0.900000 21045656629
-0.840000 7.800000 0.840000 21045681638
-0.540000 8.220000 0.780000 21045706624
-1.140000 8.340000 1.140000 21045731635
-0.660000 8.220000 0.540000 21045756650
-0.420000 8.340000 1.260000 21045781621
-0.600000 8.400000 1.080000 21045806628
-0.720000 8.639999 1.080000 21045831637
-0.720000 8.880000 1.320000 21045856633
-0.660000 8.580000 1.380000 21045881639
-0.600000 8.880000 1.320000 21045906631
-0.720000 8.880000 1.200000 21045931650
-0.600000 9.240000 1.320000 21045956672
-0.780000 8.820000 1.020000 21045981624
-0.840000 9.000000 1.320000 21046006777
-0.840000 9.120000 1.200000 21046031673
-0.840000 9.480000 1.560000 21046056634
-1.140000 9.540000 1.380000 21046081660
-0.840000 9.480000 1.560000 21046106639
-0.840000 9.360000 1.560000 21046131647
-0.840000 9.599999 1.560000 21046156638
-0.720000 9.960000 1.920000 21046181636
-0.660000 9.900000 2.220000 21046206636
-0.660000 10.139999 2.100000 21046231646
-0.900000 9.780000 2.460000 21046256650
-0.720000 9.840000 2.400000 21046281659
-0.960000 10.200000 2.160000 21046306628
-1.140000 10.139999 2.580000 21046331628
-1.260000 10.139999 2.580000 21046356640
-1.560000 9.960000 2.400000 21046381633
-1.200000 9.960000 2.640000 21046406678
-1.020000 10.020000 2.820000 21046431652
-1.200000 10.320000 2.880000 21046456639
-1.140000 10.139999 3.060000 21046481635
-1.260000 10.380000 2.700000 21046506630
-1.380000 9.780000 2.700000 21046531627
-1.140000 10.020000 2.940000 21046556649
-1.380000 10.020000 2.820000 21046581631
-1.500000 9.780000 2.820000 21046606631
-1.680000 9.719999 2.880000 21046631639
-1.380000 9.900000 3.180000 21046656643
-1.680000 9.719999 3.240000 21046681674
-1.740000 10.020000 3.180000 21046706621
-1.560000 9.960000 3.600000 21046731630
-1.740000 10.020000 3.420000 21046756629
-1.260000 10.139999 3.540000 21046781631
-1.800000 10.080000 3.600000 21046806661
-1.620000 10.139999 3.900000 21046831642
-1.200000 10.320000 3.840000 21046856635
-1.500000 10.139999 4.020000 21046881631
-1.320000 10.320000 3.840000 21046906643
-1.560000 10.320000 4.320000 21046931640
-1.440000 10.320000 4.080000 21046956619
-1.260000 10.260000 4.380000 21046981626
-1.440000 10.440000 4.440000 21047006755
-1.560000 10.559999 4.080000 21047031645
-1.320000 10.440000 4.080000 21047056635
-1.860000 10.260000 4.500000 21047081654
-1.560000 10.440000 4.560000 21047106634
-1.860000 10.620000 4.260000 21047131647
-1.740000 10.380000 4.380000 21047156638
-1.620000 10.139999 4.620000 21047181613
-1.920000 10.559999 4.680000 21047206630
-1.500000 10.380000 4.860000 21047231638
-1.800000 10.440000 5.040000 21047256650
-1.560000 10.200000 5.040000 21047281634
-1.560000 10.559999 5.040000 21047306625
-1.440000 10.559999 5.280000 21047331662
-1.620000 10.620000 5.220000 21047356669
-1.500000 10.260000 5.460000 21047381640
-1.500000 10.380000 5.700000 21047407705
-1.380000 10.380000 6.060000 21047431855
-1.620000 10.860000 6.060000 21047456874
-1.440000 10.559999 6.000000 21047482039
-1.440000 10.440000 6.120000 21047507026
-1.200000 10.559999 6.480000 21047532015
-0.960000 10.800000 6.600000 21047557039
-1.380000 10.620000 6.300000 21047582039
-1.380000 10.740000 6.300000 21047607054
-1.440000 10.800000 6.720000 21047632104
-1.260000 10.740000 6.660000 21047657039
-1.440000 10.440000 6.600000 21047682067
-0.960000 10.679999 6.600000 21047707052
-1.320000 10.679999 6.720000 21047731796
-1.380000 10.740000 6.420000 21047757531
-1.140000 10.620000 6.660000 21047782512
-0.780000 10.620000 6.540000 21047807714
-0.960000 10.920000 6.600000 21047832578
-0.600000 10.559999 6.600000 21047857267
-1.140000 10.860000 6.900000 21047882094
-0.960000 10.800000 6.720000 21047907427
-0.840000 11.040000 6.720000 21047932214
-0.720000 10.920000 6.960000 21047957231
-0.480000 10.920000 7.080000 21047982087
-0.540000 10.740000 7.020000 21048007481
-0.900000 10.740000 7.380000 21048032311
-0.720000 10.559999 7.440000 21048057227
-0.660000 10.740000 6.900000 21048082186
-1.140000 10.620000 7.260000 21048107421
-0.840000 10.440000 7.200000 21048132215
-0.900000 10.500000 7.140000 21048157226
-1.140000 10.620000 7.140000 21048182093
-1.200000 10.320000 7.320000 21048207409
-1.080000 10.440000 7.200000 21048232211
-1.260000 10.020000 7.020000 21048257207
-1.260000 10.260000 7.380000 21048282113
-1.440000 10.080000 6.960000 21048307427
-1.380000 10.380000 7.380000 21048332231
-1.440000 9.960000 7.200000 21048357163
-1.500000 10.020000 7.380000 21048382082
-1.680000 10.200000 7.560000 21048407302
-1.440000 9.719999 7.440000 21048432220
-1.320000 9.719999 7.440000 21048457085
-1.440000 9.480000 7.800000 21048482086
-1.560000 9.120000 7.800000 21048507294
-1.500000 9.420000 7.740000 21048532234
-1.440000 9.599999 8.040000 21048557095
-1.620000 9.300000 8.099999 21048582102
-1.320000 9.360000 8.040000 21048607283
-1.740000 9.179999 7.980000 21048632222
-1.260000 9.540000 7.980000 21048657089
-1.380000 9.179999 7.740000 21048682089
-1.440000 9.120000 7.920000 21048707302
-1.200000 9.000000 8.520000 21048732208
-1.260000 9.059999 8.220000 21048757088
-1.440000 9.000000 8.520000 21048782115
-1.620000 9.059999 8.460000 21048807305
-1.620000 9.300000 8.580000 21048832217
-1.320000 8.880000 8.520000 21048857088
-1.260000 9.179999 8.340000 21048882082
-1.380000 8.700000 8.700000 21048907295
-1.440000 8.880000 8.520000 21048932215
-1.200000 9.120000 8.520000 21048957078
-1.740000 8.700000 8.940000 21048982085
-1.380000 8.700000 8.580000 21049007340
-1.440000 8.639999 8.760000 21049032215
-1.320000 8.760000 8.520000 21049057117
-1.620000 8.580000 8.820000 21049082229
-1.320000 8.760000 8.760000 21049107304
-1.320000 8.400000 8.520000 21049132231
-1.320000 8.520000 8.639999 21049156776
-1.620000 8.700000 8.940000 21049182726
-1.500000 8.700000 8.700000 21049207947
-1.500000 8.220000 8.820000 21049232867
-1.920000 8.400000 8.880000 21049257762
-1.440000 8.400000 8.880000 21049282741
-1.560000 8.400000 9.000000 21049307955
-1.260000 8.220000 8.820000 21049332843
-1.380000 8.099999 8.940000 21049357750
-1.320000 8.160000 9.480000 21049382785
-1.740000 8.220000 9.179999 21049407933
-1.140000 7.980000 9.179999 21049432660
-1.200000 7.920000 9.120000 21049457524
-1.260000 7.980000 9.540000 21049482516
-1.080000 7.560000 9.120000 21049507743
-1.200000 7.560000 9.719999 21049532634
-0.960000 7.560000 9.480000 21049557491
-0.900000 7.980000 9.420000 21049582484
-0.960000 7.800000 9.480000 21049607713
-1.020000 7.380000 9.420000 21049632648
-1.020000 7.500000 9.540000 21049657497
-0.840000 7.560000 9.480000 21049682514
-0.840000 7.440000 9.360000 21049707693
-1.020000 7.500000 9.179999 21049732617
-0.840000 7.080000 9.719999 21049757492
-0.780000 7.140000 9.660000 21049782514
-0.840000 7.200000 9.719999 21049807636
-1.140000 7.380000 9.540000 21049832540
-1.020000 6.900000 9.540000 21049857404
-1.200000 7.200000 9.840000 21049882404
-0.840000 6.720000 9.960000 21049907631
-0.780000 6.900000 9.780000 21049932535
-0.960000 6.600000 9.719999 21049957398
-0.900000 6.540000 9.660000 21049982404
-1.140000 6.780000 9.660000 21050007662
-1.080000 6.240000 9.960000 21050032537
-0.960000 6.360000 9.840000 21050057445
-1.140000 6.300000 9.780000 21050082424
-1.260000 6.300000 9.420000 21050107625
-1.200000 6.000000 9.599999 21050132545
-1.380000 5.940000 9.420000 21050157400
-1.200000 5.880000 9.360000 21050182426
-1.200000 5.640000 9.599999 21050207632
-1.080000 5.880000 9.599999 21050232538
-1.680000 5.280000 9.240000 21050257423
-1.440000 5.640000 9.240000 21050282417
-1.620000 5.340000 9.300000 21050307613
-1.500000 5.100000 9.300000 21050332565
-1.500000 5.100000 9.059999 21050357149
-1.500000 4.740000 9.300000 21050382106
-1.560000 4.680000 8.760000 21050407305
-1.380000 4.620000 9.059999 21050432219
-1.320000 4.680000 8.880000 21050457422
-1.500000 4.380000 8.940000 21050482398
-1.500000 4.500000 9.059999 21050507620
-1.860000 4.620000 8.820000 21050532572
-1.620000 4.500000 8.700000 21050557424
-1.740000 4.500000 8.700000 21050582408
-1.800000 4.680000 8.639999 21050607624
-1.860000 4.260000 8.460000 21050632557
-1.620000 4.620000 8.580000 21050657421
-1.740000 4.500000 8.460000 21050682410
-1.680000 4.320000 8.520000 21050707624
-1.680000 4.080000 8.520000 21050732542
-1.620000 4.260000 8.580000 21050757412
-1.920000 4.320000 8.639999 21050782527
-1.740000 3.900000 8.460000 21050807445
-2.040000 4.200000 8.400000 21050832479
-1.860000 3.900000 8.460000 21050857228
-1.680000 4.200000 8.160000 21050882110
-1.800000 3.960000 8.400000 21050906898
-1.740000 4.140000 8.580000 21050931941
-1.800000 4.200000 8.160000 21050956878
-1.800000 3.720000 8.400000 21050981854
-1.680000 3.840000 8.400000 21051006999
-1.560000 3.720000 8.280000 21051031922
-1.740000 3.420000 7.980000 21051056886
-1.980000 3.540000 8.099999 21051081897
-1.860000 3.540000 8.220000 21051106883
-1.800000 3.600000 7.800000 21051131982
-1.800000 3.720000 7.680000 21051156882
-1.740000 3.540000 7.860000 21051181882
-1.740000 3.420000 7.860000 21051206879
-2.040000 3.240000 7.560000 21051231887
-2.100000 3.180000 7.740000 21051256661
-1.980000 3.540000 7.740000 21051281643
-1.800000 3.240000 7.560000 21051306643
-1.920000 3.120000 7.680000 21051331617
-1.860000 3.300000 7.620000 21051356648
-1.620000 2.940000 7.860000 21051381641
-1.800000 3.120000 7.560000 21051406668
-1.680000 3.120000 7.320000 21051431664
-1.860000 3.180000 7.620000 21051456641
-2.040000 2.640000 7.200000 21051481639
-1.860000 2.820000 7.140000 21051506635
-1.740000 2.820000 7.140000 21051531635
-1.740000 2.820000 7.020000 21051556644
-1.740000 2.700000 7.020000 21051581638
-1.800000 2.880000 6.960000 21051606644
-1.440000 2.520000 7.080000 21051631654
-1.620000 2.460000 7.020000 21051656657
-1.740000 2.460000 7.140000 21051681625
-1.740000 2.580000 7.380000 21051706627
-1.860000 2.340000 7.140000 21051731625
-1.260000 2.820000 7.020000 21051756636
-1.800000 2.640000 7.200000 21051781616
-1.560000 2.520000 7.080000 21051806622
-1.380000 2.220000 6.900000 21051831628
-1.680000 2.400000 6.720000 21051856698
-1.800000 2.280000 7.200000 21051881628
-1.920000 2.400000 6.840000 21051906694
-1.740000 2.460000 6.900000 21051931629
-1.440000 2.760000 6.600000 21051956646
-1.560000 2.160000 6.840000 21051981654
-1.800000 2.400000 6.480000 21052006773
-2.100000 2.340000 6.420000 21052031634
-2.100000 2.460000 5.940000 21052056642
-1.980000 2.340000 6.300000 21052081641
-1.920000 2.400000 6.120000 21052106641
-1.980000 2.460000 6.300000 21052131635
-2.220000 2.100000 6.180000 21052156636
-1.980000 2.460000 5.940000 21052181700
-1.800000 2.280000 5.880000 21052206640
-1.800000 2.400000 5.640000 21052231665
-1.920000 2.160000 5.640000 21052256650
-1.620000 1.980000 5.820000 21052281639
-1.680000 1.920000 5.640000 21052306658
-1.740000 2.100000 5.820000 21052331650
-1.560000 2.040000 5.520000 21052356636
-1.380000 1.740000 5.100000 21052381637
-1.440000 1.800000 5.160000 21052406661
-1.800000 1.800000 4.920000 21052431654
-1.920000 2.040000 5.160000 21052456637
-1.560000 1.800000 4.800000 21052481641
-1.560000 1.920000 4.800000 21052506638
-1.920000 1.920000 4.800000 21052531620
-1.560000 1.800000 4.920000 21052556634
-1.620000 1.980000 4.620000 21052582585
-1.440000 2.040000 4.680000 21052606639
-1.500000 2.100000 4.860000 21052631748
-1.740000 1.740000 4.260000 21052656643
-1.500000 1.860000 4.140000 21052681754
-1.500000 1.860000 4.260000 21052706657
-1.980000 2.220000 4.140000 21052731736
-1.560000 1.680000 4.080000 21052756634
-1.500000 1.980000 3.900000 21052781761
-1.320000 1.920000 3.720000 21052806639
-1.200000 2.040000 3.840000 21052831778
-1.380000 2.100000 3.780000 21052856646
-1.380000 1.980000 3.180000 21052881768
-1.380000 2.220000 3.540000 21052906652
-1.140000 2.220000 3.420000 21052931793
-1.320000 2.160000 3.120000 21052956662
-1.260000 2.100000 3.300000 21052981767
-1.260000 2.100000 3.300000 21053006775
-1.380000 2.100000 3.420000 21053031774
-1.380000 2.580000 2.940000 21053056651
-1.320000 2.160000 2.880000 21053082268
-1.440000 2.280000 2.760000 21053106635
-1.500000 2.460000 2.700000 21053131760
-1.380000 2.340000 2.460000 21053156638
-1.500000 2.460000 2.340000 21053181762
-1.320000 2.640000 2.640000 21053206633
-1.200000 2.520000 2.400000 21053231774
-1.380000 2.820000 2.100000 21053256639
-1.020000 2.820000 1.980000 21053281754
-1.380000 2.820000 2.220000 21053306627
-1.200000 2.640000 2.040000 21053331756
-1.200000 3.000000 1.560000 21053356663
-1.140000 2.940000 1.980000 21053382746
-0.900000 2.940000 1.860000 21053406665
-1.080000 3.240000 1.800000 21053431805
-0.840000 3.120000 1.560000 21053456644
-0.960000 3.120000 1.560000 21053481767
-0.900000 3.060000 1.260000 21053506635
-0.960000 3.000000 1.440000 21053531770
-0.900000 2.940000 1.500000 21053556642
-0.780000 3.180000 1.500000 21053581798
-0.960000 3.000000 1.320000 21053606658
-1.140000 3.180000 1.260000 21053631756
-0.780000 3.300000 1.380000 21053656645
-0.960000 3.120000 1.200000 21053681805
-0.720000 3.360000 1.200000 21053706634
-0.660000 3.180000 1.020000 21053731764
-0.720000 3.480000 1.080000 21053756630
-0.720000 3.480000 1.080000 21053781770
-0.660000 3.420000 1.380000 21053806646
-0.780000 3.660000 0.900000 21053831762
-0.660000 3.660000 1.020000 21053856637
-0.720000 3.240000 1.200000 21053881818
-0.720000 3.480000 0.840000 21053906639
-0.660000 3.660000 0.780000 21053931760
-0.780000 3.660000 1.020000 21053956632
-0.420000 3.540000 1.140000 21053981757
-0.720000 3.600000 0.960000 21054006738
-0.660000 3.420000 0.900000 21054031766
-0.900000 3.540000 0.900000 21054056639
-0.780000 3.900000 1.140000 21054081754
-0.840000 3.720000 1.320000 21054106640
-1.020000 3.300000 0.900000 21054131769
-0.960000 3.600000 0.840000 21054156630
-0.960000 3.720000 1.080000 21054181755
-0.780000 3.660000 0.780000 21054206624
-0.720000 3.840000 0.840000 21054231762
-0.900000 3.660000 0.900000 21054256619
-0.720000 3.600000 0.960000 21054281740
-0.780000 3.660000 0.900000 21054306631
-0.780000 3.780000 0.780000 21054331764
-0.480000 3.600000 0.720000 21054356634
-0.660000 3.660000 0.900000 21054381753
-0.900000 3.180000 1.020000 21054406654
-0.720000 3.600000 0.720000 21054431811
-0.780000 3.660000 0.780000 21054456613
-0.960000 3.600000 0.720000 21054481770
-1.080000 3.360000 0.600000 21054506640
-1.020000 4.020000 0.780000 21054531802
-0.960000 3.960000 0.840000 21054556637
-1.260000 3.900000 0.900000 21054581754
-1.080000 3.600000 0.720000 21054606639
-0.960000 3.960000 0.840000 21054631804
-1.140000 3.780000 0.900000 21054656652
-0.840000 3.720000 0.840000 21054681809
-1.080000 4.080000 0.840000 21054706634
-0.900000 3.900000 0.420000 21054731776
-0.720000 4.080000 0.720000 21054756823
-0.780000 3.780000 0.540000 21054781976
-0.660000 4.140000 0.660000 21054806824
-0.660000 3.900000 0.780000 21054831918
-0.660000 3.900000 0.420000 21054856828
-0.900000 3.660000 0.660000 21054881944
-0.900000 3.900000 0.420000 21054906817
-0.840000 4.080000 0.480000 21054931783
-0.840000 3.720000 0.600000 21054956629
-0.660000 3.900000 0.660000 21054981758
-1.020000 3.780000 0.660000 21055006740
-0.540000 3.900000 0.540000 21055031761
-0.660000 3.780000 0.420000 21055056636
-0.840000 3.840000 0.720000 21055081784
-0.480000 3.840000 0.720000 21055106639
