0.088260 -9.757618 -0.774725 28359592953
0.029420 -9.826264 -0.892405 28359615808
-0.039227 -9.894911 -0.833565 28359640836
0.078453 -9.796844 -0.637432 28359665824
0.049033 -9.767425 -0.706079 28359690812
0.166713 -9.777231 -0.617819 28359715854
0.147100 -9.816459 -0.588399 28359740857
0.078453 -9.855684 -0.686466 28359765831
0.058840 -9.865492 -0.578592 28359790856
0.009807 -9.796844 -0.686466 28359815858
-0.039227 -9.718391 -0.764919 28359840858
-0.019613 -9.738005 -0.608012 28359865840
0.009807 -9.767425 -0.706079 28359890845
-0.019613 -9.796844 -0.794339 28359915854
0.009807 -9.826264 -0.853179 28359940860
-0.029420 -9.787038 -1.019892 28359965831
-0.039227 -9.816459 -1.039505 28359990839
-0.058840 -9.796844 -1.059118 28360015857
-0.029420 -9.796844 -1.019892 28360040856
0.068647 -9.787038 -1.010085 28360065853
0.078453 -9.787038 -0.912019 28360090844
0.137293 -9.777231 -0.862985 28360115836
0.196133 -9.777231 -0.853179 28360140848
0.196133 -9.757618 -0.843372 28360165840
0.137293 -9.688972 -0.970859 28360190833
0.186326 -9.708585 -0.872792 28360215833
0.284393 -9.796844 -0.764919 28360240799
0.333426 -9.688972 -0.676659 28360265829
0.333426 -9.708585 -0.872792 28360290831
0.176520 -9.865492 -0.784532 28360315838
0.127486 -9.767425 -0.872792 28360340841
0.205940 -9.836071 -0.804145 28360365835
0.147100 -9.845878 -0.882599 28360390826
0.098067 -9.836071 -0.686466 28360415827
0.019613 -9.816459 -0.666852 28360440845
0.019613 -9.738005 -0.794339 28360465814
0.049033 -9.796844 -0.745305 28360490832
0.009807 -9.973364 -0.715886 28360515840
0.058840 -9.787038 -0.411879 28360540840
0.107873 -9.767425 -0.421686 28360565823
0.098067 -9.836071 -0.392266 28360590837
0.156906 -9.816459 -0.343233 28360615810
0.274586 -9.894911 -0.049033 28360640844
0.225553 -9.943945 0.088260 28360665820
0.137293 -9.806651 0.049033 28360690836
0.166713 -9.738005 0.137293 28360715833
0.166713 -9.767425 0.441299 28360740841
0.304006 -9.718391 0.470719 28360765835
0.274586 -9.541871 0.509946 28360790836
0.294200 -9.610518 0.617819 28360815818
0.127486 -9.767425 0.529559 28360840847
0.166713 -9.845878 0.549172 28360865823
0.235360 -9.767425 0.637432 28360890832
0.304006 -9.836071 0.696272 28360915839
0.176520 -9.571292 0.608012 28360940844
0.127486 -9.522259 0.686466 28360965816
0.147100 -9.630132 0.657046 28360990825
0.284393 -9.669358 0.637432 28361015840
0.284393 -9.718391 0.755112 28361040845
0.205940 -9.826264 0.774725 28361065821
0.166713 -9.590905 0.853179 28361090843
0.313813 -9.806651 1.010085 28361115829
0.245166 -9.865492 0.706079 28361140842
0.333426 -10.022397 0.686466 28361165810
0.343233 -9.669358 0.725692 28361190828
0.411879 -9.316319 0.823759 28361215851
0.411879 -9.600712 0.598206 28361240836
0.353039 -9.679165 0.617819 28361265815
0.372653 -9.728198 0.431493 28361290836
0.549172 -9.757618 0.519753 28361315844
0.470719 -9.885104 0.451106 28361340854
0.382459 -9.924331 0.402073 28361365839
0.382459 -9.973364 0.578592 28361390842
0.392266 -9.806651 0.470719 28361415822
0.411879 -9.973364 0.509946 28361440848
0.372653 -9.914525 0.431493 28361465821
0.451106 -9.894911 0.333426 28361490832
0.480526 -9.453611 0.196133 28361515839
0.509946 -9.698778 0.156906 28361540842
0.558979 -9.512452 0.284393 28361565823
0.578592 -9.688972 0.166713 28361590845
0.529559 -9.738005 0.029420 28361615837
0.411879 -9.679165 0.009807 28361640847
0.382459 -9.590905 -0.049033 28361665827
0.411879 -9.522259 0.049033 28361690833
0.490333 -9.767425 -0.156906 28361715839
0.411879 -9.747811 -0.029420 28361740839
0.451106 -9.649745 -0.019613 28361765817
0.529559 -9.718391 -0.137293 28361790822
0.578592 -9.630132 0.098067 28361815842
0.529559 -9.600712 -0.068647 28361840844
0.460913 -9.443805 -0.078453 28361865838
0.509946 -9.659552 -0.058840 28361890828
0.647239 -9.826264 -0.098067 28361915829
0.666852 -9.963558 -0.147100 28361940828
0.666852 -9.894911 -0.225553 28361965824
0.657046 -9.777231 -0.098067 28361990833
0.804145 -10.002784 -0.323619 28362015834
0.833565 -10.247950 -0.402073 28362040840
0.804145 -9.934137 -0.264780 28362065821
0.706079 -9.718391 -0.333426 28362090839
0.725692 -10.032204 -0.372653 28362115847
0.627626 -10.179304 -0.549172 28362140843
0.470719 -9.806651 -0.568786 28362165818
0.441299 -9.384965 -0.402073 28362190831
0.323619 -9.247672 -0.460913 28362215837
0.421686 -9.855684 -0.588399 28362240844
0.421686 -9.728198 -0.725692 28362265815
0.441299 -9.757618 -0.647239 28362290838
0.235360 -8.943666 -0.608012 28362315833
0.068647 -8.296427 -0.333426 28362340847
0.372653 -9.649745 -0.686466 28362365843
0.490333 -9.708585 -0.549172 28362390839
0.264780 -9.286899 -0.509946 28362415814
0.441299 -9.345738 -0.578592 28362440848
0.843372 -10.042011 -0.676659 28362465825
0.657046 -9.541871 -0.627626 28362490850
0.755112 -9.875298 -0.696272 28362515833
0.627626 -9.581099 -0.676659 28362540854
0.735499 -9.934137 -0.745305 28362565819
0.813952 -10.061625 -0.892405 28362590845
0.637432 -9.512452 -0.764919 28362615840
0.706079 -9.718391 -0.813952 28362640846
0.657046 -9.277092 -0.843372 28362665813
0.706079 -9.375159 -0.794339 28362690843
0.833565 -9.728198 -0.696272 28362715840
0.892405 -9.698778 -0.617819 28362740843
0.951245 -9.865492 -0.784532 28362765822
0.961052 -9.826264 -0.735499 28362790834
1.029698 -9.659552 -0.637432 28362815823
1.068925 -9.738005 -0.549172 28362840845
1.029698 -9.845878 -0.715886 28362865810
0.961052 -9.738005 -0.794339 28362890839
0.980665 -9.630132 -0.745305 28362915845
0.951245 -9.767425 -0.774725 28362940842
0.902212 -9.738005 -0.862985 28362965867
0.941439 -9.796844 -0.912019 28362990837
0.951245 -9.777231 -0.941439 28363015931
0.951245 -9.649745 -0.921825 28363040847
0.951245 -9.757618 -0.921825 28363065834
0.931632 -9.718391 -0.853179 28363090855
0.961052 -9.600712 -0.843372 28363115837
0.990472 -9.669358 -0.813952 28363140844
1.039505 -9.747811 -0.833565 28363165835
0.951245 -9.688972 -0.843372 28363190836
0.961052 -9.708585 -0.862985 28363215835
0.892405 -9.718391 -0.902212 28363240845
0.853179 -9.698778 -0.951245 28363265835
0.823759 -9.620325 -0.961052 28363290840
0.784532 -9.512452 -0.951245 28363315832
0.804145 -9.747811 -0.872792 28363340848
0.804145 -9.914525 -0.892405 28363365840
0.725692 -9.836071 -0.853179 28363390838
0.696272 -9.904717 -0.892405 28363415826
0.657046 -9.600712 -0.794339 28363440851
0.637432 -9.738005 -0.784532 28363465838
0.696272 -9.806651 -0.862985 28363490838
0.735499 -9.836071 -0.755112 28363515826
0.637432 -9.581099 -0.706079 28363540845
0.627626 -9.708585 -0.912019 28363565839
0.725692 -9.816459 -0.882599 28363590846
0.657046 -9.561485 -0.755112 28363615836
0.715886 -9.718391 -0.706079 28363640848
0.735499 -9.885104 -0.784532 28363665828
0.676659 -10.071430 -0.529559 28363690826
0.500139 -9.953751 -0.480526 28363715829
0.529559 -10.551956 -0.647239 28363740846
0.411879 -10.061625 -0.558979 28363765830
0.333426 -9.787038 -0.784532 28363790827
0.343233 -9.561485 -0.823759 28363815837
0.284393 -9.904717 -0.892405 28363840850
0.254973 -9.934137 -1.117958 28363865837
0.254973 -9.796844 -1.108152 28363890818
0.294200 -9.777231 -0.813952 28363915827
0.284393 -9.845878 -0.715886 28363940847
0.245166 -9.894911 -0.725692 28363965825
0.225553 -9.502645 -0.519753 28363990844
0.127486 -9.306512 -0.833565 28364015825
0.088260 -9.777231 -0.951245 28364040846
0.078453 -9.885104 -0.755112 28364065822
0.098067 -9.836071 -0.882599 28364090840
0.176520 -9.718391 -0.490333 28364115831
0.245166 -9.747811 -0.735499 28364140847
0.166713 -9.826264 -0.706079 28364165835
0.127486 -9.904717 -0.617819 28364190831
0.225553 -10.032204 -0.637432 28364215848
0.215746 -10.198916 -0.657046 28364240840
0.235360 -9.914525 -0.539366 28364265833
0.284393 -9.953751 -0.451106 28364290830
0.284393 -9.757618 -0.372653 28364315833
0.353039 -9.806651 -0.490333 28364340828
0.362846 -9.826264 -0.588399 28364365843
0.343233 -9.787038 -0.598206 28364390834
0.176520 -9.630132 -0.529559 28364415842
0.196133 -9.845878 -0.578592 28364440852
0.196133 -9.885104 -0.362846 28364465835
0.235360 -9.992978 -0.196133 28364490839
0.147100 -9.992978 -0.558979 28364515844
0.166713 -9.767425 -0.441299 28364540847
0.196133 -9.885104 -0.441299 28364565844
0.166713 -9.806651 -0.254973 28364590847
0.205940 -9.688972 -0.264780 28364615849
0.196133 -9.855684 -0.127486 28364640851
0.196133 -9.865492 -0.049033 28364665838
0.245166 -9.639938 0.058840 28364690851
0.235360 -9.728198 0.147100 28364715831
0.196133 -10.032204 0.098067 28364740844
0.205940 -9.875298 -0.098067 28364765820
0.127486 -9.806651 -0.098067 28364790840
0.117680 -9.875298 0.029420 28364815843
0.147100 -9.894911 0.078453 28364840846
0.176520 -9.943945 0.088260 28364865839
0.166713 -9.698778 0.156906 28364890847
0.176520 -9.541871 0.235360 28364915844
0.235360 -9.747811 0.323619 28364940847
0.274586 -9.581099 0.480526 28364965836
0.127486 -9.659552 0.323619 28364990824
0.156906 -9.708585 0.411879 28365015838
0.215746 -9.747811 0.431493 28365040843
0.323619 -9.718391 0.578592 28365065839
0.137293 -9.826264 0.451106 28365090839
0.156906 -9.757618 0.451106 28365115835
0.225553 -9.659552 0.470719 28365140850
0.137293 -9.639938 0.598206 28365165845
0.254973 -9.816459 0.500139 28365190850
0.294200 -9.679165 0.784532 28365215840
0.186326 -9.669358 0.558979 28365240850
0.235360 -9.679165 0.627626 28365265838
0.196133 -9.806651 0.617819 28365290840
0.156906 -9.816459 0.764919 28365315838
0.156906 -9.630132 0.647239 28365340848
0.254973 -9.796844 0.823759 28365365835
0.196133 -9.728198 0.764919 28365390832
0.127486 -9.630132 0.706079 28365415848
0.107873 -9.639938 0.637432 28365440839
0.166713 -9.816459 0.725692 28365465840
0.245166 -9.738005 0.617819 28365490836
0.304006 -9.777231 0.657046 28365515843
0.068647 -9.630132 0.666852 28365540843
0.107873 -9.767425 0.549172 28365565840
0.117680 -9.728198 0.460913 28365590839
0.058840 -9.855684 0.519753 28365615838
-0.009807 -9.777231 0.470719 28365640845
-0.078453 -9.728198 0.313813 28365665831
0.009807 -9.679165 0.362846 28365690821
0.029420 -9.738005 0.539366 28365715824
0.009807 -9.796844 0.490333 28365740842
0.029420 -9.738005 0.470719 28365765840
0.029420 -9.806651 0.578592 28365790818
0.019613 -9.787038 0.568786 28365815837
0.058840 -9.718391 0.509946 28365840816
-0.029420 -9.787038 0.451106 28365865824
-0.088260 -9.796844 0.539366 28365890845
-0.107873 -9.610518 0.382459 28365915834
-0.137293 -9.590905 0.254973 28365940844
-0.137293 -9.845878 0.313813 28365965836
-0.107873 -9.816459 0.137293 28365990833
-0.127486 -9.836071 0.147100 28366015841
-0.421686 -9.796844 0.127486 28366040845
-0.274586 -9.816459 0.117680 28366065837
-0.088260 -9.816459 0.078453 28366090842
-0.088260 -9.855684 0.137293 28366115838
-0.068647 -9.865492 0.156906 28366140842
-0.117680 -9.914525 0.166713 28366165828
-0.147100 -9.787038 0.205940 28366190837
-0.068647 -9.757618 0.235360 28366215846
0.019613 -9.728198 0.431493 28366240846
-0.049033 -9.747811 0.353039 28366265826
-0.049033 -9.757618 0.372653 28366290843
-0.058840 -9.728198 0.254973 28366315816
-0.107873 -9.747811 0.304006 28366340843
-0.127486 -9.738005 0.127486 28366365834
-0.176520 -9.796844 0.039227 28366390845
-0.098067 -9.816459 0.137293 28366415841
0.029420 -9.767425 0.147100 28366440845
-0.019613 -9.777231 0.176520 28366465842
-0.117680 -9.747811 0.176520 28366490842
-0.068647 -9.796844 0.176520 28366515845
-0.107873 -9.796844 0.264780 28366540852
-0.186326 -9.767425 0.274586 28366565842
-0.098067 -9.728198 0.245166 28366590842
-0.009807 -9.816459 0.264780 28366615839
0.039227 -9.777231 0.323619 28366640842
0.039227 -9.816459 0.225553 28366665839
-0.019613 -9.728198 0.127486 28366690832
-0.137293 -9.757618 0.166713 28366715833
-0.166713 -9.767425 0.078453 28366740845
-0.117680 -9.796844 0.156906 28366765807
-0.098067 -9.747811 0.205940 28366790816
-0.137293 -9.806651 0.254973 28366815844
-0.127486 -9.757618 0.304006 28366840824
-0.117680 -9.806651 0.304006 28366865828
-0.098067 -9.738005 0.264780 28366890828
-0.127486 -9.757618 0.274586 28366915813
-0.254973 -9.728198 0.166713 28366940843
-0.284393 -9.708585 0.019613 28366965845
-0.186326 -9.777231 0.068647 28366990833
-0.098067 -9.787038 0.137293 28367015832
-0.058840 -9.777231 0.058840 28367040841
-0.058840 -9.747811 0.156906 28367065839
-0.058840 -9.747811 0.166713 28367090834
-0.049033 -9.747811 0.117680 28367115842
-0.039227 -9.806651 0.147100 28367140846
-0.058840 -9.787038 0.176520 28367165838
-0.107873 -9.816459 0.205940 28367190841
-0.107873 -9.816459 0.245166 28367215822
-0.156906 -9.787038 0.205940 28367240841
-0.176520 -9.816459 0.176520 28367265841
-0.156906 -9.796844 0.225553 28367290836
-0.254973 -9.806651 0.147100 28367315834
-0.176520 -9.787038 0.176520 28367340850
-0.156906 -9.796844 0.147100 28367365841
-0.215746 -9.816459 0.098067 28367390838
-0.186326 -9.816459 0.098067 28367415842
-0.147100 -9.816459 0.196133 28367440848
-0.088260 -9.806651 0.137293 28367465842
-0.009807 -9.796844 0.156906 28367490844
0.009807 -9.787038 0.117680 28367515834
0.009807 -9.787038 0.147100 28367540851
0.039227 -9.738005 0.186326 28367565834
-0.088260 -9.767425 0.156906 28367590840
-0.039227 -9.718391 0.215746 28367615844
-0.127486 -9.757618 0.127486 28367640845
-0.117680 -9.767425 -0.058840 28367665845
-0.127486 -9.806651 0.117680 28367690845
-0.137293 -9.816459 0.068647 28367715836
-0.088260 -9.845878 0.058840 28367740845
-0.098067 -9.806651 0.078453 28367765842
-0.156906 -9.816459 0.186326 28367790832
-0.088260 -9.767425 0.235360 28367815845
-0.049033 -9.777231 0.245166 28367840843
-0.127486 -9.757618 0.215746 28367865835
-0.147100 -9.787038 0.137293 28367890840
-0.127486 -9.777231 0.225553 28367915842
-0.127486 -9.767425 0.225553 28367940844
-0.098067 -9.796844 0.235360 28367965838
-0.078453 -9.816459 0.205940 28367990842
-0.049033 -9.806651 0.205940 28368015843
0.019613 -9.767425 0.254973 28368040846
0.049033 -9.796844 0.343233 28368065840
-0.049033 -9.806651 0.245166 28368090816
-0.068647 -9.787038 0.225553 28368115846
-0.039227 -9.767425 0.117680 28368140852
-0.029420 -9.777231 0.107873 28368165845
0.009807 -9.777231 0.186326 28368190839
-0.019613 -9.777231 0.107873 28368215844
-0.029420 -9.796844 0.039227 28368240848
-0.019613 -9.777231 0.127486 28368265843
-0.019613 -9.816459 0.019613 28368290843
-0.078453 -9.777231 0.009807 28368315840
-0.039227 -9.787038 0.068647 28368340848
-0.156906 -9.796844 0.009807 28368365844
-0.088260 -9.787038 0.068647 28368390842
-0.107873 -9.767425 0.049033 28368415837
-0.098067 -9.787038 0.117680 28368440849
0.009807 -9.777231 0.166713 28368465844
-0.029420 -9.787038 0.147100 28368490828
-0.049033 -9.767425 0.019613 28368515843
-0.009807 -9.777231 0.009807 28368540844
0.078453 -9.777231 0.117680 28368565840
