12.442500 -4.042500 -2.100000 28359625226
12.442500 -2.362500 -2.537500 28359650225
8.540000 -0.315000 -3.010000 28359675247
-0.122500 3.377500 1.347500 28359700406
-0.945000 2.520000 3.325000 28359725219
0.472500 0.787500 5.197500 28359750219
-1.697500 7.245000 -0.070000 28359775214
-1.505000 4.987500 -3.482500 28359800388
-2.712500 4.182500 -2.625000 28359825211
-4.882500 8.137500 -1.855000 28359850219
-5.250000 4.497500 -0.665000 28359875238
-8.102500 7.595000 -1.662500 28359900380
-9.310000 9.187500 -1.610000 28359925211
-8.540000 5.582500 -2.222500 28359950219
-7.210000 6.352500 -2.117500 28359975213
-5.145000 4.112500 -3.045000 28360000411
-2.450000 0.997500 -1.925000 28360025210
-1.942500 2.362500 -1.697500 28360050220
-2.275000 2.310000 -1.767500 28360075221
-1.067500 0.332500 -0.332500 28360100378
0.052500 2.625000 0.752500 28360125205
-1.365000 6.510000 3.272500 28360150201
-3.062500 4.287500 -3.465000 28360175197
2.782500 6.790000 2.765000 28360200383
-0.245000 9.415000 2.170000 28360225212
-1.207500 10.517500 -1.977500 28360250201
3.255000 7.665000 -3.272500 28360275195
5.740000 13.667500 2.782500 28360300382
4.375000 6.860000 0.595000 28360325206
10.290000 7.035000 -0.647500 28360350203
13.580000 7.017500 0.035000 28360375196
12.267500 11.077500 4.462500 28360400386
9.887500 7.122500 2.012500 28360425197
11.602500 4.550000 2.187500 28360450204
10.832500 3.745000 3.447500 28360475198
10.167500 11.707500 5.547500 28360500364
10.097500 9.730000 -2.345000 28360525193
16.415001 4.742500 -13.072500 28360550199
21.787500 5.617500 -8.942500 28360575198
23.695000 5.442500 -2.852500 28360600372
23.992500 5.705000 3.027500 28360625206
21.594999 9.572500 3.587500 28360650202
20.510000 6.947500 -8.400000 28360675199
23.520000 7.437500 -10.430000 28360700371
23.817499 10.657500 -11.007500 28360725196
24.237499 7.892500 -12.355000 28360750203
24.762501 5.792500 -13.982500 28360775195
23.432501 8.890000 -9.642500 28360800413
20.352501 11.550000 -1.697500 28360825200
12.827500 12.652500 1.487500 28360850270
10.780000 9.187500 -4.707500 28360875269
8.312500 8.837500 -5.775000 28360900373
4.392500 10.272500 -10.587500 28360925263
1.382500 11.970000 -3.570000 28360950439
-0.997500 9.240000 2.065000 28360975260
-0.052500 6.002500 2.415000 28361000564
2.135000 10.150000 0.052500 28361025304
2.240000 7.717500 0.455000 28361050270
3.815000 5.477500 -2.695000 28361075291
-0.560000 6.860000 2.590000 28361100349
-0.367500 9.240000 2.117500 28361125261
0.752500 7.017500 -6.702500 28361150259
-8.330000 9.415000 -13.702500 28361175261
-14.472500 10.902500 -13.072500 28361200263
-22.697500 10.797500 -8.242500 28361225288
-21.735001 9.187500 -1.400000 28361250259
-13.825000 6.982500 2.870000 28361275285
-4.130000 4.620000 -0.280000 28361300260
-2.870000 2.782500 4.637500 28361325260
-1.820000 3.360000 4.235000 28361350265
-0.280000 6.230000 -1.645000 28361375266
-3.045000 2.940000 -4.252500 28361400263
-2.660000 7.227500 -2.957500 28361425266
-2.887500 5.355000 -6.545000 28361450263
-10.325000 8.872500 -11.165000 28361475267
-17.762501 7.227500 -13.492500 28361500375
-20.370001 11.200000 -6.737500 28361525256
-17.045000 6.615000 -1.697500 28361550284
-11.602500 5.232500 1.347500 28361575257
-5.915000 5.250000 0.437500 28361600268
-3.867500 4.147500 0.647500 28361625259
-1.750000 5.547500 -2.205000 28361650249
-5.302500 6.965000 -2.817500 28361675261
-5.337500 3.395000 -3.815000 28361700329
-6.160000 7.035000 -5.635000 28361725256
-10.535000 4.252500 -5.442500 28361750282
-10.290000 5.652500 -5.880000 28361775261
-9.432500 5.792500 -5.302500 28361800271
-10.272500 5.267500 -2.555000 28361825266
-3.640000 2.082500 -0.525000 28361850261
3.745000 0.630000 -0.245000 28361875267
7.962500 -2.380000 -1.312500 28361900275
11.322500 -0.682500 -2.625000 28361925328
3.150000 1.435000 -6.247500 28361950262
-11.357500 4.235000 -7.402500 28361975264
-20.160000 1.190000 -5.547500 28362000264
-16.590000 4.375000 -3.622500 28362025407
-18.165001 3.377500 0.595000 28362050259
-10.990000 0.962500 1.820000 28362075240
-5.005000 -0.822500 2.835000 28362100369
0.245000 0.910000 2.992500 28362125195
-0.262500 -1.260000 0.227500 28362150201
-2.607500 2.030000 0.787500 28362175196
-8.347500 -2.852500 2.047500 28362200361
-9.100000 -0.770000 1.557500 28362225197
-11.515000 -2.450000 -0.647500 28362250200
-14.472500 -3.780000 -0.227500 28362275198
-15.032500 -2.817500 -0.875000 28362300358
-17.832500 -4.147500 -1.785000 28362325195
-18.287500 -6.125000 -3.885000 28362350201
-9.590000 -10.185000 -11.515000 28362375199
10.097500 -11.550000 -8.750000 28362400362
-0.507500 -12.040000 -1.365000 28362425195
-3.272500 -11.970000 -0.262500 28362450203
-3.605000 -12.442500 -3.692500 28362475198
-5.985000 -12.285000 -2.905000 28362500398
-3.990000 -12.005000 0.490000 28362525196
-4.725000 -12.530000 0.280000 28362550202
-6.107500 -12.652500 -0.770000 28362575197
-3.937500 -13.107500 0.350000 28362600376
-5.075000 -15.032500 -4.077500 28362625198
-2.905000 -12.477500 -3.972500 28362650201
-2.240000 -16.082500 -4.760000 28362675199
0.490000 -16.485001 -2.572500 28362700368
2.292500 -14.857500 -5.372500 28362725196
5.337500 -14.437500 -11.112500 28362750201
5.897500 -14.437500 2.397500 28362775197
-2.800000 -11.672500 7.105000 28362800359
-5.985000 -9.362500 1.837500 28362825196
-10.605000 -10.657500 -4.620000 28362850201
-7.560000 -9.975000 -5.705000 28362875197
-0.892500 -12.652500 -2.222500 28362900367
4.445000 -9.800000 2.345000 28362925198
3.167500 -12.215000 1.750000 28362950205
4.235000 -10.290000 0.945000 28362975197
4.252500 -8.855000 1.260000 28363000397
3.447500 -9.082500 0.175000 28363025202
3.587500 -9.800000 0.472500 28363050200
1.680000 -8.155000 0.227500 28363075198
-0.717500 -7.612500 1.960000 28363100366
0.700000 -7.717500 4.812500 28363125196
-0.157500 -4.462500 5.267500 28363150201
-3.010000 -4.287500 3.132500 28363175198
-3.622500 -1.802500 0.472500 28363200358
-5.057500 -1.662500 -0.402500 28363225205
-6.265000 -1.715000 1.680000 28363250204
-3.290000 -2.467500 5.127500 28363275196
0.262500 -1.015000 5.740000 28363300364
0.210000 -0.385000 6.265000 28363325198
0.192500 2.642500 6.947500 28363350202
-0.227500 1.872500 6.562500 28363375203
2.537500 0.350000 5.092500 28363400368
4.305000 2.257500 3.955000 28363425203
2.747500 5.127500 3.027500 28363450202
2.310000 0.997500 4.970000 28363475199
9.117500 1.680000 0.980000 28363500365
1.400000 6.020000 2.380000 28363525197
-0.122500 3.657500 2.677500 28363550200
4.585000 4.112500 3.797500 28363575200
1.942500 7.560000 3.482500 28363600361
-5.250000 6.650000 7.087500 28363625200
0.052500 6.492500 8.575000 28363650202
3.027500 13.177500 6.772500 28363675196
-1.960000 12.232500 7.035000 28363700365
3.430000 4.707500 8.400000 28363725197
9.747500 8.032500 8.610000 28363750200
6.020000 8.732500 5.792500 28363775199
5.407500 13.685000 4.252500 28363800355
0.472500 13.457500 3.797500 28363825199
2.310000 13.457500 3.570000 28363850201
-2.467500 14.315001 -1.155000 28363875198
-22.802500 14.472500 -1.382500 28363900376
-23.782499 8.925000 2.275000 28363925202
1.225000 4.567500 3.500000 28363950202
11.042500 3.710000 3.202500 28363975200
13.947500 1.260000 4.742500 28364000391
22.347500 3.622500 3.150000 28364025199
15.855000 7.350000 1.190000 28364050196
2.310000 7.682500 -1.137500 28364075223
-7.647500 8.557500 -1.767500 28364100365
-8.627500 4.847500 1.610000 28364125199
3.535000 1.155000 0.192500 28364150201
8.645000 0.665000 -0.875000 28364175195
10.395000 0.227500 0.017500 28364200366
17.832500 -1.207500 -0.647500 28364225198
13.037500 1.750000 -1.347500 28364250196
5.705000 3.640000 -1.015000 28364275200
5.547500 4.480000 -1.085000 28364300376
5.652500 3.832500 -0.682500 28364325259
2.257500 6.037500 2.170000 28364350211
2.082500 9.747500 2.782500 28364375201
-3.727500 10.202500 1.487500 28364400393
0.980000 5.372500 -1.067500 28364425199
5.985000 10.045000 1.085000 28364450199
-0.437500 8.995000 -0.157500 28364475195
7.087500 2.730000 -1.907500 28364500377
16.817499 7.227500 0.752500 28364525196
6.125000 5.495000 0.647500 28364550202
5.670000 3.587500 -0.280000 28364575197
8.155000 7.577500 -0.595000 28364600392
11.165000 4.077500 -1.295000 28364625196
10.745000 6.755000 -0.822500 28364650201
8.487500 6.177500 -0.647500 28364675196
8.890000 6.895000 0.192500 28364700367
8.522500 7.350000 -1.312500 28364725195
8.347500 3.027500 -3.342500 28364750199
13.492500 8.505000 0.927500 28364775195
10.062500 6.212500 -0.910000 28364800361
10.937500 5.022500 -1.540000 28364825205
10.832500 8.347500 1.417500 28364850201
3.902500 9.187500 -0.105000 28364875193
3.587500 5.547500 -3.605000 28364900366
9.467500 3.885000 -0.332500 28364925196
6.877500 8.627500 1.067500 28364950199
4.935000 5.722500 -4.025000 28364975196
11.567500 8.942500 -0.980000 28365000403
9.975000 7.280000 0.542500 28365025197
6.615000 8.575000 -2.100000 28365050201
6.160000 10.132500 -2.835000 28365075196
7.787500 3.552500 -0.875000 28365100361
8.575000 9.047500 1.592500 28365125203
3.447500 12.057500 1.137500 28365150203
2.205000 9.047500 -3.202500 28365175200
4.865000 11.182500 -12.302500 28365200375
9.870000 11.147500 -15.645000 28365225198
15.977500 4.322500 -2.590000 28365250203
9.135000 11.060000 12.145000 28365275195
-1.120000 5.652500 3.115000 28365300362
0.385000 2.467500 -10.220000 28365325200
5.390000 7.735000 -4.672500 28365350201
5.915000 8.225000 -2.695000 28365375201
4.795000 8.225000 -4.112500 28365400361
3.097500 7.892500 3.762500 28365425197
-1.207500 9.170000 8.277500 28365450201
-4.672500 7.525000 4.217500 28365475197
-6.632500 11.025000 4.777500 28365500362
-13.107500 15.155000 -0.017500 28365525198
-16.940001 12.932500 7.017500 28365550200
-14.297500 7.910000 5.267500 28365575198
-9.870000 10.692500 5.460000 28365600364
-7.262500 9.852500 0.630000 28365625197
-6.020000 9.502500 0.455000 28365650199
-4.410000 3.885000 -3.115000 28365675194
-2.730000 6.982500 -0.140000 28365700359
-0.717500 7.437500 -1.295000 28365725196
-1.470000 3.797500 -2.800000 28365750200
-4.445000 5.232500 3.412500 28365775199
-5.617500 8.662500 -1.120000 28365800353
-9.450000 7.822500 0.210000 28365825195
-10.605000 12.810000 3.307500 28365850202
-11.392500 15.960000 -0.227500 28365875197
-13.160000 8.312500 -5.477500 28365900351
-14.122500 6.685000 1.680000 28365925201
-10.097500 7.175000 9.415000 28365950199
-2.695000 0.455000 1.225000 28365975203
-3.587500 2.135000 1.855000 28366000390
-2.852500 5.372500 4.445000 28366025198
-2.170000 2.187500 0.647500 28366050204
0.595000 -4.130000 -0.070000 28366075188
4.287500 4.217500 2.240000 28366100352
3.430000 1.802500 -0.612500 28366125196
2.520000 0.945000 -1.277500 28366150199
1.820000 -0.472500 -3.447500 28366175215
1.662500 -3.710000 -1.487500 28366200358
4.340000 -0.647500 2.485000 28366225197
5.372500 -0.332500 0.787500 28366250204
0.612500 4.357500 2.222500 28366275196
-2.310000 3.675000 2.432500 28366300205
-3.885000 8.172500 1.277500 28366325197
-4.305000 4.200000 -1.662500 28366350202
-5.075000 2.870000 0.857500 28366375196
-4.532500 -0.402500 -1.277500 28366400358
-0.612500 -1.662500 -1.015000 28366425195
0.455000 3.132500 0.315000 28366450202
0.490000 3.745000 1.225000 28366475197
-1.557500 -2.135000 1.767500 28366500359
0.437500 -1.242500 1.155000 28366525198
1.697500 3.097500 -1.645000 28366550197
0.192500 -1.277500 -0.350000 28366575196
0.507500 2.065000 2.152500 28366600359
-1.417500 4.952500 -3.675000 28366625196
-3.587500 7.070000 -1.400000 28366650200
-5.285000 5.040000 -0.822500 28366675201
-5.390000 4.935000 1.802500 28366700374
-2.590000 -0.227500 -0.472500 28366725197
-0.035000 -0.035000 1.627500 28366750199
2.625000 -0.280000 -1.557500 28366775196
3.150000 0.297500 -0.140000 28366800358
1.872500 0.087500 -1.067500 28366825199
0.525000 0.892500 -0.735000 28366850202
-0.630000 2.625000 -0.682500 28366875197
-2.992500 2.590000 0.770000 28366900370
-4.182500 3.395000 -0.122500 28366925198
-5.985000 2.327500 -1.190000 28366950202
-5.075000 -0.840000 -0.402500 28366975197
-2.345000 -0.682500 -1.120000 28367000394
0.122500 -2.117500 -2.117500 28367025197
1.207500 -1.277500 -1.347500 28367050204
1.627500 1.417500 0.070000 28367075199
0.420000 2.450000 0.595000 28367100367
-0.402500 2.012500 1.697500 28367125196
1.207500 1.802500 2.047500 28367150202
2.292500 -0.122500 2.520000 28367175197
1.242500 0.385000 2.030000 28367200363
0.420000 0.420000 2.205000 28367225221
0.262500 2.135000 1.487500 28367250194
-0.910000 2.677500 0.437500 28367275203
-1.645000 0.945000 0.192500 28367300374
-2.275000 1.942500 -0.805000 28367325207
-2.240000 2.870000 -1.347500 28367350200
-2.345000 2.275000 -2.170000 28367375196
-2.047500 -0.192500 -3.377500 28367400371
-1.732500 0.997500 -4.130000 28367425195
-1.190000 0.070000 -4.007500 28367450202
0.035000 1.050000 -3.447500 28367475196
-0.717500 1.277500 -2.380000 28367500363
-1.767500 1.592500 -0.175000 28367525198
-2.047500 1.802500 0.612500 28367550201
-0.577500 1.925000 2.205000 28367575196
-1.802500 1.890000 2.940000 28367600371
-1.172500 0.997500 2.257500 28367625196
-1.417500 0.490000 0.805000 28367650201
-1.102500 3.185000 0.717500 28367675199
0.017500 1.330000 0.052500 28367700361
-0.647500 0.455000 -0.507500 28367725202
0.630000 1.032500 -0.402500 28367750197
1.382500 1.172500 -0.472500 28367775200
1.645000 0.455000 -1.347500 28367800356
1.960000 1.015000 -1.627500 28367825193
1.872500 1.610000 0.437500 28367850200
-0.315000 1.942500 -0.297500 28367875200
-0.192500 0.542500 -2.992500 28367900357
1.347500 0.682500 -3.430000 28367925197
1.102500 1.085000 -3.220000 28367950197
0.717500 1.802500 -2.520000 28367975195
0.647500 -0.262500 -2.712500 28368000400
0.087500 0.192500 -2.642500 28368025197
-0.315000 2.117500 -1.365000 28368050200
-2.047500 1.890000 0.560000 28368075222
-5.180000 3.780000 0.595000 28368100390
-5.775000 1.557500 -0.787500 28368125198
-4.672500 1.697500 -0.490000 28368150201
-4.042500 3.307500 -0.210000 28368175196
-2.660000 1.102500 0.280000 28368200364
-2.695000 1.557500 -0.017500 28368225195
-2.135000 1.732500 -0.210000 28368250202
-1.347500 1.820000 0.017500 28368275225
-2.467500 3.255000 0.280000 28368300360
-3.237500 2.537500 0.315000 28368325196
-2.257500 2.782500 0.192500 28368350201
-2.065000 0.385000 -1.382500 28368375194
-0.227500 0.770000 -2.572500 28368400365
0.455000 0.945000 -2.275000 28368425195
0.210000 -0.227500 -2.800000 28368450201
-0.105000 1.942500 -1.487500 28368475196
-1.312500 1.207500 -1.120000 28368500364
-2.187500 0.437500 -2.467500 28368525196
-1.260000 0.560000 -2.205000 28368550201
0.402500 -0.192500 -0.840000 28368575194
