-1.440000 -3.600000 6.600000 28359613621
-1.200000 -3.600000 6.600000 28359635291
-1.200000 -3.120000 6.720000 28359660447
-1.140000 -3.540000 6.420000 28359685278
-1.320000 -3.480000 6.600000 28359710409
-1.140000 -3.300000 6.660000 28359735338
-1.500000 -3.660000 6.660000 28359760429
-1.200000 -3.480000 6.840000 28359785314
-1.800000 -3.360000 6.720000 28359810436
-1.380000 -3.420000 6.780000 28359835326
-1.260000 -3.420000 6.660000 28359860455
-1.200000 -3.600000 6.960000 28359885318
-1.200000 -3.600000 6.600000 28359910440
-1.080000 -3.840000 6.960000 28359935325
-1.620000 -3.300000 6.900000 28359960439
-1.380000 -3.180000 6.540000 28359985321
-1.440000 -3.480000 6.600000 28360010465
-1.380000 -3.660000 6.900000 28360035335
-1.260000 -3.660000 6.780000 28360060435
-1.740000 -3.780000 6.660000 28360085314
-1.080000 -3.360000 6.720000 28360111619
-1.320000 -3.360000 6.840000 28360135365
-1.320000 -3.720000 6.720000 28360160430
-1.200000 -3.600000 6.360000 28360185306
-1.380000 -3.540000 6.420000 28360210424
-1.080000 -3.480000 6.960000 28360235292
-1.560000 -3.840000 6.720000 28360260431
-1.500000 -3.420000 6.780000 28360285292
-1.440000 -3.360000 6.840000 28360310432
-1.260000 -3.780000 6.660000 28360335322
-1.380000 -3.180000 6.540000 28360360417
-1.440000 -3.240000 6.720000 28360385299
-1.680000 -3.480000 6.840000 28360410417
-1.440000 -3.360000 6.480000 28360435454
-1.500000 -3.420000 6.540000 28360460418
-1.440000 -3.240000 6.600000 28360485305
-1.200000 -3.240000 6.480000 28360510420
-1.680000 -3.360000 6.240000 28360535310
-1.440000 -3.240000 6.480000 28360560419
-1.440000 -3.120000 6.600000 28360585312
-1.500000 -3.060000 6.540000 28360610422
-1.620000 -3.060000 6.660000 28360635310
-1.500000 -3.180000 6.420000 28360660435
-1.620000 -3.060000 6.900000 28360685308
-1.380000 -3.060000 6.660000 28360710417
-1.440000 -2.880000 6.480000 28360735308
-1.560000 -2.760000 6.360000 28360760403
-1.140000 -2.700000 6.180000 28360785296
-1.320000 -3.000000 6.240000 28360810431
-1.500000 -2.700000 6.420000 28360835421
-1.380000 -2.820000 6.300000 28360860414
-1.380000 -2.700000 6.300000 28360885312
-1.080000 -2.640000 6.240000 28360910442
-1.620000 -2.580000 6.420000 28360935306
-1.560000 -2.640000 6.240000 28360960415
-1.560000 -2.640000 6.240000 28360985299
-1.380000 -2.700000 6.060000 28361010445
-1.440000 -2.520000 6.360000 28361038888
-1.680000 -2.640000 6.360000 28361060429
-1.320000 -2.640000 6.240000 28361085319
-1.320000 -2.760000 6.240000 28361110444
-1.260000 -2.580000 6.420000 28361135307
-1.320000 -2.400000 6.480000 28361160416
-1.380000 -2.820000 6.420000 28361185324
-1.260000 -2.700000 6.300000 28361210450
-1.380000 -2.580000 6.420000 28361235312
-0.960000 -2.520000 6.600000 28361260393
-1.260000 -2.340000 6.540000 28361285285
-1.320000 -2.520000 6.360000 28361310434
-1.080000 -2.520000 6.600000 28361335310
-1.320000 -2.640000 6.600000 28361360298
-1.500000 -2.820000 6.540000 28361385301
-0.960000 -2.400000 6.600000 28361410300
-1.260000 -2.460000 6.660000 28361435425
-1.200000 -2.400000 6.840000 28361460298
-1.320000 -2.520000 6.600000 28361485299
-1.560000 -3.000000 7.080000 28361510312
-1.500000 -2.700000 6.660000 28361535300
-1.380000 -2.580000 6.780000 28361560286
-1.260000 -2.460000 6.660000 28361585301
-1.380000 -2.820000 6.780000 28361610313
-1.440000 -2.760000 7.080000 28361635308
-1.380000 -2.460000 6.780000 28361660284
-1.440000 -2.760000 7.320000 28361685295
-1.500000 -2.700000 7.140000 28361710320
-1.440000 -2.640000 6.840000 28361735300
-1.860000 -2.820000 7.020000 28361760307
-1.260000 -2.940000 7.020000 28361785295
-1.740000 -2.460000 6.900000 28361810310
-1.500000 -2.580000 7.140000 28361835319
-1.440000 -2.880000 6.960000 28361860289
-1.620000 -2.820000 7.020000 28361885314
-1.620000 -2.580000 7.380000 28361910308
-1.680000 -3.000000 6.960000 28361935311
-1.800000 -2.520000 7.080000 28361960306
-1.740000 -2.820000 7.260000 28361985313
-2.220000 -3.180000 7.260000 28362010316
-2.100000 -2.940000 7.260000 28362035300
-1.860000 -2.940000 7.020000 28362060301
-1.860000 -3.060000 7.140000 28362085310
-1.920000 -3.000000 7.200000 28362110318
-2.040000 -2.640000 7.080000 28362135314
-1.740000 -2.820000 7.020000 28362160297
-1.680000 -3.120000 6.840000 28362185308
-2.160000 -3.000000 7.200000 28362210317
-1.860000 -3.060000 7.140000 28362235338
-2.220000 -3.420000 7.260000 28362260320
-2.160000 -3.360000 7.200000 28362285300
-1.800000 -3.120000 7.440000 28362310301
-2.280000 -3.000000 7.200000 28362335320
-2.100000 -3.300000 6.900000 28362360299
-2.160000 -3.360000 7.080000 28362385308
-2.040000 -3.600000 7.200000 28362410311
-1.980000 -3.660000 7.020000 28362435457
-2.220000 -3.180000 6.900000 28362460288
-2.160000 -3.600000 6.840000 28362485311
-2.220000 -3.060000 7.020000 28362510319
-2.160000 -3.360000 7.320000 28362535311
-2.220000 -3.420000 6.900000 28362560307
-2.280000 -3.360000 6.720000 28362585314
-2.280000 -3.000000 6.720000 28362610329
-1.860000 -3.660000 6.660000 28362635319
-1.920000 -3.360000 6.960000 28362660294
-2.040000 -3.360000 6.960000 28362685310
-1.980000 -3.780000 6.900000 28362710323
-1.980000 -3.420000 7.020000 28362735316
-2.220000 -3.660000 7.140000 28362760308
-1.980000 -3.780000 7.020000 28362785294
-1.920000 -3.480000 6.720000 28362810313
-1.980000 -3.420000 6.780000 28362835320
-2.040000 -3.600000 6.480000 28362860297
-1.860000 -3.780000 7.140000 28362885420
-2.220000 -3.780000 6.780000 28362910315
-2.100000 -3.420000 6.780000 28362935318
-2.100000 -3.780000 6.900000 28362960300
-1.980000 -3.540000 6.780000 28362985312
-1.980000 -3.660000 6.900000 28363010318
-1.920000 -3.720000 6.960000 28363035316
-1.740000 -3.540000 6.780000 28363060300
-1.800000 -3.480000 6.600000 28363085320
-1.980000 -3.660000 6.780000 28363110318
-1.560000 -3.480000 6.960000 28363135315
-1.860000 -3.540000 6.780000 28363160307
-1.500000 -3.420000 6.660000 28363185301
-1.740000 -3.420000 6.900000 28363210307
-1.740000 -3.660000 7.020000 28363235321
-1.740000 -3.780000 6.780000 28363260294
-1.800000 -3.480000 6.840000 28363285322
-1.620000 -3.540000 6.780000 28363310311
-1.980000 -3.660000 7.140000 28363335311
-1.980000 -3.540000 6.780000 28363360307
-1.680000 -3.360000 6.960000 28363385294
-1.920000 -3.720000 6.600000 28363410305
-1.800000 -3.720000 6.720000 28363435454
-1.800000 -3.240000 6.720000 28363460298
-1.680000 -3.600000 6.600000 28363485300
-1.920000 -3.600000 6.960000 28363510311
-1.740000 -3.420000 7.140000 28363535313
-1.800000 -3.720000 6.600000 28363560299
-1.740000 -3.420000 6.660000 28363585313
-1.920000 -3.600000 7.080000 28363610311
-1.740000 -3.540000 6.660000 28363635325
-1.800000 -3.360000 6.720000 28363660305
-1.860000 -3.540000 6.900000 28363685296
-1.500000 -3.420000 6.660000 28363710301
-1.740000 -3.300000 6.660000 28363735313
-1.740000 -3.420000 6.780000 28363760309
-2.100000 -3.300000 6.900000 28363785312
-2.100000 -3.060000 6.540000 28363810327
-1.740000 -3.300000 6.660000 28363835405
-1.500000 -3.420000 6.660000 28363860314
-1.860000 -3.540000 6.780000 28363885311
-1.800000 -3.840000 6.840000 28363910325
-2.040000 -3.240000 6.840000 28363935315
-1.860000 -3.420000 6.900000 28363960295
-2.100000 -3.180000 6.660000 28363985292
-1.920000 -3.600000 6.360000 28364010303
-2.100000 -3.420000 6.780000 28364035322
-1.740000 -3.540000 7.020000 28364060297
-2.160000 -3.240000 6.480000 28364085305
-2.220000 -3.540000 6.660000 28364110319
-1.980000 -3.300000 6.660000 28364135316
-1.980000 -3.420000 6.780000 28364160304
-2.220000 -3.660000 6.540000 28364185304
-2.220000 -3.540000 6.540000 28364210310
-2.160000 -3.240000 6.480000 28364235314
-2.040000 -3.480000 6.720000 28364260295
-2.160000 -3.240000 6.720000 28364285302
-1.920000 -3.360000 6.720000 28364310309
-2.220000 -3.540000 6.660000 28364335431
-2.400000 -3.360000 6.360000 28364360315
-2.100000 -3.300000 6.660000 28364385307
-2.100000 -3.180000 6.660000 28364410313
-1.980000 -3.420000 6.780000 28364435462
-2.040000 -3.360000 6.720000 28364460300
-2.340000 -3.180000 6.420000 28364485305
-2.160000 -3.240000 6.480000 28364510301
-2.100000 -3.420000 6.540000 28364535302
-2.220000 -3.060000 6.660000 28364560285
-2.100000 -3.180000 6.300000 28364585313
-2.280000 -3.480000 6.360000 28364610311
-2.280000 -3.240000 6.240000 28364635319
-2.100000 -3.180000 6.420000 28364660288
-2.400000 -3.120000 6.480000 28364685295
-2.280000 -3.120000 6.600000 28364710303
-2.520000 -3.480000 6.360000 28364735303
-2.400000 -3.000000 6.720000 28364760305
-2.340000 -2.940000 6.540000 28364785298
-2.160000 -3.240000 6.360000 28364810299
-2.280000 -3.000000 6.480000 28364835307
-2.280000 -3.240000 6.360000 28364860310
-2.280000 -3.000000 6.480000 28364885307
-2.400000 -3.000000 6.120000 28364910308
-2.220000 -2.820000 6.420000 28364935301
-2.220000 -2.940000 6.180000 28364960283
-2.640000 -2.880000 6.360000 28364985299
-2.160000 -3.000000 6.000000 28365010295
-2.160000 -2.880000 6.360000 28365035313
-2.340000 -2.940000 6.300000 28365060287
-2.100000 -2.820000 6.540000 28365085294
-2.400000 -2.880000 6.240000 28365110298
-2.040000 -3.120000 6.480000 28365135305
-2.160000 -2.880000 6.480000 28365160288
-2.520000 -2.760000 6.360000 28365185302
-2.580000 -3.060000 6.420000 28365210298
-2.220000 -2.700000 6.420000 28365235312
-2.460000 -2.700000 6.060000 28365260309
-2.220000 -2.820000 6.420000 28365285311
-2.400000 -2.880000 6.000000 28365310299
-2.160000 -2.880000 6.240000 28365335317
-2.340000 -2.700000 6.300000 28365360289
-2.760000 -2.880000 6.000000 28365385314
-2.220000 -2.820000 6.300000 28365410310
-2.220000 -2.940000 6.180000 28365435453
-2.280000 -2.880000 6.360000 28365460290
-2.280000 -2.880000 6.000000 28365485296
-2.100000 -2.580000 6.180000 28365510306
-2.340000 -2.820000 6.300000 28365535313
-2.220000 -2.940000 6.300000 28365560285
-2.460000 -2.820000 6.300000 28365585295
-2.040000 -2.760000 6.240000 28365610303
-2.220000 -2.700000 6.540000 28365635306
-2.340000 -2.700000 6.660000 28365660296
-2.640000 -3.120000 6.360000 28365685304
-2.400000 -3.120000 6.360000 28365710324
-2.520000 -2.640000 6.120000 28365735311
-2.100000 -3.180000 6.540000 28365760294
-2.340000 -2.820000 6.060000 28365785315
-2.220000 -2.940000 6.420000 28365810305
-2.400000 -2.640000 6.360000 28365835313
-2.640000 -3.120000 6.360000 28365860287
-2.100000 -2.940000 6.420000 28365885295
-2.340000 -2.940000 6.060000 28365910339
-1.920000 -3.120000 6.480000 28365935311
-2.340000 -2.700000 6.300000 28365960295
-2.280000 -2.880000 6.240000 28365985306
-2.160000 -2.880000 6.360000 28366010314
-2.280000 -2.880000 6.360000 28366035305
-2.280000 -2.640000 6.120000 28366060295
-1.860000 -2.820000 6.540000 28366085399
-1.980000 -2.700000 6.420000 28366110312
-2.040000 -3.120000 6.600000 28366135317
-2.220000 -2.940000 6.300000 28366160299
-2.340000 -3.180000 6.420000 28366185305
-2.400000 -2.880000 6.480000 28366210301
-2.280000 -2.880000 6.360000 28366235313
-2.040000 -3.000000 6.360000 28366260288
-2.220000 -2.940000 6.420000 28366285324
-2.040000 -3.240000 6.600000 28366310311
-2.220000 -3.060000 6.180000 28366335309
-2.340000 -2.940000 6.540000 28366360295
-2.280000 -3.000000 6.600000 28366385308
-2.160000 -2.880000 6.480000 28366410305
-2.460000 -2.820000 6.540000 28366435433
-2.400000 -3.000000 6.360000 28366460289
-2.280000 -3.000000 6.600000 28366485295
-2.280000 -2.880000 6.000000 28366510307
-2.280000 -2.880000 6.240000 28366535309
-2.100000 -2.580000 6.420000 28366560294
-2.640000 -2.760000 6.360000 28366585306
-2.340000 -2.700000 6.660000 28366610306
-2.580000 -2.700000 6.300000 28366635312
-2.460000 -3.060000 6.060000 28366660295
-2.160000 -2.880000 6.120000 28366685305
-2.280000 -2.760000 6.480000 28366710302
-2.220000 -2.820000 6.420000 28366735314
-2.280000 -2.880000 6.480000 28366760286
-2.280000 -2.760000 6.480000 28366785302
-2.100000 -2.940000 6.180000 28366810299
-2.340000 -3.060000 6.300000 28366835306
-2.220000 -3.180000 6.540000 28366860302
-2.280000 -3.000000 6.360000 28366885297
-2.040000 -3.240000 6.600000 28366910314
-2.040000 -2.760000 6.600000 28366935317
-2.580000 -3.180000 6.780000 28366960326
-2.220000 -2.940000 6.300000 28366985314
-2.160000 -2.760000 6.480000 28367010303
-2.040000 -3.120000 6.600000 28367035313
-2.160000 -2.880000 6.360000 28367060299
-2.400000 -3.000000 6.120000 28367085310
-2.100000 -3.300000 6.540000 28367110306
-2.280000 -2.760000 6.240000 28367135319
-1.980000 -2.580000 6.300000 28367160294
-2.160000 -2.760000 6.240000 28367185301
-2.280000 -2.880000 6.360000 28367210318
-2.280000 -3.000000 6.240000 28367235328
-2.280000 -2.760000 6.480000 28367260293
-2.160000 -3.000000 6.480000 28367285302
-2.160000 -2.880000 6.480000 28367310308
-2.040000 -3.000000 6.600000 28367335308
-2.100000 -2.820000 6.420000 28367360299
-2.400000 -3.000000 6.720000 28367385298
-1.800000 -2.640000 6.240000 28367410312
-2.220000 -3.060000 6.300000 28367435308
-2.220000 -2.820000 6.420000 28367460302
-1.980000 -3.060000 6.300000 28367485322
-2.160000 -2.760000 6.480000 28367510310
-2.280000 -2.760000 6.600000 28367535305
-2.220000 -2.940000 6.420000 28367560301
-2.040000 -2.880000 6.240000 28367585300
-2.100000 -2.820000 6.420000 28367610312
-2.160000 -3.000000 6.600000 28367635314
-2.040000 -2.880000 6.720000 28367660303
-2.340000 -3.060000 6.540000 28367685300
-2.040000 -3.120000 6.240000 28367710310
-2.040000 -2.760000 6.480000 28367735300
-2.160000 -3.000000 6.600000 28367760295
-2.160000 -2.880000 6.480000 28367785292
-2.340000 -3.060000 6.420000 28367810309
-2.220000 -3.060000 6.300000 28367835306
-2.160000 -2.760000 6.480000 28367860297
-2.040000 -2.640000 6.240000 28367885304
-2.280000 -2.760000 6.720000 28367910314
-1.980000 -2.820000 6.420000 28367935309
-1.980000 -2.940000 6.420000 28367960302
-2.100000 -2.820000 6.660000 28367985293
-2.400000 -2.880000 6.360000 28368010711
-2.220000 -2.940000 6.660000 28368035312
-1.920000 -3.360000 6.720000 28368060302
-2.340000 -3.060000 6.540000 28368085292
-1.860000 -2.940000 6.300000 28368110328
-1.920000 -3.000000 6.480000 28368135317
-2.280000 -2.520000 6.600000 28368160295
-2.100000 -2.820000 6.540000 28368185300
-2.460000 -2.940000 6.540000 28368210314
-2.160000 -2.880000 6.840000 28368235316
-2.040000 -3.120000 6.480000 28368260297
-2.400000 -3.360000 6.600000 28368285300
-2.460000 -3.060000 6.180000 28368310297
-2.340000 -2.700000 6.180000 28368335307
-2.100000 -3.060000 6.660000 28368360289
-1.920000 -2.760000 6.600000 28368385295
-2.220000 -3.060000 6.540000 28368410305
-2.280000 -3.000000 6.600000 28368435296
-2.220000 -2.820000 6.420000 28368460286
-2.400000 -3.000000 6.360000 28368485307
-2.340000 -3.060000 6.420000 28368510306
-1.980000 -2.940000 6.420000 28368535331
-2.040000 -3.000000 6.480000 28368560286
