2.800000 0.105000 0.175000 10630032482
1.837500 -0.787500 -0.210000 10630057517
-0.262500 -0.297500 -0.542500 10630082483
-2.590000 -0.402500 -0.315000 10630107478
-2.380000 -1.312500 0.735000 10630132494
-1.190000 -2.520000 2.432500 10630157510
3.010000 -3.447500 2.940000 10630182475
9.205000 -3.622500 4.130000 10630207480
13.597500 -7.542500 8.802500 10630232484
5.740000 -9.677500 20.754999 10630257517
-6.842500 -4.270000 42.927502 10630282475
-24.797501 8.225000 49.367500 10630307479
-30.905001 20.440001 50.207500 10630332475
-25.917500 30.520000 50.715000 10630357498
-11.725000 36.610001 51.660000 10630382476
13.265000 51.782501 44.152500 10630407452
61.564999 60.445000 33.985001 10630432484
92.312500 66.080002 30.432501 10630457495
110.495003 73.167503 44.660000 10630482473
107.362503 73.955002 65.695000 10630507473
93.275002 77.035004 98.157501 10630532483
65.992500 75.389999 115.202499 10630557504
47.215000 70.682503 124.285004 10630582478
32.497501 63.875000 126.209999 10630607471
21.157499 61.950001 121.992500 10630632485
20.422501 58.099998 113.750000 10630657498
23.152500 52.132500 113.645004 10630682481
31.710001 49.209999 116.199997 10630707466
40.722500 52.709999 118.300003 10630732483
59.605000 52.920002 118.142502 10630757504
68.232498 51.362499 116.620003 10630782477
71.434998 40.215000 109.550003 10630807467
69.422501 36.645000 95.952499 10630832479
70.419998 41.597500 64.207497 10630857500
77.927498 42.910000 29.469999 10630882477
67.532501 39.130001 32.217499 10630907470
56.279999 20.177500 44.082500 10630932484
31.674999 16.782499 38.937500 10630957491
16.799999 17.132500 38.727501 10630982478
5.635000 11.637500 38.902500 10631007466
-9.450000 8.890000 35.087502 10631032487
-13.982500 6.090000 27.037500 10631057502
-6.177500 7.210000 22.382500 10631082474
-3.430000 10.185000 17.360001 10631107453
-7.070000 8.837500 7.840000 10631132475
-7.962500 5.670000 2.520000 10631157499
-2.467500 5.670000 -0.682500 10631182472
6.632500 0.420000 -0.210000 10631207466
8.715000 2.362500 1.627500 10631232483
7.332500 3.430000 1.837500 10631257496
9.957500 0.927500 0.910000 10631282479
12.162500 1.067500 -0.962500 10631307471
11.935000 3.465000 -3.045000 10631332479
10.132500 4.935000 -4.637500 10631357505
8.610000 3.395000 -8.260000 10631382484
