-6.180000 -7.860000 0.540000 10630015703
-6.060000 -8.220000 0.300000 10630040462
-6.060000 -8.460000 0.300000 10630065454
-5.760000 -8.400000 0.480000 10630090456
-6.000000 -8.040000 0.360000 10630115647
-5.940000 -8.220000 0.180000 10630140465
-6.120000 -8.040000 0.480000 10630165454
-6.000000 -8.280000 0.600000 10630190457
-6.120000 -8.040000 0.240000 10630215649
-5.880000 -8.280000 0.360000 10630240465
-6.180000 -8.340000 0.420000 10630265455
-6.120000 -7.920000 0.360000 10630290467
-6.360000 -8.040000 0.360000 10630315621
-6.420000 -7.980000 0.660000 10630340467
-6.060000 -7.620000 0.660000 10630365537
-6.180000 -7.860000 0.300000 10630390474
-6.240000 -7.800000 0.300000 10630415776
-6.300000 -7.740000 0.540000 10630440462
-6.420000 -7.740000 0.300000 10630465579
-6.360000 -7.320000 0.240000 10630490470
-6.180000 -7.020000 0.060000 10630515767
-6.540000 -7.260000 0.300000 10630540481
-6.300000 -7.020000 -0.180000 10630565464
-6.600000 -6.600000 -0.360000 10630590462
-6.360000 -6.240000 -0.120000 10630615644
-6.480000 -6.120000 -0.480000 10630640465
-6.420000 -5.700000 -0.540000 10630665466
-6.780000 -5.340000 -0.900000 10630690470
-6.660000 -5.460000 -0.660000 10630715644
-6.360000 -5.280000 -0.960000 10630740469
-6.240000 -4.920000 -0.960000 10630765463
-6.300000 -4.860000 -0.660000 10630790461
-6.000000 -4.680000 -1.320000 10630815670
-6.120000 -4.440000 -1.200000 10630840459
-5.880000 -4.920000 -1.320000 10630865469
-5.640000 -4.320000 -1.440000 10630890461
-6.060000 -4.620000 -1.500000 10630915648
-5.760000 -4.200000 -1.440000 10630940467
-5.700000 -4.620000 -1.740000 10630965452
-5.880000 -4.680000 -1.560000 10630990468
-5.640000 -4.200000 -1.680000 10631015668
-5.460000 -4.020000 -1.740000 10631040461
-5.880000 -4.080000 -1.800000 10631065463
-5.700000 -4.380000 -1.620000 10631090471
-5.640000 -3.720000 -1.920000 10631115644
-5.760000 -4.200000 -1.680000 10631140476
-5.700000 -4.020000 -1.620000 10631165459
-5.940000 -4.020000 -1.740000 10631190472
-5.520000 -3.960000 -1.560000 10631215641
-5.580000 -4.020000 -1.980000 10631240474
-5.580000 -3.780000 -1.740000 10631265456
-5.520000 -3.960000 -1.680000 10631290464
-5.460000 -3.900000 -1.740000 10631315446
-5.580000 -4.020000 -1.860000 10631340487
-5.580000 -4.260000 -1.860000 10631365457
