0.000000 10629995416
0.000000 10630020416
0.000000 10630045412
0.000000 10630070425
0.000000 10630095417
0.000000 10630120421
0.000000 10630145416
0.000000 10630170425
0.000000 10630195413
0.000000 10630220414
0.000000 10630245417
0.000000 10630270423
0.000000 10630295425
0.000000 10630320419
0.000000 10630345409
0.000000 10630370424
0.000000 10630395413
0.000000 10630420407
0.000000 10630445409
0.000000 10630470431
0.000000 10630495424
0.000000 10630520415
0.000000 10630545418
0.000000 10630570427
0.000000 10630595419
0.000000 10630620420
0.000000 10630645407
0.000000 10630670425
0.000000 10630695420
0.000000 10630720411
0.000000 10630745420
0.000000 10630770428
0.000000 10630795424
0.000000 10630820407
0.000000 10630845423
0.000000 10630870425
0.000000 10630895420
0.000000 10630920419
0.000000 10630945425
0.000000 10630970427
0.000000 10630995419
0.000000 10631020412
0.000000 10631045408
0.000000 10631070424
0.000000 10631095416
0.000000 10631120422
0.000000 10631145408
0.000000 10631170426
0.000000 10631195414
0.000000 10631220409
0.000000 10631245412
0.000000 10631270425
0.000000 10631295420
0.000000 10631320419
0.000000 10631345419
