-1.882877 6.658716 5.305398 27813585827
-1.971137 6.697943 5.423078 27813607623
-1.922104 6.629296 5.697665 27813641390
-1.980944 6.805816 5.913410 27813657631
-2.029977 7.188275 6.148770 27813682612
-2.088817 7.256922 6.237030 27813707676
-2.147657 7.227501 6.187996 27813732685
-2.392823 7.315762 6.717556 27813757695
-2.461469 7.276535 6.864655 27813782676
-2.461469 7.354988 6.629296 27813807681
-2.343790 7.256922 6.678329 27813832689
-2.226110 6.913689 6.697943 27813857686
-2.059397 7.001948 6.590069 27813882680
-1.931910 6.962722 6.580263 27813907683
-1.843650 7.050982 6.727362 27813932685
-1.735777 7.041175 7.100015 27813957684
-1.725971 6.786202 7.286342 27813982684
-1.784810 6.972529 7.374601 27814007673
-1.765197 7.276535 7.090209 27814032690
-1.618097 7.296148 6.452776 27814057677
-1.637711 7.227501 6.482196 27814082683
-1.696550 7.100015 6.796009 27814107671
-1.725971 6.913689 7.188275 27814132681
-1.667131 7.717835 5.883991 27814157657
-1.833844 7.933581 5.285785 27814182674
-2.294756 7.923775 5.834958 27814207674
-2.677216 7.963001 6.727362 27814232672
-2.471276 7.609962 6.315483 27814257671
-2.029977 7.590348 5.099458 27814282680
-1.941717 7.541315 4.844486 27814307680
-2.510503 6.982336 6.070317 27814332683
-2.598763 7.296148 6.178190 27814357673
-2.530116 7.482475 5.815344 27814382689
-2.510503 7.551122 5.501531 27814407688
-2.196690 7.629575 4.344347 27814432685
-2.598763 7.541315 4.717000 27814457677
-2.588956 7.678608 4.854292 27814482686
-2.628183 7.845321 4.726806 27814507668
-3.147935 7.021562 4.550286 27814532681
-3.373488 6.972529 4.403186 27814557667
-3.657881 7.050982 4.667966 27814582666
-3.461748 7.188275 3.854014 27814607679
-3.402908 6.344903 1.176798 27814632683
-3.903047 6.521423 1.010085 27814657677
-4.334540 6.531229 0.931632 27814682673
-4.766033 6.099737 0.833565 27814707673
-5.511338 5.854571 1.853457 27814732626
-5.472112 5.491724 1.931910 27814757610
-5.128879 5.472112 0.333426 27814782618
-5.334818 4.815066 -0.921825 27814807669
-7.384408 3.922661 0.804145 27814832676
-8.423914 3.491168 1.166991 27814857659
-9.139799 3.167548 0.264780 27814882673
-9.649745 3.196968 -0.833565 27814907672
-11.385522 4.452219 0.049033 27814932677
-11.493396 4.658159 -0.500139 27814957655
-11.503201 4.265893 -1.412158 27814982672
-11.209002 3.491168 -2.441856 27815007660
-11.297261 0.833565 -4.305120 27815032654
-11.709142 1.637711 -3.638267 27815057653
-11.483588 1.216025 -4.010921 27815082653
-10.346016 -0.088260 -4.922939 27815107653
-9.953751 -0.127486 -6.207610 27815132654
-9.218252 -0.039227 -6.688136 27815157635
-8.982893 -0.882599 -6.697943 27815182652
-7.472668 -0.706079 -7.266728 27815207659
-7.786481 0.176520 -8.119907 27815232647
-8.796566 0.235360 -9.277092 27815257530
-8.031648 -4.207053 -7.511894 27815282664
-9.522259 -4.971972 -8.423914 27815307656
-8.453333 -3.628461 -9.738005 27815332664
-6.766589 -3.481361 -11.081515 27815357648
-5.579985 -4.334540 -11.650301 27815382666
-5.756504 -3.716721 -10.247950 27815407655
-6.825429 -2.843929 -11.728754 27815432660
-7.698222 -3.206775 -8.992700 27815457640
-7.041175 -3.059675 -7.511894 27815482650
-4.618933 -0.696272 -9.247672 27815507641
-4.824872 -0.343233 -6.884269 27815532662
-6.295870 -0.568786 -3.275421 27815557636
-8.649467 -0.833565 -3.726527 27815582668
-8.678886 -3.471555 -7.511894 27815607661
-7.364795 -4.530673 -4.618933 27815632676
-5.079845 -4.795453 -4.893519 27815657648
-2.687022 -5.374044 -8.551400 27815682655
-0.598206 -4.138407 -8.463140 27815707650
-0.568786 -5.354432 -8.021841 27815732669
-1.245445 -7.786481 -7.649189 27815757643
-6.050704 -7.070595 -9.708585 27815782658
-9.924331 -4.471833 -10.120463 27815807635
-9.983171 -4.216860 -8.080681 27815832661
-10.787316 -5.344625 -7.580542 27815857629
-7.658995 -5.344625 -9.384965 27815882655
-6.962722 -4.412993 -7.982615 27815907634
-6.511616 -2.588956 -7.963001 27815932663
-6.688136 -1.314091 -6.894075 27815957624
-5.599597 -1.098345 -6.109544 27815982662
-5.697665 -1.216025 -7.384408 27816007632
-4.501253 -3.961887 -8.423914 27816032664
-3.952080 -5.197526 -6.374323 27816057637
-5.021006 0.441299 -7.933581 27816082666
-6.217417 0.666852 -9.149606 27816107661
-6.599876 1.314091 -9.679165 27816132670
-5.825150 -2.461469 -10.228337 27816157660
-5.040619 -1.637711 -8.610240 27816182654
-4.687580 -0.411879 -9.414385 27816207664
-3.657881 -0.304006 -9.277092 27816232659
-2.843929 -2.206496 -10.816736 27816257648
-4.971972 -0.107873 -9.620325 27816282661
-5.452498 0.725692 -9.120186 27816307642
-4.795453 0.431493 -8.620047 27816332678
-3.363681 -2.265337 -8.355267 27816357660
-1.990750 -1.157185 -12.523092 27816382662
-0.902212 -2.039783 -11.483588 27816407662
-1.627904 -0.951245 -10.022397 27816432665
-2.637989 -1.951524 -7.060789 27816457659
-5.550564 -2.304563 -4.432606 27816482659
-8.855406 -1.873070 -3.844207 27816507659
-10.444084 -0.500139 -6.511616 27816532662
-8.757339 -0.931632 -15.141470 27816557654
-8.463140 -1.461191 -10.728477 27816582668
-8.080681 -1.716164 -7.786481 27816607662
-6.668523 -2.186883 -7.335375 27816632658
-6.099737 -1.676937 -6.423357 27816657652
-6.295870 -1.539644 -6.080123 27816682647
-6.335097 -2.010364 -7.345181 27816707660
-6.070317 -0.872792 -8.855406 27816732662
-7.198082 -0.353039 -6.266450 27816757661
-7.158855 -0.098067 -7.168662 27816782664
-6.678329 0.088260 -6.982336 27816807657
-7.021562 1.245445 -6.168384 27816832670
-10.875576 -1.804424 -9.384965 27816857519
-10.973642 -1.696550 -8.070874 27816882648
-8.737726 -1.363124 -8.688693 27816907670
-6.021284 -1.284671 -7.511894 27816933692
-5.530951 -3.108708 -3.098902 27816957665
-6.335097 -2.971415 -4.373766 27816982651
-7.001948 -3.285228 -3.108708 27817007648
-7.266728 -3.236195 -8.355267 27817034288
-7.815901 -2.912575 -4.569900 27817057658
-9.639938 -2.883155 -6.854849 27817082643
-7.266728 -2.951802 -12.101407 27817107661
-6.688136 -4.138407 -8.021841 27817132663
-6.354710 -4.432606 -8.345461 27817157648
-5.246559 -5.707471 -8.669080 27817182652
-3.687301 -3.854014 -5.354432 27817207655
-8.796566 1.725971 -6.845042 27817232659
-8.267007 -0.451106 -6.943109 27817257652
-8.159134 0.843372 -6.364516 27817282644
-9.433999 1.157185 -6.678329 27817307664
-8.953472 3.020448 -7.727641 27817332656
-8.178747 -1.245445 -7.345181 27817357654
-7.453054 -2.392823 -4.618933 27817382642
-9.904717 -1.647517 -6.962722 27817407661
-8.208167 -1.068925 -8.002228 27817432653
-8.502367 -1.676937 -6.668523 27817457657
-7.168662 -1.961330 -6.207610 27817482644
-6.737169 -0.912019 -7.923775 27817507656
-4.952359 0.411879 -7.247115 27817532667
-5.423078 1.157185 -7.129435 27817557645
-5.913410 -0.068647 -7.100015 27817582649
-5.432885 -1.274865 -6.972529 27817607653
-7.364795 -0.460913 -6.825429 27817632654
-8.296427 -1.578871 -8.247394 27817657651
-8.178747 -2.549729 -7.737448 27817682643
-8.992700 -0.529559 -8.178747 27817707659
-6.776396 -2.373209 -8.453333 27817732605
-5.864377 -3.363681 -7.384408 27817757594
-5.668244 -2.912575 -7.413828 27817782640
-9.002505 1.696550 -5.874184 27817807660
-10.434277 3.942274 -7.178468 27817832651
-9.845878 3.040062 -6.501810 27817857641
-9.080959 3.716721 -8.159134 27817882657
-8.188554 -1.049312 -7.011755 27817907654
-8.600433 -3.020448 -5.521145 27817932672
-8.443527 -3.108708 -6.580263 27817957662
-8.061068 -1.098345 -7.345181 27817982657
-7.757061 -2.128043 -6.354710 27818007652
-7.325568 -2.481083 -6.531229 27818032652
-7.757061 -1.765197 -6.138963 27818057654
-8.247394 -1.529838 -5.942831 27818082658
-7.874741 -2.657602 -6.374323 27818107663
-7.541315 -0.647239 -8.002228 27818132654
-7.786481 0.235360 -9.914525 27818157643
-6.727362 2.559536 -10.502923 27818182675
-8.325847 -4.001114 -5.295592 27818207656
-7.639381 -6.962722 -4.913132 27818232514
-6.756783 -4.403186 -7.139242 27818257660
-6.864655 -3.089095 -2.804702 27818282655
-9.610518 1.304285 -5.893797 27818307658
-9.277092 3.961887 -4.952359 27818332664
-8.463140 1.000278 -7.717835 27818357654
-7.619768 -0.833565 -9.836071 27818382659
-7.198082 -4.403186 -6.648909 27818407637
-6.678329 -5.648631 -6.560650 27818432661
-7.354988 -5.040619 -7.021562 27818457660
-8.345461 -3.726527 -7.207889 27818482656
-8.051261 -2.471276 -6.913689 27818507679
-7.806095 -1.755391 -6.344903 27818532674
-7.737448 -1.225831 -6.011477 27818557671
-7.227501 -1.667131 -5.883991 27818582665
-7.668801 -1.333705 -5.746698 27818607679
-8.080681 -0.941439 -6.099737 27818638179
-7.717835 -1.441578 -6.472390 27818657664
-8.776953 -1.363124 -6.138963 27818682644
-8.492560 -2.059397 -6.187996 27818707647
-8.208167 -2.559536 -6.384130 27818732660
-7.835515 -2.333983 -6.442970 27818757662
-7.923775 -1.735777 -6.266450 27818782646
-7.531508 -2.275143 -6.541036 27818807662
-7.462861 -2.363403 -6.609683 27818832658
-6.766589 -2.490890 -6.884269 27818857652
-7.266728 -2.206496 -6.697943 27818882667
-7.404021 -2.441856 -6.688136 27818907649
-7.433442 -2.569343 -6.668523 27818932645
-7.511894 -2.530116 -6.550843 27818957648
-7.708028 -2.353596 -6.511616 27818982657
-7.757061 -2.333983 -6.393937 27819007669
-7.766868 -2.392823 -6.364516 27819032652
-7.747255 -2.422243 -6.393937 27819057652
-7.855128 -2.392823 -6.364516 27819082659
-7.884548 -2.432050 -6.276257 27819107661
-7.855128 -2.422243 -6.286063 27819132642
-7.796288 -2.441856 -6.286063 27819157663
-7.776674 -2.304563 -6.413549 27819182661
-7.658995 -2.333983 -6.462583 27819207668
-7.600155 -2.333983 -6.472390 27819232668
-7.453054 -2.383016 -6.423357 27819257645
-7.472668 -2.392823 -6.384130 27819282666
-7.609962 -2.520309 -6.452776 27819307654
-7.668801 -2.559536 -6.492003 27819332661
-7.600155 -2.618376 -6.541036 27819357677
-7.531508 -2.539923 -6.511616 27819382659
-7.531508 -2.500696 -6.560650 27819407672
-7.531508 -2.490890 -6.531229 27819432669
-7.521701 -2.549729 -6.462583 27819457670
-7.551122 -2.520309 -6.452776 27819482664
-7.570735 -2.520309 -6.521423 27819507666
-7.609962 -2.520309 -6.521423 27819532659
