0.660000 -4.020000 -2.940000 27813602470
0.540000 -4.020000 -2.580000 27813627416
0.240000 -3.960000 -2.520000 27813652452
0.240000 -3.960000 -2.520000 27813677392
0.360000 -3.960000 -2.760000 27813702663
0.240000 -3.960000 -2.520000 27813727464
0.360000 -4.080000 -2.640000 27813752455
0.420000 -3.900000 -2.580000 27813777475
0.420000 -3.960000 -2.520000 27813802667
0.300000 -3.900000 -2.580000 27813827460
0.540000 -4.020000 -2.700000 27813852482
0.180000 -4.380000 -2.580000 27813877467
0.060000 -4.140000 -2.580000 27813902669
0.600000 -3.840000 -2.760000 27813927459
0.300000 -4.020000 -2.700000 27813952467
0.540000 -4.140000 -2.460000 27813977462
0.480000 -3.960000 -2.640000 27814002693
0.360000 -3.960000 -2.880000 27814027455
0.300000 -4.260000 -2.820000 27814052470
0.360000 -3.720000 -2.760000 27814077462
0.300000 -4.140000 -2.820000 27814102667
0.420000 -4.140000 -2.940000 27814127466
0.480000 -4.680000 -2.760000 27814152451
0.420000 -4.260000 -2.700000 27814177454
0.780000 -4.500000 -2.700000 27814202681
0.780000 -4.620000 -2.580000 27814227458
1.020000 -4.500000 -2.820000 27814252469
0.720000 -4.920000 -3.000000 27814277455
0.900000 -4.500000 -2.580000 27814302665
1.320000 -4.560000 -2.640000 27814327612
1.260000 -4.620000 -2.700000 27814352445
1.320000 -5.160000 -2.880000 27814377590
1.260000 -4.980000 -2.340000 27814402682
1.320000 -4.920000 -3.000000 27814427572
1.380000 -4.980000 -2.820000 27814452467
1.320000 -4.800000 -2.760000 27814477599
1.260000 -5.100000 -2.820000 27814502664
1.260000 -5.100000 -2.580000 27814527578
1.560000 -5.040000 -2.400000 27814552460
1.740000 -5.340000 -2.700000 27814577567
1.620000 -5.220000 -2.700000 27814602673
1.560000 -5.040000 -2.760000 27814627570
1.860000 -5.340000 -2.460000 27814652462
1.680000 -5.160000 -2.520000 27814677558
1.980000 -5.100000 -2.580000 27814702646
2.400000 -5.280000 -2.280000 27814727523
2.580000 -4.980000 -2.220000 27814752429
2.640000 -4.800000 -2.040000 27814777556
2.880000 -4.680000 -1.680000 27814802645
2.760000 -4.200000 -1.200000 27814827551
2.940000 -3.780000 -0.900000 27814852458
2.760000 -3.240000 -0.600000 27814877585
2.820000 -2.700000 -0.540000 27814902657
2.880000 -2.280000 0.120000 27814927546
2.580000 -1.980000 0.300000 27814952466
2.160000 -1.680000 0.480000 27814977553
2.160000 -1.200000 0.960000 27815002685
2.040000 -1.320000 1.320000 27815027566
1.980000 -0.900000 1.500000 27815052459
1.560000 -0.600000 1.800000 27815077561
1.140000 -0.420000 2.100000 27815102650
0.720000 -0.360000 2.160000 27815127550
0.720000 -0.120000 2.160000 27815152436
0.300000 -0.300000 1.740000 27815177544
0.360000 -0.300000 2.040000 27815202638
0.180000 -0.060000 1.860000 27815227551
0.300000 -0.420000 1.860000 27815260340
0.360000 -0.480000 1.680000 27815277549
0.660000 -0.300000 1.620000 27815302668
0.840000 -0.720000 1.800000 27815327545
1.320000 -0.600000 1.560000 27815352442
0.780000 -0.540000 1.980000 27815377575
1.020000 -0.300000 1.500000 27815402648
1.140000 -0.300000 1.740000 27815427552
1.080000 -0.720000 1.440000 27815452436
0.900000 -0.540000 0.540000 27815477544
0.780000 -0.660000 1.140000 27815502638
0.780000 -0.540000 0.420000 27815527541
0.540000 -0.780000 0.780000 27815552429
0.720000 -0.480000 0.720000 27815577822
1.140000 -0.900000 0.660000 27815602671
1.500000 -0.780000 0.540000 27815627568
1.620000 -1.020000 0.900000 27815652450
1.680000 -0.960000 0.480000 27815677542
1.560000 -0.960000 0.480000 27815702667
1.680000 -1.080000 0.720000 27815727557
1.860000 -1.140000 0.900000 27815752435
1.560000 -1.080000 1.080000 27815777556
1.620000 -1.020000 0.900000 27815802649
1.800000 -0.840000 0.960000 27815827556
1.500000 -0.900000 1.140000 27815852447
1.440000 -1.080000 1.560000 27815877559
1.500000 -0.780000 1.740000 27815902635
1.560000 -0.480000 1.920000 27815927547
1.620000 -0.660000 1.860000 27815952437
1.500000 -0.780000 2.220000 27815977552
1.380000 -0.900000 2.460000 27816002687
1.260000 -0.900000 2.340000 27816027549
1.620000 -0.780000 2.580000 27816052453
1.380000 -0.900000 2.700000 27816077572
1.200000 -0.960000 2.760000 27816102657
1.680000 -0.600000 2.640000 27816127572
1.620000 -0.780000 2.580000 27816152442
2.220000 -1.260000 2.940000 27816177568
1.980000 -1.020000 3.060000 27816202645
1.860000 -1.020000 2.700000 27816227551
1.980000 -1.380000 2.700000 27816252440
1.800000 -1.080000 3.000000 27816277548
1.740000 -1.020000 3.300000 27816302642
2.040000 -0.840000 3.000000 27816327569
2.040000 -1.200000 3.120000 27816352460
1.440000 -1.080000 3.240000 27816377574
1.560000 -1.080000 3.600000 27816402662
1.320000 -0.720000 3.120000 27816427557
1.140000 -0.900000 3.420000 27816452450
0.900000 -0.420000 2.940000 27816477567
0.780000 -0.300000 2.940000 27816502623
0.660000 -0.180000 2.580000 27816527552
0.960000 -0.360000 2.400000 27816552454
0.900000 -0.300000 2.220000 27816577436
1.200000 -0.360000 2.160000 27816602657
1.260000 -0.420000 2.100000 27816627435
0.780000 -0.540000 2.100000 27816652442
1.020000 -0.660000 1.740000 27816677421
0.720000 -0.360000 1.920000 27816702639
1.020000 -0.300000 1.980000 27816727429
0.840000 -0.240000 1.680000 27816752433
0.840000 -0.120000 1.800000 27816777431
0.180000 -0.060000 1.620000 27816802633
0.360000 -0.120000 1.920000 27816827433
0.060000 0.060000 1.860000 27816859571
0.060000 -0.120000 1.800000 27816877431
0.420000 -0.300000 1.740000 27816902664
0.900000 -0.300000 1.380000 27816933833
0.960000 -0.720000 1.560000 27816952441
0.480000 -0.120000 1.560000 27816977430
0.480000 -0.120000 1.680000 27817009020
0.300000 -0.180000 1.860000 27817027473
0.300000 -0.480000 2.400000 27817052463
0.300000 0.120000 2.760000 27817077454
-0.420000 0.060000 2.580000 27817104773
-0.120000 -0.240000 3.120000 27817127454
-0.300000 -0.180000 2.940000 27817152440
-0.360000 -0.360000 2.880000 27817177434
-1.020000 0.060000 3.300000 27817202656
-1.020000 0.180000 3.060000 27817227443
-1.140000 -0.300000 2.940000 27817255978
-0.780000 -0.060000 3.300000 27817277570
-0.780000 -0.180000 2.820000 27817302654
-0.480000 -0.480000 3.120000 27817327457
-0.480000 -0.480000 3.000000 27817352445
-0.180000 0.180000 2.700000 27817377457
0.300000 -0.180000 2.820000 27817402657
0.600000 -0.480000 3.120000 27817427436
0.600000 -0.720000 2.880000 27817452451
0.900000 -0.540000 3.180000 27817477440
0.720000 -0.480000 2.760000 27817502633
1.020000 -0.660000 3.300000 27817527450
1.500000 -0.900000 3.060000 27817552444
1.620000 -1.020000 3.420000 27817577444
1.560000 -1.200000 3.600000 27817602645
1.500000 -0.780000 3.780000 27817627440
1.620000 -1.020000 3.780000 27817652540
1.140000 -0.900000 4.020000 27817677447
0.840000 -0.720000 4.080000 27817702630
0.600000 -0.840000 3.960000 27817730116
0.060000 -0.780000 4.260000 27817752413
-0.060000 -0.660000 4.380000 27817777428
-0.780000 -0.420000 4.260000 27817802682
-1.140000 -0.420000 4.740000 27817827440
-1.620000 -0.540000 4.620000 27817852432
-1.440000 -0.360000 4.680000 27817877469
-1.200000 -0.480000 4.920000 27817902631
-1.140000 -0.300000 4.860000 27817927432
-0.960000 -0.720000 4.560000 27817952454
-0.960000 -0.720000 4.800000 27817977435
-0.780000 -0.540000 4.620000 27818002659
-0.900000 -0.540000 4.620000 27818027434
-0.780000 -0.540000 4.620000 27818052419
-0.300000 -0.300000 4.260000 27818077433
-0.660000 -0.540000 4.260000 27818102628
-0.480000 -0.240000 3.720000 27818127429
-0.600000 -0.240000 3.120000 27818152421
-0.540000 -0.180000 3.060000 27818177684
-0.540000 -0.300000 2.820000 27818202665
-0.900000 -0.060000 3.180000 27818234467
-0.840000 -0.120000 3.000000 27818252435
-0.720000 -0.240000 3.120000 27818277477
-0.960000 -0.240000 3.240000 27818302651
-0.660000 -0.180000 3.180000 27818327454
-0.540000 -0.420000 3.660000 27818352467
-0.720000 -0.240000 3.720000 27818377440
-0.360000 -0.360000 3.840000 27818402647
-0.300000 -0.300000 3.660000 27818427429
-0.240000 -0.600000 3.480000 27818452432
-0.120000 -0.240000 3.720000 27818477425
-0.300000 -0.300000 3.540000 27818503534
-0.300000 -0.180000 3.540000 27818530849
-0.120000 -0.360000 3.720000 27818552466
-0.360000 -0.480000 3.480000 27818577439
-0.300000 -0.540000 3.540000 27818602459
-0.540000 -0.180000 3.540000 27818627464
-0.600000 -0.360000 3.600000 27818652481
-1.080000 -0.360000 3.600000 27818677447
-0.960000 -0.480000 3.720000 27818702686
-0.780000 -0.540000 3.540000 27818727430
-1.200000 -0.360000 3.480000 27818752450
-0.960000 -0.480000 3.480000 27818777449
-1.080000 -0.480000 3.360000 27818802654
-0.660000 -0.420000 3.300000 27818827452
-1.200000 -0.240000 3.240000 27818852461
-1.200000 -0.240000 3.360000 27818877456
-0.660000 -0.180000 3.660000 27818902638
-0.660000 -0.660000 3.540000 27818927448
-0.840000 -0.660000 3.360000 27818952450
-0.840000 -0.120000 3.360000 27818977485
-0.960000 -0.120000 3.480000 27819002725
-1.020000 -0.300000 3.420000 27819027448
-0.660000 -0.300000 3.420000 27819052454
-1.020000 -0.300000 3.420000 27819077449
-1.140000 -0.180000 3.420000 27819102664
-1.020000 -0.300000 3.660000 27819127452
-1.140000 -0.420000 3.540000 27819152479
-1.080000 0.120000 3.600000 27819177448
-1.140000 -0.180000 3.660000 27819202663
-1.020000 -0.060000 3.180000 27819227454
-1.020000 -0.180000 3.780000 27819252446
-1.020000 -0.060000 3.540000 27819277443
-1.080000 -0.120000 3.480000 27819302647
-1.260000 -0.180000 3.540000 27819327438
-1.080000 -0.480000 3.480000 27819352454
-1.200000 -0.240000 3.360000 27819377452
-0.840000 -0.120000 3.360000 27819402657
-0.900000 -0.300000 3.540000 27819427453
-0.780000 -0.180000 3.540000 27819452445
-0.900000 -0.300000 3.540000 27819477456
-1.080000 -0.240000 3.600000 27819502664
-1.200000 -0.120000 3.000000 27819527443
