2.520000 -1.767500 -5.565000 20399560622
2.537500 -3.237500 -2.905000 20399585524
2.485000 -3.115000 -1.820000 20399610596
1.977500 -5.110000 -2.590000 20399635606
0.560000 -5.757500 -1.155000 20399660627
-0.402500 -6.107500 -0.402500 20399685496
0.122500 -5.250000 -0.402500 20399710580
0.070000 -5.215000 1.050000 20399735616
1.435000 -4.672500 0.455000 20399760642
1.470000 -4.077500 -0.542500 20399785532
0.175000 -4.532500 -1.435000 20399810627
-0.262500 -5.092500 -3.500000 20399835623
-1.557500 -4.427500 -4.812500 20399860617
-2.205000 -4.375000 -3.955000 20399885565
-2.730000 -6.860000 -1.557500 20399910571
-6.212500 -4.480000 -2.660000 20399935613
-5.512500 -3.202500 -7.332500 20399960654
-5.127500 -2.537500 -4.392500 20399985554
-4.200000 -6.422500 -2.765000 20400010657
-4.935000 -4.672500 0.210000 20400035619
-8.347500 -1.172500 8.050000 20400060650
-13.650000 4.532500 21.280001 20400085547
-30.642500 -9.712500 15.067500 20400110579
-38.744999 -13.282500 15.207500 20400135624
-41.545002 -19.040001 17.202499 20400160654
-53.130001 -18.812500 15.662500 20400185548
-62.755001 -17.885000 13.230000 20400210575
-72.397499 -16.835001 14.857500 20400235627
-82.775002 -17.360001 24.447500 20400260646
-73.692497 -4.830000 32.445000 20400285480
-68.722504 4.025000 33.582500 20400310558
-62.037498 7.700000 31.710001 20400335619
-57.994999 5.915000 27.370001 20400360620
-60.532501 -1.767500 23.397501 20400385557
-71.610001 -8.890000 21.035000 20400410581
-71.872498 -8.855000 18.602501 20400435624
-78.277504 -15.837500 18.742500 20400460556
-79.677498 -15.470000 18.549999 20400485550
-76.597504 -11.375000 18.462500 20400510672
-80.010002 -15.505000 21.052500 20400535650
-84.367500 -15.907500 22.504999 20400560680
-85.925003 -17.465000 23.012501 20400585558
-82.565002 -15.242500 27.860001 20400610640
-81.970001 -16.782499 29.820000 20400635613
-79.169998 -17.080000 26.932501 20400660638
-76.580002 -12.652500 22.295000 20400685551
-71.487503 -12.355000 20.002501 20400710626
-74.724998 -17.587500 20.947500 20400735633
-76.947502 -17.885000 21.700001 20400760619
-73.639999 -10.745000 21.594999 20400785495
-67.514999 -6.107500 21.174999 20400810840
-64.715004 -7.000000 21.927500 20400835629
-75.372498 -9.537500 22.820000 20400860600
-74.550003 -3.027500 27.562500 20400885545
-71.732498 1.417500 26.302500 20400910805
-72.169998 2.712500 23.467501 20400935621
-75.985001 1.802500 21.385000 20400960609
-82.022499 7.437500 24.955000 20400985510
-82.215004 6.825000 28.262501 20401010626
-78.557503 3.902500 31.902500 20401035632
-72.747498 8.715000 30.275000 20401060616
-76.317497 5.145000 20.895000 20401085554
-84.419998 8.417500 21.857500 20401110567
-84.542503 7.245000 21.437500 20401135625
-80.709999 5.127500 20.160000 20401160611
-74.550003 13.895000 16.257500 20401185502
-74.375000 20.580000 10.080000 20401210588
-87.394997 15.312500 1.207500 20401235627
-96.705002 9.992500 0.192500 20401260618
-86.782501 17.552500 9.957500 20401285553
-79.432503 17.815001 5.915000 20401310582
-80.657501 9.625000 4.952500 20401335633
-79.852501 9.712500 10.027500 20401360621
-73.675003 10.272500 15.907500 20401385556
-77.279999 3.815000 13.352500 20401410510
-88.059998 2.345000 8.295000 20401435477
-87.097504 8.960000 2.572500 20401460623
-83.877502 6.685000 2.467500 20401485554
-87.377502 9.135000 1.382500 20401510581
-83.772499 12.145000 -1.470000 20401535430
-86.625000 5.967500 -4.602500 20401560613
-90.562500 8.715000 -3.447500 20401585545
-92.172501 4.182500 -4.095000 20401610808
-88.987503 6.405000 -0.647500 20401638230
-83.597504 -0.122500 -8.015000 20401660611
-89.967499 10.552500 -13.860000 20401685512
-88.480003 9.940000 -20.317499 20401710573
-96.652504 8.505000 -23.047501 20401735613
-91.682503 7.245000 -18.777500 20401760482
-89.180000 3.132500 -11.532500 20401785549
-92.574997 3.797500 -10.657500 20401810595
-91.209999 -1.680000 -14.297500 20401835624
-83.212502 -0.962500 -12.040000 20401860622
-72.099998 0.787500 -3.937500 20401885552
-65.239998 -4.655000 0.927500 20401910569
-61.862499 -4.060000 0.665000 20401935616
-62.474998 -9.992500 2.502500 20401960606
-67.410004 -20.807501 0.280000 20401985548
-70.402504 -26.792500 4.217500 20402010598
-68.215004 -30.309999 9.572500 20402035624
-57.889999 -31.202499 8.680000 20402060633
-51.887501 -23.975000 7.087500 20402085544
-58.939999 -23.712500 5.915000 20402110568
-61.092499 -26.355000 -1.417500 20402135617
-48.142502 -24.482500 -4.620000 20402160614
-42.017502 -17.745001 -2.660000 20402185536
-38.727501 -18.532499 -6.160000 20402210828
-38.132500 -17.552500 -7.857500 20402235630
-38.657501 0.507500 -4.707500 20402260644
-27.877501 4.655000 -3.552500 20402285517
-15.085000 -0.840000 -8.592500 20402310856
-8.505000 1.890000 -6.510000 20402335632
-5.092500 -4.637500 -9.520000 20402360656
-6.492500 -9.765000 -14.595000 20402385460
0.210000 -10.920000 -24.290001 20402410571
10.377500 -16.467501 -33.127499 20402435611
4.112500 -18.042500 -37.275002 20402460627
-5.705000 -15.680000 -29.820000 20402485544
0.717500 -22.312500 -11.585000 20402510584
4.410000 -14.630000 -2.345000 20402535628
-8.767500 -5.547500 -10.272500 20402560795
-17.535000 1.050000 -9.205000 20402585506
-16.712500 0.997500 -4.795000 20402610579
-8.697500 6.737500 -3.185000 20402635529
-10.972500 4.882500 -5.897500 20402660618
-17.045000 0.962500 -2.975000 20402685568
-16.485001 -1.610000 1.155000 20402710613
-10.797500 0.700000 2.870000 20402735645
1.715000 3.167500 3.185000 20402760624
5.460000 5.022500 3.342500 20402785550
5.827500 2.887500 -0.245000 20402810571
-3.255000 1.802500 -5.162500 20402835620
-12.232500 -4.287500 -22.330000 20402860639
-37.450001 -18.760000 -31.535000 20402885547
-68.949997 -13.632500 -34.545002 20402910591
-85.889999 -25.042500 -24.325001 20402935625
-78.715004 -30.730000 -10.517500 20402960610
-60.252499 -20.387501 -9.887500 20402985555
-47.582500 -7.927500 -17.430000 20403010607
-39.427502 4.375000 -27.702499 20403035629
-43.242500 11.970000 -33.477501 20403060603
-47.792500 14.175000 -29.365000 20403085550
-57.959999 15.312500 -21.385000 20403110564
-65.257500 17.184999 -9.450000 20403135652
-74.147499 11.882500 -4.410000 20403160607
-78.540001 13.492500 -0.910000 20403185545
-85.487503 16.432501 14.787500 20403210579
-92.802498 2.292500 36.382500 20403235618
-70.752502 -8.575000 51.380001 20403260605
-43.662498 0.140000 61.599998 20403285554
-28.822500 9.922500 59.867500 20403310570
-32.462502 5.792500 43.119999 20403335625
-45.062500 -8.120000 33.057499 20403360604
-49.630001 -11.235000 24.657499 20403385546
-47.827499 -10.640000 14.175000 20403410596
-34.160000 -4.007500 15.417500 20403435619
-22.802500 -0.910000 19.705000 20403460612
-13.195000 3.447500 22.522501 20403485545
-0.717500 6.947500 22.225000 20403510568
4.585000 11.620000 14.472500 20403535619
9.327500 7.122500 10.920000 20403560603
9.695000 -3.255000 10.640000 20403585474
7.437500 -10.675000 5.635000 20403610560
0.910000 -4.375000 2.380000 20403635645
-4.690000 -3.377500 -0.857500 20403660598
-8.330000 -3.622500 -1.680000 20403685493
-10.307500 -5.687500 -1.680000 20403710587
-9.992500 -0.682500 -3.955000 20403735643
-6.370000 1.540000 -4.690000 20403760619
-2.590000 -0.280000 -2.992500 20403785480
0.420000 0.857500 0.700000 20403811300
-2.187500 3.115000 2.677500 20403835631
-7.560000 7.542500 1.802500 20403860631
-12.390000 10.447500 -2.765000 20403885499
-13.475000 6.300000 -3.780000 20403910606
-12.950000 -48.474998 -5.320000 20403935637
-39.095001 -35.227501 -15.277500 20403960629
-79.117500 -6.212500 -6.527500 20403985524
-92.400002 10.727500 -5.880000 20404010633
-114.099998 -7.175000 -15.207500 20404035628
-126.315002 -11.182500 -20.072500 20404060630
-130.742508 -51.572498 -12.722500 20404085508
-98.437500 -24.342501 -11.340000 20404110577
-84.385002 -3.377500 -9.485000 20404135653
-79.345001 -4.025000 -6.020000 20404160648
-87.290001 -8.452500 -5.880000 20404185545
-98.542503 -12.040000 -7.087500 20404210564
-99.067497 -3.132500 -5.250000 20404235618
-90.230003 -6.580000 -1.540000 20404260621
-82.617500 -7.577500 -4.760000 20404285550
-85.872498 -9.310000 -3.622500 20404310571
-91.822502 -4.812500 -1.627500 20404335637
-98.542503 -7.332500 5.110000 20404360622
-101.394997 -7.315000 6.352500 20404385545
-100.152504 -6.457500 7.437500 20404410568
-88.900002 -4.970000 7.175000 20404435638
-83.824997 -5.442500 6.562500 20404460619
-85.207497 -14.035000 -0.980000 20404485551
-88.445000 -28.332500 -7.350000 20404510570
-88.760002 -32.584999 -5.215000 20404535638
-87.937500 -41.090000 0.507500 20404560642
-94.184998 -58.485001 -2.782500 20404585526
-94.377502 -67.847504 15.137500 20404610569
-94.955002 -67.340004 22.225000 20404636125
-103.967499 -43.837502 25.742500 20404660635
-104.650002 -25.340000 28.385000 20404685567
-97.860001 -21.735001 20.510000 20404710593
-101.254997 -20.282499 11.252500 20404735646
-106.732498 -6.982500 0.962500 20404760645
-116.602501 -16.257500 -5.652500 20404785567
-108.955002 -10.832500 -11.252500 20404810561
-100.817497 3.080000 -18.147501 20404835636
-88.235001 -2.975000 -19.022501 20404860451
-82.250000 -12.827500 -14.140000 20404885571
-87.044998 -10.272500 -10.185000 20404910574
-93.082497 -8.662500 -7.262500 20404935634
-91.122498 -8.837500 -4.497500 20404960623
-83.842499 -9.677500 -3.132500 20404985550
-85.574997 -13.702500 -4.235000 20405010597
-86.747498 -1.137500 -2.765000 20405035624
-85.995003 4.060000 -3.832500 20405060621
-76.055000 2.170000 -6.702500 20405085549
-72.169998 12.530000 -5.460000 20405110561
-86.730003 20.982500 -5.022500 20405135612
-102.252502 -0.437500 -13.825000 20405160618
-78.277504 -4.987500 -16.047501 20405185524
-55.685001 -7.052500 -12.250000 20405210649
-49.875000 -12.302500 -4.515000 20405235641
-64.540001 -12.967500 -0.420000 20405260633
-67.812500 -16.835001 1.242500 20405285572
-61.145000 -15.680000 -1.977500 20405310575
-56.314999 -10.412500 -3.622500 20405335636
-54.092499 -9.555000 -0.297500 20405360638
-55.562500 -6.300000 2.957500 20405385487
-61.040001 -3.062500 2.275000 20405410646
-64.154999 4.322500 1.750000 20405435633
-74.900002 2.870000 1.120000 20405460637
-76.352501 1.855000 -1.032500 20405485513
-71.680000 -12.040000 -2.520000 20405510587
-59.570000 -14.140000 -5.110000 20405535624
-46.812500 -10.115000 -6.002500 20405560632
-31.255001 -14.822500 -5.530000 20405585559
-32.252499 -19.372499 -6.527500 20405610567
-34.230000 -5.407500 -5.197500 20405635622
-21.455000 -12.302500 -6.020000 20405660661
-18.077499 -19.757500 -5.302500 20405685519
-17.412500 -21.070000 0.770000 20405710631
-12.582500 -24.902500 0.402500 20405735630
-17.482500 -27.440001 0.595000 20405760655
-30.712500 -25.830000 1.977500 20405785482
-27.807501 -18.445000 4.445000 20405810593
-22.137501 -2.362500 6.037500 20405835616
-15.960000 3.010000 0.682500 20405860658
-9.957500 8.347500 -2.275000 20405885561
-7.192500 -2.275000 -1.925000 20405910565
-12.110000 -8.697500 -1.575000 20405935619
-11.007500 -1.925000 -6.842500 20405960618
-3.920000 -8.750000 -9.555000 20405985543
-1.382500 -11.672500 -8.750000 20406010616
2.397500 -3.955000 -3.937500 20406035615
13.037500 -0.787500 -3.185000 20406060619
13.457500 -7.875000 -3.465000 20406085526
10.080000 -6.212500 0.542500 20406110573
11.165000 0.735000 1.925000 20406135609
14.105000 0.945000 0.997500 20406160611
10.395000 -3.517500 -0.980000 20406185468
1.977500 -5.635000 0.052500 20406210560
-1.907500 -3.500000 -0.980000 20406235613
-1.907500 -2.257500 -2.415000 20406260631
3.517500 -2.887500 -3.220000 20406285491
6.090000 -7.245000 -2.327500 20406310633
4.480000 -10.325000 -1.557500 20406335625
3.675000 -9.835000 -2.450000 20406360608
4.340000 -7.402500 -1.697500 20406385479
6.405000 -7.052500 2.257500 20406410569
8.627500 -5.337500 6.160000 20406435628
7.962500 -3.867500 3.167500 20406460627
2.222500 -0.105000 1.977500 20406485555
-1.207500 -3.657500 5.827500 20406510565
0.910000 -6.825000 5.442500 20406535613
