6.900000 4.020000 0.540000 20399546758
7.200000 4.080000 0.720000 20399571802
7.500000 4.020000 0.780000 20399596777
6.960000 3.840000 0.600000 20399621903
7.080000 3.960000 0.720000 20399646752
7.140000 4.140000 0.780000 20399671755
6.840000 3.960000 0.600000 20399696754
7.260000 4.260000 0.660000 20399721798
6.900000 4.140000 0.420000 20399746758
6.900000 4.020000 0.540000 20399771761
7.140000 4.260000 0.540000 20399796765
7.320000 3.960000 0.720000 20399821757
7.320000 3.960000 0.240000 20399846788
7.020000 4.020000 0.660000 20399871750
7.260000 3.780000 0.660000 20399896755
7.080000 3.840000 0.720000 20399921746
7.140000 4.020000 0.420000 20399946750
7.080000 4.320000 0.720000 20399971753
6.960000 4.080000 0.480000 20399996880
6.900000 4.380000 0.540000 20400021753
7.140000 4.140000 0.540000 20400046757
7.200000 4.320000 0.480000 20400071755
7.140000 4.500000 0.780000 20400096759
6.720000 4.560000 0.360000 20400121793
6.660000 4.260000 0.420000 20400146760
6.840000 4.440000 0.120000 20400171756
7.080000 4.680000 0.480000 20400196736
6.900000 4.500000 -0.180000 20400221801
6.960000 5.040000 0.360000 20400246757
7.200000 5.160000 0.360000 20400271793
6.780000 5.220000 -0.060000 20400296764
7.020000 4.980000 0.060000 20400321757
6.960000 5.280000 -0.120000 20400346756
6.900000 5.580000 0.180000 20400371768
6.840000 5.520000 -0.120000 20400396777
6.540000 5.940000 0.300000 20400421772
6.840000 6.000000 0.300000 20400446750
6.840000 6.360000 -0.120000 20400471807
6.300000 6.540000 0.060000 20400496761
6.900000 6.660000 0.180000 20400521765
6.840000 6.600000 0.120000 20400546810
6.720000 6.480000 0.120000 20400571757
6.840000 7.080000 -0.120000 20400596764
6.840000 7.200000 0.120000 20400621766
6.360000 7.320000 0.120000 20400646828
6.300000 7.740000 0.060000 20400671758
6.420000 7.500000 0.180000 20400696766
6.360000 7.680000 0.180000 20400721743
6.180000 8.099999 0.180000 20400746756
6.360000 8.040000 0.180000 20400771744
6.480000 7.800000 0.180000 20400796747
6.600000 8.040000 0.240000 20400821762
6.420000 8.460000 0.300000 20400846759
6.420000 8.580000 0.300000 20400871757
6.180000 8.580000 0.540000 20400896779
6.540000 8.940000 0.420000 20400921757
6.900000 9.059999 0.420000 20400946756
6.840000 9.000000 0.720000 20400972318
6.720000 9.120000 1.200000 20400996873
6.720000 9.120000 1.200000 20401021769
6.840000 9.360000 0.720000 20401046761
6.900000 9.420000 1.020000 20401071764
7.020000 9.660000 1.140000 20401096757
6.840000 9.840000 1.440000 20401121771
6.840000 9.840000 1.560000 20401146759
6.960000 10.080000 1.680000 20401171762
7.200000 10.200000 1.920000 20401196788
7.500000 10.139999 2.100000 20401221765
7.200000 10.080000 2.160000 20401246779
7.200000 10.320000 2.160000 20401271759
7.560000 10.559999 2.520000 20401296755
7.260000 10.500000 2.940000 20401321761
7.260000 10.740000 2.820000 20401346758
7.380000 10.740000 2.580000 20401371758
7.560000 10.559999 3.120000 20401396765
7.620000 10.620000 3.300000 20401423380
7.560000 10.800000 3.480000 20401447982
7.680000 10.920000 3.720000 20401471771
7.560000 10.920000 3.840000 20401496817
7.560000 11.040000 4.320000 20401521760
7.740000 11.099999 4.020000 20401548391
7.440000 11.040000 4.680000 20401571768
7.680000 11.400000 4.920000 20401596795
7.680000 11.160000 4.800000 20401621757
7.800000 10.800000 5.040000 20401648032
7.800000 11.040000 5.400000 20401671759
7.620000 10.980000 5.700000 20401696809
7.320000 10.920000 5.760000 20401721759
7.440000 11.040000 5.880000 20401746760
7.440000 10.920000 6.120000 20401773124
7.440000 11.280000 6.480000 20401796775
7.500000 10.860000 6.540000 20401821774
7.500000 10.860000 6.540000 20401846760
7.200000 10.800000 6.960000 20401871758
7.560000 10.800000 6.840000 20401896801
7.260000 10.860000 7.140000 20401921750
7.440000 10.679999 7.200000 20401946802
7.380000 10.500000 7.620000 20401971734
7.380000 10.620000 7.500000 20401996874
7.620000 10.620000 7.500000 20402021782
7.500000 10.740000 7.740000 20402046761
7.680000 10.559999 7.440000 20402071767
7.560000 10.440000 7.800000 20402096770
7.620000 10.020000 7.860000 20402121825
7.380000 10.380000 7.740000 20402146799
7.680000 9.960000 7.800000 20402171765
7.380000 10.020000 7.860000 20402196763
7.680000 9.960000 7.920000 20402223330
7.500000 9.900000 7.860000 20402246771
7.740000 10.020000 8.099999 20402271777
7.500000 10.139999 7.980000 20402296767
7.980000 9.900000 8.340000 20402321805
7.380000 10.020000 8.099999 20402346803
7.740000 9.900000 8.220000 20402371809
7.560000 10.080000 7.920000 20402396766
7.740000 10.139999 8.340000 20402421763
7.680000 10.080000 8.160000 20402446756
7.620000 10.139999 7.980000 20402471750
7.560000 10.440000 7.920000 20402496752
7.500000 10.380000 8.220000 20402521740
7.440000 9.960000 8.160000 20402546774
7.620000 10.380000 7.980000 20402571766
7.560000 10.200000 8.160000 20402596764
7.200000 9.960000 8.280000 20402621755
7.260000 10.260000 8.340000 20402646755
7.080000 10.080000 8.280000 20402671763
7.020000 10.020000 8.340000 20402696798
7.200000 10.080000 8.160000 20402721758
7.200000 10.200000 8.160000 20402746751
7.500000 10.380000 7.980000 20402771797
7.260000 10.020000 8.460000 20402796759
7.320000 10.320000 8.520000 20402821778
7.320000 10.200000 8.400000 20402846760
7.140000 10.139999 8.580000 20402871758
6.960000 10.080000 8.639999 20402896759
7.260000 9.900000 8.820000 20402921760
7.320000 9.719999 8.520000 20402946798
7.020000 9.660000 8.700000 20402971754
7.140000 9.780000 9.179999 20402996871
7.200000 9.599999 9.000000 20403021766
7.020000 9.540000 8.940000 20403046793
7.140000 9.780000 9.420000 20403071772
6.600000 9.480000 9.120000 20403096753
6.780000 9.420000 9.420000 20403121751
6.360000 9.240000 9.599999 20403146758
6.660000 9.300000 9.540000 20403171763
6.600000 9.120000 9.719999 20403196763
6.780000 8.460000 9.900000 20403221771
6.780000 8.340000 9.900000 20403246760
6.780000 8.340000 9.780000 20403271765
6.660000 7.980000 9.900000 20403296766
6.660000 7.860000 9.780000 20403321749
6.660000 7.980000 10.020000 20403346775
6.900000 7.500000 10.260000 20403371757
6.720000 7.440000 10.080000 20403396757
6.960000 7.200000 10.080000 20403421759
6.900000 7.380000 10.380000 20403446761
6.840000 7.440000 9.960000 20403471845
6.900000 7.140000 10.020000 20403496778
7.020000 7.020000 9.900000 20403521758
7.020000 7.140000 10.139999 20403546756
6.960000 7.200000 10.320000 20403571764
6.660000 7.260000 10.020000 20403596779
6.780000 7.500000 10.380000 20403621887
7.020000 7.140000 10.139999 20403646768
6.780000 6.900000 10.260000 20403671761
6.840000 6.960000 9.840000 20403696794
6.900000 6.780000 10.139999 20403722069
6.960000 7.200000 10.080000 20403746756
7.140000 7.260000 9.900000 20403771838
6.960000 6.960000 10.080000 20403796762
6.720000 6.840000 10.320000 20403821795
6.600000 7.080000 10.320000 20403846778
6.900000 7.020000 9.900000 20403871780
6.840000 7.200000 10.320000 20403896815
6.900000 6.780000 10.020000 20403921761
6.840000 6.720000 10.080000 20403946798
6.840000 6.480000 10.320000 20403971840
6.780000 6.660000 10.500000 20403996926
6.420000 5.820000 10.260000 20404021796
6.540000 5.820000 10.139999 20404046757
7.020000 5.460000 10.139999 20404071759
7.140000 5.700000 10.020000 20404096769
7.080000 5.160000 9.840000 20404121769
7.020000 4.980000 10.020000 20404146760
6.960000 4.800000 10.080000 20404171758
6.960000 4.560000 9.719999 20404196756
7.020000 4.260000 9.900000 20404221768
6.960000 4.440000 9.719999 20404246759
7.020000 4.140000 9.780000 20404271763
7.080000 4.080000 9.599999 20404296756
6.960000 3.720000 9.480000 20404321797
6.780000 3.300000 9.300000 20404346797
6.960000 3.480000 9.360000 20404371801
6.840000 3.000000 9.000000 20404396781
6.720000 3.120000 9.120000 20404421792
7.020000 2.580000 9.059999 20404446752
6.720000 2.760000 8.880000 20404471759
7.140000 2.580000 8.580000 20404496768
6.660000 2.340000 8.220000 20404521755
7.020000 1.860000 8.220000 20404546790
6.900000 2.100000 8.220000 20404571752
7.200000 1.920000 8.040000 20404596803
7.320000 1.920000 7.680000 20404621761
7.320000 1.680000 7.320000 20404646782
7.200000 1.320000 7.080000 20404671805
6.900000 1.500000 6.900000 20404696761
7.320000 1.200000 6.360000 20404721749
6.780000 1.020000 6.420000 20404746752
7.200000 1.320000 6.360000 20404771760
7.080000 0.960000 5.760000 20404796808
7.200000 0.960000 5.520000 20404821757
7.440000 1.200000 5.280000 20404846752
7.440000 1.440000 5.040000 20404871758
7.080000 1.080000 5.280000 20404896757
7.200000 1.080000 4.920000 20404921821
7.260000 1.260000 4.620000 20404946760
7.080000 1.200000 4.680000 20404971758
7.080000 1.320000 3.960000 20404996882
7.140000 1.380000 4.500000 20405021758
7.080000 1.200000 3.960000 20405046757
7.500000 1.500000 3.900000 20405071761
7.260000 1.980000 3.420000 20405096793
7.500000 1.620000 3.420000 20405121753
7.380000 1.380000 3.420000 20405146753
7.620000 1.500000 2.940000 20405171777
7.620000 1.980000 2.940000 20405196762
7.500000 1.740000 2.940000 20405221764
7.140000 1.980000 2.940000 20405246954
7.200000 1.920000 2.640000 20405271945
7.260000 1.980000 2.820000 20405296926
7.440000 2.280000 2.520000 20405321947
7.380000 2.220000 2.460000 20405346947
7.440000 2.280000 2.280000 20405371955
7.500000 2.460000 2.340000 20405400370
7.620000 2.700000 1.980000 20405421797
7.500000 2.820000 2.100000 20405446793
7.440000 2.760000 2.160000 20405471771
7.620000 2.820000 1.740000 20405496765
7.380000 2.820000 1.500000 20405521778
7.440000 2.880000 1.800000 20405546797
7.380000 2.940000 1.860000 20405571799
7.500000 3.180000 1.620000 20405596754
7.500000 3.180000 1.620000 20405621756
7.620000 3.300000 1.260000 20405646753
7.380000 3.420000 1.500000 20405671766
7.320000 3.480000 1.680000 20405696773
7.320000 3.360000 1.200000 20405721760
7.380000 3.420000 1.620000 20405746758
7.560000 3.360000 1.440000 20405771753
7.380000 3.780000 1.020000 20405796759
7.200000 3.480000 0.840000 20405821766
7.320000 3.720000 1.200000 20405846750
7.320000 3.960000 1.320000 20405871757
7.440000 3.480000 1.200000 20405896759
7.080000 3.840000 1.320000 20405921759
7.140000 3.660000 1.020000 20405946762
7.560000 3.960000 1.320000 20405971826
7.020000 3.540000 1.140000 20405996920
7.080000 3.840000 1.200000 20406021758
7.200000 3.720000 1.320000 20406046760
7.440000 3.720000 1.320000 20406071767
7.260000 3.780000 0.900000 20406096792
7.500000 3.900000 1.260000 20406121764
7.260000 3.780000 1.260000 20406146759
7.380000 3.780000 1.140000 20406171763
7.500000 3.660000 1.380000 20406196755
7.740000 3.540000 1.380000 20406221778
7.500000 3.420000 1.260000 20406246759
7.740000 3.660000 1.140000 20406271802
7.440000 3.600000 1.440000 20406296759
7.500000 3.300000 1.140000 20406321758
7.560000 3.600000 0.960000 20406346751
7.320000 3.720000 1.080000 20406371758
7.500000 3.660000 0.900000 20406396761
7.200000 3.600000 0.960000 20406421768
7.140000 3.540000 1.260000 20406446755
7.320000 3.720000 1.320000 20406471825
7.380000 3.660000 1.260000 20406496774
7.320000 3.480000 1.320000 20406521770
