8.520000 4.440000 1.680000 19031735193
8.580000 4.620000 1.980000 19031760185
8.700000 4.740000 1.740000 19031785195
8.639999 4.320000 1.680000 19031810460
8.520000 4.440000 1.680000 19031835198
8.639999 4.560000 1.920000 19031860194
8.400000 4.320000 1.800000 19031885201
8.400000 4.320000 1.800000 19031910461
8.700000 4.500000 1.620000 19031935199
8.700000 4.380000 1.860000 19031960201
8.820000 4.380000 1.620000 19031985195
8.700000 4.500000 2.100000 19032010475
8.639999 4.440000 1.320000 19032035198
8.400000 4.440000 2.040000 19032060189
8.639999 4.440000 1.920000 19032085201
8.639999 4.440000 1.920000 19032110459
8.639999 4.560000 1.680000 19032135217
8.520000 4.560000 1.680000 19032160199
8.340000 4.620000 2.100000 19032185197
8.520000 4.560000 1.800000 19032210457
8.460000 4.500000 1.500000 19032235203
8.220000 4.500000 1.620000 19032260187
8.340000 4.380000 1.380000 19032285197
8.220000 4.500000 1.500000 19032310458
8.160000 4.320000 1.440000 19032335197
8.099999 4.140000 1.260000 19032360198
8.220000 4.620000 1.500000 19032385231
8.040000 4.320000 1.320000 19032410413
7.980000 4.620000 1.260000 19032435196
7.740000 4.500000 1.380000 19032460180
7.860000 4.020000 1.260000 19032485189
7.800000 4.080000 1.560000 19032510437
7.920000 4.320000 1.080000 19032535216
7.620000 4.260000 1.260000 19032560190
7.860000 4.020000 1.380000 19032585198
7.680000 4.200000 1.560000 19032610434
7.500000 4.380000 1.380000 19032635192
7.860000 4.140000 1.500000 19032660187
7.740000 3.900000 1.260000 19032685176
7.800000 4.320000 1.080000 19032710423
7.800000 4.080000 1.320000 19032735190
7.740000 3.780000 1.020000 19032760175
7.560000 3.840000 1.200000 19032785181
7.620000 3.900000 1.260000 19032810428
7.620000 3.540000 1.380000 19032835190
7.920000 3.960000 1.440000 19032860181
7.440000 4.080000 1.440000 19032885184
7.560000 3.840000 1.680000 19032910427
7.620000 3.780000 1.140000 19032935184
7.980000 4.020000 1.500000 19032960184
7.800000 3.960000 1.200000 19032985191
7.560000 4.200000 1.080000 19033010435
7.500000 3.900000 1.380000 19033035180
7.560000 3.840000 1.560000 19033060202
7.500000 3.660000 1.260000 19033085185
7.560000 3.840000 1.080000 19033110417
7.620000 3.540000 1.140000 19033135182
7.620000 3.780000 1.380000 19033160180
7.500000 3.780000 1.140000 19033185206
7.380000 3.780000 1.380000 19033210429
7.560000 3.720000 1.440000 19033235184
7.440000 3.720000 1.320000 19033260178
7.260000 3.780000 1.500000 19033285191
7.500000 3.900000 1.260000 19033310422
7.380000 3.780000 1.500000 19033335179
7.500000 3.780000 1.260000 19033360181
7.500000 3.660000 1.380000 19033385187
7.320000 3.840000 1.440000 19033410426
7.380000 3.900000 1.140000 19033435178
7.560000 3.840000 1.440000 19033460202
7.320000 3.960000 1.080000 19033485189
7.500000 3.900000 1.380000 19033510389
7.680000 3.960000 1.320000 19033535187
7.620000 3.540000 1.380000 19033560357
7.740000 4.020000 1.260000 19033585185
7.620000 3.780000 1.380000 19033610625
7.380000 4.020000 1.260000 19033635191
7.740000 3.900000 1.500000 19033660359
7.920000 4.080000 1.080000 19033685191
7.740000 3.900000 1.380000 19033710653
7.680000 4.200000 1.440000 19033735183
7.920000 4.320000 1.320000 19033760363
7.740000 4.380000 1.380000 19033785190
8.160000 4.440000 1.200000 19033810622
8.099999 4.380000 1.380000 19033835208
7.920000 4.440000 1.200000 19033860362
8.220000 4.740000 1.620000 19033885194
8.099999 4.500000 1.260000 19033910614
7.920000 4.800000 1.200000 19033935190
8.160000 5.160000 1.200000 19033960371
8.460000 4.620000 1.140000 19033985181
8.340000 4.860000 1.500000 19034010668
8.160000 4.920000 1.200000 19034035175
8.460000 5.100000 1.380000 19034060373
8.520000 4.920000 1.560000 19034085308
8.160000 5.160000 1.560000 19034110690
8.460000 5.340000 1.500000 19034135174
8.940000 5.580000 1.500000 19034160373
8.580000 5.460000 1.260000 19034185192
8.760000 5.640000 1.560000 19034210650
8.940000 5.580000 1.500000 19034235178
8.639999 5.760000 1.560000 19034260368
8.940000 6.180000 1.500000 19034285194
8.940000 6.180000 1.500000 19034310640
8.700000 6.060000 1.380000 19034335187
8.639999 6.360000 1.320000 19034360400
8.700000 6.300000 1.620000 19034385184
8.820000 6.300000 1.860000 19034410654
8.760000 6.600000 1.560000 19034435189
8.820000 6.660000 1.740000 19034460370
8.700000 6.180000 1.620000 19034485208
8.760000 6.600000 1.800000 19034510678
8.280000 6.840000 1.680000 19034535198
8.639999 6.480000 1.560000 19034560372
8.760000 6.720000 1.560000 19034585192
8.400000 6.720000 1.800000 19034610630
8.820000 7.140000 1.740000 19034635184
8.820000 6.780000 1.500000 19034660367
8.820000 6.780000 1.620000 19034685191
8.880000 6.960000 1.560000 19034710636
8.580000 7.020000 1.500000 19034735190
8.639999 7.080000 1.320000 19034760375
8.639999 7.080000 1.080000 19034785186
8.639999 7.320000 1.680000 19034810627
8.580000 7.140000 1.620000 19034835193
8.220000 7.260000 1.620000 19034860375
8.580000 7.260000 1.260000 19034885188
8.340000 7.260000 1.500000 19034910632
8.400000 7.440000 1.320000 19034935184
8.340000 7.260000 1.620000 19034960382
8.280000 7.560000 1.200000 19034985187
8.160000 7.560000 1.560000 19035010685
8.040000 7.560000 1.560000 19035035186
7.980000 7.500000 1.380000 19035060379
8.099999 7.500000 1.380000 19035085191
8.040000 7.800000 1.800000 19035110637
7.920000 7.680000 1.200000 19035135205
7.980000 7.860000 1.380000 19035160398
8.040000 7.800000 1.320000 19035185186
7.980000 7.740000 1.620000 19035210649
7.920000 7.440000 1.680000 19035235194
7.740000 7.620000 1.380000 19035260385
7.800000 7.440000 1.200000 19035285186
7.800000 7.800000 1.440000 19035310636
8.040000 7.440000 1.560000 19035335192
7.860000 7.620000 1.260000 19035360393
7.860000 7.860000 1.500000 19035385226
7.980000 7.620000 1.500000 19035410643
7.920000 7.440000 1.440000 19035435191
7.740000 7.620000 1.260000 19035460386
7.920000 7.800000 1.200000 19035485187
8.099999 7.500000 1.260000 19035510657
8.400000 7.440000 1.080000 19035535193
7.920000 7.560000 1.440000 19035560397
8.160000 7.440000 1.440000 19035585185
7.980000 7.380000 1.500000 19035610706
7.560000 7.320000 1.320000 19035635195
8.220000 7.380000 1.380000 19035660210
8.400000 7.440000 1.200000 19035685733
8.160000 7.440000 1.200000 19035710466
7.860000 7.380000 1.140000 19035735191
8.220000 7.260000 1.020000 19035760189
8.160000 7.440000 1.440000 19035785200
7.920000 6.960000 1.320000 19035810461
8.280000 6.840000 1.200000 19035835192
8.040000 6.720000 1.080000 19035860190
8.460000 7.020000 1.260000 19035885265
8.280000 6.840000 1.320000 19035910481
8.099999 6.660000 1.260000 19035935196
8.040000 6.480000 1.200000 19035960180
8.340000 6.420000 1.260000 19035985204
7.980000 6.300000 1.260000 19036010492
8.340000 6.300000 1.020000 19036035196
8.280000 6.360000 1.320000 19036060193
8.280000 6.360000 1.320000 19036085194
8.400000 6.120000 1.440000 19036110463
8.160000 6.240000 1.440000 19036135189
8.340000 6.180000 1.380000 19036160193
8.220000 5.940000 1.620000 19036185217
7.980000 5.820000 1.500000 19036210466
8.160000 5.760000 1.320000 19036235196
8.220000 5.940000 1.620000 19036260191
8.040000 5.880000 1.320000 19036285197
7.920000 5.640000 1.320000 19036310480
8.400000 5.640000 1.320000 19036335195
8.460000 5.460000 1.260000 19036360194
8.220000 5.580000 1.260000 19036385194
8.340000 5.820000 1.620000 19036410448
8.220000 5.940000 1.260000 19036435206
7.920000 5.880000 1.080000 19036460183
8.099999 5.580000 1.020000 19036485191
8.160000 5.640000 1.560000 19036510473
7.920000 5.400000 1.680000 19036535192
7.980000 5.700000 1.380000 19036560189
8.340000 5.460000 1.260000 19036585198
7.980000 5.820000 1.620000 19036610449
8.160000 5.760000 1.200000 19036635189
8.099999 5.700000 1.140000 19036660273
8.400000 6.000000 1.200000 19036685191
8.220000 6.180000 1.260000 19036710587
8.280000 6.120000 1.320000 19036735188
8.220000 6.060000 1.260000 19036760310
8.280000 6.360000 1.200000 19036785191
8.220000 6.540000 1.260000 19036810577
8.040000 6.360000 1.320000 19036835193
8.040000 6.360000 1.440000 19036860182
8.220000 6.540000 1.260000 19036885216
8.220000 6.660000 1.260000 19036910454
8.220000 6.780000 1.260000 19036935195
8.099999 6.780000 1.380000 19036960182
8.460000 6.900000 1.500000 19036985195
8.400000 7.080000 1.320000 19037010492
7.980000 7.020000 1.260000 19037035194
7.980000 6.780000 1.260000 19037060185
8.220000 7.380000 1.260000 19037085329
8.099999 6.900000 1.020000 19037110694
8.040000 7.080000 1.320000 19037135201
8.099999 7.260000 0.900000 19037160186
7.980000 7.260000 1.380000 19037185203
8.160000 7.440000 1.200000 19037210467
7.920000 7.320000 1.440000 19037235202
7.860000 7.380000 1.140000 19037260195
7.860000 7.500000 1.260000 19037285202
8.460000 7.260000 1.020000 19037310476
7.980000 7.380000 1.260000 19037335198
8.340000 7.260000 0.780000 19037360198
8.340000 7.260000 1.380000 19037385221
8.099999 7.380000 1.380000 19037410571
8.160000 7.440000 1.200000 19037435215
7.920000 7.440000 1.320000 19037460200
8.280000 7.200000 0.960000 19037485205
8.099999 7.500000 1.140000 19037510477
8.160000 7.560000 0.960000 19037535211
7.440000 7.680000 1.320000 19037560195
7.920000 7.560000 1.320000 19037585205
7.920000 7.320000 1.200000 19037610483
7.860000 7.380000 1.020000 19037635195
8.400000 7.560000 1.200000 19037660192
7.860000 7.500000 1.380000 19037685196
8.220000 7.380000 1.260000 19037710463
8.099999 7.260000 1.380000 19037735199
8.160000 7.440000 1.080000 19037760201
7.980000 7.260000 0.900000 19037785198
7.920000 7.320000 1.080000 19037810460
8.040000 7.200000 1.200000 19037835205
8.280000 7.320000 1.200000 19037860194
8.099999 7.260000 1.380000 19037885198
7.920000 6.720000 1.320000 19037910470
8.160000 7.080000 1.440000 19037935199
8.400000 7.320000 1.080000 19037960178
7.920000 6.840000 1.200000 19037985200
8.340000 7.020000 1.260000 19038010457
8.280000 6.960000 1.080000 19038035204
8.340000 6.900000 1.020000 19038060193
8.520000 6.840000 1.320000 19038085194
8.160000 6.840000 1.440000 19038110448
8.340000 6.900000 1.260000 19038135228
8.280000 6.600000 1.440000 19038160190
8.580000 6.660000 1.380000 19038185201
8.340000 6.780000 1.260000 19038210445
7.800000 6.600000 1.200000 19038235217
8.220000 6.300000 1.140000 19038260187
7.680000 6.360000 1.560000 19038285207
8.220000 6.420000 1.620000 19038310426
8.520000 6.000000 1.320000 19038335200
8.280000 6.240000 1.080000 19038360189
8.220000 6.300000 1.620000 19038385233
8.340000 6.060000 1.140000 19038410417
8.220000 6.060000 1.260000 19038435173
8.280000 5.880000 1.200000 19038460167
8.220000 5.700000 1.260000 19038485207
7.860000 5.820000 1.260000 19038510455
8.220000 5.820000 1.260000 19038535200
8.160000 5.640000 1.200000 19038560191
8.040000 5.760000 1.560000 19038585194
7.860000 5.580000 1.380000 19038610444
8.160000 5.520000 1.440000 19038635191
8.160000 5.400000 1.080000 19038660193
8.040000 5.520000 1.320000 19038685187
8.280000 5.400000 0.840000 19038710432
7.980000 5.580000 1.380000 19038735195
7.920000 5.520000 1.320000 19038760185
8.040000 5.400000 1.320000 19038785186
8.099999 5.460000 1.260000 19038810429
8.040000 5.400000 1.320000 19038835189
8.099999 5.700000 1.620000 19038860188
8.220000 5.460000 1.380000 19038885188
8.400000 5.160000 1.080000 19038910424
8.160000 5.280000 1.320000 19038935189
8.160000 5.520000 1.320000 19038960163
8.220000 5.340000 1.140000 19038985197
7.980000 5.340000 1.020000 19039010575
8.160000 5.400000 1.200000 19039035185
8.099999 5.340000 0.900000 19039060301
8.280000 5.040000 1.440000 19039085194
8.280000 5.640000 1.200000 19039110557
8.280000 5.520000 1.080000 19039135199
8.099999 5.220000 1.380000 19039160306
8.340000 5.580000 1.260000 19039185195
8.099999 5.460000 1.380000 19039210556
