0.098067 0.058840 9.551678 22013633060
0.078453 0.029420 9.581099 22013658046
0.058840 0.029420 9.551678 22013683050
0.068647 0.019613 9.541871 22013708046
0.098067 0.029420 9.522259 22013733059
0.078453 0.049033 9.522259 22013758032
0.088260 0.019613 9.502645 22013783058
0.088260 0.019613 9.571292 22013808037
0.098067 0.019613 9.532065 22013833057
0.058840 0.058840 9.502645 22013858045
0.098067 0.049033 9.492838 22013883059
0.088260 0.058840 9.522259 22013908043
0.078453 0.049033 9.512452 22013933062
0.078453 0.049033 9.551678 22013958044
0.058840 0.068647 9.522259 22013983056
0.078453 0.058840 9.551678 22014008043
0.088260 0.009807 9.551678 22014033064
0.107873 0.009807 9.551678 22014058040
0.107873 0.009807 9.541871 22014083051
0.117680 0.009807 9.571292 22014108062
0.107873 0.009807 9.522259 22014133060
0.098067 0.019613 9.551678 22014158036
0.088260 0.019613 9.561485 22014183056
0.107873 0.009807 9.590905 22014208039
0.107873 0.009807 9.473226 22014233055
0.068647 -0.009807 9.698778 22014258050
0.068647 0.019613 9.600712 22014283057
0.098067 -0.009807 9.581099 22014308045
0.058840 0.009807 9.541871 22014333077
0.196133 -0.274586 9.551678 22014358061
0.245166 -0.451106 9.532065 22014383058
-0.019613 -0.264780 9.600712 22014408053
-0.107873 -0.431493 9.561485 22014433064
-0.166713 -0.617819 9.483032 22014458060
-0.166713 -0.637432 9.541871 22014483058
-0.088260 -0.529559 9.679165 22014508046
-0.117680 -0.421686 9.600712 22014533058
-0.088260 -0.215746 9.473226 22014558055
0.098067 -0.117680 9.610518 22014583045
0.058840 -0.058840 9.620325 22014608056
0.058840 0.068647 9.610518 22014633049
0.029420 0.117680 9.659552 22014658054
0.039227 -0.098067 9.649745 22014683057
-0.088260 0.098067 9.738005 22014708061
-0.107873 0.215746 9.845878 22014733057
-0.098067 0.058840 9.551678 22014758059
-0.019613 -0.147100 9.600712 22014783056
-0.039227 -0.205940 9.738005 22014808059
-0.088260 -0.254973 9.649745 22014833060
-0.147100 0.009807 9.787038 22014858060
-0.137293 0.029420 9.610518 22014883056
-0.107873 -0.186326 9.502645 22014908060
-0.137293 -0.186326 9.512452 22014933051
-0.098067 -0.156906 9.483032 22014958056
-0.107873 -0.088260 9.679165 22014983053
-0.049033 -0.107873 9.561485 22015008049
-0.049033 0.039227 9.649745 22015033058
-0.137293 0.088260 9.561485 22015058045
-0.098067 0.088260 9.551678 22015083235
-0.117680 0.117680 9.630132 22015108015
-0.186326 0.176520 9.630132 22015133054
-0.009807 0.353039 9.433999 22015158056
0.147100 0.500139 9.463418 22015183046
0.068647 0.411879 9.453611 22015208072
0.166713 0.284393 9.257479 22015233050
0.333426 0.441299 9.492838 22015258077
0.431493 0.588399 9.492838 22015283057
0.245166 1.657324 9.394772 22015308092
0.862985 1.912297 9.649745 22015333063
0.637432 1.019892 9.561485 22015358068
0.558979 0.598206 9.532065 22015383065
0.411879 0.402073 9.463418 22015408065
0.254973 0.215746 9.502645 22015433067
0.156906 0.098067 9.551678 22015458061
0.039227 -0.009807 9.620325 22015483058
-0.215746 -0.333426 9.581099 22015508064
-0.323619 -0.441299 9.463418 22015535940
-0.313813 -0.333426 9.728198 22015558071
-0.343233 -0.343233 9.404578 22015583061
-0.392266 -0.421686 9.610518 22015608064
-0.294200 -0.254973 9.512452 22015633062
-0.078453 -0.039227 9.453611 22015658059
-0.166713 -0.147100 9.473226 22015683057
-0.235360 -0.068647 9.532065 22015708060
-0.166713 0.039227 9.433999 22015733062
-0.196133 -0.009807 9.463418 22015758054
-0.274586 0.107873 9.433999 22015783054
-0.215746 0.078453 9.463418 22015808065
-0.147100 0.068647 9.590905 22015833057
0.019613 0.147100 9.522259 22015858059
-0.009807 0.107873 9.443805 22015883063
0.049033 0.127486 9.532065 22015908050
-0.009807 0.137293 9.492838 22015933069
-0.058840 0.147100 9.443805 22015958060
-0.137293 0.098067 9.345738 22015983056
-0.156906 0.117680 9.483032 22016008064
-0.156906 0.127486 9.345738 22016033054
-0.137293 0.078453 9.551678 22016058057
-0.029420 0.176520 9.541871 22016083065
0.088260 0.235360 9.473226 22016108063
0.058840 0.107873 9.502645 22016133064
0.107873 0.137293 9.355545 22016158045
0.039227 0.127486 9.561485 22016183058
0.019613 0.127486 9.532065 22016208059
0.029420 0.137293 9.561485 22016233057
0.186326 0.107873 9.532065 22016258035
0.107873 0.088260 9.512452 22016283063
0.107873 0.137293 9.688972 22016308046
-0.019613 0.196133 9.443805 22016333069
-0.088260 0.098067 9.649745 22016358056
-0.088260 0.117680 9.541871 22016383058
-0.166713 0.147100 9.581099 22016408062
-0.284393 0.049033 9.532065 22016433064
-0.245166 0.137293 9.443805 22016458050
-0.313813 0.304006 9.571292 22016483058
-0.294200 0.411879 9.541871 22016508068
-0.117680 0.245166 9.630132 22016533053
-0.039227 0.225553 9.590905 22016558063
0.205940 0.058840 9.777231 22016583053
0.049033 0.254973 9.424192 22016608071
0.333426 0.107873 9.522259 22016633059
0.441299 0.107873 9.551678 22016658060
0.470719 0.039227 9.571292 22016683060
0.402073 0.039227 9.571292 22016708062
0.372653 0.039227 9.561485 22016733057
0.205940 0.049033 9.483032 22016758059
0.156906 0.176520 9.483032 22016783061
-0.029420 0.304006 9.620325 22016808053
-0.039227 0.392266 9.581099 22016833056
-0.186326 0.313813 9.659552 22016858056
-0.156906 0.058840 9.512452 22016883067
-0.117680 0.117680 9.492838 22016908063
-0.009807 -0.068647 9.639938 22016933060
0.029420 -0.078453 9.639938 22016958062
0.156906 -0.215746 9.698778 22016983069
0.274586 -0.205940 9.679165 22017008773
0.235360 -0.147100 9.600712 22017035887
0.176520 -0.009807 9.659552 22017058077
0.098067 -0.313813 9.757618 22017083031
0.049033 -0.019613 9.620325 22017108006
0.058840 0.019613 9.659552 22017133033
0.088260 -0.049033 9.669358 22017158045
0.009807 0.078453 9.561485 22017183062
-0.068647 0.176520 9.551678 22017208078
-0.137293 0.254973 9.688972 22017233019
-0.156906 0.372653 9.473226 22017258056
0.019613 0.196133 9.620325 22017283057
0.039227 0.107873 9.414385 22017308046
0.098067 0.009807 9.541871 22017333014
0.264780 0.009807 9.561485 22017358063
0.264780 0.058840 9.384965 22017383035
0.333426 0.029420 9.247672 22017408057
0.411879 -0.009807 9.345738 22017433037
0.323619 -0.049033 9.473226 22017458052
0.294200 -0.049033 9.561485 22017483093
0.215746 -0.029420 9.512452 22017508062
0.117680 0.078453 9.571292 22017533018
0.029420 0.088260 9.581099 22017558056
-0.039227 0.264780 9.541871 22017583052
-0.029420 0.245166 9.443805 22017608047
-0.058840 0.186326 9.424192 22017633040
0.049033 0.186326 9.414385 22017658062
0.107873 -0.098067 9.404578 22017683043
0.147100 0.009807 9.384965 22017708050
0.225553 -0.019613 9.492838 22017733036
0.245166 -0.029420 9.384965 22017758064
0.225553 -0.137293 9.433999 22017783059
0.235360 -0.098067 9.541871 22017808040
0.107873 0.039227 9.669358 22017833038
0.058840 0.098067 9.679165 22017858058
0.019613 0.088260 9.532065 22017883063
-0.039227 0.117680 9.443805 22017908065
-0.039227 0.196133 9.463418 22017933030
0.009807 0.107873 9.384965 22017958063
0.039227 0.019613 9.600712 22017983051
0.137293 0.147100 9.522259 22018008046
0.078453 0.186326 9.610518 22018033041
0.088260 0.166713 9.551678 22018058070
0.117680 0.205940 9.473226 22018084312
0.068647 0.196133 9.541871 22018108021
0.176520 0.186326 9.414385 22018133031
0.147100 0.156906 9.483032 22018158062
0.205940 0.205940 9.473226 22018183062
0.254973 0.019613 9.463418 22018208055
0.274586 -0.009807 9.639938 22018233040
0.284393 -0.039227 9.384965 22018258065
0.451106 -0.156906 9.561485 22018283072
0.529559 -0.098067 9.483032 22018308053
0.490333 -0.078453 9.551678 22018333041
0.441299 -0.107873 9.473226 22018358072
0.353039 0.019613 9.473226 22018383072
0.304006 0.049033 9.659552 22018408063
0.215746 0.107873 9.561485 22018433048
0.215746 0.117680 9.404578 22018458067
0.304006 0.019613 9.630132 22018483060
0.304006 -0.058840 9.630132 22018508061
0.186326 -0.127486 9.669358 22018533033
0.176520 -0.137293 9.345738 22018558064
0.254973 -0.186326 9.473226 22018583053
0.196133 -0.333426 9.649745 22018608055
0.245166 -0.372653 9.688972 22018633034
0.264780 -0.284393 9.522259 22018658053
0.333426 -0.254973 9.414385 22018683054
0.264780 -0.313813 9.532065 22018708062
0.235360 -0.402073 9.502645 22018733035
0.333426 -0.470719 9.590905 22018758063
0.431493 -0.372653 9.600712 22018783053
0.313813 -0.441299 9.600712 22018808065
0.284393 -0.411879 9.522259 22018833033
0.225553 -0.294200 9.698778 22018858064
0.156906 -0.127486 9.443805 22018883056
0.049033 -0.078453 9.404578 22018908063
-0.039227 -0.088260 9.492838 22018933032
-0.029420 -0.098067 9.600712 22018958070
-0.117680 -0.215746 9.512452 22018983053
-0.107873 -0.088260 9.463418 22019008040
-0.039227 -0.058840 9.600712 22019033036
-0.029420 -0.029420 9.620325 22019058068
0.009807 0.078453 9.698778 22019083050
-0.068647 -0.254973 9.541871 22019108068
-0.186326 -0.313813 9.561485 22019133021
-0.245166 -0.137293 9.502645 22019158063
-0.147100 -0.098067 9.639938 22019183047
-0.205940 -0.225553 9.630132 22019208067
-0.245166 -0.323619 9.414385 22019233024
-0.186326 -0.284393 9.443805 22019258061
-0.058840 -0.196133 9.541871 22019283048
0.088260 -0.215746 9.698778 22019308095
0.049033 -0.196133 9.718391 22019333029
0.049033 -0.166713 9.718391 22019358063
0.019613 -0.019613 9.806651 22019383044
-0.107873 0.019613 9.728198 22019408062
-0.205940 0.088260 9.492838 22019433026
-0.323619 0.019613 9.532065 22019458064
-0.264780 0.068647 9.659552 22019483046
-0.127486 0.019613 9.551678 22019508065
-0.166713 0.068647 9.630132 22019533025
-0.098067 -0.107873 9.512452 22019558057
-0.019613 -0.088260 9.522259 22019583040
-0.029420 -0.009807 9.541871 22019608063
-0.068647 -0.009807 9.453611 22019633024
-0.098067 -0.049033 9.463418 22019658063
-0.098067 -0.039227 9.463418 22019683033
0.029420 -0.039227 9.532065 22019708062
0.137293 -0.039227 9.404578 22019733025
-0.029420 -0.039227 9.483032 22019758056
0.058840 0.058840 9.512452 22019783033
0.049033 0.009807 9.453611 22019808061
0.029420 0.088260 9.433999 22019833033
0.058840 -0.019613 9.492838 22019858065
0.029420 -0.127486 9.424192 22019883039
-0.235360 0.284393 9.630132 22019908061
-0.166713 0.304006 9.551678 22019933014
-0.137293 0.147100 9.453611 22019958049
-0.127486 0.186326 9.453611 22019983040
0.019613 0.107873 9.365352 22020008050
0.058840 -0.009807 9.384965 22020033031
0.068647 0.009807 9.463418 22020058057
0.058840 -0.049033 9.345738 22020083039
0.039227 0.039227 9.463418 22020108019
0.039227 0.068647 9.590905 22020132999
0.078453 -0.088260 9.414385 22020158015
0.078453 -0.049033 9.453611 22020182990
0.107873 -0.127486 9.473226 22020208048
0.019613 0.098067 9.502645 22020232995
0.009807 0.078453 9.728198 22020258051
0.088260 0.078453 9.620325 22020283039
0.088260 0.294200 9.502645 22020308048
0.088260 0.274586 9.532065 22020333003
0.166713 -0.029420 9.492838 22020358059
0.235360 -0.137293 9.512452 22020383049
0.235360 -0.245166 9.551678 22020408056
0.166713 -0.186326 9.522259 22020433011
-0.009807 -0.029420 9.551678 22020458057
-0.215746 0.166713 9.522259 22020483053
-0.284393 0.245166 9.473226 22020508053
0.088260 -0.098067 9.532065 22020533006
0.225553 -0.186326 9.512452 22020558055
0.225553 -0.304006 9.649745 22020583052
0.156906 -0.137293 9.061346 22020608039
0.137293 -0.098067 9.443805 22020633014
0.088260 -0.098067 9.522259 22020658064
0.058840 0.205940 9.718391 22020683047
0.029420 0.558979 9.571292 22020708047
-0.127486 0.755112 9.492838 22020733009
-0.176520 0.912019 9.463418 22020758060
-0.166713 0.951245 9.502645 22020783131
-0.009807 0.627626 9.463418 22020808067
0.049033 0.323619 9.502645 22020833254
0.088260 0.196133 9.532065 22020858069
0.078453 0.088260 9.581099 22020883107
0.127486 0.029420 9.512452 22020908064
0.127486 0.039227 9.522259 22020933288
0.098067 0.039227 9.473226 22020958067
0.107873 0.019613 9.473226 22020983047
0.088260 0.009807 9.532065 22021008054
0.107873 0.009807 9.551678 22021033024
0.127486 0.019613 9.512452 22021058066
0.107873 0.029420 9.492838 22021083058
0.107873 0.009807 9.512452 22021108031
