2.380000 -5.757500 -0.682500 22013659991
2.415000 -6.020000 -0.682500 22013684986
2.590000 -5.932500 -0.927500 22013709996
2.852500 -6.457500 -0.892500 22013735211
2.537500 -6.597500 -0.647500 22013759989
2.450000 -6.160000 -0.682500 22013784991
2.730000 -5.512500 -0.735000 22013809991
3.080000 -5.932500 -0.857500 22013835651
2.555000 -5.897500 -0.962500 22013859996
2.397500 -5.705000 -0.822500 22013885135
2.782500 -5.775000 -0.665000 22013909997
2.870000 -6.020000 -0.665000 22013934996
2.852500 -5.775000 -0.962500 22013959989
2.397500 -5.845000 -0.857500 22013984985
2.747500 -5.635000 -0.840000 22014009997
2.782500 -5.757500 -0.682500 22014034979
2.467500 -5.740000 -0.647500 22014059997
2.642500 -6.107500 -0.962500 22014085134
2.397500 -5.617500 -0.805000 22014109997
2.537500 -5.985000 -0.875000 22014134995
2.607500 -5.915000 -0.927500 22014159992
2.275000 -5.950000 -0.857500 22014184994
2.327500 -6.002500 -0.735000 22014209994
2.450000 -5.845000 -0.717500 22014234992
2.432500 -2.485000 -0.735000 22014259995
1.890000 -4.830000 -0.665000 22014284992
2.432500 -5.145000 -0.752500 22014309997
2.485000 -4.130000 -0.927500 22014334993
1.855000 -4.007500 -2.380000 22014359993
2.100000 -4.637500 -3.622500 22014384999
2.555000 -5.425000 -3.657500 22014409996
2.537500 -5.897500 -2.887500 22014434995
2.520000 -5.670000 -5.722500 22014459994
2.502500 -5.092500 -9.992500 22014484994
2.485000 -6.772500 -13.037500 22014509997
2.695000 -6.055000 -14.840000 22014534995
2.397500 -6.825000 -15.225000 22014559986
2.590000 -6.772500 -16.467501 22014584997
2.467500 -5.145000 -19.617500 22014609999
2.625000 -8.172500 -19.495001 22014634990
2.765000 -8.172500 -18.200001 22014660083
3.290000 -4.480000 -21.367500 22014684992
2.467500 -6.737500 -21.770000 22014710198
3.570000 -6.720000 -16.485001 22014734992
2.800000 -7.245000 -16.065001 22014759997
2.677500 -5.565000 -18.094999 22014784994
2.467500 -6.300000 -18.637501 22014810001
3.132500 -6.387500 -18.602501 22014834996
2.905000 -5.355000 -19.040001 22014859993
2.905000 -6.912500 -19.232500 22014884987
2.502500 -6.282500 -19.967501 22014909990
2.730000 -8.295000 -21.367500 22014934996
2.887500 -8.715000 -19.740000 22014959993
2.905000 -6.055000 -19.180000 22014984995
2.905000 -5.897500 -19.600000 22015009993
2.625000 -8.015000 -19.040001 22015034989
3.010000 -7.070000 -15.592500 22015059993
2.852500 -7.455000 -16.065001 22015085011
2.870000 -8.050000 -16.467501 22015109997
2.572500 -6.842500 -14.717500 22015135002
2.992500 -5.670000 -12.740000 22015159990
2.450000 -6.580000 -11.532500 22015184992
2.747500 -7.630000 -6.160000 22015209990
3.290000 -8.067500 -8.802500 22015234990
2.800000 -8.120000 -11.987500 22015260002
2.905000 -7.122500 -12.057500 22015284988
2.835000 -7.402500 -6.352500 22015309940
2.572500 -6.667500 -6.282500 22015334922
2.555000 -7.262500 -2.555000 22015359918
2.450000 -6.790000 -6.615000 22015384920
2.642500 -6.597500 -5.600000 22015409918
2.625000 -6.702500 -5.477500 22015434917
2.695000 -5.775000 -5.337500 22015459912
2.712500 -3.622500 -3.622500 22015484915
1.802500 -0.192500 -1.592500 22015509920
1.785000 4.217500 -8.435000 22015538148
1.102500 8.015000 -16.117500 22015559911
0.962500 -8.785000 -16.082500 22015584918
3.220000 -6.370000 -15.785000 22015609913
3.150000 -5.075000 -16.887501 22015634917
2.520000 -7.227500 -13.615000 22015659919
3.150000 -7.945000 -7.297500 22015684915
3.167500 -8.942500 -7.227500 22015709916
2.992500 -12.792500 -5.687500 22015734913
3.220000 -7.017500 -7.542500 22015759919
2.642500 -7.892500 -7.595000 22015784918
3.150000 -6.702500 -10.342500 22015809916
2.975000 -5.950000 -9.677500 22015834915
2.782500 -7.297500 -7.280000 22015859916
3.027500 -7.087500 -9.135000 22015884914
3.220000 -6.422500 -11.235000 22015909915
2.957500 -5.302500 -13.720000 22015934914
2.450000 -7.437500 -12.215000 22015959913
3.500000 -5.512500 -13.580000 22015984915
2.485000 -6.160000 -11.952500 22016009918
2.817500 -4.340000 -9.467500 22016034916
2.380000 -7.105000 -8.120000 22016059918
3.167500 -6.597500 -7.945000 22016084915
3.220000 -6.230000 -1.015000 22016109916
2.572500 -6.965000 0.980000 22016134917
2.292500 -6.072500 -1.925000 22016159915
2.607500 -5.810000 -3.727500 22016184910
2.555000 -7.350000 -0.087500 22016209917
2.537500 -5.897500 -0.455000 22016234915
2.275000 -6.282500 -1.382500 22016259915
2.835000 -5.267500 -1.645000 22016284910
2.817500 -5.530000 -0.262500 22016309913
2.660000 -5.162500 -0.840000 22016334918
2.502500 -5.232500 -1.015000 22016359916
2.835000 -6.055000 -1.172500 22016384913
2.695000 -5.285000 -1.050000 22016409915
2.170000 -4.812500 -2.975000 22016434913
2.572500 -5.722500 -2.660000 22016459915
2.275000 -5.617500 -4.462500 22016484914
2.642500 -5.442500 -2.100000 22016509916
2.292500 -5.810000 -0.630000 22016534919
2.607500 -5.302500 0.682500 22016559916
2.205000 -7.210000 3.290000 22016584917
3.045000 -7.420000 6.282500 22016609916
2.835000 -7.297500 7.682500 22016634913
2.747500 -6.265000 6.737500 22016659916
2.607500 -6.650000 6.510000 22016684914
2.537500 -5.617500 7.175000 22016709917
2.292500 -5.862500 6.982500 22016734912
2.065000 -6.282500 1.697500 22016759914
2.642500 -6.142500 2.100000 22016784916
2.485000 -6.720000 4.690000 22016809913
2.502500 -6.107500 7.210000 22016834916
3.010000 -5.075000 9.782500 22016859916
2.450000 -4.480000 9.485000 22016884912
2.152500 -5.285000 10.675000 22016909913
2.677500 -6.195000 18.760000 22016934912
2.205000 -6.510000 12.932500 22016959912
2.555000 -6.195000 11.515000 22016984919
3.027500 -5.810000 9.467500 22017009946
2.310000 -5.530000 9.310000 22017036592
2.257500 -6.247500 11.235000 22017060250
2.450000 -5.372500 11.042500 22017084917
2.730000 -6.055000 6.107500 22017109924
2.817500 -6.020000 8.960000 22017134907
2.327500 -5.442500 7.210000 22017160681
2.292500 -5.512500 7.280000 22017184993
2.572500 -5.705000 8.417500 22017209991
2.485000 -6.072500 11.322500 22017234991
2.450000 -5.442500 14.770000 22017259990
2.555000 -6.317500 17.639999 22017284987
2.362500 -6.387500 13.685000 22017309989
2.975000 -6.177500 11.550000 22017334986
2.415000 -6.842500 14.000000 22017359988
2.572500 -4.987500 16.625000 22017384990
2.275000 -5.215000 17.482500 22017409987
2.170000 -5.740000 15.312500 22017434989
2.030000 -6.405000 12.600000 22017459988
2.467500 -6.685000 12.950000 22017484990
2.625000 -5.652500 13.037500 22017509984
2.747500 -5.565000 13.790000 22017534989
2.712500 -6.020000 14.612500 22017559987
2.817500 -5.180000 15.032500 22017584991
2.415000 -5.775000 16.012501 22017609985
2.555000 -5.285000 17.622499 22017635001
2.712500 -5.880000 18.847500 22017659991
2.537500 -5.355000 16.152500 22017684991
2.345000 -6.527500 13.300000 22017709988
2.660000 -6.107500 13.492500 22017735091
2.852500 -6.195000 12.897500 22017759986
2.257500 -6.160000 11.777500 22017784987
2.467500 -5.950000 9.065000 22017809988
2.712500 -5.967500 10.972500 22017834992
2.467500 -5.460000 10.885000 22017859987
2.467500 -5.215000 11.480000 22017884987
2.362500 -5.862500 12.705000 22017909990
2.485000 -6.300000 14.437500 22017934987
2.642500 -6.265000 15.452500 22017959992
2.677500 -5.232500 15.557500 22017985005
2.625000 -5.390000 13.912500 22018009997
2.677500 -5.670000 14.892500 22018034989
2.905000 -6.230000 15.732500 22018059986
2.730000 -5.757500 15.102500 22018085172
2.555000 -6.160000 12.967500 22018109920
2.660000 -5.372500 13.090000 22018134911
2.222500 -5.600000 13.545000 22018159916
2.537500 -5.582500 15.365000 22018184911
2.397500 -5.740000 15.067500 22018209914
2.660000 -5.985000 13.475000 22018234915
2.502500 -7.140000 14.140000 22018259911
2.852500 -6.545000 11.882500 22018284918
2.485000 -6.440000 10.692500 22018309920
2.765000 -7.525000 9.817500 22018334919
2.572500 -6.685000 8.225000 22018359916
2.380000 -5.565000 6.930000 22018384916
2.730000 -6.545000 7.437500 22018409922
2.957500 -6.212500 7.980000 22018434920
2.520000 -6.387500 8.907500 22018459916
2.660000 -5.932500 8.837500 22018484916
2.467500 -5.460000 6.685000 22018509917
2.432500 -5.845000 7.000000 22018534915
2.887500 -6.212500 6.440000 22018559916
2.992500 -5.967500 5.635000 22018584915
2.485000 -6.457500 3.955000 22018609918
2.782500 -6.247500 0.140000 22018634916
2.870000 -6.667500 -4.357500 22018659911
3.132500 -6.615000 -4.882500 22018684917
3.045000 -6.475000 -6.842500 22018709910
3.272500 -6.702500 -8.505000 22018734913
3.220000 -6.545000 -9.345000 22018759914
2.817500 -7.612500 -14.472500 22018784915
3.150000 -7.122500 -14.070000 22018809908
3.132500 -7.507500 -15.312500 22018834913
2.765000 -6.982500 -19.477501 22018859916
3.167500 -7.052500 -20.090000 22018884912
2.747500 -6.282500 -18.514999 22018909912
3.080000 -6.790000 -15.942500 22018934912
3.202500 -6.195000 -15.382500 22018959914
3.185000 -6.615000 -14.612500 22018984912
3.010000 -5.617500 -15.172500 22019009914
3.185000 -5.547500 -14.910000 22019034916
3.062500 -6.037500 -14.735000 22019059909
2.730000 -5.915000 -15.890000 22019084914
2.695000 -6.580000 -17.430000 22019109910
3.062500 -7.052500 -17.202499 22019134914
2.747500 -6.895000 -17.674999 22019159916
3.010000 -6.720000 -14.735000 22019184912
3.342500 -7.035000 -15.872500 22019209915
2.905000 -6.965000 -18.707500 22019234916
3.062500 -6.667500 -16.695000 22019259910
2.975000 -7.227500 -15.855000 22019284916
3.220000 -7.017500 -14.472500 22019309933
2.992500 -6.807500 -16.047501 22019334927
3.325000 -7.070000 -17.570000 22019359920
2.625000 -5.810000 -19.372499 22019384915
3.080000 -6.702500 -17.570000 22019409914
2.817500 -6.877500 -18.147501 22019434914
3.167500 -6.440000 -17.955000 22019459914
2.975000 -6.457500 -16.922501 22019485009
3.045000 -6.790000 -17.412500 22019509992
2.992500 -6.370000 -13.895000 22019535142
2.852500 -6.790000 -14.210000 22019559996
2.607500 -6.160000 -14.840000 22019584990
2.572500 -6.650000 -12.792500 22019609989
2.537500 -6.475000 -12.495000 22019634999
2.800000 -6.002500 -9.467500 22019659994
3.132500 -6.352500 -10.115000 22019684986
2.747500 -7.017500 -7.822500 22019709991
2.887500 -6.510000 -6.282500 22019734986
2.432500 -6.247500 -8.715000 22019759993
2.747500 -5.845000 -9.625000 22019784988
2.940000 -6.457500 -10.185000 22019809989
2.625000 -6.317500 -9.555000 22019834992
2.677500 -6.825000 -9.432500 22019859986
2.397500 -6.282500 -13.387500 22019884987
2.887500 -6.772500 -14.822500 22019909988
2.782500 -6.632500 -11.112500 22019934991
2.975000 -6.580000 -10.150000 22019959991
3.097500 -5.950000 -8.120000 22019984985
2.607500 -6.702500 -8.137500 22020009984
2.660000 -6.160000 -8.435000 22020034996
3.045000 -6.825000 -7.770000 22020059996
2.642500 -6.825000 -8.505000 22020084945
2.467500 -6.702500 -8.312500 22020109946
2.590000 -6.405000 -7.367500 22020134923
2.467500 -5.635000 -5.110000 22020160001
2.800000 -6.090000 -6.895000 22020184989
2.467500 -6.072500 -5.722500 22020209991
2.677500 -6.142500 -4.620000 22020234994
2.485000 -6.090000 -5.180000 22020259985
2.695000 -5.845000 -6.860000 22020284983
2.642500 -6.072500 -5.617500 22020309996
2.467500 -7.455000 -2.205000 22020335106
2.957500 -7.105000 -2.870000 22020360274
2.940000 -7.140000 -5.390000 22020384959
2.922500 -6.230000 -8.960000 22020409982
3.132500 -6.702500 -9.502500 22020435106
3.185000 -6.317500 -6.212500 22020459987
2.887500 -7.017500 -5.565000 22020484980
2.747500 -6.562500 -2.502500 22020509992
2.205000 -6.195000 -5.127500 22020535083
2.380000 -6.475000 -7.245000 22020559988
2.555000 -6.055000 -8.662500 22020584975
2.922500 -5.145000 -9.397500 22020609994
2.870000 -5.092500 -7.857500 22020635002
2.642500 -5.337500 -7.262500 22020659986
2.765000 -5.810000 -6.877500 22020684988
2.607500 -5.652500 -5.337500 22020709997
3.045000 -5.565000 -1.872500 22020735002
2.450000 -6.002500 -0.175000 22020759996
2.275000 -6.282500 1.032500 22020785000
2.362500 -5.950000 0.997500 22020809993
2.625000 -5.810000 -0.735000 22020834981
2.800000 -5.792500 -0.822500 22020859997
2.660000 -5.897500 -0.875000 22020885000
2.730000 -6.107500 -0.787500 22020909997
2.625000 -6.177500 -0.857500 22020934998
2.765000 -5.880000 -0.840000 22020959996
2.537500 -5.932500 -0.595000 22020984997
2.730000 -5.722500 -0.962500 22021009999
2.590000 -5.512500 -0.875000 22021034994
2.555000 -5.897500 -0.752500 22021059998
2.625000 -5.915000 -0.910000 22021085108
2.887500 -5.897500 -0.892500 22021110010
2.520000 -5.915000 -0.647500 22021135133
