8.880000 3.240000 2.400000 22013646706
8.700000 3.180000 1.980000 22013671674
8.639999 3.480000 2.160000 22013696824
8.520000 3.000000 2.040000 22013721894
8.700000 3.300000 2.460000 22013746695
8.820000 3.420000 2.220000 22013771688
8.580000 3.180000 2.100000 22013796828
8.760000 3.000000 2.280000 22013821907
9.059999 3.180000 2.100000 22013846692
9.000000 3.240000 2.160000 22013871691
8.520000 3.360000 2.040000 22013896827
8.580000 3.420000 1.860000 22013921894
8.760000 3.240000 2.040000 22013946686
8.580000 3.180000 2.220000 22013971703
9.059999 3.300000 2.460000 22013996808
8.340000 3.060000 2.100000 22014021955
8.820000 3.540000 2.100000 22014046685
8.820000 3.180000 2.100000 22014071690
9.000000 3.240000 2.040000 22014096817
8.520000 3.360000 2.040000 22014121899
8.639999 3.240000 2.160000 22014146687
8.700000 2.820000 2.100000 22014171693
8.940000 3.060000 2.100000 22014196807
8.580000 3.420000 2.100000 22014221922
8.760000 3.240000 2.040000 22014246695
9.000000 3.480000 2.280000 22014271684
8.580000 2.940000 2.340000 22014296809
8.820000 3.180000 1.980000 22014322891
8.460000 3.420000 2.220000 22014346706
8.580000 3.300000 2.340000 22014371700
8.700000 3.060000 2.220000 22014396835
8.700000 3.180000 2.340000 22014421913
8.880000 3.240000 2.520000 22014446705
9.000000 3.120000 2.280000 22014471683
8.639999 3.360000 2.160000 22014496840
8.820000 3.420000 1.980000 22014521919
8.760000 3.000000 2.160000 22014546691
8.940000 3.060000 2.100000 22014571695
9.179999 3.420000 2.100000 22014596826
9.240000 3.360000 2.160000 22014621916
9.120000 3.480000 2.040000 22014646680
9.120000 3.720000 2.280000 22014671687
9.179999 3.540000 2.340000 22014696804
9.240000 3.840000 2.040000 22014721919
9.120000 3.360000 2.280000 22014746712
9.599999 4.200000 1.800000 22014771700
9.300000 4.140000 1.980000 22014796832
9.420000 4.260000 1.980000 22014821901
9.240000 4.440000 2.040000 22014846689
9.420000 4.380000 2.100000 22014871690
9.360000 4.440000 1.920000 22014896831
8.940000 4.740000 1.740000 22014921917
9.179999 5.100000 1.860000 22014946687
8.880000 5.040000 1.800000 22014971685
8.880000 4.920000 1.560000 22014996832
8.940000 4.860000 1.740000 22015021956
9.000000 4.920000 1.680000 22015046693
8.520000 4.920000 1.800000 22015071712
8.820000 5.100000 1.740000 22015096855
8.460000 4.740000 1.620000 22015121686
8.340000 4.860000 1.380000 22015146695
8.099999 5.220000 1.380000 22015171682
8.520000 4.920000 1.320000 22015196830
8.400000 4.800000 1.440000 22015221918
8.400000 5.400000 1.560000 22015246690
8.220000 4.980000 1.140000 22015271918
8.099999 5.100000 1.380000 22015297100
8.220000 5.220000 1.500000 22015322295
8.220000 4.860000 1.620000 22015347231
8.160000 5.040000 1.560000 22015372203
8.280000 4.920000 1.200000 22015397357
8.160000 5.160000 1.560000 22015422258
8.400000 5.040000 1.560000 22015446994
7.980000 4.980000 1.620000 22015472002
8.099999 5.100000 1.620000 22015497335
8.099999 5.220000 1.500000 22015522231
8.160000 5.400000 1.560000 22015547741
8.400000 4.920000 1.320000 22015572020
8.220000 5.220000 1.740000 22015597179
8.400000 4.920000 1.560000 22015622250
8.040000 5.280000 0.960000 22015647022
8.220000 4.980000 1.500000 22015672005
8.099999 4.860000 1.380000 22015697149
8.040000 5.160000 1.440000 22015722219
8.040000 5.520000 1.440000 22015747012
8.040000 5.040000 1.200000 22015772035
8.340000 4.860000 1.020000 22015797159
8.340000 5.220000 1.380000 22015822219
8.160000 4.800000 1.080000 22015846992
8.040000 5.280000 1.320000 22015871992
8.220000 5.460000 1.260000 22015897122
8.220000 5.340000 1.020000 22015922216
7.980000 5.460000 1.500000 22015947010
7.920000 5.400000 1.200000 22015972009
8.040000 5.280000 1.320000 22015997142
8.520000 5.160000 1.200000 22016022263
8.160000 5.400000 1.080000 22016047017
8.160000 5.520000 1.080000 22016072113
8.280000 5.280000 1.200000 22016097138
8.220000 5.220000 1.260000 22016122232
8.220000 5.340000 1.260000 22016147017
7.920000 5.280000 1.080000 22016172015
8.160000 5.520000 1.200000 22016197130
7.740000 5.100000 1.140000 22016222215
8.160000 5.400000 1.200000 22016246989
8.040000 5.280000 0.960000 22016271998
8.099999 5.220000 1.020000 22016297147
7.920000 5.520000 1.440000 22016322207
7.740000 5.220000 1.140000 22016347009
8.099999 5.100000 1.140000 22016372002
7.980000 5.220000 1.140000 22016397136
8.340000 5.340000 1.500000 22016422234
7.920000 5.280000 1.200000 22016447011
8.040000 5.040000 0.960000 22016472012
8.099999 5.100000 1.380000 22016497143
8.220000 5.220000 0.900000 22016522221
7.800000 5.280000 1.200000 22016547022
8.340000 5.460000 1.380000 22016572001
7.680000 5.160000 1.200000 22016597128
8.099999 5.220000 1.260000 22016622209
7.980000 5.100000 1.140000 22016647006
7.860000 5.100000 1.380000 22016672013
8.460000 5.220000 1.140000 22016697124
8.160000 5.280000 1.080000 22016722208
8.099999 5.220000 1.140000 22016747014
8.040000 5.040000 1.080000 22016772001
8.160000 4.920000 1.200000 22016797136
8.340000 4.980000 1.140000 22016822241
8.280000 4.920000 0.960000 22016846992
7.740000 5.100000 1.380000 22016872008
8.160000 4.800000 1.200000 22016897140
8.040000 5.160000 1.320000 22016922203
8.040000 4.920000 1.080000 22016947006
8.160000 5.040000 1.200000 22016971994
8.400000 4.800000 1.560000 22017007408
8.280000 5.040000 1.080000 22017022690
7.980000 4.620000 1.380000 22017052702
7.800000 5.160000 1.200000 22017073119
8.160000 4.800000 1.200000 22017097010
8.040000 4.800000 1.200000 22017122031
8.099999 4.620000 1.380000 22017147155
7.860000 4.860000 0.900000 22017175847
7.920000 4.560000 1.080000 22017196707
8.340000 4.860000 1.020000 22017222211
8.040000 4.680000 0.960000 22017246850
8.220000 4.620000 1.140000 22017271959
8.099999 4.500000 1.140000 22017296694
7.980000 4.500000 1.020000 22017321943
8.160000 4.680000 1.320000 22017346832
7.920000 4.320000 1.440000 22017371888
7.740000 4.500000 1.260000 22017396695
8.220000 4.380000 1.140000 22017421928
7.980000 4.260000 0.900000 22017446817
7.920000 4.440000 1.440000 22017471856
7.920000 4.200000 1.200000 22017496692
8.040000 4.560000 1.320000 22017522119
7.800000 4.320000 1.200000 22017546830
7.920000 4.320000 1.080000 22017571724
8.160000 4.320000 1.200000 22017596692
7.920000 3.960000 1.200000 22017622218
7.620000 4.140000 1.020000 22017647034
7.980000 4.380000 1.500000 22017671953
7.740000 4.260000 1.500000 22017696687
7.680000 3.840000 1.200000 22017721916
7.620000 4.020000 1.020000 22017747010
7.920000 4.440000 1.440000 22017771892
7.860000 4.020000 1.260000 22017796908
7.740000 3.540000 1.260000 22017821932
7.680000 4.200000 1.560000 22017846842
7.500000 4.020000 1.380000 22017871866
7.740000 4.020000 1.620000 22017896947
7.560000 4.200000 1.200000 22017922110
7.740000 4.020000 1.020000 22017947080
7.620000 3.900000 1.620000 22017971690
7.980000 3.900000 1.020000 22017996692
7.680000 3.960000 1.080000 22018021722
7.440000 3.480000 1.440000 22018046829
7.500000 4.020000 1.500000 22018071695
7.440000 3.480000 1.320000 22018096494
7.560000 3.840000 1.200000 22018121999
7.440000 3.600000 1.440000 22018147137
7.740000 3.780000 1.260000 22018171997
7.560000 3.480000 1.080000 22018196990
7.560000 3.600000 1.080000 22018222224
7.740000 3.660000 1.260000 22018247136
7.200000 3.600000 1.200000 22018271989
7.380000 3.300000 1.260000 22018297417
7.320000 3.720000 1.200000 22018322484
7.620000 3.300000 1.140000 22018347390
7.080000 3.600000 1.440000 22018372298
7.200000 3.240000 1.200000 22018397312
7.560000 3.360000 1.320000 22018422485
7.320000 3.600000 1.200000 22018447199
7.440000 3.480000 1.200000 22018471992
7.380000 3.420000 1.380000 22018497002
7.380000 3.300000 1.380000 22018522217
7.260000 3.420000 1.260000 22018547121
7.380000 3.180000 1.380000 22018571999
7.020000 3.180000 1.380000 22018596993
7.200000 3.480000 1.200000 22018622219
7.380000 3.300000 1.260000 22018647145
7.140000 3.180000 1.260000 22018671989
7.500000 3.420000 1.620000 22018697005
7.440000 3.600000 1.200000 22018722207
7.200000 3.240000 1.440000 22018747116
7.140000 3.300000 1.140000 22018771986
7.680000 3.600000 1.560000 22018797000
7.140000 3.420000 1.620000 22018822191
7.500000 3.540000 1.260000 22018847117
7.560000 3.480000 1.080000 22018872006
7.680000 3.360000 1.320000 22018897013
7.320000 3.480000 1.080000 22018922203
7.380000 3.660000 1.620000 22018947111
7.260000 3.300000 1.260000 22018971997
7.500000 3.540000 1.380000 22018996991
7.500000 3.660000 1.500000 22019022240
7.500000 3.780000 1.140000 22019047139
7.740000 3.900000 1.140000 22019071992
7.500000 3.900000 1.380000 22019096994
7.560000 3.600000 1.200000 22019122214
7.620000 3.780000 1.380000 22019147129
7.380000 3.660000 1.260000 22019172021
7.740000 3.660000 1.020000 22019196999
7.860000 3.900000 1.020000 22019222218
7.920000 3.840000 1.320000 22019247125
7.740000 3.900000 1.380000 22019271989
7.380000 3.780000 1.260000 22019300458
7.740000 3.660000 1.140000 22019322054
7.980000 3.900000 1.500000 22019347170
7.800000 3.840000 1.200000 22019372016
7.860000 4.020000 1.260000 22019397003
7.920000 3.960000 1.560000 22019422261
7.980000 4.020000 1.620000 22019447130
7.920000 3.840000 1.320000 22019472000
7.920000 4.080000 1.440000 22019496765
8.099999 3.900000 1.500000 22019521928
7.980000 4.140000 1.740000 22019546836
8.040000 4.080000 1.440000 22019571706
7.980000 4.140000 1.380000 22019596691
7.980000 4.020000 1.740000 22019621913
8.160000 4.080000 1.440000 22019646838
8.280000 4.320000 1.320000 22019671690
8.340000 4.260000 1.740000 22019696723
8.220000 4.140000 1.380000 22019721917
8.460000 4.260000 1.620000 22019746824
8.040000 4.560000 1.800000 22019771694
8.340000 4.260000 1.740000 22019796692
8.700000 4.380000 1.860000 22019821920
8.700000 4.260000 1.740000 22019846832
8.639999 4.560000 1.440000 22019871691
8.340000 4.380000 1.860000 22019896693
8.520000 4.440000 1.680000 22019921911
8.700000 4.500000 1.620000 22019946839
8.580000 4.380000 1.740000 22019971704
8.460000 4.500000 1.740000 22019996704
8.820000 4.620000 1.620000 22020021975
8.400000 4.200000 1.560000 22020046844
8.700000 4.620000 1.500000 22020074214
8.580000 4.620000 1.740000 22020096736
8.580000 4.500000 1.740000 22020121854
8.580000 4.500000 1.740000 22020146908
8.760000 4.440000 1.560000 22020171714
8.880000 4.680000 1.680000 22020196706
9.059999 4.500000 2.100000 22020221935
8.880000 4.680000 1.680000 22020246845
8.760000 4.680000 1.560000 22020271700
8.940000 4.500000 1.860000 22020296701
8.700000 4.620000 1.740000 22020321942
8.880000 4.800000 2.160000 22020346852
8.940000 4.740000 1.980000 22020371709
8.940000 4.620000 1.860000 22020396700
8.940000 4.980000 1.740000 22020421918
9.059999 4.500000 1.620000 22020446819
9.000000 4.920000 1.680000 22020471705
8.880000 5.040000 1.680000 22020496700
9.059999 4.740000 1.740000 22020521922
9.120000 4.800000 1.440000 22020546823
8.820000 4.980000 1.740000 22020571700
8.880000 5.040000 2.040000 22020596695
9.059999 4.860000 1.620000 22020621945
9.179999 4.860000 1.740000 22020646837
9.059999 4.860000 1.860000 22020671707
9.179999 4.980000 1.620000 22020696704
8.940000 5.100000 1.740000 22020721921
9.240000 4.800000 1.800000 22020746835
9.059999 4.980000 1.620000 22020771695
8.760000 5.040000 2.040000 22020796701
9.120000 4.800000 1.920000 22020821911
9.179999 4.740000 1.980000 22020846831
8.760000 4.800000 1.920000 22020871716
9.120000 5.040000 1.680000 22020896704
8.880000 4.920000 1.800000 22020921917
8.940000 4.980000 1.860000 22020946839
9.179999 4.980000 1.860000 22020971698
9.059999 5.100000 1.980000 22020996701
9.059999 4.740000 1.860000 22021021961
9.120000 4.920000 1.920000 22021046838
9.059999 4.740000 1.860000 22021071695
9.059999 4.980000 1.620000 22021098210
9.420000 4.860000 1.740000 22021121724
