0.000000 22013633060
0.000000 22013658046
0.000000 22013683050
0.000000 22013708046
0.000000 22013733059
0.000000 22013758032
0.000000 22013783058
0.000000 22013808037
0.000000 22013833057
0.000000 22013858045
0.000000 22013883059
0.000000 22013908043
0.000000 22013933062
0.000000 22013958044
0.000000 22013983056
0.000000 22014008043
0.000000 22014033064
0.000000 22014058040
0.000000 22014083051
0.000000 22014108062
0.000000 22014133060
0.000000 22014158036
0.000000 22014183056
0.000000 22014208039
0.000000 22014233055
0.000000 22014258050
0.000000 22014283057
0.000000 22014308045
0.000000 22014333077
0.000000 22014358061
0.000000 22014383058
0.000000 22014408053
0.000000 22014433064
0.000000 22014458060
0.000000 22014483058
0.000000 22014508046
0.000000 22014533058
0.000000 22014558055
0.000000 22014583045
0.000000 22014608056
0.000000 22014633049
0.000000 22014658054
0.000000 22014683057
0.000000 22014708061
0.000000 22014733057
0.000000 22014758059
0.000000 22014783056
0.000000 22014808059
0.000000 22014833060
0.000000 22014858060
0.000000 22014883056
0.000000 22014908060
0.000000 22014933051
0.000000 22014958056
0.000000 22014983053
0.000000 22015008049
0.000000 22015033058
0.000000 22015058045
0.000000 22015083235
0.000000 22015108015
0.000000 22015133054
0.000000 22015158056
0.000000 22015183046
0.000000 22015208072
0.000000 22015233050
0.000000 22015258077
0.000000 22015283057
0.000000 22015308092
0.000000 22015333063
0.000000 22015358068
0.000000 22015383065
0.000000 22015408065
0.000000 22015433067
0.000000 22015458061
0.000000 22015483058
0.000000 22015508064
0.000000 22015535940
0.000000 22015558071
0.000000 22015583061
0.000000 22015608064
0.000000 22015633062
0.000000 22015658059
0.000000 22015683057
0.000000 22015708060
0.000000 22015733062
0.000000 22015758054
0.000000 22015783054
0.000000 22015808065
0.000000 22015833057
0.000000 22015858059
0.000000 22015883063
0.000000 22015908050
0.000000 22015933069
0.000000 22015958060
0.000000 22015983056
0.000000 22016008064
0.000000 22016033054
0.000000 22016058057
0.000000 22016083065
0.000000 22016108063
0.000000 22016133064
0.000000 22016158045
0.000000 22016183058
0.000000 22016208059
0.000000 22016233057
0.000000 22016258035
0.000000 22016283063
0.000000 22016308046
0.000000 22016333069
0.000000 22016358056
0.000000 22016383058
0.000000 22016408062
0.000000 22016433064
0.000000 22016458050
0.000000 22016483058
0.000000 22016508068
0.000000 22016533053
0.000000 22016558063
0.000000 22016583053
0.000000 22016608071
0.000000 22016633059
0.000000 22016658060
0.000000 22016683060
0.000000 22016708062
0.000000 22016733057
0.000000 22016758059
0.000000 22016783061
0.000000 22016808053
0.000000 22016833056
0.000000 22016858056
0.000000 22016883067
0.000000 22016908063
0.000000 22016933060
0.000000 22016958062
0.000000 22016983069
0.000000 22017008773
0.000000 22017035887
0.000000 22017058077
0.000000 22017083031
0.000000 22017108006
0.000000 22017133033
0.000000 22017158045
0.000000 22017183062
0.000000 22017208078
0.000000 22017233019
0.000000 22017258056
0.000000 22017283057
0.000000 22017308046
0.000000 22017333014
0.000000 22017358063
0.000000 22017383035
0.000000 22017408057
0.000000 22017433037
0.000000 22017458052
0.000000 22017483093
0.000000 22017508062
0.000000 22017533018
0.000000 22017558056
0.000000 22017583052
0.000000 22017608047
0.000000 22017633040
0.000000 22017658062
0.000000 22017683043
0.000000 22017708050
0.000000 22017733036
0.000000 22017758064
0.000000 22017783059
0.000000 22017808040
0.000000 22017833038
0.000000 22017858058
0.000000 22017883063
0.000000 22017908065
0.000000 22017933030
0.000000 22017958063
0.000000 22017983051
0.000000 22018008046
0.000000 22018033041
0.000000 22018058070
0.000000 22018084312
0.000000 22018108021
0.000000 22018133031
0.000000 22018158062
0.000000 22018183062
0.000000 22018208055
0.000000 22018233040
0.000000 22018258065
0.000000 22018283072
0.000000 22018308053
0.000000 22018333041
0.000000 22018358072
0.000000 22018383072
0.000000 22018408063
0.000000 22018433048
0.000000 22018458067
0.000000 22018483060
0.000000 22018508061
0.000000 22018533033
0.000000 22018558064
0.000000 22018583053
0.000000 22018608055
0.000000 22018633034
0.000000 22018658053
0.000000 22018683054
0.000000 22018708062
0.000000 22018733035
0.000000 22018758063
0.000000 22018783053
0.000000 22018808065
0.000000 22018833033
0.000000 22018858064
0.000000 22018883056
0.000000 22018908063
0.000000 22018933032
0.000000 22018958070
0.000000 22018983053
0.000000 22019008040
0.000000 22019033036
0.000000 22019058068
0.000000 22019083050
0.000000 22019108068
0.000000 22019133021
0.000000 22019158063
0.000000 22019183047
0.000000 22019208067
0.000000 22019233024
0.000000 22019258061
0.000000 22019283048
0.000000 22019308095
0.000000 22019333029
0.000000 22019358063
0.000000 22019383044
0.000000 22019408062
0.000000 22019433026
0.000000 22019458064
0.000000 22019483046
0.000000 22019508065
0.000000 22019533025
0.000000 22019558057
0.000000 22019583040
0.000000 22019608063
0.000000 22019633024
0.000000 22019658063
0.000000 22019683033
0.000000 22019708062
0.000000 22019733025
0.000000 22019758056
0.000000 22019783033
0.000000 22019808061
0.000000 22019833033
0.000000 22019858065
0.000000 22019883039
0.000000 22019908061
0.000000 22019933014
0.000000 22019958049
0.000000 22019983040
0.000000 22020008050
0.000000 22020033031
0.000000 22020058057
0.000000 22020083039
0.000000 22020108019
0.000000 22020132999
0.000000 22020158015
0.000000 22020182990
0.000000 22020208048
0.000000 22020232995
0.000000 22020258051
0.000000 22020283039
0.000000 22020308048
0.000000 22020333003
0.000000 22020358059
0.000000 22020383049
0.000000 22020408056
0.000000 22020433011
0.000000 22020458057
0.000000 22020483053
0.000000 22020508053
0.000000 22020533006
0.000000 22020558055
0.000000 22020583052
0.000000 22020608039
0.000000 22020633014
0.000000 22020658064
0.000000 22020683047
0.000000 22020708047
0.000000 22020733009
0.000000 22020758060
0.000000 22020783131
0.000000 22020808067
0.000000 22020833254
0.000000 22020858069
0.000000 22020883107
0.000000 22020908064
0.000000 22020933288
0.000000 22020958067
0.000000 22020983047
0.000000 22021008054
0.000000 22021033024
0.000000 22021058066
0.000000 22021083058
0.000000 22021108031
