-0.058840 -0.156906 9.394772 168211127755
-0.058840 -0.245166 9.414385 168211139754
-0.039227 -0.254973 9.433999 168211151743
-0.009807 -0.215746 9.473226 168211163750
-0.009807 -0.186326 9.414385 168211175740
-0.058840 -0.225553 9.384965 168211187758
-0.137293 -0.235360 9.414385 168211199764
-0.156906 -0.264780 9.355545 168211211743
-0.127486 -0.225553 9.384965 168211223762
-0.117680 -0.215746 9.443805 168211235767
-0.058840 -0.176520 9.463418 168211247767
-0.137293 -0.225553 9.532065 168211259769
-0.205940 -0.176520 9.522259 168211271761
-0.235360 -0.147100 9.512452 168211283767
-0.274586 -0.137293 9.571292 168211295758
-0.186326 -0.284393 9.669358 168211307782
-0.196133 -0.245166 9.679165 168211319780
-0.225553 -0.205940 9.679165 168211331776
-0.235360 -0.245166 9.698778 168211343778
-0.254973 -0.225553 9.669358 168211355775
-0.284393 -0.196133 9.551678 168211367786
-0.235360 -0.205940 9.639938 168211379785
-0.205940 -0.225553 9.620325 168211391774
-0.166713 -0.186326 9.620325 168211403778
-0.137293 -0.205940 9.610518 168211415803
-0.147100 -0.156906 9.512452 168211427800
-0.245166 -0.166713 9.463418 168211439800
-0.274586 -0.176520 9.443805 168211451801
-0.313813 -0.225553 9.473226 168211463805
-0.323619 -0.176520 9.443805 168211475801
-0.323619 -0.156906 9.433999 168211487807
-0.343233 -0.176520 9.483032 168211499815
-0.284393 -0.215746 9.473226 168211511801
-0.245166 -0.215746 9.483032 168211523803
-0.323619 -0.215746 9.502645 168211535801
-0.362846 -0.225553 9.512452 168211547805
-0.372653 -0.196133 9.492838 168211559803
-0.402073 -0.264780 9.483032 168211571801
-0.509946 -0.264780 9.522259 168211583814
-0.519753 -0.245166 9.492838 168211595811
-0.490333 -0.274586 9.483032 168211607826
-0.549172 -0.294200 9.433999 168211619823
-0.558979 -0.304006 9.453611 168211631821
-0.480526 -0.264780 9.541871 168211643821
-0.451106 -0.264780 9.571292 168211655821
-0.500139 -0.245166 9.610518 168211667820
-0.490333 -0.215746 9.620325 168211679820
-0.421686 -0.274586 9.620325 168211691819
-0.323619 -0.264780 9.551678 168211703840
-0.254973 -0.235360 9.512452 168211715826
-0.254973 -0.205940 9.492838 168211727841
-0.294200 -0.225553 9.433999 168211739841
-0.284393 -0.264780 9.541871 168211751827
-0.284393 -0.245166 9.561485 168211763836
-0.274586 -0.186326 9.561485 168211775820
-0.323619 -0.186326 9.541871 168211787825
-0.313813 -0.235360 9.551678 168211799820
-0.313813 -0.176520 9.532065 168211811820
-0.343233 -0.186326 9.541871 168211823822
-0.323619 -0.196133 9.571292 168211835821
-0.333426 -0.196133 9.600712 168211847826
-0.372653 -0.156906 9.610518 168211859840
-0.353039 -0.186326 9.630132 168211871828
-0.382459 -0.205940 9.649745 168211883836
-0.392266 -0.166713 9.600712 168211895822
-0.431493 -0.107873 9.600712 168211907861
-0.372653 -0.205940 9.384965 168211919852
-0.343233 -0.166713 9.414385 168211931850
-0.333426 -0.205940 9.492838 168211943851
-0.343233 -0.176520 9.473226 168211955851
-0.353039 -0.156906 9.473226 168211967851
-0.264780 -0.166713 9.571292 168211979849
-0.235360 -0.127486 9.561485 168211991850
-0.254973 -0.107873 9.541871 168212003744
-0.254973 -0.127486 9.492838 168212015745
-0.245166 -0.196133 9.316319 168212027745
-0.235360 -0.205940 9.277092 168212039741
-0.205940 -0.166713 9.316319 168212051742
-0.147100 -0.107873 9.404578 168212063742
-0.156906 -0.137293 9.463418 168212075741
-0.117680 -0.166713 9.561485 168212087745
-0.147100 -0.137293 9.620325 168212099758
-0.127486 -0.166713 9.610518 168212111744
-0.088260 -0.215746 9.620325 168212123753
0.078453 -0.333426 9.561485 168212135744
0.098067 -0.313813 9.571292 168212147755
0.088260 -0.235360 9.522259 168212159751
0.058840 -0.196133 9.571292 168212171741
0.049033 -0.235360 9.581099 168212183750
0.088260 -0.215746 9.639938 168212195742
0.098067 -0.215746 9.698778 168212207761
0.117680 -0.205940 9.610518 168212219766
0.137293 -0.215746 9.561485 168212231760
0.137293 -0.274586 9.610518 168212243766
0.098067 -0.215746 9.502645 168212255760
0.107873 -0.235360 9.453611 168212267771
0.127486 -0.264780 9.404578 168212279770
0.186326 -0.235360 9.433999 168212291760
0.196133 -0.333426 9.502645 168212303769
0.147100 -0.362846 9.473226 168212315778
0.166713 -0.362846 9.561485 168212327780
0.127486 -0.304006 9.600712 168212339784
0.127486 -0.245166 9.659552 168212351777
0.137293 -0.323619 9.639938 168212363784
0.176520 -0.323619 9.571292 168212375775
0.137293 -0.294200 9.522259 168212387785
0.156906 -0.274586 9.522259 168212399785
0.058840 -0.284393 9.512452 168212411809
0.049033 -0.264780 9.502645 168212423798
0.078453 -0.284393 9.483032 168212435798
0.049033 -0.254973 9.590905 168212447802
0.049033 -0.235360 9.512452 168212459805
0.009807 -0.196133 9.473226 168212471816
-0.049033 -0.176520 9.492838 168212483800
-0.068647 -0.137293 9.502645 168212495799
-0.117680 -0.127486 9.522259 168212507800
-0.107873 -0.147100 9.502645 168212519802
-0.029420 -0.254973 9.581099 168212531801
-0.039227 -0.264780 9.541871 168212543804
-0.068647 -0.235360 9.561485 168212555802
-0.078453 -0.294200 9.571292 168212567801
-0.156906 -0.254973 9.571292 168212579806
-0.156906 -0.245166 9.512452 168212591801
-0.235360 -0.225553 9.473226 168212603818
-0.343233 -0.254973 9.502645 168212615823
-0.362846 -0.304006 9.502645 168212627823
-0.353039 -0.235360 9.473226 168212639819
-0.313813 -0.215746 9.522259 168212651821
-0.333426 -0.294200 9.492838 168212663820
-0.343233 -0.323619 9.541871 168212675820
-0.304006 -0.294200 9.561485 168212687819
-0.245166 -0.343233 9.551678 168212699845
-0.166713 -0.353039 9.581099 168212711746
-0.147100 -0.343233 9.630132 168212723748
-0.205940 -0.294200 9.600712 168212735742
-0.196133 -0.313813 9.541871 168212747750
-0.205940 -0.323619 9.502645 168212759751
-0.235360 -0.313813 9.473226 168212771741
-0.254973 -0.294200 9.473226 168212783750
-0.313813 -0.254973 9.502645 168212795742
-0.343233 -0.294200 9.463418 168212807767
-0.392266 -0.294200 9.365352 168212819764
-0.411879 -0.254973 9.355545 168212831754
-0.431493 -0.264780 9.414385 168212843759
-0.343233 -0.333426 9.532065 168212855753
-0.304006 -0.382459 9.473226 168212867762
-0.313813 -0.343233 9.483032 168212879761
-0.304006 -0.304006 9.492838 168212891755
-0.274586 -0.304006 9.473226 168212903755
-0.294200 -0.284393 9.551678 168212915787
-0.235360 -0.304006 9.571292 168212927785
-0.205940 -0.304006 9.590905 168212939778
-0.205940 -0.245166 9.581099 168212951787
-0.196133 -0.235360 9.551678 168212963796
-0.137293 -0.254973 9.522259 168212975787
-0.088260 -0.264780 9.541871 168212987795
-0.078453 -0.274586 9.571292 168212999785
-0.068647 -0.235360 9.620325 168213011787
-0.088260 -0.245166 9.610518 168213023825
-0.088260 -0.264780 9.571292 168213035819
-0.107873 -0.264780 9.590905 168213047819
-0.137293 -0.264780 9.610518 168213059819
-0.156906 -0.284393 9.630132 168213071818
-0.235360 -0.294200 9.649745 168213083818
-0.274586 -0.304006 9.688972 168213095825
-0.333426 -0.304006 9.649745 168213107749
-0.392266 -0.264780 9.649745 168213119744
-0.558979 -0.274586 9.659552 168213131747
-0.568786 -0.304006 9.669358 168213143749
-0.598206 -0.274586 9.551678 168213155742
-0.627626 -0.245166 9.551678 168213167751
-0.657046 -0.284393 9.551678 168213179750
-0.588399 -0.304006 9.541871 168213191742
-0.568786 -0.294200 9.512452 168213203758
-0.558979 -0.264780 9.473226 168213215760
-0.539366 -0.235360 9.404578 168213227759
-0.431493 -0.284393 9.316319 168213239764
-0.353039 -0.235360 9.296705 168213251754
-0.284393 -0.225553 9.375159 168213263763
-0.196133 -0.196133 9.375159 168213275755
-0.107873 -0.225553 9.443805 168213287763
-0.009807 -0.235360 9.453611 168213299763
-0.039227 -0.196133 9.453611 168213311779
-0.019613 -0.176520 9.453611 168213323779
-0.019613 -0.166713 9.463418 168213335771
0.029420 -0.196133 9.473226 168213347786
0.058840 -0.235360 9.522259 168213359785
0.098067 -0.294200 9.502645 168213371774
0.137293 -0.264780 9.512452 168213383784
0.166713 -0.245166 9.483032 168213395775
0.186326 -0.235360 9.541871 168213407807
0.147100 -0.215746 9.492838 168213419799
0.127486 -0.235360 9.443805 168213431801
0.088260 -0.254973 9.443805 168213443812
0.088260 -0.225553 9.414385 168213455802
0.196133 -0.274586 9.512452 168213467815
0.205940 -0.274586 9.630132 168213479803
0.235360 -0.294200 9.659552 168213491801
0.205940 -0.245166 9.679165 168213503822
0.098067 -0.235360 9.590905 168213515821
-0.009807 -0.196133 9.600712 168213527821
-0.058840 -0.176520 9.620325 168213539818
-0.078453 -0.215746 9.630132 168213551822
-0.009807 -0.264780 9.669358 168213563819
0.186326 -0.362846 9.669358 168213575820
0.176520 -0.323619 9.669358 168213587823
0.117680 -0.284393 9.590905 168213599829
0.009807 -0.284393 9.561485 168213611744
-0.058840 -0.274586 9.541871 168213623745
-0.156906 -0.186326 9.522259 168213635742
-0.107873 -0.254973 9.561485 168213647753
-0.029420 -0.304006 9.590905 168213659752
0.068647 -0.343233 9.630132 168213671750
0.098067 -0.323619 9.571292 168213683750
0.127486 -0.284393 9.561485 168213695742
0.117680 -0.264780 9.561485 168213707759
0.156906 -0.254973 9.581099 168213719760
0.225553 -0.313813 9.571292 168213731756
0.294200 -0.353039 9.610518 168213743760
0.274586 -0.274586 9.581099 168213755754
0.205940 -0.284393 9.571292 168213767762
0.215746 -0.304006 9.551678 168213779763
0.245166 -0.284393 9.512452 168213791754
0.225553 -0.264780 9.473226 168213803762
0.196133 -0.235360 9.502645 168213815777
0.147100 -0.274586 9.433999 168213827778
0.107873 -0.254973 9.443805 168213839786
0.019613 -0.304006 9.463418 168213851776
0.019613 -0.264780 9.502645 168213863783
-0.049033 -0.245166 9.581099 168213875775
-0.127486 -0.245166 9.610518 168213887786
-0.284393 -0.304006 9.581099 168213899784
-0.294200 -0.323619 9.581099 168213911805
-0.264780 -0.411879 9.551678 168213923801
-0.254973 -0.421686 9.581099 168213935801
-0.215746 -0.382459 9.590905 168213947802
-0.402073 -0.343233 9.512452 168213959800
-0.490333 -0.323619 9.483032 168213971800
-0.608012 -0.254973 9.463418 168213983815
-0.598206 -0.245166 9.453611 168213995801
-0.588399 -0.196133 9.424192 168214007813
-0.549172 -0.313813 9.365352 168214019824
-0.568786 -0.353039 9.316319 168214031820
-0.558979 -0.323619 9.355545 168214043821
-0.509946 -0.353039 9.414385 168214055820
-0.323619 -0.353039 9.532065 168214067821
-0.274586 -0.382459 9.571292 168214079818
-0.284393 -0.362846 9.561485 168214091810
-0.274586 -0.333426 9.571292 168214103743
-0.254973 -0.294200 9.512452 168214115743
-0.117680 -0.294200 9.551678 168214127747
-0.039227 -0.313813 9.581099 168214139751
0.039227 -0.333426 9.630132 168214151756
0.078453 -0.362846 9.610518 168214163763
0.127486 -0.284393 9.649745 168214175758
0.147100 -0.254973 9.610518 168214187763
0.156906 -0.304006 9.551678 168214199771
0.107873 -0.264780 9.502645 168214211751
0.058840 -0.274586 9.512452 168214223781
-0.009807 -0.294200 9.483032 168214235752
0.039227 -0.304006 9.600712 168214247759
0.029420 -0.313813 9.679165 168214259758
0.029420 -0.304006 9.649745 168214271748
-0.078453 -0.323619 9.620325 168214283758
-0.294200 -0.264780 9.610518 168214295749
-0.353039 -0.235360 9.590905 168214307778
-0.431493 -0.235360 9.581099 168214319775
-0.411879 -0.284393 9.571292 168214331765
-0.411879 -0.294200 9.600712 168214343770
-0.411879 -0.304006 9.590905 168214355766
-0.500139 -0.304006 9.620325 168214367786
-0.529559 -0.284393 9.620325 168214379792
-0.539366 -0.254973 9.502645 168214391779
-0.558979 -0.294200 9.483032 168214404266
-0.509946 -0.294200 9.522259 168214417464
-0.451106 -0.323619 9.483032 168214427799
-0.362846 -0.313813 9.522259 168214439794
-0.166713 -0.245166 9.473226 168214451787
-0.147100 -0.225553 9.463418 168214463796
-0.147100 -0.215746 9.384965 168214475784
-0.147100 -0.196133 9.365352 168214487784
-0.078453 -0.205940 9.394772 168214499783
0.117680 -0.215746 9.414385 168214511802
0.215746 -0.274586 9.473226 168214523797
0.274586 -0.264780 9.483032 168214535797
0.284393 -0.245166 9.502645 168214547798
0.284393 -0.254973 9.532065 168214559798
0.304006 -0.304006 9.571292 168214571799
0.304006 -0.254973 9.561485 168214583797
0.353039 -0.264780 9.620325 168214595811
0.382459 -0.304006 9.659552 168214607746
0.382459 -0.304006 9.630132 168214619743
0.372653 -0.304006 9.571292 168214631743
0.353039 -0.294200 9.512452 168214643751
0.333426 -0.294200 9.443805 168214655742
0.372653 -0.343233 9.483032 168214667754
0.343233 -0.294200 9.492838 168214679752
0.323619 -0.294200 9.502645 168214691741
0.304006 -0.304006 9.512452 168214703759
0.254973 -0.313813 9.532065 168214715760
0.127486 -0.323619 9.512452 168214727760
0.078453 -0.353039 9.561485 168214739764
0.098067 -0.392266 9.581099 168214751756
0.127486 -0.402073 9.600712 168214763762
0.176520 -0.362846 9.571292 168214775755
0.235360 -0.353039 9.541871 168214787766
0.264780 -0.294200 9.532065 168214799763
0.304006 -0.215746 9.561485 168214811779
0.313813 -0.264780 9.551678 168214823780
0.294200 -0.274586 9.522259 168214835776
0.245166 -0.235360 9.561485 168214847785
0.225553 -0.215746 9.532065 168214859784
0.176520 -0.245166 9.483032 168214871774
0.098067 -0.205940 9.443805 168214883784
0.068647 -0.205940 9.433999 168214895775
0.088260 -0.205940 9.502645 168214907809
0.088260 -0.225553 9.492838 168214919800
0.068647 -0.254973 9.561485 168214931799
0.078453 -0.264780 9.581099 168214943808
0.078453 -0.254973 9.610518 168214955799
-0.029420 -0.274586 9.590905 168214967812
-0.009807 -0.353039 9.532065 168214979814
0.019613 -0.353039 9.551678 168214991803
-0.039227 -0.264780 9.581099 168215003824
-0.215746 -0.284393 9.600712 168215015845
-0.264780 -0.304006 9.590905 168215027829
-0.235360 -0.313813 9.590905 168215039817
-0.254973 -0.323619 9.590905 168215051816
-0.264780 -0.294200 9.522259 168215063815
-0.294200 -0.343233 9.453611 168215075816
-0.402073 -0.333426 9.453611 168215087816
-0.500139 -0.304006 9.414385 168215099825
-0.519753 -0.294200 9.414385 168215111747
-0.500139 -0.333426 9.384965 168215123739
-0.470719 -0.323619 9.394772 168215135742
-0.451106 -0.294200 9.365352 168215147745
-0.441299 -0.313813 9.404578 168215159739
-0.313813 -0.333426 9.532065 168215171741
-0.274586 -0.323619 9.483032 168215183745
-0.304006 -0.284393 9.502645 168215195741
-0.294200 -0.235360 9.483032 168215207757
-0.235360 -0.225553 9.502645 168215219750
-0.117680 -0.343233 9.590905 168215231741
-0.049033 -0.343233 9.639938 168215243748
0.019613 -0.343233 9.669358 168215255742
0.019613 -0.372653 9.620325 168215267750
-0.029420 -0.372653 9.639938 168215279750
-0.058840 -0.323619 9.571292 168215291740
-0.107873 -0.313813 9.551678 168215303750
-0.127486 -0.284393 9.551678 168215315769
-0.117680 -0.264780 9.669358 168215327768
-0.117680 -0.294200 9.669358 168215339775
-0.186326 -0.343233 9.581099 168215351765
-0.215746 -0.362846 9.600712 168215363774
-0.284393 -0.333426 9.620325 168215375765
-0.274586 -0.304006 9.630132 168215387778
-0.313813 -0.353039 9.590905 168215399774
-0.362846 -0.304006 9.512452 168215411790
-0.411879 -0.274586 9.492838 168215423789
-0.470719 -0.304006 9.453611 168215435787
-0.470719 -0.313813 9.453611 168215447796
-0.313813 -0.254973 9.512452 168215459794
-0.274586 -0.313813 9.443805 168215471786
-0.264780 -0.323619 9.453611 168215483794
-0.274586 -0.274586 9.443805 168215495786
-0.274586 -0.205940 9.414385 168215507794
-0.215746 -0.176520 9.424192 168215519819
-0.127486 -0.196133 9.463418 168215531815
-0.058840 -0.235360 9.443805 168215543815
-0.039227 -0.274586 9.463418 168215555816
-0.068647 -0.284393 9.473226 168215567815
-0.088260 -0.304006 9.492838 168215579816
-0.039227 -0.284393 9.551678 168215591822
0.019613 -0.274586 9.581099 168215603744
0.068647 -0.245166 9.581099 168215615741
0.156906 -0.313813 9.571292 168215627745
0.137293 -0.274586 9.541871 168215639750
0.098067 -0.294200 9.532065 168215651741
0.049033 -0.294200 9.473226 168215663749
0.107873 -0.333426 9.463418 168215675741
0.137293 -0.333426 9.541871 168215687750
0.166713 -0.313813 9.600712 168215699755
0.176520 -0.323619 9.561485 168215711760
0.186326 -0.323619 9.590905 168215723764
0.107873 -0.284393 9.522259 168215735754
0.098067 -0.274586 9.502645 168215747764
0.078453 -0.274586 9.541871 168215759762
0.068647 -0.294200 9.620325 168215771753
0.137293 -0.343233 9.630132 168215783763
0.147100 -0.343233 9.590905 168215795752
0.176520 -0.343233 9.571292 168215807788
0.176520 -0.343233 9.541871 168215819789
0.186326 -0.372653 9.541871 168215831787
0.107873 -0.343233 9.541871 168215843790
0.068647 -0.343233 9.590905 168215855785
0.039227 -0.313813 9.590905 168215867796
0.029420 -0.323619 9.600712 168215879795
0.049033 -0.343233 9.688972 168215891786
0.078453 -0.392266 9.639938 168215903786
0.049033 -0.382459 9.620325 168215915776
0.049033 -0.333426 9.581099 168215927776
0.019613 -0.313813 9.571292 168215939774
0.058840 -0.313813 9.522259 168215951785
0.098067 -0.284393 9.541871 168215963795
0.137293 -0.284393 9.600712 168215975786
0.156906 -0.274586 9.571292 168215987797
0.127486 -0.264780 9.581099 168215999795
0.127486 -0.284393 9.620325 168216011808
0.127486 -0.313813 9.600712 168216023797
0.186326 -0.333426 9.581099 168216035796
0.156906 -0.343233 9.502645 168216047804
0.127486 -0.323619 9.433999 168216059814
0.127486 -0.304006 9.365352 168216071801
0.068647 -0.313813 9.306512 168216083811
0.058840 -0.333426 9.277092 168216095810
0.068647 -0.392266 9.286899 168216107825
0.117680 -0.353039 9.522259 168216119830
0.107873 -0.382459 9.659552 168216131819
0.058840 -0.353039 9.698778 168216143817
-0.058840 -0.254973 9.620325 168216155816
-0.166713 -0.274586 9.630132 168216167819
-0.294200 -0.284393 9.561485 168216179818
-0.245166 -0.343233 9.620325 168216191817
-0.205940 -0.353039 9.630132 168216203840
-0.176520 -0.372653 9.659552 168216215827
-0.264780 -0.333426 9.639938 168216227822
-0.362846 -0.294200 9.522259 168216239839
-0.431493 -0.304006 9.473226 168216251827
-0.460913 -0.343233 9.394772 168216263836
-0.431493 -0.353039 9.404578 168216275825
-0.333426 -0.353039 9.483032 168216287839
-0.245166 -0.402073 9.502645 168216299836
-0.137293 -0.411879 9.492838 168216311823
-0.127486 -0.402073 9.453611 168216323837
-0.098067 -0.323619 9.404578 168216335820
-0.304006 -0.205940 9.433999 168216347826
-0.323619 -0.186326 9.404578 168216359836
-0.245166 -0.245166 9.453611 168216371824
-0.156906 -0.362846 9.522259 168216383836
-0.117680 -0.382459 9.610518 168216395823
-0.117680 -0.323619 9.541871 168216407857
-0.127486 -0.323619 9.502645 168216419847
-0.078453 -0.343233 9.502645 168216431848
-0.058840 -0.353039 9.571292 168216443846
-0.068647 -0.323619 9.610518 168216455847
-0.058840 -0.313813 9.590905 168216467846
-0.088260 -0.313813 9.532065 168216479845
-0.166713 -0.313813 9.522259 168216491846
-0.166713 -0.294200 9.551678 168216503743
-0.068647 -0.362846 9.639938 168216515742
-0.049033 -0.421686 9.669358 168216527741
-0.058840 -0.441299 9.639938 168216539745
-0.049033 -0.372653 9.630132 168216551742
-0.117680 -0.372653 9.541871 168216563751
-0.156906 -0.372653 9.590905 168216575742
-0.186326 -0.362846 9.649745 168216587750
-0.225553 -0.382459 9.649745 168216599759
-0.205940 -0.353039 9.630132 168216611767
-0.225553 -0.372653 9.669358 168216623759
-0.264780 -0.402073 9.571292 168216635752
-0.333426 -0.431493 9.600712 168216647756
-0.333426 -0.402073 9.581099 168216659759
-0.392266 -0.402073 9.659552 168216671748
-0.343233 -0.392266 9.541871 168216683756
-0.343233 -0.402073 9.561485 168216695749
-0.372653 -0.372653 9.551678 168216707762
-0.372653 -0.323619 9.532065 168216719781
-0.362846 -0.343233 9.424192 168216731775
-0.382459 -0.353039 9.414385 168216743778
-0.372653 -0.313813 9.443805 168216755775
-0.323619 -0.284393 9.384965 168216767784
-0.215746 -0.274586 9.404578 168216779785
0.009807 -0.304006 9.384965 168216791774
0.078453 -0.304006 9.375159 168216803784
0.098067 -0.274586 9.384965 168216815801
0.137293 -0.304006 9.404578 168216827798
0.245166 -0.304006 9.375159 168216839806
0.343233 -0.274586 9.424192 168216851800
0.362846 -0.254973 9.443805 168216863811
0.372653 -0.205940 9.424192 168216875800
0.353039 -0.215746 9.463418 168216887813
0.382459 -0.304006 9.463418 168216899812
0.451106 -0.333426 9.532065 168216911814
0.480526 -0.382459 9.532065 168216923807
0.460913 -0.372653 9.610518 168216935805
0.411879 -0.323619 9.659552 168216947838
0.254973 -0.382459 9.659552 168216959837
0.156906 -0.411879 9.659552 168216971830
0.088260 -0.421686 9.600712 168216983838
0.049033 -0.402073 9.532065 168216995822
0.049033 -0.480526 9.492838 168217007821
-0.049033 -0.441299 9.551678 168217019828
-0.049033 -0.431493 9.610518 168217031821
-0.147100 -0.470719 9.620325 168217043830
-0.235360 -0.451106 9.561485 168217055824
-0.254973 -0.362846 9.512452 168217067856
-0.186326 -0.313813 9.541871 168217079835
-0.166713 -0.353039 9.551678 168217091823
-0.117680 -0.343233 9.522259 168217103836
-0.107873 -0.372653 9.541871 168217115822
-0.127486 -0.284393 9.522259 168217127835
-0.088260 -0.254973 9.551678 168217139820
-0.068647 -0.304006 9.541871 168217151819
-0.049033 -0.323619 9.492838 168217163826
-0.019613 -0.304006 9.571292 168217175820
-0.107873 -0.264780 9.502645 168217187827
-0.137293 -0.215746 9.463418 168217199854
-0.156906 -0.294200 9.502645 168217211829
-0.127486 -0.362846 9.561485 168217223837
-0.078453 -0.382459 9.610518 168217235827
-0.058840 -0.313813 9.659552 168217247836
-0.098067 -0.323619 9.590905 168217259852
-0.107873 -0.323619 9.492838 168217271849
-0.147100 -0.304006 9.492838 168217283849
-0.215746 -0.294200 9.532065 168217295849
-0.264780 -0.274586 9.541871 168217307746
-0.264780 -0.274586 9.541871 168217319742
-0.284393 -0.304006 9.541871 168217331741
-0.176520 -0.323619 9.541871 168217343749
-0.156906 -0.343233 9.639938 168217355741
-0.088260 -0.333426 9.659552 168217367749
-0.107873 -0.313813 9.659552 168217379749
-0.107873 -0.333426 9.639938 168217391740
-0.215746 -0.284393 9.483032 168217403746
-0.235360 -0.274586 9.443805 168217415757
-0.225553 -0.343233 9.483032 168217427751
-0.156906 -0.343233 9.512452 168217439741
-0.107873 -0.304006 9.620325 168217451750
-0.098067 -0.264780 9.581099 168217463759
-0.127486 -0.225553 9.610518 168217475748
-0.166713 -0.205940 9.581099 168217487758
-0.176520 -0.176520 9.512452 168217499757
-0.107873 -0.186326 9.453611 168217511765
-0.078453 -0.245166 9.443805 168217523764
-0.068647 -0.313813 9.433999 168217535759
-0.049033 -0.274586 9.443805 168217547768
-0.049033 -0.235360 9.502645 168217559767
-0.127486 -0.245166 9.541871 168217571758
-0.215746 -0.274586 9.512452 168217583768
-0.225553 -0.333426 9.512452 168217595767
-0.235360 -0.313813 9.483032 168217607792
-0.254973 -0.294200 9.424192 168217619784
-0.245166 -0.284393 9.433999 168217631785
-0.254973 -0.274586 9.453611 168217643789
-0.235360 -0.205940 9.453611 168217655786
-0.225553 -0.156906 9.404578 168217667795
-0.215746 -0.137293 9.571292 168217679794
-0.166713 -0.186326 9.610518 168217691786
-0.107873 -0.264780 9.630132 168217703803
-0.117680 -0.264780 9.610518 168217715788
