-0.780000 8.700000 1.620000 168211193991
-0.900000 8.940000 1.740000 168211205934
-1.020000 8.820000 1.620000 168211217872
-0.780000 8.940000 1.620000 168211230550
-0.660000 8.820000 1.620000 168211242106
-0.600000 8.880000 1.440000 168211254145
-0.900000 8.820000 1.740000 168211266133
-0.660000 8.820000 1.860000 168211278099
-0.780000 8.460000 1.500000 168211290140
-0.900000 8.820000 1.380000 168211302563
-1.020000 8.460000 1.860000 168211314187
-0.780000 8.820000 1.380000 168211326140
-0.900000 8.580000 1.380000 168211338211
-0.720000 8.639999 1.440000 168211350277
-1.020000 8.820000 1.620000 168211362120
-0.900000 8.940000 1.620000 168211374233
-0.900000 8.700000 1.260000 168211386236
-0.900000 8.700000 1.620000 168211398217
-1.080000 8.760000 1.440000 168211410884
-0.960000 8.520000 1.440000 168211422647
-0.720000 8.760000 1.560000 168211434407
-0.780000 8.700000 1.380000 168211446362
-0.840000 8.520000 1.560000 168211458265
-1.020000 8.700000 1.620000 168211470462
-0.840000 8.760000 1.680000 168211482319
-0.840000 8.639999 1.440000 168211494288
-0.900000 8.820000 1.380000 168211506319
-1.140000 8.220000 1.380000 168211518472
-0.900000 8.580000 1.380000 168211530281
-0.840000 8.760000 1.320000 168211542421
-0.780000 8.580000 1.380000 168211554299
-0.840000 8.639999 1.560000 168211566305
-0.840000 8.760000 1.680000 168211578263
-1.020000 8.700000 1.140000 168211590424
-0.720000 8.760000 1.440000 168211603222
-0.480000 8.520000 1.680000 168211615175
-0.840000 8.760000 1.320000 168211627062
-0.960000 8.880000 1.680000 168211638943
-0.780000 8.220000 1.260000 168211650873
-0.660000 8.580000 1.620000 168211662683
-0.720000 8.520000 1.320000 168211674477
-1.140000 8.460000 1.620000 168211686336
-0.600000 8.639999 1.560000 168211698322
-1.020000 8.580000 1.620000 168211710584
-1.200000 8.639999 1.440000 168211722720
-0.840000 8.639999 1.440000 168211734786
-0.840000 8.520000 1.560000 168211746930
-0.960000 8.520000 1.440000 168211759002
-0.780000 8.460000 1.620000 168211771223
-0.780000 8.820000 1.500000 168211783035
-0.900000 8.820000 1.380000 168211794831
-0.900000 8.580000 1.860000 168211806779
-0.720000 8.520000 1.440000 168211818599
-1.020000 8.940000 1.620000 168211830442
-0.900000 8.580000 1.740000 168211842306
-0.600000 8.639999 1.440000 168211854490
-1.020000 8.820000 1.740000 168211866592
-0.780000 8.700000 1.380000 168211878512
-0.900000 8.700000 1.500000 168211890758
-1.020000 8.580000 1.020000 168211903786
-0.780000 8.820000 1.860000 168211916116
-0.840000 8.520000 1.320000 168211928344
-0.540000 8.820000 1.500000 168211940628
-0.960000 8.760000 1.560000 168211952950
-0.960000 8.639999 1.680000 168211965226
-0.780000 8.820000 1.380000 168211977434
-0.480000 8.520000 1.320000 168211989668
-0.960000 8.520000 1.560000 168212001703
-0.840000 8.639999 1.800000 168212013167
-0.420000 8.820000 1.860000 168212024624
-0.960000 8.760000 1.800000 168212036102
-0.960000 8.880000 1.560000 168212047584
-0.720000 8.880000 1.560000 168212059042
-0.960000 9.000000 1.560000 168212070547
-0.900000 8.820000 1.740000 168212082002
-0.660000 8.700000 1.380000 168212094044
-0.660000 8.820000 1.620000 168212106123
-0.900000 9.059999 1.740000 168212118005
-0.900000 8.940000 1.500000 168212129988
-1.200000 9.000000 1.680000 168212141988
-0.900000 9.059999 1.860000 168212154003
-0.660000 8.940000 1.380000 168212166002
-0.600000 8.760000 1.920000 168212177983
-0.900000 9.059999 1.740000 168212189994
-1.140000 8.820000 1.740000 168212201908
-1.080000 9.240000 1.560000 168212214504
-0.900000 8.820000 1.500000 168212226218
-1.080000 8.880000 1.560000 168212238166
-0.840000 9.120000 1.560000 168212250213
-0.720000 9.120000 1.440000 168212262132
-0.600000 8.880000 1.680000 168212274157
-0.780000 8.940000 1.380000 168212286160
-0.720000 9.120000 1.560000 168212298108
-1.080000 9.000000 1.440000 168212310594
-0.840000 8.880000 1.440000 168212322271
-0.900000 8.820000 1.380000 168212334242
-0.600000 9.120000 1.440000 168212346281
-0.720000 8.639999 1.800000 168212358222
-0.720000 8.880000 1.560000 168212370234
-1.080000 8.880000 1.440000 168212382207
-0.720000 9.000000 1.320000 168212394217
-0.720000 8.760000 1.680000 168212406893
-0.600000 9.000000 1.680000 168212418731
-0.720000 8.880000 1.560000 168212430576
-0.660000 8.940000 1.620000 168212442387
-0.780000 8.700000 1.500000 168212454358
-0.960000 8.880000 1.560000 168212466264
-0.960000 9.000000 1.560000 168212478390
-0.840000 9.000000 1.560000 168212490346
-0.840000 9.000000 1.200000 168212502500
-0.900000 8.580000 1.380000 168212514318
-0.960000 8.639999 1.440000 168212526361
-0.720000 8.520000 1.800000 168212538203
-1.140000 8.820000 1.620000 168212550184
-0.840000 8.880000 1.440000 168212562436
-0.780000 8.700000 1.620000 168212574333
-1.020000 8.700000 1.500000 168212586259
-1.020000 8.340000 1.620000 168212598170
-1.020000 8.340000 1.500000 168212611257
-0.960000 8.880000 1.800000 168212623220
-1.020000 8.580000 1.740000 168212635233
-0.780000 8.940000 1.500000 168212647258
-0.960000 8.639999 1.800000 168212659224
-0.900000 8.940000 1.500000 168212671198
-0.840000 8.520000 1.560000 168212683153
-0.840000 8.400000 1.560000 168212695143
-0.900000 8.580000 1.740000 168212706848
-0.780000 8.820000 1.740000 168212718309
-1.200000 9.120000 1.560000 168212730039
-1.020000 8.940000 1.860000 168212741979
-0.720000 8.639999 1.320000 168212753986
-0.960000 8.880000 1.560000 168212765990
-0.900000 8.580000 1.620000 168212777977
-1.080000 8.880000 1.560000 168212789978
-1.200000 8.639999 1.680000 168212802412
-0.900000 8.700000 1.620000 168212814090
-0.780000 8.940000 1.740000 168212826080
-0.960000 8.520000 1.440000 168212838062
-1.080000 8.760000 1.560000 168212850118
-1.080000 8.760000 1.440000 168212862069
-0.840000 8.760000 1.440000 168212874062
-0.960000 9.000000 1.440000 168212886078
-0.660000 8.940000 1.620000 168212898068
-0.660000 9.179999 1.740000 168212910888
-0.840000 8.520000 1.560000 168212922630
-0.720000 8.880000 1.080000 168212934348
-1.020000 8.700000 1.500000 168212946168
-0.720000 8.639999 1.680000 168212958288
-0.960000 8.760000 1.560000 168212970320
-0.840000 8.760000 1.440000 168212982328
-0.780000 8.580000 1.500000 168212994294
-0.900000 8.820000 1.620000 168213006100
-0.900000 8.340000 1.260000 168213019140
-1.020000 8.340000 1.740000 168213031484
-0.840000 8.639999 1.560000 168213043431
-0.960000 8.400000 1.560000 168213055495
-0.960000 8.400000 1.320000 168213067451
-0.960000 8.880000 1.800000 168213079392
-0.840000 8.760000 1.200000 168213091374
-0.900000 8.460000 1.260000 168213103524
-1.080000 8.880000 1.560000 168213114953
-0.900000 8.940000 1.500000 168213126369
-0.900000 8.820000 1.620000 168213138020
-0.720000 8.639999 1.560000 168213150001
-0.900000 9.059999 1.860000 168213161990
-1.080000 8.760000 1.560000 168213173961
-1.020000 8.940000 1.500000 168213185979
-0.780000 8.940000 1.500000 168213197956
-0.840000 8.760000 1.560000 168213210454
-0.720000 8.639999 1.320000 168213222030
-1.020000 8.700000 1.260000 168213233961
-0.900000 8.700000 1.500000 168213245955
-0.900000 8.580000 1.380000 168213258034
-0.780000 8.820000 1.620000 168213270073
-0.900000 8.820000 1.620000 168213282064
-0.660000 8.940000 1.380000 168213294041
-1.140000 8.820000 1.740000 168213306557
-0.720000 8.760000 1.560000 168213318179
-0.780000 8.940000 1.620000 168213330234
-0.840000 8.880000 1.560000 168213342176
-0.840000 8.639999 1.680000 168213354197
-0.780000 8.700000 1.500000 168213366201
-0.420000 8.820000 1.500000 168213378179
-0.780000 8.460000 1.500000 168213390221
-0.900000 8.940000 1.620000 168213402812
-0.960000 9.000000 1.680000 168213414585
-1.020000 9.179999 1.500000 168213426370
-0.900000 8.940000 1.860000 168213438264
-0.960000 9.240000 1.560000 168213450341
-0.900000 8.940000 1.260000 168213462222
-0.960000 9.120000 1.680000 168213474364
-0.840000 8.880000 1.560000 168213486302
-0.540000 8.700000 1.620000 168213498379
-0.600000 8.880000 1.320000 168213511260
-0.900000 8.820000 1.860000 168213523159
-0.840000 8.639999 1.320000 168213535058
-0.900000 9.059999 1.620000 168213547010
-1.140000 9.059999 1.500000 168213558901
-0.960000 8.880000 1.800000 168213570832
-0.960000 8.760000 1.440000 168213582701
-0.720000 9.120000 1.560000 168213594639
-0.780000 8.820000 1.740000 168213606638
-0.720000 9.120000 1.680000 168213618036
-0.660000 9.059999 1.620000 168213630037
-0.720000 8.880000 1.680000 168213642010
-0.600000 8.880000 1.680000 168213653964
-0.960000 9.000000 1.680000 168213665975
-0.660000 9.179999 1.620000 168213677956
-0.900000 9.059999 1.380000 168213689963
-1.140000 9.059999 1.620000 168213702523
-0.840000 8.880000 1.440000 168213714036
-0.900000 9.059999 1.740000 168213726141
-0.600000 8.760000 1.440000 168213738075
-0.840000 8.520000 1.320000 168213750137
-0.660000 8.940000 1.860000 168213762101
-0.900000 8.940000 1.380000 168213774081
-0.900000 9.059999 1.740000 168213786092
-1.140000 8.820000 1.620000 168213798069
-0.840000 9.120000 1.560000 168213810598
-0.780000 8.820000 1.380000 168213822194
-0.660000 8.940000 1.380000 168213834264
-0.660000 9.300000 1.380000 168213846187
-0.600000 8.760000 1.560000 168213858235
-1.080000 8.760000 1.440000 168213870250
-0.900000 8.940000 1.380000 168213882257
-1.020000 8.820000 1.500000 168213894236
-1.080000 8.760000 1.320000 168213906875
-0.780000 8.580000 1.500000 168213918652
-0.900000 8.940000 1.620000 168213930435
-0.900000 8.820000 1.500000 168213942273
-1.020000 8.820000 1.380000 168213954306
-0.960000 8.760000 1.680000 168213966287
-0.720000 8.760000 1.920000 168213978431
-0.900000 8.700000 1.620000 168213990509
-0.960000 8.760000 1.320000 168214002516
-0.960000 8.760000 1.680000 168214015390
-0.900000 8.580000 1.500000 168214027288
-1.200000 8.880000 1.560000 168214039160
-1.140000 9.059999 1.500000 168214051136
-0.900000 8.820000 1.620000 168214063023
-0.900000 8.820000 1.500000 168214074893
-0.900000 8.580000 1.500000 168214086811
-0.960000 8.760000 1.440000 168214098730
-0.780000 8.460000 1.620000 168214110642
-1.020000 8.820000 1.980000 168214122033
-0.780000 8.820000 1.620000 168214133996
-0.840000 9.000000 1.560000 168214146055
-1.020000 8.820000 1.620000 168214157953
-0.840000 8.880000 1.560000 168214170143
-1.020000 8.700000 1.740000 168214182082
-1.200000 8.880000 1.800000 168214194069
-1.140000 8.820000 1.860000 168214206581
-0.840000 8.880000 1.800000 168214218110
-1.020000 8.700000 1.740000 168214230131
-1.020000 8.820000 1.380000 168214242105
-0.900000 8.460000 1.500000 168214254022
-1.080000 8.880000 1.440000 168214266040
-0.960000 8.880000 1.560000 168214278009
-1.140000 8.580000 1.500000 168214290004
-0.720000 9.000000 1.560000 168214302486
-1.020000 8.580000 1.500000 168214314272
-1.260000 8.700000 1.500000 168214326143
-1.020000 8.700000 1.620000 168214338117
-1.080000 8.639999 1.440000 168214350193
-0.900000 8.460000 1.620000 168214362188
-1.020000 8.580000 1.740000 168214374455
-1.080000 8.880000 1.680000 168214386474
-0.960000 8.880000 1.680000 168214403116
-0.600000 8.760000 1.680000 168214415232
-1.140000 9.059999 1.500000 168214426980
-0.780000 8.940000 1.620000 168214438765
-0.900000 8.820000 1.380000 168214450454
-0.720000 8.760000 1.440000 168214462114
-0.720000 8.639999 1.680000 168214473761
-0.960000 8.760000 1.320000 168214485456
-0.840000 8.760000 1.560000 168214497110
-0.900000 8.700000 1.980000 168214509548
-0.660000 8.820000 1.740000 168214521344
-0.900000 8.460000 1.500000 168214533076
-0.900000 9.059999 1.620000 168214544825
-0.720000 8.880000 1.920000 168214556666
-1.140000 8.820000 1.500000 168214568410
-0.600000 8.639999 1.680000 168214580176
-0.900000 8.940000 1.620000 168214591918
-0.780000 8.820000 1.740000 168214603613
-0.900000 8.820000 1.860000 168214615034
-0.900000 8.820000 1.620000 168214626413
-1.020000 8.820000 1.620000 168214638018
-0.900000 8.940000 1.620000 168214650025
-0.720000 9.120000 1.680000 168214661966
-1.080000 8.880000 1.560000 168214673975
-0.960000 9.240000 1.680000 168214685980
-0.900000 8.820000 1.740000 168214697957
-0.840000 8.880000 1.920000 168214710433
-0.660000 8.820000 1.620000 168214722001
-0.660000 9.179999 1.500000 168214734105
-0.840000 8.639999 1.680000 168214746128
-1.020000 8.820000 1.500000 168214758048
-1.020000 9.059999 1.620000 168214770071
-0.720000 9.120000 1.440000 168214782034
-0.720000 8.639999 1.200000 168214794055
-0.720000 9.120000 1.680000 168214806578
-0.960000 8.639999 1.560000 168214818180
-0.780000 8.700000 1.380000 168214830114
-0.960000 8.639999 1.680000 168214842144
-0.780000 9.059999 1.620000 168214854177
-0.600000 9.000000 1.560000 168214866200
-0.780000 9.179999 1.620000 168214878178
-0.840000 8.760000 1.320000 168214890211
-0.840000 8.760000 1.440000 168214902775
-1.020000 8.580000 1.500000 168214914579
-0.840000 8.880000 1.800000 168214926375
-0.900000 9.059999 1.620000 168214938260
-1.020000 8.820000 1.500000 168214950294
-1.200000 8.880000 1.440000 168214962449
-0.480000 8.400000 1.440000 168214974106
-0.840000 8.880000 1.560000 168214986299
-1.080000 8.760000 1.560000 168214998056
-0.840000 8.760000 1.440000 168215010124
-1.020000 8.580000 1.740000 168215026912
-1.200000 8.760000 1.440000 168215038742
-1.080000 8.400000 1.680000 168215050679
-0.900000 8.820000 1.500000 168215062501
-1.020000 8.580000 1.500000 168215074316
-1.020000 8.700000 1.740000 168215086153
-0.600000 8.760000 1.680000 168215097982
-0.780000 8.940000 1.740000 168215109831
-0.840000 8.760000 1.680000 168215121226
-0.540000 8.820000 1.620000 168215132581
-0.780000 8.820000 1.860000 168215143938
-0.960000 8.639999 1.560000 168215155344
-0.780000 8.940000 1.620000 168215166698
-1.200000 8.760000 1.440000 168215178049
-0.960000 8.880000 1.680000 168215189966
-0.960000 8.520000 1.800000 168215202116
-1.080000 8.880000 1.680000 168215213944
-0.900000 8.940000 1.500000 168215225947
-0.960000 8.880000 1.800000 168215237923
-1.020000 8.580000 1.620000 168215249952
-1.260000 8.580000 1.500000 168215261921
-0.900000 8.700000 1.620000 168215273918
-0.960000 8.760000 1.440000 168215285928
-0.780000 8.820000 1.740000 168215297926
-1.080000 8.880000 1.800000 168215310528
-0.780000 8.580000 1.500000 168215322059
-0.780000 8.580000 1.620000 168215334086
-0.660000 8.820000 1.620000 168215346130
-0.840000 8.520000 1.560000 168215358064
-0.720000 8.520000 1.680000 168215370085
-0.960000 8.639999 1.440000 168215382067
-0.900000 8.700000 1.140000 168215394061
-1.080000 8.520000 1.200000 168215406592
-0.840000 8.639999 1.440000 168215418249
-1.020000 8.580000 1.620000 168215430259
-0.660000 8.700000 1.380000 168215442189
-0.840000 8.639999 1.440000 168215454002
-0.900000 8.940000 1.500000 168215466220
-0.780000 8.580000 1.380000 168215478179
-0.960000 8.880000 1.320000 168215490209
-0.960000 8.520000 1.560000 168215501983
-0.780000 8.820000 1.260000 168215515370
-0.780000 8.700000 1.380000 168215527188
-0.900000 9.179999 1.740000 168215539016
-1.020000 8.700000 1.380000 168215550929
-0.480000 9.000000 1.800000 168215562736
-1.080000 8.520000 1.560000 168215574558
-0.660000 8.820000 1.740000 168215586405
-1.020000 8.820000 1.380000 168215598501
-1.020000 9.179999 1.620000 168215610568
-0.720000 8.760000 1.680000 168215621930
-0.720000 8.880000 1.800000 168215633983
-0.600000 9.000000 1.680000 168215645987
-0.720000 8.760000 1.560000 168215657923
-0.600000 9.120000 1.800000 168215669926
-0.840000 8.760000 1.440000 168215681915
-0.840000 9.120000 1.800000 168215693918
-0.480000 9.000000 1.800000 168215706361
-0.780000 8.460000 1.740000 168215718011
-0.960000 9.000000 1.800000 168215729997
-0.360000 8.760000 1.440000 168215741996
-0.540000 9.059999 1.860000 168215754008
-0.960000 9.120000 1.440000 168215766003
-0.780000 8.940000 1.620000 168215777986
-0.960000 8.520000 1.440000 168215789988
-0.780000 8.940000 1.620000 168215802564
-0.720000 9.000000 1.560000 168215814364
-0.960000 9.000000 1.440000 168215826239
-1.020000 8.700000 1.740000 168215837985
-0.840000 8.880000 1.560000 168215849986
-0.900000 9.059999 1.620000 168215861981
-0.840000 9.240000 1.320000 168215873982
-0.900000 8.820000 1.740000 168215886211
-0.720000 8.760000 1.680000 168215897975
-0.900000 8.940000 1.740000 168215909996
-0.840000 8.880000 1.680000 168215921987
-1.020000 8.820000 1.620000 168215933982
-0.900000 8.820000 1.140000 168215946260
-0.960000 8.639999 1.800000 168215958195
-0.600000 8.880000 1.800000 168215970222
-0.960000 9.000000 1.320000 168215982213
-0.660000 8.700000 1.620000 168215994190
-0.660000 8.820000 1.380000 168216006910
-0.780000 9.059999 1.740000 168216018956
-0.960000 8.760000 1.920000 168216030689
-0.780000 9.059999 1.500000 168216042380
-1.080000 8.639999 1.440000 168216054313
-0.720000 8.760000 1.440000 168216066078
-0.780000 8.820000 1.500000 168216078057
-0.840000 8.760000 1.560000 168216090076
-0.480000 8.760000 1.440000 168216102205
-0.840000 8.880000 1.440000 168216115511
-0.840000 8.880000 1.680000 168216127378
-0.780000 8.700000 1.500000 168216139217
-0.900000 8.820000 1.740000 168216151134
-0.600000 8.760000 1.920000 168216162960
-1.020000 8.820000 1.740000 168216174784
-0.900000 8.820000 1.860000 168216186628
-0.960000 8.520000 1.680000 168216198450
-0.720000 8.280000 1.680000 168216210287
-0.960000 8.760000 1.800000 168216222501
-0.900000 8.820000 1.980000 168216234404
-1.020000 8.700000 1.620000 168216246239
-1.200000 8.400000 1.680000 168216258156
-0.960000 8.760000 1.560000 168216270199
-0.900000 8.580000 1.380000 168216282396
-0.900000 8.940000 1.620000 168216294162
-0.960000 8.880000 1.320000 168216306193
-0.840000 8.639999 1.440000 168216318164
-0.900000 8.820000 1.620000 168216330549
-0.900000 8.820000 1.860000 168216342377
-0.960000 8.639999 1.440000 168216354440
-1.080000 8.520000 1.680000 168216366196
-0.840000 8.639999 1.320000 168216378159
-0.900000 8.940000 1.500000 168216390190
-0.960000 8.520000 1.800000 168216403333
-0.840000 8.639999 1.800000 168216415451
-0.660000 8.820000 1.500000 168216427474
-0.840000 8.760000 1.680000 168216439473
-1.020000 8.700000 1.620000 168216451607
-0.900000 8.580000 1.620000 168216463611
-1.080000 8.760000 1.800000 168216475634
-0.900000 8.820000 1.260000 168216487652
-1.020000 8.580000 2.100000 168216499658
-0.960000 8.760000 1.560000 168216511687
-0.720000 9.000000 1.560000 168216523039
-1.020000 8.700000 1.500000 168216534389
-1.080000 9.000000 1.680000 168216546028
-1.020000 9.059999 1.380000 168216557931
-1.140000 8.700000 1.620000 168216569918
-0.840000 8.760000 1.800000 168216581924
-0.660000 8.820000 1.500000 168216593919
-0.960000 8.639999 1.800000 168216606420
-0.900000 8.820000 1.500000 168216617977
-1.260000 8.580000 1.500000 168216629980
-1.020000 8.700000 1.260000 168216641970
-0.660000 8.700000 1.380000 168216653964
-0.900000 9.059999 1.860000 168216665988
-1.020000 8.820000 1.620000 168216677959
-1.020000 8.820000 1.620000 168216689963
-1.080000 8.639999 1.560000 168216702643
-0.960000 8.520000 1.440000 168216714401
-1.260000 8.820000 1.620000 168216725976
-0.900000 8.580000 1.500000 168216737917
-0.900000 8.820000 1.740000 168216749935
-1.020000 8.820000 1.500000 168216762114
-1.020000 8.700000 1.500000 168216774114
-0.780000 8.700000 1.740000 168216786143
-0.720000 8.880000 1.560000 168216798126
-0.900000 8.700000 1.620000 168216810873
-0.720000 8.639999 1.200000 168216822590
-1.140000 8.940000 1.740000 168216834291
-1.020000 9.059999 1.620000 168216846380
-1.140000 8.700000 1.860000 168216858053
-0.720000 8.639999 1.440000 168216870078
-0.840000 8.639999 1.680000 168216882280
-0.840000 8.880000 1.440000 168216894047
-0.660000 8.700000 1.740000 168216906140
-0.900000 8.700000 1.380000 168216918176
-1.200000 8.639999 1.800000 168216930207
-0.780000 8.820000 1.500000 168216942400
-0.720000 8.880000 1.440000 168216954180
-0.840000 8.639999 1.440000 168216966191
-0.960000 8.880000 1.200000 168216978211
-1.020000 8.580000 1.500000 168216990496
-0.780000 8.820000 1.500000 168217002528
-0.780000 8.820000 1.740000 168217014370
-0.900000 8.700000 1.620000 168217026486
-0.900000 9.059999 1.980000 168217038407
-0.720000 9.000000 1.680000 168217050235
-0.780000 8.940000 1.740000 168217062168
-1.020000 8.940000 1.260000 168217074161
-1.020000 8.940000 1.260000 168217086441
-0.720000 8.880000 1.560000 168217098343
-0.840000 8.880000 1.560000 168217110207
-0.900000 8.580000 1.860000 168217122167
-1.080000 9.120000 1.560000 168217134504
-1.020000 8.820000 1.620000 168217146511
-0.780000 8.940000 1.380000 168217158402
-0.720000 8.639999 1.680000 168217170498
-1.020000 8.700000 1.620000 168217182382
-1.020000 8.580000 1.500000 168217194451
-0.780000 8.700000 1.620000 168217206215
-0.600000 9.000000 1.560000 168217218170
-1.140000 8.940000 1.620000 168217230492
-0.720000 9.120000 1.680000 168217242589
-0.900000 8.700000 1.380000 168217255593
-0.840000 8.639999 1.560000 168217267610
-0.900000 8.700000 1.620000 168217279623
-0.720000 8.760000 1.440000 168217291675
-0.900000 8.700000 1.260000 168217303600
-0.960000 8.880000 1.440000 168217315144
-0.600000 8.760000 1.800000 168217326510
-0.720000 8.880000 1.560000 168217337898
-0.780000 8.940000 1.500000 168217350042
-0.900000 8.700000 1.740000 168217361976
-0.900000 8.820000 1.860000 168217373968
-0.840000 9.240000 1.560000 168217385971
-0.720000 8.880000 1.320000 168217397956
-0.480000 8.760000 1.440000 168217411446
-0.840000 8.880000 1.440000 168217422874
-0.780000 8.820000 1.380000 168217434261
-0.840000 9.000000 1.440000 168217446097
-0.840000 8.880000 1.560000 168217458022
-0.780000 9.300000 1.500000 168217470029
-0.840000 8.880000 1.560000 168217482027
-0.780000 9.059999 1.500000 168217494017
-0.780000 8.940000 1.860000 168217506410
-0.720000 8.880000 1.320000 168217518199
-1.020000 8.700000 1.740000 168217530123
-0.840000 8.760000 1.560000 168217542077
-0.480000 8.880000 1.440000 168217554082
-0.660000 8.700000 1.500000 168217566089
-0.720000 9.120000 1.440000 168217578078
-0.840000 8.880000 1.560000 168217590095
-0.540000 8.820000 1.380000 168217602893
-0.780000 8.940000 1.380000 168217614545
-0.720000 8.880000 1.560000 168217626205
-0.660000 8.820000 1.500000 168217638294
-0.840000 8.639999 1.080000 168217650171
-0.840000 8.760000 1.680000 168217662258
-0.720000 9.000000 1.560000 168217674128
-0.660000 8.820000 1.260000 168217686154
-0.780000 8.700000 1.860000 168217698266
-0.600000 8.520000 1.320000 168217710193
-0.840000 8.880000 1.680000 168217722194
-0.720000 8.880000 1.680000 168217735120
-0.720000 8.520000 1.320000 168217746903
-0.780000 8.940000 1.860000 168217758589
-0.780000 8.820000 1.620000 168217770532
-0.780000 8.700000 1.620000 168217782439
