0.127486 0.049033 9.512452 21877122495
0.088260 0.049033 9.483032 21877147510
0.137293 0.078453 9.522259 21877172492
0.117680 0.078453 9.541871 21877197509
0.107873 0.127486 9.541871 21877222482
0.107873 0.088260 9.532065 21877247483
0.088260 0.078453 9.532065 21877272495
0.137293 0.049033 9.561485 21877297506
0.088260 0.058840 9.581099 21877322489
0.088260 0.058840 9.581099 21877347506
0.078453 0.039227 9.600712 21877372502
0.098067 0.039227 9.590905 21877397508
0.117680 0.049033 9.590905 21877422490
0.127486 0.058840 9.522259 21877447502
0.117680 0.049033 9.571292 21877472499
0.127486 0.058840 9.541871 21877497507
0.117680 0.107873 9.561485 21877522492
0.117680 0.068647 9.551678 21877547502
0.107873 0.068647 9.541871 21877572496
0.098067 0.068647 9.561485 21877597511
0.127486 0.088260 9.502645 21877622476
0.088260 0.088260 9.532065 21877647499
0.088260 0.068647 9.522259 21877672495
0.117680 0.107873 9.492838 21877697507
0.098067 0.068647 9.492838 21877722473
0.078453 0.078453 9.463418 21877747501
0.078453 0.068647 9.463418 21877772489
0.078453 0.058840 9.492838 21877797514
0.088260 0.068647 9.512452 21877822494
0.098067 0.068647 9.483032 21877847510
0.078453 0.088260 9.541871 21877872484
0.088260 0.049033 9.532065 21877897512
0.107873 0.088260 9.522259 21877922488
0.392266 0.392266 9.012313 21877947505
0.215746 0.166713 9.473226 21877972491
0.137293 0.088260 9.453611 21877997503
0.117680 0.098067 9.463418 21878022477
0.107873 0.058840 9.532065 21878047509
0.137293 0.078453 9.492838 21878072482
0.156906 0.107873 9.522259 21878097501
0.137293 0.068647 9.492838 21878122480
0.127486 0.088260 9.532065 21878147508
0.137293 0.068647 9.590905 21878172484
0.117680 0.098067 9.551678 21878197508
0.156906 -0.019613 8.325847 21878222607
0.019613 0.039227 9.649745 21878247509
0.068647 0.049033 9.571292 21878272529
0.098067 0.058840 9.296705 21878297511
0.107873 0.058840 9.306512 21878322560
0.137293 0.068647 9.463418 21878347505
0.117680 0.039227 9.561485 21878372495
0.117680 0.039227 9.541871 21878397511
0.107873 0.039227 9.551678 21878422490
0.117680 0.019613 9.571292 21878447505
0.107873 0.058840 9.492838 21878472502
0.127486 0.039227 9.541871 21878497507
0.107873 0.029420 9.502645 21878522500
0.098067 0.029420 9.541871 21878547506
0.117680 0.088260 9.512452 21878572499
0.107873 0.058840 9.463418 21878597510
0.107873 0.049033 9.512452 21878622492
0.107873 0.088260 9.483032 21878647509
0.107873 0.088260 9.483032 21878672503
0.127486 0.098067 9.571292 21878697514
0.107873 0.078453 9.581099 21878722484
0.127486 0.078453 9.502645 21878747511
0.088260 0.049033 9.512452 21878772486
0.117680 0.078453 9.532065 21878797495
0.088260 0.068647 9.502645 21878822503
0.098067 0.088260 9.532065 21878847512
