2.730000 -5.915000 -0.752500 21877149262
2.712500 -5.705000 -0.787500 21877174308
2.677500 -5.810000 -0.805000 21877199259
2.572500 -5.862500 -0.787500 21877224300
2.432500 -5.740000 -0.910000 21877249338
2.327500 -5.687500 -0.945000 21877274311
2.345000 -5.495000 -0.682500 21877299294
2.537500 -5.477500 -0.717500 21877324317
2.555000 -5.810000 -0.752500 21877349317
2.275000 -5.862500 -0.857500 21877374308
2.520000 -5.722500 -0.997500 21877399310
2.782500 -5.845000 -0.612500 21877424314
2.607500 -5.897500 -0.892500 21877449259
2.572500 -5.950000 -0.665000 21877474318
2.747500 -5.862500 -0.647500 21877499259
3.062500 -5.827500 -0.647500 21877524318
2.590000 -5.687500 -0.822500 21877549267
2.362500 -5.880000 -0.822500 21877574306
2.502500 -5.932500 -0.910000 21877599266
2.607500 -5.740000 -0.770000 21877624315
2.607500 -5.810000 -0.910000 21877649310
2.835000 -5.407500 -0.927500 21877674306
2.590000 -5.950000 -0.857500 21877699310
2.782500 -5.862500 -0.892500 21877724313
2.642500 -5.652500 -0.787500 21877749296
2.310000 -5.705000 -0.735000 21877774298
2.362500 -5.810000 -0.822500 21877799305
2.765000 -5.687500 -0.770000 21877824312
2.590000 -5.600000 -0.787500 21877849312
2.852500 -5.687500 -0.840000 21877874305
3.010000 -5.757500 -0.805000 21877899306
2.572500 -5.687500 -0.962500 21877924313
2.555000 -3.727500 -0.560000 21877949314
2.082500 -5.565000 -0.945000 21877974299
2.450000 -6.265000 -0.752500 21877999306
2.607500 -5.880000 -0.822500 21878024300
2.590000 -5.792500 -0.892500 21878049308
2.555000 -5.827500 -0.647500 21878074303
2.572500 -5.862500 -1.015000 21878099306
2.450000 -5.670000 -0.700000 21878124315
2.380000 -5.740000 -0.752500 21878149303
2.817500 -5.775000 -0.752500 21878174299
2.537500 -6.020000 -0.875000 21878199302
2.730000 -3.377500 -0.665000 21878224311
1.872500 -4.777500 -0.595000 21878249308
2.782500 -5.845000 -0.770000 21878274307
2.660000 -6.982500 -0.857500 21878299312
2.485000 -5.670000 -0.735000 21878324311
2.292500 -6.195000 -0.577500 21878349307
2.660000 -5.652500 -0.840000 21878374311
2.660000 -5.915000 -1.067500 21878399302
2.590000 -5.932500 -0.857500 21878424318
2.380000 -5.862500 -0.822500 21878449303
2.362500 -5.792500 -0.735000 21878474307
2.572500 -5.862500 -0.875000 21878499300
2.537500 -5.652500 -0.945000 21878524310
2.695000 -6.020000 -0.962500 21878549308
2.660000 -5.810000 -0.980000 21878574298
2.607500 -5.792500 -0.542500 21878599306
2.835000 -5.845000 -0.840000 21878624310
2.380000 -5.582500 -0.857500 21878649315
2.642500 -6.055000 -0.840000 21878674310
2.607500 -5.705000 -0.735000 21878699308
2.870000 -5.670000 -0.857500 21878724311
2.677500 -5.565000 -0.980000 21878749313
2.940000 -5.845000 -0.892500 21878774310
2.730000 -5.810000 -0.630000 21878799308
2.817500 -5.740000 -0.945000 21878824261
2.695000 -5.845000 -0.612500 21878849311
3.062500 -5.582500 -0.770000 21878874262
