7.500000 9.179999 1.140000 21877160801
7.320000 9.240000 1.320000 21877185669
6.960000 8.880000 0.960000 21877210802
6.960000 9.120000 1.200000 21877235682
7.080000 9.240000 0.960000 21877260847
6.840000 9.120000 1.320000 21877285685
7.020000 8.940000 1.380000 21877310799
7.080000 9.240000 1.080000 21877335684
7.380000 9.420000 1.020000 21877360845
6.900000 9.300000 1.020000 21877385717
7.260000 9.420000 1.020000 21877410791
7.200000 9.120000 1.200000 21877435673
7.260000 9.179999 1.260000 21877460801
7.200000 9.120000 0.840000 21877485725
7.020000 9.179999 1.140000 21877510790
7.320000 9.360000 0.960000 21877535677
7.140000 9.179999 1.140000 21877560823
7.080000 9.240000 1.200000 21877585672
6.900000 9.059999 0.900000 21877610804
7.020000 8.940000 1.140000 21877635688
7.020000 9.300000 1.140000 21877660801
7.080000 9.240000 0.840000 21877685675
7.200000 9.360000 0.960000 21877710796
7.200000 9.000000 1.080000 21877735686
7.140000 9.059999 0.900000 21877760802
7.260000 9.300000 1.140000 21877785678
6.960000 9.000000 1.080000 21877810813
7.260000 9.059999 1.260000 21877835674
7.080000 9.240000 0.960000 21877860803
7.200000 9.120000 0.960000 21877885797
7.140000 8.820000 1.020000 21877910816
7.080000 9.120000 0.960000 21877935675
7.140000 9.420000 1.140000 21877960918
7.200000 9.240000 1.440000 21877985679
7.200000 9.120000 1.320000 21878010795
7.200000 9.240000 0.960000 21878035678
6.960000 9.240000 1.320000 21878060808
7.140000 9.420000 1.140000 21878085699
7.080000 9.120000 1.320000 21878110811
7.080000 9.000000 0.960000 21878135689
7.260000 8.820000 1.260000 21878160806
7.140000 9.059999 1.020000 21878185673
7.080000 9.480000 0.960000 21878210798
6.960000 9.360000 0.960000 21878235679
6.900000 8.940000 1.140000 21878260810
7.140000 8.940000 0.900000 21878285685
7.200000 9.240000 0.840000 21878310824
7.080000 9.240000 1.200000 21878335710
7.200000 9.240000 1.080000 21878360815
6.960000 9.240000 1.320000 21878385677
7.200000 9.120000 1.080000 21878410789
7.140000 9.059999 1.020000 21878435723
7.260000 9.059999 1.020000 21878460797
6.900000 9.179999 1.260000 21878485677
7.020000 9.300000 1.140000 21878510798
7.440000 9.000000 1.320000 21878535685
7.260000 9.179999 1.020000 21878560794
6.960000 9.240000 0.840000 21878585682
6.960000 9.240000 1.080000 21878610750
7.320000 9.480000 0.960000 21878635718
7.140000 9.300000 1.140000 21878660683
6.780000 9.300000 1.380000 21878685664
7.320000 9.240000 1.080000 21878710675
7.020000 9.059999 1.020000 21878735661
7.440000 9.480000 1.080000 21878760688
7.260000 9.179999 0.780000 21878785663
7.080000 9.240000 0.960000 21878810671
7.080000 9.120000 0.720000 21878835675
7.260000 9.420000 1.020000 21878860715
7.080000 9.120000 1.200000 21878885679
