0.000000 20170262118
0.000000 20170287124
0.000000 20170312108
0.000000 20170337118
0.000000 20170362100
0.000000 20170387133
0.000000 20170412102
0.000000 20170437133
0.000000 20170462108
0.000000 20170487111
0.000000 20170512111
0.000000 20170537123
0.000000 20170562088
5.000000 20170587134
5.000000 20170612118
5.000000 20170637138
5.000000 20170662109
5.000000 20170687104
5.000000 20170712109
5.000000 20170737140
5.000000 20170762110
5.000000 20170787124
5.000000 20170812125
5.000000 20170837127
5.000000 20170862098
5.000000 20170887118
5.000000 20170912112
5.000000 20170937110
5.000000 20170962096
5.000000 20170987053
5.000000 20171012108
5.000000 20171037140
5.000000 20171062104
5.000000 20171087140
5.000000 20171112117
5.000000 20171137140
5.000000 20171162096
5.000000 20171187116
5.000000 20171212092
5.000000 20171237137
5.000000 20171262109
5.000000 20171287113
5.000000 20171312115
5.000000 20171337125
5.000000 20171362111
5.000000 20171387120
5.000000 20171412131
5.000000 20171437144
5.000000 20171462103
5.000000 20171487134
5.000000 20171512119
5.000000 20171537118
5.000000 20171562109
5.000000 20171587138
5.000000 20171612121
5.000000 20171637141
5.000000 20171662059
5.000000 20171687135
5.000000 20171712120
5.000000 20171737110
5.000000 20171762111
5.000000 20171787133
5.000000 20171812113
5.000000 20171837119
5.000000 20171862113
5.000000 20171887418
5.000000 20171912116
5.000000 20171937142
5.000000 20171962111
5.000000 20171987140
5.000000 20172012116
5.000000 20172037142
5.000000 20172062110
5.000000 20172087118
5.000000 20172112104
5.000000 20172137130
5.000000 20172162100
5.000000 20172187118
5.000000 20172212101
5.000000 20172237133
5.000000 20172262098
5.000000 20172287132
5.000000 20172312104
5.000000 20172337118
5.000000 20172362101
5.000000 20172387141
5.000000 20172412114
5.000000 20172437134
5.000000 20172462089
5.000000 20172487135
5.000000 20172512122
5.000000 20172537129
5.000000 20172562194
5.000000 20172587130
5.000000 20172612257
5.000000 20172637115
5.000000 20172662154
5.000000 20172687103
5.000000 20172712109
5.000000 20172737125
5.000000 20172762106
5.000000 20172787097
5.000000 20172812109
5.000000 20172837115
5.000000 20172862107
5.000000 20172887107
5.000000 20172912088
5.000000 20172937106
5.000000 20172962104
5.000000 20172987125
5.000000 20173012113
5.000000 20173037112
5.000000 20173062097
5.000000 20173087106
5.000000 20173112122
5.000000 20173137125
5.000000 20173162103
5.000000 20173187123
5.000000 20173212120
5.000000 20173237120
5.000000 20173262106
5.000000 20173287105
5.000000 20173312117
5.000000 20173337123
5.000000 20173362101
5.000000 20173387171
5.000000 20173412151
5.000000 20173437135
5.000000 20173462101
5.000000 20173487108
5.000000 20173512119
5.000000 20173537120
5.000000 20173562106
5.000000 20173587101
5.000000 20173612436
5.000000 20173637127
5.000000 20173662110
5.000000 20173687115
5.000000 20173712118
5.000000 20173737131
5.000000 20173762113
5.000000 20173787130
5.000000 20173812128
5.000000 20173837118
5.000000 20173862118
5.000000 20173887126
5.000000 20173912132
0.000000 20173937152
0.000000 20173962124
0.000000 20173987130
0.000000 20174012113
0.000000 20174037137
0.000000 20174062130
0.000000 20174087125
0.000000 20174112114
0.000000 20174137133
0.000000 20174162110
0.000000 20174187130
0.000000 20174212119
0.000000 20174237118
0.000000 20174262119
0.000000 20174287036
0.000000 20174312131
0.000000 20174337139
0.000000 20174362111
0.000000 20174387129
0.000000 20174412140
0.000000 20174437137
0.000000 20174462116
0.000000 20174487135
0.000000 20174512126
0.000000 20174537138
0.000000 20174562108
0.000000 20174587122
0.000000 20174612124
0.000000 20174637126
0.000000 20174662112
0.000000 20174687129
0.000000 20174712122
0.000000 20174737118
0.000000 20174762136
0.000000 20174787200
0.000000 20174812120
0.000000 20174837159
0.000000 20174862097
0.000000 20174887120
0.000000 20174912117
0.000000 20174937130
0.000000 20174962106
0.000000 20174987753
0.000000 20175012117
0.000000 20175037133
0.000000 20175062108
0.000000 20175087136
0.000000 20175112114
0.000000 20175137140
0.000000 20175162131
0.000000 20175187130
0.000000 20175212342
0.000000 20175237137
0.000000 20175262108
0.000000 20175287128
0.000000 20175312109
0.000000 20175337125
0.000000 20175362097
0.000000 20175387089
0.000000 20175412119
0.000000 20175437092
0.000000 20175462108
0.000000 20175487113
0.000000 20175512123
0.000000 20175537100
0.000000 20175562126
0.000000 20175587104
0.000000 20175612247
0.000000 20175637100
0.000000 20175662105
0.000000 20175687107
0.000000 20175712117
0.000000 20175737098
0.000000 20175762107
0.000000 20175787121
0.000000 20175812117
0.000000 20175837104
0.000000 20175862091
0.000000 20175887113
0.000000 20175912097
0.000000 20175937097
0.000000 20175962101
0.000000 20175987106
0.000000 20176012113
0.000000 20176037111
0.000000 20176062111
0.000000 20176087117
0.000000 20176112111
0.000000 20176137102
0.000000 20176162100
0.000000 20176187093
0.000000 20176212113
0.000000 20176237087
0.000000 20176262110
0.000000 20176287084
0.000000 20176312125
0.000000 20176337102
0.000000 20176362100
0.000000 20176387111
0.000000 20176412138
0.000000 20176437124
0.000000 20176462087
0.000000 20176487118
0.000000 20176512118
0.000000 20176537099
0.000000 20176562092
0.000000 20176587094
0.000000 20176612115
0.000000 20176637180
0.000000 20176662099
0.000000 20176687135
0.000000 20176712102
0.000000 20176737165
0.000000 20176762095
0.000000 20176787119
0.000000 20176812126
0.000000 20176837104
0.000000 20176862104
0.000000 20176887120
0.000000 20176912125
0.000000 20176937108
0.000000 20176962098
0.000000 20176987093
0.000000 20177012128
0.000000 20177037120
0.000000 20177062108
0.000000 20177087116
0.000000 20177112108
0.000000 20177137117
0.000000 20177162098
0.000000 20177187099
0.000000 20177212103
0.000000 20177237105
0.000000 20177262101
0.000000 20177287105
0.000000 20177312116
0.000000 20177337110
0.000000 20177362101
0.000000 20177387086
0.000000 20177412117
0.000000 20177437100
0.000000 20177462091
0.000000 20177487098
0.000000 20177512118
0.000000 20177537103
0.000000 20177562091
0.000000 20177587106
0.000000 20177612116
0.000000 20177637097
0.000000 20177662103
0.000000 20177687107
0.000000 20177712117
0.000000 20177737109
0.000000 20177762094
0.000000 20177787114
0.000000 20177812118
0.000000 20177837103
0.000000 20177862102
0.000000 20177887100
0.000000 20177912118
0.000000 20177937107
0.000000 20177962113
0.000000 20177987123
0.000000 20178012134
0.000000 20178037530
0.000000 20178062109
0.000000 20178087125
0.000000 20178112133
0.000000 20178137123
0.000000 20178162105
0.000000 20178187114
0.000000 20178212128
0.000000 20178237120
0.000000 20178262120
0.000000 20178287130
0.000000 20178312152
0.000000 20178337122
0.000000 20178362104
0.000000 20178387113
0.000000 20178412116
0.000000 20178437107
0.000000 20178462091
0.000000 20178487112
0.000000 20178512131
0.000000 20178537097
0.000000 20178562090
0.000000 20178587111
0.000000 20178612122
0.000000 20178637096
0.000000 20178662089
0.000000 20178687103
0.000000 20178712113
0.000000 20178737087
0.000000 20178762095
0.000000 20178787105
0.000000 20178812126
0.000000 20178837080
0.000000 20178862094
0.000000 20178887112
0.000000 20178912111
0.000000 20178937090
0.000000 20178962096
0.000000 20178987098
