3.395000 0.595000 -1.155000 12884102814
3.377500 0.630000 -0.070000 12884127729
4.497500 1.400000 1.015000 12884152829
13.002500 49.490002 12.705000 12884177822
41.982502 65.660004 11.410000 12884202814
-25.514999 -9.310000 9.537500 12884227729
-34.912498 -49.822498 -13.230000 12884252821
-13.230000 -21.472500 -15.925000 12884277826
24.482500 -0.087500 -6.965000 12884302832
19.547501 -6.930000 0.210000 12884327743
9.765000 -14.192500 -0.595000 12884352815
2.345000 -6.177500 0.035000 12884377822
4.060000 2.730000 -0.402500 12884402815
3.360000 1.767500 -0.455000 12884427732
2.380000 0.595000 -0.122500 12884452827
