-4.740000 -3.780000 -2.340000 12884061371
-4.560000 -3.840000 -2.280000 12884086489
-4.560000 -3.840000 -2.160000 12884111565
-4.800000 -3.600000 -2.040000 12884136578
-4.380000 -3.780000 -2.580000 12884161395
-4.560000 -3.960000 -2.520000 12884186489
-4.200000 -4.080000 -2.400000 12884211576
-4.020000 -3.900000 -2.700000 12884236604
-4.380000 -3.780000 -2.580000 12884261368
-4.560000 -3.960000 -2.520000 12884286484
-4.500000 -4.140000 -2.460000 12884311593
-4.860000 -4.020000 -2.460000 12884336634
-4.200000 -4.200000 -2.160000 12884361383
-4.440000 -3.720000 -2.520000 12884386497
-4.620000 -3.900000 -2.340000 12884411579
