-1.032500 -5.740000 -1.505000 20109706671
-1.452500 -4.987500 -1.050000 20109731625
-0.385000 -5.477500 -1.295000 20109756670
0.437500 -3.885000 -0.962500 20109781666
1.522500 -2.397500 0.612500 20109806669
1.750000 -3.727500 0.910000 20109831676
1.890000 -4.567500 1.260000 20109856676
0.892500 -3.955000 1.942500 20109881677
0.332500 -3.307500 0.682500 20109906481
-1.207500 -6.002500 -3.115000 20109931671
-1.312500 -8.540000 -4.655000 20109956670
-1.470000 -7.507500 -3.062500 20109981673
-2.030000 -8.172500 -2.642500 20110006679
-1.102500 -8.172500 -0.980000 20110031668
1.032500 -6.965000 0.437500 20110056697
1.557500 -9.677500 1.802500 20110081669
0.455000 -8.417500 3.640000 20110106678
0.630000 -0.367500 7.910000 20110131671
-0.787500 0.840000 5.687500 20110156676
4.165000 -4.235000 2.765000 20110181672
9.135000 1.977500 2.765000 20110206675
7.472500 2.695000 1.015000 20110231665
6.492500 -1.820000 0.822500 20110256675
6.125000 3.552500 0.735000 20110281670
7.595000 9.642500 0.612500 20110306670
6.562500 20.772501 -0.227500 20110331656
7.560000 30.537500 12.845000 20110356668
8.155000 5.915000 8.697500 20110381672
5.057500 0.805000 7.682500 20110406674
3.010000 -4.270000 4.830000 20110431669
2.362500 10.167500 0.437500 20110456665
-4.690000 41.037498 -2.135000 20110481667
-7.297500 53.427502 -5.740000 20110506670
-8.435000 59.097500 -5.232500 20110531669
-8.190000 53.742500 -7.402500 20110556665
-8.400000 42.472500 -3.972500 20110581673
-8.872500 34.895000 -1.557500 20110606680
-7.490000 31.990000 0.647500 20110631665
-4.917500 33.705002 1.347500 20110656669
-0.175000 46.830002 1.190000 20110681675
1.522500 61.477501 2.292500 20110706669
1.960000 69.965004 0.297500 20110731668
2.660000 71.487503 -0.717500 20110756665
2.327500 83.492500 2.852500 20110781666
5.285000 83.300003 0.350000 20110806668
4.322500 66.622498 -3.745000 20110831664
1.330000 49.437500 -8.732500 20110856667
-0.455000 46.357502 -7.770000 20110881669
0.542500 49.157501 -6.352500 20110906671
-0.962500 52.202499 -6.510000 20110931671
-2.327500 51.275002 -7.000000 20110956668
-1.662500 44.660000 -8.820000 20110981668
-2.467500 51.222500 -8.505000 20111006669
-1.522500 59.412498 -7.175000 20111031671
-1.067500 74.129997 -4.217500 20111056681
1.697500 70.419998 -2.240000 20111081672
1.400000 83.894997 -1.260000 20111106669
-4.252500 85.942497 -2.415000 20111131670
-0.822500 71.855003 -4.882500 20111156668
4.445000 64.680000 -0.787500 20111181670
8.942500 75.582497 3.745000 20111206671
7.542500 84.665001 6.965000 20111231682
3.780000 78.364998 10.797500 20111256667
2.065000 67.934998 13.107500 20111281670
3.482500 88.550003 14.280000 20111306672
3.395000 113.032501 12.635000 20111331668
-0.385000 115.430000 13.475000 20111356668
0.105000 89.285004 3.570000 20111381669
8.470000 70.419998 -5.827500 20111406678
9.275000 70.857498 -11.987500 20111431688
11.095000 103.985001 -10.902500 20111456666
9.677500 100.485001 -9.065000 20111481672
9.590000 87.430000 -12.757500 20111506667
8.645000 62.755001 -16.992500 20111531683
10.377500 63.192501 -15.837500 20111556670
9.695000 65.467499 -10.430000 20111581679
3.885000 63.612499 -9.712500 20111606671
1.592500 60.340000 -11.112500 20111631684
2.607500 46.357502 -11.007500 20111656667
2.082500 58.537498 -10.097500 20111681671
3.937500 73.779999 -10.290000 20111706671
6.125000 92.294998 -8.295000 20111731673
6.457500 97.597504 -6.702500 20111756671
8.295000 90.457497 -6.615000 20111781664
8.802500 80.972504 -6.160000 20111806669
7.735000 87.272499 -7.087500 20111831678
7.017500 91.857498 -5.705000 20111856648
4.217500 92.557503 -4.900000 20111881676
3.342500 85.312500 -5.792500 20111906677
3.657500 159.582504 2.712500 20111931677
3.955000 169.767502 7.035000 20111956662
-0.787500 145.914993 6.895000 20111981670
-1.102500 89.547501 1.767500 20112006694
1.330000 65.922501 0.647500 20112031673
2.100000 59.744999 1.732500 20112056673
2.607500 73.727501 2.082500 20112081674
3.902500 74.112503 2.065000 20112106672
4.847500 70.717499 4.445000 20112131620
2.957500 68.092499 5.512500 20112156629
-0.507500 69.510002 5.407500 20112181667
-7.822500 76.370003 5.600000 20112206673
-15.802500 65.747498 5.320000 20112231678
-18.655001 63.490002 4.760000 20112256665
-19.250000 66.220001 4.865000 20112281678
-15.767500 68.669998 5.197500 20112306675
-13.772500 61.564999 7.262500 20112331679
-4.287500 52.115002 11.532500 20112356665
3.255000 47.722500 18.742500 20112381673
3.010000 52.779999 17.832500 20112406675
-1.085000 61.810001 10.797500 20112431675
-6.510000 71.102501 10.535000 20112456691
-7.350000 59.465000 10.657500 20112481682
-7.577500 50.137501 10.185000 20112506672
-8.015000 39.707500 11.760000 20112531671
-3.535000 35.595001 12.127500 20112556668
-2.065000 39.462502 11.550000 20112581668
-2.135000 42.682499 11.532500 20112606677
3.185000 43.837502 11.095000 20112631672
6.160000 44.292500 9.940000 20112656670
8.715000 38.220001 6.982500 20112681673
6.580000 52.220001 10.255000 20112706675
7.595000 40.040001 4.707500 20112731669
3.955000 38.132500 3.762500 20112756667
2.555000 44.467499 4.497500 20112781669
0.630000 37.222500 5.337500 20112806668
-2.450000 27.650000 3.167500 20112831678
-2.660000 14.682500 2.397500 20112856678
-0.227500 16.537500 4.147500 20112881676
-1.645000 19.267500 3.062500 20112906681
-2.607500 23.835001 2.887500 20112931676
1.260000 21.629999 2.607500 20112956685
3.797500 18.707500 1.050000 20112981683
4.585000 16.572500 -5.180000 20113006665
7.910000 5.810000 -6.300000 20113031674
5.705000 4.480000 -5.250000 20113056673
4.392500 5.092500 -4.690000 20113081681
10.815000 -1.015000 -3.482500 20113106685
10.972500 -0.735000 -2.117500 20113131670
4.375000 1.697500 0.507500 20113156678
2.502500 3.710000 -0.017500 20113181672
0.752500 -2.730000 -0.297500 20113206779
7.350000 -5.757500 -0.192500 20113231669
7.035000 -6.317500 -2.782500 20113256689
5.530000 1.645000 -4.672500 20113281672
6.720000 1.190000 -4.445000 20113306731
9.030000 -9.432500 -3.622500 20113331675
7.997500 -17.622499 -1.610000 20113356623
9.887500 -17.202499 1.452500 20113381670
7.787500 -7.420000 4.270000 20113406636
1.382500 -5.320000 4.270000 20113431665
-0.787500 -8.487500 -2.625000 20113456634
-4.777500 -13.702500 -0.210000 20113481669
-4.550000 -6.265000 1.662500 20113506633
-3.465000 0.945000 4.252500 20113531671
-4.690000 -0.507500 4.410000 20113556627
-0.140000 -5.372500 -2.415000 20113581674
0.927500 -5.302500 -4.340000 20113606628
-0.962500 -0.280000 -1.137500 20113631675
-2.607500 -0.647500 1.697500 20113656628
-2.975000 -6.090000 2.642500 20113681685
1.452500 -9.572500 1.347500 20113706635
5.845000 -7.647500 -0.612500 20113731677
10.587500 -5.635000 -2.905000 20113756623
11.952500 -6.877500 -2.940000 20113781668
10.675000 -9.537500 -0.087500 20113806624
