-0.421686 0.764919 -10.100850 27185594193
-0.470719 0.068647 -10.424470 27185616354
-0.509946 0.137293 -10.581376 27185641351
-0.490333 0.117680 -10.640217 27185666324
-0.441299 0.068647 -10.659830 27185691406
-0.490333 0.068647 -10.748089 27185716409
-0.500139 0.078453 -10.757896 27185741398
-0.451106 0.137293 -10.757896 27185766373
-0.362846 0.225553 -10.699056 27185791406
-0.235360 0.323619 -10.689250 27185816380
-0.254973 0.333426 -10.630409 27185841374
-0.304006 0.382459 -10.385243 27185866379
-0.382459 0.431493 -10.365630 27185891407
-0.274586 0.392266 -10.404857 27185916389
-0.225553 0.353039 -10.512731 27185941377
-0.147100 0.382459 -10.473503 27185966379
-0.078453 0.382459 -10.434277 27185991405
-0.039227 0.392266 -10.551956 27186016369
0.019613 0.372653 -10.512731 27186041375
0.058840 0.362846 -10.885383 27186066374
0.039227 0.372653 -10.816736 27186091407
0.147100 0.411879 -10.650023 27186116376
0.245166 0.421686 -10.757896 27186141373
0.333426 0.431493 -10.777510 27186166377
0.460913 0.402073 -10.551956 27186191405
0.500139 0.441299 -10.669637 27186216368
0.764919 0.421686 -10.689250 27186241368
1.098345 0.323619 -10.591184 27186266377
1.157185 0.225553 -10.434277 27186291402
1.166991 0.196133 -10.581376 27186316370
1.294478 0.176520 -10.650023 27186341365
1.461191 0.215746 -10.963836 27186366368
1.637711 0.264780 -10.767703 27186391405
1.873070 0.274586 -10.561764 27186416367
2.108430 0.274586 -10.787316 27186441361
2.275143 0.333426 -10.600989 27186466385
2.579149 0.294200 -10.571569 27186491401
2.696829 0.558979 -10.081238 27186516370
2.863542 0.460913 -10.395051 27186541365
3.000835 0.382459 -10.296983 27186566390
3.118515 0.441299 -9.992978 27186591391
3.226388 0.470719 -9.718391 27186616381
3.677494 0.617819 -9.600712 27186641369
3.922661 0.578592 -9.630132 27186666376
4.177633 0.431493 -9.806651 27186691410
4.275700 0.147100 -9.806651 27186716378
4.285507 0.156906 -10.218531 27186741371
4.403186 0.009807 -9.816459 27186766379
4.824872 -0.127486 -9.424192 27186791408
5.109265 -0.117680 -9.590905 27186816379
5.364238 0.049033 -9.159412 27186841377
5.619211 0.225553 -8.953472 27186866374
5.766311 0.215746 -8.423914 27186891403
5.864377 0.176520 -8.659273 27186916371
6.119350 0.274586 -8.443527 27186941379
6.521423 0.362846 -8.129714 27186966377
6.717556 0.539366 -8.267007 27186991400
6.845042 0.568786 -8.521980 27187016346
6.972529 0.382459 -8.531787 27187041374
6.580263 0.382459 -7.668801 27187066377
6.756783 0.460913 -7.453054 27187091400
7.256922 0.539366 -7.786481 27187116376
7.462861 0.578592 -8.002228 27187141378
7.796288 0.627626 -7.786481 27187166310
7.894354 0.696272 -7.551122 27187191284
7.874741 1.500418 -6.050704 27187216385
7.982615 1.637711 -5.883991 27187241385
8.080681 1.618097 -5.933024 27187266374
8.247394 1.598484 -5.864377 27187291405
8.404300 1.549451 -5.844764 27187316376
8.600433 1.637711 -5.432885 27187341379
8.904439 1.725971 -5.011199 27187366384
9.159412 1.647517 -4.599319 27187391405
9.306512 1.696550 -3.795174 27187416377
9.384965 1.735777 -3.726527 27187441376
9.473226 1.706357 -3.295035 27187466372
9.335932 1.716164 -3.285228 27187491356
9.443805 1.853457 -2.147657 27187516366
9.639938 1.784810 -2.039783 27187541381
9.914525 1.412158 -2.716442 27187566376
10.091044 1.520031 -2.441856 27187591405
9.904717 1.402351 -1.882877 27187616373
10.326404 1.353318 -1.539644 27187641382
10.042011 1.588677 -1.284671 27187666376
9.816459 1.676937 -0.608012 27187691401
10.159691 1.696550 -0.480526 27187716373
10.061625 1.392545 -0.823759 27187741382
10.198916 1.647517 -0.666852 27187766365
10.424470 1.990750 0.254973 27187791368
10.091044 1.637711 0.372653 27187816368
9.963558 1.549451 0.784532 27187841376
9.992978 1.598484 1.157185 27187866357
9.953751 1.510224 1.598484 27187891376
9.836071 1.490611 1.794617 27187916373
9.806651 1.627904 2.020170 27187941376
9.708585 1.500418 2.324176 27187966354
9.659552 1.529838 2.814509 27187991405
9.620325 1.608291 2.785089 27188016359
9.836071 1.578871 3.353875 27188041374
9.698778 1.470998 3.500974 27188066353
8.973086 1.490611 4.099180 27188091407
8.845599 1.549451 4.412993 27188116368
8.541594 1.470998 4.550286 27188141381
8.355267 1.500418 5.011199 27188166540
8.296427 1.745584 4.883712 27188191379
8.178747 1.794617 5.295592 27188216366
8.100294 1.853457 5.344625 27188241368
8.286621 1.853457 5.511338 27188266399
8.423914 1.931910 5.717278 27188291405
8.316040 1.931910 5.579985 27188316364
8.217974 1.971137 5.678051 27188341407
8.061068 2.039783 6.246837 27188366375
7.806095 1.853457 6.138963 27188391401
7.639381 1.873070 6.286063 27188416363
7.472668 1.892684 6.393937 27188441373
7.198082 1.990750 6.511616 27188466357
7.139242 1.804424 6.903882 27188491400
7.119628 1.824037 7.139242 27188516359
7.011755 1.971137 7.296148 27188541368
6.413549 1.755391 7.462861 27188566359
6.227223 1.931910 7.551122 27188591406
6.011477 1.990750 7.305955 27188616371
5.785924 2.020170 7.345181 27188641372
5.432885 2.020170 7.835515 27188666359
5.530951 1.922104 8.070874 27188691399
5.442691 1.971137 7.766868 27188716357
5.236752 2.069203 7.590348 27188741376
5.050425 2.167270 8.443527 27188766355
4.971972 2.118237 8.433721 27188791399
5.001392 2.206496 8.512174 27188816365
4.883712 2.235916 8.492560 27188841373
4.746419 2.451663 9.031926 27188866360
4.491446 2.373209 9.139799 27188891400
4.344347 2.461469 9.080959 27188916361
4.246280 2.402630 8.727920 27188941371
3.628461 2.481083 8.943666 27188966359
3.412714 2.520309 9.080959 27188991383
3.196968 2.441856 9.002505 27189016356
3.030255 2.412436 8.865212 27189041358
3.138128 2.559536 9.247672 27189066362
2.843929 2.667409 9.688972 27189091392
2.539923 2.637989 9.708585 27189116358
2.383016 2.667409 9.512452 27189141360
1.863264 2.647796 9.424192 27189166352
1.431771 2.628183 9.610518 27189191396
1.098345 2.579149 9.777231 27189216351
0.941439 2.471276 9.463418 27189241373
0.951245 2.422243 9.473226 27189266331
1.068925 2.275143 9.502645 27189291400
1.265058 2.353596 9.443805 27189316449
0.804145 2.559536 9.747811 27189341375
0.755112 2.608569 9.875298 27189366380
0.715886 2.637989 9.679165 27189391401
0.323619 2.775282 9.522259 27189416398
-0.196133 2.736056 9.630132 27189441371
-0.264780 2.834122 9.708585 27189466351
-0.245166 2.775282 9.669358 27189491402
-0.313813 2.677216 9.433999 27189516350
-0.774725 2.500696 9.355545 27189541375
-0.637432 2.402630 9.424192 27189566335
-0.813952 2.402630 9.708585 27189591405
-1.137571 2.432050 9.767425 27189616359
-1.618097 2.353596 9.757618 27189641374
-1.775004 2.373209 9.708585 27189666355
-1.902490 2.235916 9.512452 27189691402
-1.784810 2.216303 9.120186 27189716358
-2.010364 2.441856 8.963279 27189741370
-1.990750 2.422243 8.757339 27189766351
-2.275143 2.539923 9.012313 27189791401
-2.412436 2.579149 9.237865 27189816344
-2.667409 2.471276 9.345738 27189841364
-2.834122 2.392823 9.326125 27189866346
-2.922382 2.432050 9.149606 27189891403
-3.451941 2.520309 8.904439 27189916336
-3.569621 2.432050 8.875020 27189941366
-3.550008 2.422243 8.884827 27189966320
-3.775561 2.461469 8.924053 27189991406
-4.305120 2.598763 8.531787 27190016302
-4.511060 2.677216 8.580820 27190041375
-4.285507 2.579149 8.521980 27190066330
-4.040340 2.530116 8.816179 27190091400
-3.824594 2.510503 8.737726 27190116345
-4.099180 2.353596 8.384687 27190141370
-4.589513 2.284950 8.198360 27190166314
-4.844486 2.206496 8.306233 27190191306
-5.766311 2.481083 8.012034 27190216280
-5.805537 2.618376 8.090487 27190241355
-5.354432 2.539923 8.463140 27190266337
-5.197526 2.304563 8.286621 27190291400
-5.187718 2.647796 8.355267 27190316364
-5.442691 2.520309 8.237587 27190341384
-5.393658 2.647796 7.757061 27190366360
-5.305398 2.745862 7.609962 27190391405
-6.325290 2.912575 7.345181 27190416342
-6.168384 2.843929 7.139242 27190441201
-5.658438 2.412436 7.050982 27190466349
-5.923217 2.000557 6.648909 27190491414
-5.903604 2.245723 7.237308 27190516347
-5.972251 2.069203 7.237308 27190541384
-6.070317 1.902490 7.217695 27190566379
-6.766589 2.088817 6.796009 27190591407
-7.168662 2.255530 6.648909 27190616372
-7.109822 2.196690 6.639102 27190641374
-7.188275 1.902490 6.325290 27190666370
-7.913968 1.902490 6.119350 27190691401
-8.070874 2.020170 6.217417 27190716376
-7.776674 1.882877 6.511616 27190741372
-7.551122 1.765197 6.256643 27190766369
-7.845321 1.716164 5.599597 27190791401
-7.972808 1.853457 5.668244 27190816365
-7.972808 1.961330 5.756504 27190841374
-7.933581 2.128043 5.403465 27190866372
-8.414106 2.304563 5.109265 27190891395
-8.404300 2.490890 5.207332 27190916370
-8.188554 2.510503 5.158298 27190941369
-7.972808 2.500696 4.805259 27190966368
-8.257200 2.667409 4.824872 27190991429
-8.394494 2.696829 4.903326 27191016379
-8.247394 2.696829 4.452219 27191041376
-8.159134 3.098902 3.736334 27191066369
-8.669080 3.236195 3.589234 27191091366
-8.845599 3.432328 3.177355 27191116367
-9.022120 3.834401 2.932189 27191141371
-9.179026 3.775561 2.588956 27191166371
-8.953472 3.128322 2.098624 27191191399
-9.188832 3.108708 2.020170 27191216375
-9.277092 3.324455 1.686744 27191241378
-9.237865 3.520588 1.676937 27191266367
-8.904439 3.393101 0.961052 27191291398
-8.894632 3.491168 0.568786 27191316369
-9.041733 3.618654 0.519753 27191341373
-9.051538 3.981500 -0.382459 27191366374
-9.159412 3.971694 -0.804145 27191391399
-9.355545 3.697107 -0.706079 27191416369
-9.345738 3.765754 -1.108152 27191441370
-9.286899 3.893241 -1.794617 27191466377
-9.316319 3.765754 -1.696550 27191491427
-9.228059 3.550008 -1.716164 27191516378
-9.159412 3.961887 -1.931910 27191541380
-9.267285 4.452219 -3.020448 27191566371
-8.904439 4.511060 -3.432328 27191591402
-8.894632 4.471833 -3.471555 27191616374
-8.678886 4.618933 -3.893241 27191641372
-8.051261 4.785646 -3.942274 27191666366
-7.708028 4.981779 -3.765754 27191691397
-7.541315 4.795453 -3.785367 27191716372
-7.560929 4.873906 -3.952080 27191741369
-7.776674 5.011199 -4.599319 27191766370
-7.737448 4.844486 -4.540480 27191791400
-7.678608 4.687580 -4.560093 27191816371
-7.688415 4.618933 -4.707192 27191841373
-7.472668 4.932746 -5.432885 27191866369
-6.943109 5.021006 -5.893797 27191891397
-6.550843 4.883712 -6.040897 27191916371
-6.256643 4.520866 -5.933024 27191941366
-6.364516 4.834679 -6.433163 27191966359
-6.452776 4.991585 -7.050982 27191991399
-6.109544 4.628739 -7.158855 27192016367
-5.403465 4.511060 -7.354988 27192041361
-5.325011 4.805259 -7.796288 27192066358
-5.119072 4.893519 -8.090487 27192091399
-4.687580 4.638546 -8.159134 27192116373
-4.108987 4.599319 -7.766868 27192141374
-4.128600 4.756226 -8.119907 27192166353
-3.991307 4.766033 -8.394494 27192191401
-3.991307 4.677773 -8.316040 27192216373
-4.128600 4.491446 -8.512174 27192241372
-3.814787 4.265893 -8.286621 27192266367
-3.383295 4.275700 -8.374881 27192291391
-3.177355 4.491446 -9.002505 27192316376
-2.922382 4.079567 -9.188832 27192341380
-2.687022 4.050147 -9.237865 27192366367
-2.588956 4.158020 -9.267285 27192391399
-2.520309 4.167827 -9.228059 27192416369
-2.226110 3.883434 -9.688972 27192441376
-2.128043 3.785367 -9.669358 27192466370
-2.147657 3.775561 -9.649745 27192491403
-2.029977 3.697107 -9.590905 27192516375
-1.775004 3.540201 -9.708585 27192541379
-1.451384 3.442135 -9.777231 27192566367
-1.363124 3.363681 -9.738005 27192591406
-1.353318 3.167548 -9.718391 27192616376
-1.206218 3.157742 -10.159691 27192641363
-1.029698 3.059675 -10.316597 27192666364
-0.892405 2.677216 -9.983171 27192691406
-1.265058 2.677216 -10.267564 27192716378
-1.510224 2.647796 -10.748089 27192741378
-1.461191 2.451663 -10.816736 27192766371
-1.294478 2.196690 -10.748089 27192791401
-1.147378 1.931910 -10.395051 27192816374
-1.068925 1.892684 -10.081238 27192841386
-1.166991 1.716164 -10.061625 27192866370
-1.010085 1.775004 -10.316597 27192891394
-0.686466 1.725971 -10.277370 27192916374
-0.460913 1.725971 -10.679443 27192941376
-0.274586 1.647517 -10.542150 27192966372
-0.215746 1.529838 -10.238144 27192991374
-0.539366 1.618097 -10.699056 27193016347
-0.637432 1.480804 -10.669637 27193041360
-0.490333 1.392545 -10.748089 27193066361
-0.284393 1.441578 -10.728477 27193091407
0.304006 1.166991 -10.404857 27193116376
0.490333 1.206218 -10.287177 27193141360
0.451106 1.323898 -10.296983 27193166314
0.382459 1.392545 -10.463697 27193191307
0.509946 1.255251 -10.679443 27193216383
0.519753 1.157185 -10.640217 27193241377
0.529559 1.147378 -10.610797 27193266377
0.392266 1.314091 -10.650023 27193291354
0.676659 1.480804 -10.522536 27193316375
0.804145 1.490611 -10.708863 27193341383
0.990472 1.216025 -10.424470 27193366377
1.098345 1.235638 -10.375437 27193391354
0.912019 1.127765 -10.473503 27193416371
0.823759 1.166991 -10.326404 27193441343
0.902212 1.088538 -10.365630 27193466377
1.265058 1.000278 -10.277370 27193491400
1.235638 1.068925 -10.306790 27193516367
1.137571 1.098345 -10.444084 27193541369
1.039505 1.323898 -10.610797 27193566367
1.059118 1.333705 -10.571569 27193591407
1.029698 1.470998 -10.512731 27193616385
1.117958 1.421964 -10.551956 27193641382
1.245445 1.245445 -10.512731 27193666373
1.049312 1.059118 -10.375437 27193691375
0.990472 1.088538 -10.355824 27193716373
1.157185 1.059118 -10.414664 27193741378
1.225831 1.088538 -10.591184 27193766376
1.000278 1.186605 -10.640217 27193791375
0.902212 1.206218 -10.522536 27193816367
0.980665 1.196411 -10.375437 27193841378
1.049312 1.206218 -10.346016 27193866374
1.049312 1.274865 -10.434277 27193891398
0.961052 1.255251 -10.561764 27193916356
0.961052 1.235638 -10.640217 27193941379
0.951245 1.216025 -10.620603 27193966533
0.990472 1.166991 -10.453890 27193991404
0.980665 1.137571 -10.414664 27194016376
0.951245 1.176798 -10.532343 27194041370
0.872792 1.255251 -10.640217 27194066552
0.804145 1.274865 -10.689250 27194091404
0.941439 1.098345 -10.502923 27194116340
1.068925 0.961052 -10.385243 27194141380
0.892405 1.078732 -10.483310 27194166368
0.813952 1.147378 -10.620603 27194191409
0.657046 1.186605 -10.640217 27194216343
0.696272 1.206218 -10.640217 27194241349
0.813952 1.216025 -10.346016 27194266377
0.843372 1.245445 -10.296983 27194291402
0.892405 1.323898 -10.502923 27194316373
0.961052 1.284671 -10.581376 27194341375
0.882599 1.029698 -10.591184 27194366338
