12.740000 -3.902500 -2.135000 27185626565
12.740000 -2.117500 -2.817500 27185651567
7.367500 2.712500 -3.745000 27185676552
-3.290000 6.492500 -3.885000 27185701619
-5.390000 9.800000 -4.795000 27185726685
-5.862500 8.697500 -4.620000 27185751620
-8.347500 8.855000 -2.730000 27185776654
-9.555000 12.110000 -2.450000 27185801602
-9.905000 13.387500 -7.245000 27185826654
-10.850000 13.720000 -10.132500 27185851613
-10.167500 11.305000 -9.187500 27185876674
-4.602500 6.212500 -6.825000 27185901607
-0.052500 5.582500 -6.020000 27185926658
2.590000 10.465000 -6.457500 27185951614
-0.017500 13.650000 -5.075000 27185976653
-3.202500 7.822500 -3.167500 27186001609
1.522500 9.905000 -1.470000 27186026653
2.957500 8.820000 -2.135000 27186051618
2.922500 11.567500 -5.390000 27186076658
0.997500 27.387501 -7.612500 27186101617
-3.570000 27.299999 -8.050000 27186126641
-0.700000 32.182499 -11.147500 27186151628
2.275000 38.955002 -11.532500 27186176667
-1.032500 44.904999 -11.777500 27186201619
1.172500 47.827499 -6.072500 27186226665
4.690000 52.832500 -3.640000 27186251627
4.550000 50.312500 -5.302500 27186276667
5.915000 31.377501 -2.642500 27186301618
6.580000 26.530001 0.612500 27186326671
4.655000 20.142500 3.692500 27186351624
0.892500 32.270000 6.212500 27186376668
-5.460000 40.915001 6.632500 27186401660
-9.222500 30.590000 4.602500 27186426672
-12.775000 40.880001 6.650000 27186451675
-9.642500 54.162498 8.190000 27186476664
-10.972500 61.232502 7.437500 27186501639
-8.452500 59.814999 6.807500 27186526667
1.155000 46.322498 7.805000 27186551663
-9.642500 56.332500 9.520000 27186576664
-13.667500 48.720001 14.350000 27186603391
-6.720000 44.834999 16.415001 27186626546
0.280000 39.987499 16.695000 27186651658
4.725000 23.327499 14.910000 27186676651
0.962500 32.584999 12.757500 27186701659
6.632500 49.945000 10.990000 27186726641
7.892500 64.977501 14.455000 27186751659
1.365000 74.445000 18.969999 27186776654
-0.035000 52.237499 12.792500 27186801639
2.677500 59.744999 5.670000 27186826664
-10.552500 71.154999 0.227500 27186851652
-17.237499 61.337502 0.752500 27186876656
-16.887501 49.384998 0.262500 27186901644
-7.665000 42.770000 -6.020000 27186926655
-4.760000 44.537498 -2.327500 27186951655
-16.309999 31.132500 -4.987500 27186976653
-6.947500 36.137501 -16.782499 27187001642
-10.045000 54.880001 -20.825001 27187026640
-17.272501 79.275002 -25.480000 27187051654
-18.270000 57.732502 -13.755000 27187076656
-12.792500 55.142502 -9.257500 27187101640
-2.012500 61.845001 -4.322500 27187126644
-1.050000 71.347504 -12.407500 27187151656
-3.920000 80.044998 -20.405001 27187176550
-18.042500 75.459999 -34.545002 27187201643
-41.474998 62.877499 -25.795000 27187226659
-33.705002 58.957500 -14.122500 27187251661
-14.350000 63.682499 -7.805000 27187276665
-5.967500 73.727501 -7.122500 27187301647
2.485000 89.687500 -7.350000 27187326667
8.452500 109.690002 -6.947500 27187351658
10.027500 112.559998 -10.937500 27187376665
9.450000 103.057503 -16.344999 27187401648
5.372500 85.959999 -9.257500 27187426659
4.462500 88.567497 -1.277500 27187451655
7.612500 81.900002 1.277500 27187476625
6.545000 90.912498 0.175000 27187501644
4.252500 76.352501 3.885000 27187526613
2.432500 40.407501 13.755000 27187551661
0.297500 39.200001 15.732500 27187576668
0.910000 58.450001 5.022500 27187601646
5.862500 57.032501 2.555000 27187626616
3.027500 61.670002 -2.625000 27187651648
8.120000 59.045002 1.400000 27187676655
4.952500 69.772499 -11.655000 27187701647
-9.625000 62.264999 2.957500 27187726653
17.447500 65.992500 7.087500 27187751650
12.582500 76.894997 -0.700000 27187776618
8.435000 74.269997 0.542500 27187801641
9.677500 81.917503 -2.642500 27187826660
7.455000 76.387497 -1.155000 27187851658
4.725000 70.000000 2.257500 27187876618
3.780000 74.812500 5.967500 27187901648
6.475000 74.129997 8.155000 27187926659
8.505000 73.342499 2.712500 27187951657
6.947500 74.514999 -4.935000 27187976654
1.417500 74.532501 -5.635000 27188001648
4.182500 86.415001 -5.880000 27188026656
7.980000 89.267502 -4.550000 27188051656
6.055000 84.927498 -0.297500 27188076653
8.750000 88.340004 -8.207500 27188101651
7.805000 73.745003 -6.527500 27188126644
6.597500 56.314999 -4.567500 27188151647
4.567500 33.950001 -1.680000 27188176654
-4.270000 50.575001 -2.870000 27188201642
-1.365000 53.952499 -10.832500 27188226651
1.347500 31.430000 -8.645000 27188251654
-2.555000 30.502501 -1.820000 27188276653
-2.362500 31.395000 -1.977500 27188301651
-3.325000 45.325001 -1.627500 27188326665
-1.085000 63.070000 -7.560000 27188351675
3.465000 48.264999 -2.152500 27188376655
-1.540000 41.317501 2.817500 27188401709
-3.797500 50.295002 -1.890000 27188426649
-0.350000 56.577499 -2.765000 27188451652
3.430000 54.722500 -3.360000 27188476652
6.772500 58.572502 -1.085000 27188501641
7.752500 59.290001 2.520000 27188526649
3.990000 59.955002 4.130000 27188551653
4.445000 49.892502 3.797500 27188576657
3.045000 37.450001 6.720000 27188601646
5.110000 53.375000 3.500000 27188626649
8.365000 63.297501 -0.087500 27188651651
13.457500 51.064999 2.030000 27188676651
14.402500 26.355000 9.502500 27188701641
5.705000 41.527500 6.632500 27188726649
6.755000 62.702499 -2.100000 27188751653
18.777500 44.957500 1.680000 27188776652
15.925000 40.459999 5.127500 27188801630
10.640000 40.075001 4.637500 27188826655
14.332500 60.007500 -2.222500 27188851650
15.400000 67.672501 -5.705000 27188876650
14.700000 44.520000 3.920000 27188901642
6.667500 45.465000 3.850000 27188926650
4.462500 75.775002 -2.975000 27188951650
9.642500 70.262497 -1.155000 27188976644
9.187500 62.825001 1.995000 27189001657
6.860000 48.772499 14.822500 27189026661
9.187500 48.860001 16.642500 27189051660
10.832500 61.932499 16.782499 27189076675
16.467501 64.190002 19.215000 27189101640
4.112500 53.514999 19.512501 27189126645
-4.987500 53.777500 13.597500 27189151653
-0.665000 50.312500 13.212500 27189176653
3.150000 48.632500 17.219999 27189201643
1.015000 38.849998 7.805000 27189226656
-7.087500 36.365002 0.227500 27189251653
-3.272500 35.892502 4.847500 27189276648
2.432500 40.092499 5.565000 27189301642
3.430000 54.127499 8.662500 27189326657
5.775000 58.799999 13.737500 27189351650
5.407500 50.295002 12.862500 27189376661
1.820000 50.680000 14.822500 27189401648
0.577500 52.955002 15.417500 27189426652
1.522500 48.334999 14.052500 27189451652
1.242500 40.932499 11.515000 27189476666
-3.062500 38.674999 9.030000 27189501639
-4.532500 44.642502 5.477500 27189526650
-8.347500 30.695000 7.402500 27189551648
-6.422500 35.052502 12.845000 27189576651
-5.092500 46.375000 7.017500 27189601637
-5.740000 42.192501 3.360000 27189626654
-7.472500 41.195000 3.377500 27189651646
-9.537500 50.049999 7.140000 27189676744
-9.852500 55.404999 7.770000 27189701634
-4.585000 55.282501 12.705000 27189726729
-0.070000 40.005001 17.727501 27189751659
-11.340000 50.382500 12.687500 27189776652
-4.112500 41.457500 9.870000 27189801652
-4.357500 32.532501 8.767500 27189826661
-5.757500 39.077499 5.302500 27189851662
-2.100000 37.327499 7.490000 27189876653
1.032500 35.717499 9.292500 27189901664
2.625000 58.939999 6.020000 27189926651
1.890000 52.447498 5.635000 27189951685
-0.350000 45.587502 8.277500 27189976663
-1.802500 51.047501 9.747500 27190001682
0.577500 53.760002 8.365000 27190026651
-1.872500 53.532501 2.852500 27190051662
-2.782500 35.577499 -5.162500 27190076650
2.047500 18.620001 1.785000 27190101645
-2.870000 14.070000 -4.760000 27190126747
-3.482500 29.627501 -2.940000 27190151665
-3.115000 38.430000 5.390000 27190176540
-0.472500 34.020000 13.755000 27190201539
1.435000 30.012501 10.920000 27190226537
-0.122500 17.115000 -0.560000 27190251645
-5.407500 16.344999 0.962500 27190276640
-4.025000 19.985001 -0.315000 27190301639
-2.747500 36.889999 7.105000 27190326733
-2.467500 47.670002 17.237499 27190351674
-8.872500 39.619999 24.412500 27190376645
-7.980000 34.597500 22.662500 27190401642
-22.750000 37.887501 13.877501 27190426645
-24.342501 51.695000 6.370000 27190451675
-26.775000 60.514999 6.895000 27190476648
-34.702499 69.440002 -1.732500 27190501657
-27.405001 66.465004 13.247500 27190526644
-44.012501 69.264999 12.617500 27190551659
-42.717499 59.867500 -4.217500 27190576643
-18.007500 49.139999 -2.852500 27190601642
-13.667500 57.452499 1.312500 27190626629
-15.242500 53.619999 7.717500 27190651646
-28.000000 62.387501 10.377500 27190676634
-25.497499 47.267502 13.422500 27190701643
-28.647501 30.030001 1.855000 27190726636
-16.695000 16.205000 1.697500 27190751647
-10.517500 18.917500 7.385000 27190776636
2.730000 27.457500 14.035000 27190801643
2.870000 35.349998 28.594999 27190826638
-14.332500 22.504999 36.470001 27190851651
-13.142500 40.705002 33.862499 27190876639
0.962500 48.947498 55.369999 27190901648
-8.330000 53.165001 49.507500 27190926638
8.470000 51.292500 33.705002 27190951648
25.514999 52.972500 15.995000 27190976633
2.555000 58.520000 28.717501 27191001656
17.219999 66.639999 35.087502 27191026644
53.567501 64.084999 21.717501 27191051649
36.137501 86.607498 16.047501 27191076639
13.667500 82.932503 8.487500 27191101641
-7.805000 81.305000 1.400000 27191126593
-10.115000 86.519997 11.707500 27191151649
-4.182500 74.584999 11.445000 27191176633
-5.880000 84.139999 6.510000 27191201637
-24.290001 80.394997 6.020000 27191226639
-11.375000 84.559998 16.572500 27191251635
-8.890000 94.132500 32.112499 27191276635
-10.290000 94.324997 26.547501 27191301644
6.580000 94.867500 17.360001 27191326635
5.862500 77.332497 8.050000 27191351653
7.752500 83.090004 9.450000 27191376633
8.242500 104.842499 22.225000 27191401643
11.900000 77.000000 4.077500 27191426635
16.695000 67.392502 -4.322500 27191451650
18.847500 82.985001 4.847500 27191476638
9.135000 80.324997 21.070000 27191501668
1.015000 76.824997 20.422501 27191526650
7.717500 56.385002 21.507500 27191551647
22.400000 44.047501 28.315001 27191576639
31.202499 64.750000 38.500000 27191601642
26.145000 44.817501 34.387501 27191626640
18.427500 34.720001 24.797501 27191651655
16.030001 32.777500 29.190001 27191676639
8.487500 38.552502 27.125000 27191701643
7.665000 51.747501 22.172501 27191726636
11.165000 50.680000 14.560000 27191751645
15.995000 60.987499 18.865000 27191776635
10.920000 72.467499 30.170000 27191801646
10.587500 60.357502 22.382500 27191826645
24.412500 52.377499 16.135000 27191851648
33.547501 62.930000 31.867500 27191876626
41.685001 79.152504 36.347500 27191901640
47.652500 85.084999 32.462502 27191926646
41.930000 64.785004 14.647500 27191951650
30.257500 52.674999 9.887500 27191976635
36.172501 70.349998 28.805000 27192001646
40.424999 74.427498 37.817501 27192026644
37.555000 52.290001 18.340000 27192051652
37.275002 43.312500 16.677500 27192076645
32.130001 54.180000 26.740000 27192101636
15.662500 65.047501 32.935001 27192126599
3.115000 50.802502 11.480000 27192151660
23.870001 40.915001 2.327500 27192176701
24.325001 59.972500 16.397501 27192201644
11.900000 55.160000 12.897500 27192226646
18.917500 54.057499 13.107500 27192251651
20.912500 45.814999 16.100000 27192276667
28.875000 26.722500 -0.542500 27192301665
40.687500 39.305000 1.312500 27192326655
31.832500 59.902500 7.192500 27192351649
13.702500 50.137501 2.345000 27192376695
18.217501 56.192501 7.070000 27192401638
28.052500 46.637501 3.115000 27192426603
32.025002 38.902500 -3.780000 27192451649
23.799999 43.172501 -3.097500 27192476604
18.305000 40.232502 -2.660000 27192501655
22.977501 35.630001 -1.925000 27192526615
28.070000 20.457500 -4.935000 27192551655
29.102501 17.482500 -6.440000 27192576621
27.982500 21.945000 2.642500 27192601652
32.900002 11.532500 -5.757500 27192626616
38.990002 1.697500 -13.562500 27192651662
38.150002 22.522501 -6.947500 27192676616
30.397501 15.610000 -17.867500 27192701646
31.307501 -4.847500 -23.555000 27192726623
43.959999 -1.592500 -16.712500 27192751661
37.170002 8.960000 -11.515000 27192776607
29.137501 20.037500 -10.080000 27192801646
17.955000 28.245001 -7.665000 27192826619
16.887501 32.287498 -5.162500 27192851661
24.132500 16.117500 -13.125000 27192876617
25.340000 25.987499 -9.170000 27192901650
18.742500 30.712500 -10.010000 27192926615
19.267500 40.634998 -9.047500 27192951656
13.230000 54.005001 -5.915000 27192976630
4.427500 29.120001 -19.372499 27193001654
11.935000 29.715000 -15.417500 27193026607
5.512500 23.187500 -5.565000 27193051677
8.155000 20.772501 0.787500 27193076625
4.637500 24.797501 8.960000 27193101639
-1.732500 22.627501 5.915000 27193126611
2.782500 18.270000 -0.665000 27193151660
4.777500 10.097500 0.280000 27193176766
7.175000 7.472500 2.642500 27193201545
5.617500 9.047500 3.430000 27193226671
2.975000 14.875000 3.710000 27193251657
-2.660000 13.965000 3.150000 27193276621
-2.660000 16.432501 8.610000 27193301648
-3.710000 14.822500 12.407500 27193326674
1.067500 22.067499 10.587500 27193351663
4.007500 18.200001 4.970000 27193376666
1.120000 16.572500 3.185000 27193401647
1.050000 21.105000 5.302500 27193426618
-0.822500 9.292500 9.905000 27193451649
0.192500 5.075000 11.515000 27193476654
0.210000 -1.382500 5.845000 27193501648
2.572500 -4.550000 -0.437500 27193526615
5.757500 -5.635000 -4.410000 27193551645
3.430000 2.345000 -1.942500 27193576616
-2.257500 3.290000 -1.592500 27193601650
-2.607500 1.032500 0.717500 27193626717
0.315000 -0.087500 4.707500 27193651657
-0.332500 0.647500 0.175000 27193676624
-0.962500 -1.785000 -3.552500 27193701653
2.712500 -3.202500 -0.017500 27193726661
2.940000 -4.935000 0.315000 27193751674
3.815000 -3.377500 -3.010000 27193776668
-0.875000 1.190000 -2.345000 27193801646
-6.772500 0.840000 0.262500 27193826658
-7.875000 -1.977500 0.210000 27193851651
-4.217500 -2.922500 -1.732500 27193876665
-1.697500 -3.202500 -1.890000 27193901645
0.857500 -3.185000 -2.117500 27193926658
2.712500 0.577500 -0.840000 27193951646
0.700000 0.367500 -0.997500 27193976657
-1.557500 -0.280000 -1.050000 27194001651
-0.647500 -4.445000 -3.290000 27194026662
5.337500 -1.960000 -3.010000 27194051645
4.672500 1.137500 -0.017500 27194076663
2.572500 2.712500 2.397500 27194101647
-3.342500 0.420000 2.257500 27194126658
-2.397500 -1.417500 -0.385000 27194151661
2.415000 -2.817500 -1.452500 27194176661
3.937500 -1.172500 -0.315000 27194201751
0.647500 1.435000 2.660000 27194226665
-6.352500 3.272500 1.575000 27194251635
-8.522500 1.645000 -1.155000 27194276658
-3.500000 -1.645000 -1.417500 27194301647
5.757500 -2.205000 -0.875000 27194326661
6.107500 0.280000 -3.517500 27194351624
