-5.520000 -6.480000 4.320000 27185609353
-5.700000 -6.780000 4.380000 27185634654
-5.280000 -6.720000 4.440000 27185659632
-5.580000 -6.660000 4.260000 27185684486
-5.400000 -6.720000 4.440000 27185709501
-5.580000 -6.540000 4.500000 27185734527
-5.340000 -6.780000 4.260000 27185759541
-6.120000 -6.720000 4.680000 27185784502
-5.580000 -6.780000 4.260000 27185809571
-5.820000 -7.020000 4.140000 27185834520
-5.340000 -6.780000 4.140000 27185862431
-5.760000 -6.840000 4.440000 27185884520
-6.000000 -7.080000 4.440000 27185909503
-5.760000 -6.840000 4.080000 27185934498
-5.820000 -7.260000 4.260000 27185959493
-5.460000 -7.020000 4.500000 27185984491
-5.760000 -7.080000 4.320000 27186009514
-5.580000 -6.780000 4.260000 27186034547
-5.580000 -7.140000 4.020000 27186059505
-5.700000 -7.140000 4.140000 27186084502
-5.760000 -7.320000 4.320000 27186109819
-5.700000 -7.020000 4.020000 27186134494
-5.880000 -7.080000 3.840000 27186159497
-5.880000 -7.320000 4.080000 27186184500
-5.940000 -7.140000 3.900000 27186209502
-6.000000 -6.960000 3.720000 27186234471
-5.820000 -6.900000 3.660000 27186259504
-5.820000 -7.500000 3.660000 27186284493
-5.880000 -7.080000 3.720000 27186309495
-5.880000 -6.960000 3.480000 27186334525
-6.000000 -7.320000 3.360000 27186359793
-6.060000 -7.260000 3.420000 27186384503
-6.000000 -7.200000 3.240000 27186409506
-6.120000 -7.320000 3.480000 27186434476
-6.060000 -6.900000 2.940000 27186459498
-6.180000 -7.020000 3.060000 27186484497
-6.180000 -7.380000 2.820000 27186509491
-6.180000 -7.020000 2.940000 27186534485
-6.240000 -7.080000 2.640000 27186559493
-6.420000 -6.900000 2.700000 27186584515
-6.300000 -6.900000 2.460000 27186610503
-6.180000 -7.140000 2.580000 27186634881
-6.660000 -7.260000 1.860000 27186659508
-6.420000 -6.660000 2.100000 27186684501
-6.120000 -6.840000 2.160000 27186709509
-6.600000 -6.600000 1.920000 27186734507
-6.540000 -6.780000 1.620000 27186759499
-6.540000 -6.900000 1.860000 27186784480
-6.720000 -6.480000 1.800000 27186809507
-6.300000 -6.660000 1.500000 27186834508
-6.420000 -6.780000 1.260000 27186859769
-6.360000 -6.720000 1.080000 27186884499
-6.480000 -6.600000 1.200000 27186909489
-6.600000 -6.720000 0.960000 27186934513
-6.480000 -6.840000 0.840000 27186959490
-6.300000 -6.540000 1.140000 27186984474
-6.060000 -6.780000 0.780000 27187009610
-6.060000 -7.020000 0.540000 27187034478
-6.180000 -7.020000 0.300000 27187059490
-6.060000 -7.020000 0.420000 27187084509
-5.880000 -6.840000 0.420000 27187109765
-6.120000 -7.080000 0.120000 27187134509
-5.820000 -7.140000 -0.180000 27187159526
-5.880000 -6.960000 -0.240000 27187184512
-5.880000 -7.200000 -0.480000 27187209506
-5.580000 -6.900000 -0.300000 27187234501
-5.640000 -7.200000 -0.600000 27187259522
-5.700000 -7.140000 -0.660000 27187284495
-5.520000 -7.440000 -0.960000 27187309500
-4.980000 -7.020000 -0.780000 27187334511
-5.160000 -7.440000 -1.080000 27187359595
-4.860000 -7.500000 -1.140000 27187384501
-5.220000 -7.380000 -1.620000 27187409497
-4.560000 -7.560000 -1.800000 27187434497
-4.680000 -7.560000 -1.560000 27187459491
-4.440000 -7.560000 -1.920000 27187484505
-4.260000 -7.620000 -1.860000 27187509493
-4.020000 -7.380000 -1.980000 27187534507
-3.900000 -7.260000 -2.100000 27187559484
-3.840000 -7.200000 -2.160000 27187584500
-3.840000 -7.560000 -2.160000 27187609625
-3.780000 -7.260000 -2.220000 27187634504
-3.300000 -7.380000 -2.340000 27187659488
-3.420000 -7.500000 -2.700000 27187684494
-3.420000 -7.380000 -2.460000 27187709500
-3.240000 -7.080000 -2.520000 27187734513
-2.880000 -7.440000 -2.880000 27187759487
-2.640000 -7.440000 -2.520000 27187784514
-2.580000 -7.740000 -2.820000 27187809493
-2.400000 -7.560000 -2.520000 27187834498
-2.160000 -7.800000 -2.880000 27187859615
-2.160000 -7.440000 -2.640000 27187884512
-1.920000 -7.320000 -3.000000 27187909499
-1.860000 -7.620000 -2.580000 27187934495
-1.980000 -7.380000 -3.180000 27187959477
-1.680000 -7.440000 -2.880000 27187984490
-1.380000 -7.740000 -3.060000 27188009502
-1.260000 -7.620000 -2.820000 27188034494
-0.780000 -7.500000 -2.940000 27188059494
-0.720000 -7.560000 -2.760000 27188084513
-0.540000 -7.500000 -2.940000 27188109630
-0.600000 -8.040000 -2.640000 27188134487
0.120000 -7.800000 -2.640000 27188159503
-0.240000 -7.920000 -2.760000 27188184495
-0.300000 -7.980000 -2.820000 27188209502
-0.300000 -7.920000 -2.640000 27188234489
0.060000 -7.740000 -2.700000 27188259492
-0.300000 -7.860000 -2.820000 27188284545
0.360000 -8.160000 -3.000000 27188309519
0.360000 -7.800000 -2.520000 27188335742
0.480000 -7.560000 -2.520000 27188359646
0.540000 -7.740000 -2.580000 27188384485
0.780000 -7.500000 -2.580000 27188409523
0.780000 -7.620000 -2.580000 27188434485
1.020000 -7.620000 -2.580000 27188459474
0.960000 -7.800000 -2.160000 27188484485
0.960000 -7.560000 -2.400000 27188509476
1.440000 -8.040000 -2.160000 27188534476
1.200000 -7.920000 -2.280000 27188559485
1.440000 -8.160000 -2.160000 27188584494
1.320000 -7.680000 -2.280000 27188609612
1.560000 -8.160000 -2.280000 27188634480
1.560000 -7.920000 -1.800000 27188659473
1.680000 -7.440000 -2.040000 27188684476
1.440000 -8.160000 -1.800000 27188709479
1.740000 -8.220000 -2.100000 27188734469
2.100000 -7.740000 -1.620000 27188759860
2.040000 -7.920000 -1.800000 27188784810
2.220000 -7.980000 -1.740000 27188809819
1.920000 -7.920000 -1.320000 27188834492
2.100000 -7.980000 -1.500000 27188859595
2.520000 -8.280000 -1.440000 27188884511
2.220000 -7.980000 -1.380000 27188909475
2.700000 -8.340000 -1.140000 27188934470
2.580000 -8.099999 -1.380000 27188959493
2.700000 -8.220000 -1.020000 27188984473
2.820000 -7.980000 -0.900000 27189009480
2.940000 -8.220000 -0.780000 27189034482
2.760000 -8.160000 -0.720000 27189059467
3.060000 -8.340000 -0.780000 27189084540
3.180000 -8.580000 -0.780000 27189109630
3.060000 -8.460000 -0.540000 27189134483
2.820000 -8.220000 -0.540000 27189159482
3.000000 -8.400000 -0.240000 27189184475
3.240000 -8.639999 -0.240000 27189209478
3.120000 -8.760000 -0.120000 27189234483
3.000000 -8.520000 -0.240000 27189259475
3.300000 -8.460000 -0.060000 27189284475
3.480000 -8.520000 0.360000 27189309478
3.360000 -8.160000 0.240000 27189334496
3.000000 -8.400000 0.480000 27189359630
3.240000 -8.280000 0.240000 27189384483
3.420000 -8.700000 0.780000 27189409480
3.300000 -8.460000 0.540000 27189434501
3.480000 -8.760000 0.720000 27189459473
3.420000 -8.220000 0.540000 27189484478
3.480000 -8.760000 0.600000 27189509504
3.240000 -8.639999 0.720000 27189534470
3.060000 -8.700000 0.900000 27189559487
3.300000 -8.580000 0.900000 27189584509
3.660000 -8.700000 1.140000 27189609618
3.720000 -8.760000 0.960000 27189634495
3.360000 -8.880000 1.320000 27189659478
3.480000 -8.880000 1.320000 27189684483
3.240000 -8.760000 1.440000 27189709486
4.020000 -9.059999 1.620000 27189734477
3.660000 -8.700000 1.620000 27189759843
3.420000 -8.820000 1.620000 27189784827
3.600000 -8.639999 1.800000 27189809811
3.840000 -8.880000 1.920000 27189834831
3.600000 -9.120000 1.920000 27189859945
3.720000 -9.000000 1.800000 27189884819
3.540000 -9.179999 1.860000 27189909809
3.240000 -9.360000 2.040000 27189934815
3.720000 -9.360000 1.800000 27189959851
3.420000 -9.059999 1.980000 27189984508
3.420000 -8.940000 2.460000 27190009527
3.300000 -9.059999 2.220000 27190034519
3.300000 -9.179999 2.460000 27190059481
3.420000 -8.940000 2.460000 27190084504
3.300000 -9.059999 2.460000 27190109633
3.360000 -9.360000 2.520000 27190134477
3.480000 -9.480000 2.640000 27190159493
3.300000 -9.300000 2.700000 27190184871
3.180000 -9.059999 2.700000 27190209826
3.240000 -9.000000 2.760000 27190234831
3.420000 -9.179999 2.940000 27190259810
3.360000 -9.480000 2.760000 27190284831
3.000000 -9.000000 2.640000 27190309829
3.360000 -9.120000 3.000000 27190334988
3.360000 -8.880000 3.000000 27190360114
3.000000 -9.240000 3.120000 27190384820
3.420000 -9.300000 3.060000 27190409829
3.240000 -9.360000 3.120000 27190434861
3.300000 -9.300000 3.180000 27190459647
3.360000 -9.480000 3.240000 27190484504
3.120000 -9.599999 3.120000 27190509502
3.120000 -9.599999 3.240000 27190534499
2.760000 -9.480000 3.360000 27190559870
2.820000 -9.420000 3.420000 27190584987
2.820000 -9.540000 3.300000 27190609962
2.820000 -9.660000 3.180000 27190634845
2.700000 -9.420000 3.420000 27190659818
2.700000 -9.780000 3.900000 27190684813
2.880000 -9.480000 3.480000 27190709845
2.520000 -9.960000 3.600000 27190734812
2.640000 -10.080000 3.960000 27190759822
2.880000 -9.480000 4.080000 27190784815
2.580000 -9.420000 3.660000 27190809815
2.520000 -9.480000 3.600000 27190834828
2.400000 -9.480000 3.840000 27190859954
1.920000 -9.840000 3.480000 27190884823
1.800000 -9.840000 3.960000 27190909821
2.160000 -9.840000 4.080000 27190934912
1.680000 -9.840000 4.080000 27190959798
1.800000 -9.960000 3.960000 27190986536
1.980000 -10.020000 4.260000 27191009868
1.260000 -10.020000 4.620000 27191034872
1.500000 -9.900000 4.500000 27191059824
1.260000 -10.020000 4.500000 27191084836
1.140000 -9.780000 4.380000 27191109984
1.140000 -9.780000 4.620000 27191134832
0.780000 -9.900000 4.740000 27191159837
0.720000 -9.840000 4.920000 27191184830
0.780000 -10.139999 4.740000 27191209811
0.480000 -9.960000 4.920000 27191234835
0.360000 -10.200000 5.040000 27191259831
0.420000 -10.139999 4.980000 27191284824
0.240000 -9.719999 4.680000 27191310003
0.240000 -9.960000 5.040000 27191334980
0.300000 -10.260000 5.100000 27191360149
-0.300000 -9.900000 5.100000 27191384979
-0.120000 -9.960000 5.040000 27191409980
-0.360000 -10.080000 5.040000 27191434981
-0.600000 -10.200000 5.280000 27191459963
-0.780000 -9.900000 4.980000 27191484973
-0.840000 -9.480000 5.040000 27191510166
-1.260000 -9.660000 4.980000 27191534979
-1.020000 -9.660000 5.460000 27191559969
-1.320000 -9.719999 5.160000 27191584993
-1.680000 -9.719999 5.760000 27191610159
-1.740000 -9.660000 5.220000 27191634973
-2.040000 -9.599999 5.160000 27191659968
-2.100000 -9.420000 5.340000 27191684961
-1.980000 -9.300000 5.460000 27191709977
-2.040000 -9.599999 5.400000 27191734962
-2.220000 -9.420000 5.100000 27191759957
-2.400000 -9.480000 5.640000 27191784962
-2.580000 -9.420000 5.340000 27191809966
-3.120000 -9.120000 5.160000 27191834981
-2.700000 -9.300000 5.460000 27191860161
-2.940000 -9.300000 5.220000 27191884959
-2.940000 -9.059999 5.340000 27191909988
-3.300000 -8.820000 5.220000 27191934970
-3.360000 -9.120000 5.400000 27191959968
-3.540000 -8.580000 5.460000 27191984963
-3.840000 -8.639999 5.280000 27192009975
-4.080000 -8.280000 5.160000 27192034982
-4.080000 -8.400000 5.400000 27192059968
-4.200000 -8.400000 5.280000 27192084987
-4.080000 -8.280000 4.920000 27192110186
-3.840000 -8.400000 5.160000 27192134986
-4.140000 -8.099999 4.980000 27192159955
-4.260000 -8.220000 5.220000 27192184968
-4.560000 -8.280000 5.040000 27192209977
-4.680000 -8.040000 4.920000 27192234979
-4.680000 -8.040000 4.920000 27192259969
-4.800000 -8.280000 4.800000 27192284967
-4.920000 -7.920000 4.800000 27192309973
-4.920000 -7.800000 4.560000 27192334977
-5.040000 -7.920000 4.440000 27192360163
-5.100000 -7.500000 4.620000 27192384974
-5.280000 -7.680000 4.440000 27192409972
-4.920000 -7.560000 4.440000 27192434816
-5.220000 -7.500000 4.260000 27192459812
-5.160000 -7.920000 4.440000 27192484810
-5.220000 -7.860000 4.020000 27192509801
-5.160000 -7.680000 4.200000 27192535395
-5.520000 -7.560000 4.200000 27192559833
-5.400000 -7.680000 4.200000 27192584832
-5.640000 -7.680000 4.080000 27192609825
-5.280000 -7.560000 4.440000 27192634796
-5.340000 -7.620000 4.500000 27192659817
-5.400000 -7.320000 4.320000 27192684809
-5.280000 -7.680000 3.960000 27192709822
-5.340000 -7.140000 4.260000 27192734800
-5.520000 -7.320000 4.560000 27192759810
-5.160000 -7.560000 3.960000 27192784803
-5.520000 -7.200000 4.440000 27192809818
-5.280000 -7.680000 4.320000 27192834783
-5.340000 -7.020000 4.260000 27192859857
-5.400000 -7.320000 4.440000 27192884627
-5.580000 -7.500000 4.020000 27192909613
-5.520000 -7.320000 4.440000 27192934621
-5.460000 -7.380000 4.260000 27192959610
-5.640000 -7.440000 4.080000 27192984622
-5.340000 -7.500000 4.020000 27193009872
-5.100000 -7.620000 4.020000 27193034629
-5.640000 -7.560000 4.080000 27193059619
-5.580000 -7.740000 3.900000 27193084676
-5.580000 -7.260000 3.660000 27193109664
-5.460000 -7.500000 3.660000 27193134656
-5.700000 -7.380000 4.020000 27193159615
-5.700000 -7.500000 3.780000 27193184652
-5.580000 -7.500000 3.780000 27193209606
-5.760000 -7.440000 3.720000 27193234595
-5.880000 -7.320000 3.840000 27193259626
-5.820000 -7.140000 3.900000 27193284805
-5.700000 -7.380000 3.780000 27193309809
-5.880000 -7.080000 3.600000 27193334820
-5.640000 -7.200000 3.720000 27193359850
-5.700000 -7.740000 3.420000 27193384837
-5.820000 -7.140000 3.660000 27193409807
-5.940000 -7.740000 3.420000 27193434840
-6.060000 -7.140000 3.540000 27193459795
-6.120000 -7.440000 3.720000 27193484796
-5.400000 -6.960000 3.600000 27193509779
-5.880000 -7.200000 3.600000 27193534807
-5.940000 -6.900000 3.300000 27193559767
-6.000000 -7.080000 3.120000 27193584782
-6.060000 -7.260000 3.420000 27193609843
-6.060000 -7.020000 3.780000 27193634627
-6.120000 -6.960000 3.720000 27193659664
-5.700000 -7.140000 3.420000 27193684644
-5.820000 -7.380000 3.660000 27193709653
-5.760000 -7.200000 3.720000 27193734601
-5.940000 -7.140000 3.900000 27193759592
-6.120000 -7.320000 3.480000 27193784584
-5.700000 -7.020000 3.420000 27193809620
-5.700000 -7.380000 3.540000 27193834642
-6.000000 -7.320000 3.480000 27193859614
-5.760000 -7.320000 3.600000 27193884590
-5.580000 -7.380000 3.660000 27193909593
-5.820000 -7.140000 3.540000 27193934643
-5.880000 -7.440000 3.840000 27193959595
-5.640000 -7.320000 3.600000 27193984600
-5.760000 -7.320000 3.720000 27194009712
-5.940000 -7.380000 3.420000 27194034629
-5.820000 -7.260000 3.300000 27194059637
-5.760000 -7.080000 3.840000 27194084617
-6.060000 -6.900000 3.900000 27194109639
-5.580000 -7.140000 3.540000 27194134610
-6.000000 -7.320000 3.600000 27194159589
-6.060000 -7.500000 3.780000 27194184599
-5.700000 -7.140000 3.540000 27194209607
-5.820000 -7.260000 3.780000 27194234594
-5.760000 -7.440000 3.720000 27194259594
-5.700000 -7.380000 3.660000 27194284630
-5.760000 -7.080000 3.720000 27194309594
-5.760000 -7.200000 3.840000 27194334603
-6.000000 -7.200000 3.720000 27194359620
