1.872500 -4.550000 -1.942500 26621871841
0.175000 -3.832500 -3.010000 26621896874
-0.332500 -5.005000 -3.832500 26621921845
2.205000 -5.827500 -3.710000 26621946846
5.600000 -5.040000 -2.625000 26621971846
5.617500 -6.475000 -2.502500 26621996872
4.392500 -6.387500 -2.922500 26622021852
3.832500 -6.685000 -2.292500 26622046851
3.115000 -7.682500 -1.820000 26622071838
4.165000 -7.612500 -2.870000 26622096879
4.060000 -6.282500 -2.660000 26622121864
4.235000 -5.547500 -1.925000 26622146859
4.252500 -5.967500 -0.927500 26622171848
4.287500 -5.652500 -1.190000 26622196878
3.762500 -6.072500 -1.417500 26622221857
3.080000 -5.880000 -0.805000 26622246853
2.765000 -5.652500 -0.035000 26622271845
1.592500 -6.615000 -0.175000 26622296877
2.432500 -6.090000 -0.717500 26622321855
3.220000 -6.405000 -2.432500 26622346860
3.482500 -6.090000 -2.887500 26622371863
2.642500 -5.722500 -2.607500 26622396873
2.765000 -6.405000 -2.432500 26622421897
3.850000 -6.125000 -1.960000 26622446849
4.847500 -6.475000 -2.012500 26622471854
5.915000 -6.247500 -0.997500 26622496883
4.742500 -5.267500 -0.630000 26622521857
4.567500 -6.737500 -1.855000 26622546857
5.022500 -7.140000 -1.137500 26622571856
5.652500 -6.387500 -0.507500 26622596878
5.600000 -7.822500 0.945000 26622621856
4.882500 -6.702500 2.695000 26622646855
4.830000 -6.982500 10.097500 26622671854
4.200000 -14.017500 9.835000 26622696878
3.115000 -16.957500 5.022500 26622721808
2.170000 -13.072500 2.905000 26622746854
2.082500 -12.425000 4.952500 26622771851
6.492500 -14.525000 9.712500 26622796875
11.935000 -14.595000 29.680000 26622821854
13.282500 -13.860000 42.455002 26622846856
12.040000 -13.317500 58.485001 26622871848
8.715000 -10.097500 67.410004 26622896879
12.110000 -5.722500 75.250000 26622921854
21.210001 -7.280000 89.862503 26622946854
21.139999 -7.000000 94.955002 26622971836
15.505000 2.467500 88.287498 26622996869
15.645000 9.502500 90.037498 26623021850
9.292500 13.055000 102.690002 26623046851
-0.787500 24.902500 111.474998 26623071852
-3.657500 25.007500 109.672501 26623096875
2.625000 11.637500 112.489998 26623121855
1.715000 1.890000 111.930000 26623146853
-2.047500 6.072500 105.857498 26623171859
-7.752500 15.190001 93.887497 26623196881
-13.422500 23.327499 78.522499 26623221849
-14.682500 20.772501 70.787498 26623246854
-12.215000 15.575000 63.525002 26623271848
-7.402500 16.222500 56.455002 26623296876
-2.117500 15.627501 57.627499 26623321927
0.385000 8.662500 69.264999 26623346866
-0.017500 0.927500 81.917503 26623371858
1.505000 -5.477500 94.972504 26623396880
3.080000 -8.470000 110.879997 26623421861
0.805000 -13.632500 121.660004 26623446862
-3.465000 -12.495000 123.340004 26623471855
-8.435000 -9.117500 122.779999 26623496875
-23.012501 -12.827500 125.090004 26623521855
-25.340000 -20.772501 107.555000 26623546857
13.965000 -6.545000 93.467499 26623571851
29.732500 -8.977500 89.669998 26623596876
9.065000 -3.920000 69.790001 26623621744
-7.227500 1.417500 67.584999 26623646743
-2.835000 -2.695000 80.132500 26623671732
-3.255000 -5.267500 82.635002 26623696743
-4.095000 -1.435000 75.057503 26623721851
9.450000 -6.597500 69.282501 26623755811
12.862500 -7.980000 62.510002 26623771711
8.627500 1.662500 53.445000 26623796886
8.417500 13.755000 30.135000 26623821852
10.132500 12.530000 19.232500 26623846850
12.180000 22.277500 16.012501 26623871844
13.422500 49.402500 10.797500 26623896871
28.682501 45.552502 8.522500 26623921842
33.512501 -2.432500 4.952500 26623946844
24.692499 -32.882500 12.320000 26623971677
30.187500 -31.517500 15.330000 26623996663
24.184999 -40.232502 22.715000 26624021666
6.020000 -56.507500 25.812500 26624046659
1.960000 -58.170002 32.287498 26624071653
11.130000 -6.702500 40.950001 26624096654
-14.455000 1.365000 31.027500 26624121847
-52.185001 0.735000 32.182499 26624146872
-66.412498 -9.240000 39.217499 26624171845
-52.097500 -1.382500 35.000000 26624196866
-31.290001 6.247500 22.557501 26624221830
-8.592500 4.900000 15.242500 26624246843
-1.347500 3.412500 8.067500 26624271846
0.752500 2.887500 3.535000 26624296863
5.005000 6.177500 1.382500 26624321845
8.085000 1.347500 -0.332500 26624346843
5.547500 -4.095000 -6.860000 26624371843
0.822500 -5.565000 -11.865000 26624396866
-1.067500 -1.382500 -20.142500 26624421850
-1.767500 0.525000 -24.832500 26624446843
-1.102500 -2.957500 -28.875000 26624471846
-1.837500 -1.330000 -35.384998 26624496873
1.540000 9.397500 -38.377499 26624521847
6.387500 -10.832500 -32.095001 26624549615
37.939999 -2.922500 -20.877501 26624571864
59.517502 13.982500 -28.752501 26624599650
45.779999 24.727501 -36.259998 26624621850
-2.292500 22.820000 -29.715000 26624646840
-9.537500 -6.352500 29.487499 26624671841
-76.965004 35.332500 18.462500 26624696866
-32.795002 25.847500 9.817500 26624721842
-26.372499 -15.155000 -0.770000 26624746843
-11.060000 -30.135000 -2.082500 26624771836
-4.882500 -18.270000 0.437500 26624796849
-0.560000 -11.900000 4.760000 26624821736
-1.050000 -10.290000 11.777500 26624846729
-0.210000 -3.325000 9.537500 26624871728
2.450000 15.907500 10.220000 26624896728
2.572500 12.985000 8.995000 26624921843
5.267500 -8.295000 5.285000 26624946837
6.352500 -32.900002 2.450000 26624971837
9.065000 -41.685001 1.330000 26624996796
10.710000 -37.082500 4.567500 26625021839
7.910000 -28.000000 6.755000 26625046842
6.072500 -23.082500 4.952500 26625071844
6.492500 2.992500 4.147500 26625096861
13.562500 8.540000 1.575000 26625121831
13.597500 7.350000 -3.902500 26625146840
5.880000 -19.670000 -15.277500 26625171839
8.470000 -11.410000 -8.960000 26625196858
8.995000 -16.625000 3.237500 26625221847
8.102500 -2.152500 9.275000 26625246841
3.517500 12.565000 7.122500 26625271840
-0.157500 19.530001 -0.805000 26625296875
1.190000 19.477501 -1.120000 26625321843
4.165000 15.190001 2.467500 26625346844
6.440000 9.467500 8.032500 26625371852
7.612500 4.585000 9.397500 26625396870
7.857500 -3.727500 9.292500 26625421839
6.125000 -7.000000 7.525000 26625446844
4.235000 -9.660000 10.850000 26625471847
6.650000 -9.555000 16.520000 26625496870
9.222500 -4.095000 16.047501 26625521843
12.827500 -2.467500 8.592500 26625546839
13.037500 -1.890000 0.770000 26625571845
11.830000 -1.067500 -0.315000 26625596866
10.552500 -2.590000 1.610000 26625621828
9.642500 -6.527500 4.165000 26625646836
6.807500 -11.462500 2.362500 26625671835
3.972500 -11.270000 -0.612500 26625696870
4.917500 -10.570000 -1.995000 26625721840
8.137500 -16.607500 2.502500 26625746839
5.740000 -29.732500 8.155000 26625771838
2.782500 -27.562500 6.247500 26625796868
4.620000 -12.810000 3.447500 26625821848
7.087500 1.155000 0.560000 26625846843
