4.560000 3.840000 -0.600000 26621860134
4.860000 3.900000 -0.420000 26621885141
4.680000 3.720000 -0.600000 26621910504
5.040000 3.720000 -0.240000 26621935127
4.740000 3.660000 -0.300000 26621960155
4.920000 3.720000 -0.240000 26621985131
4.740000 4.020000 -0.540000 26622010494
4.560000 3.840000 -0.360000 26622035150
4.500000 3.900000 -0.180000 26622060139
4.920000 3.480000 -0.480000 26622085142
4.980000 4.140000 -0.540000 26622110505
4.800000 3.960000 -0.480000 26622135145
4.680000 3.960000 -0.600000 26622160151
4.680000 3.720000 -0.360000 26622185128
5.160000 4.080000 -0.480000 26622210493
5.040000 3.720000 -0.240000 26622235162
5.220000 3.540000 -0.420000 26622260146
4.440000 3.720000 -0.600000 26622285133
4.620000 3.780000 -0.420000 26622310473
4.860000 3.660000 -0.420000 26622335134
4.920000 3.960000 -0.240000 26622360149
4.800000 3.720000 -0.480000 26622385161
4.800000 3.720000 -0.120000 26622410478
5.160000 3.720000 -0.480000 26622435142
5.100000 3.900000 -0.660000 26622460143
4.800000 3.360000 -0.480000 26622485164
5.040000 3.720000 -0.480000 26622510523
5.220000 3.780000 -0.180000 26622535138
4.860000 3.660000 -0.540000 26622560148
4.680000 3.720000 -0.480000 26622585144
4.680000 3.840000 -0.600000 26622610508
4.800000 3.840000 -0.480000 26622635135
4.920000 3.840000 -0.600000 26622660146
4.800000 3.720000 -0.600000 26622685134
4.800000 3.360000 -0.600000 26622710488
4.860000 3.900000 -0.300000 26622735131
4.860000 3.660000 -0.420000 26622760133
4.800000 3.960000 -0.600000 26622785145
4.620000 3.540000 -0.300000 26622810474
4.800000 3.480000 -0.240000 26622835135
4.440000 3.600000 -0.600000 26622860146
4.260000 3.420000 -0.300000 26622885135
4.440000 3.360000 -0.600000 26622910489
4.260000 3.420000 -0.300000 26622935138
3.960000 3.000000 -0.360000 26622960143
3.960000 3.240000 -0.240000 26622985141
3.840000 3.360000 -0.240000 26623010503
3.720000 3.240000 -0.240000 26623035172
3.660000 3.180000 -0.180000 26623060143
3.600000 3.000000 -0.240000 26623085133
3.600000 3.000000 -0.240000 26623110465
3.420000 2.940000 -0.060000 26623135137
3.600000 3.240000 -0.120000 26623160137
3.240000 2.880000 -0.120000 26623185135
3.360000 3.480000 -0.240000 26623210504
3.240000 3.120000 -0.360000 26623235143
3.120000 3.360000 -0.600000 26623260140
2.820000 3.180000 -0.060000 26623285148
2.880000 3.120000 -0.360000 26623310484
3.060000 3.300000 -0.180000 26623335162
2.880000 3.360000 -0.240000 26623360174
2.640000 3.120000 -0.240000 26623385169
2.460000 3.180000 -0.660000 26623410547
2.220000 3.180000 -0.300000 26623435152
2.160000 3.240000 -0.360000 26623460157
2.280000 3.360000 -0.120000 26623485141
1.980000 3.540000 -0.180000 26623510488
1.860000 3.660000 -0.180000 26623535151
1.500000 3.660000 -0.180000 26623560160
1.500000 3.660000 -0.180000 26623585141
1.320000 3.960000 -0.180000 26623610950
1.380000 4.260000 -0.060000 26623635116
1.260000 3.900000 -0.060000 26623660196
1.200000 3.960000 -0.360000 26623685110
1.020000 4.140000 -0.420000 26623710273
1.200000 4.200000 -0.240000 26623759794
0.780000 3.900000 -0.060000 26623775367
0.960000 4.080000 -0.600000 26623789901
1.020000 4.140000 -0.060000 26623810531
1.080000 4.200000 -0.120000 26623835141
0.720000 3.960000 -0.120000 26623860165
1.020000 4.380000 -0.420000 26623885146
1.080000 4.200000 -0.360000 26623910482
1.560000 4.200000 -0.360000 26623935163
1.200000 3.720000 -0.360000 26623960157
0.900000 3.900000 -0.180000 26623985947
0.960000 4.080000 -0.240000 26624011077
0.780000 3.900000 -0.420000 26624035899
0.720000 4.080000 -0.240000 26624060880
0.660000 3.900000 -0.180000 26624085864
0.600000 4.200000 -0.240000 26624111007
0.720000 4.440000 0.120000 26624135139
0.480000 4.440000 -0.120000 26624160165
0.480000 4.800000 -0.240000 26624185123
0.960000 5.040000 -0.120000 26624210502
0.720000 4.800000 -0.240000 26624235131
0.120000 4.680000 -0.120000 26624260128
0.660000 4.860000 -0.420000 26624285147
0.660000 4.740000 -0.300000 26624310471
0.600000 4.800000 -0.120000 26624335137
0.540000 4.860000 -0.060000 26624360151
0.600000 4.800000 -0.240000 26624385140
0.420000 4.620000 -0.540000 26624410467
0.720000 4.680000 -0.240000 26624435163
0.420000 4.860000 -0.180000 26624460133
0.600000 4.440000 -0.240000 26624485133
0.960000 4.800000 -0.120000 26624510491
0.960000 4.680000 -0.360000 26624535126
1.080000 4.560000 -0.480000 26624560187
1.260000 4.140000 -0.300000 26624585143
0.840000 4.440000 -0.120000 26624610587
1.260000 4.380000 -0.300000 26624635132
1.200000 4.200000 -0.600000 26624660135
1.200000 4.440000 -0.600000 26624685133
1.140000 4.500000 -0.780000 26624710475
1.200000 4.800000 -0.600000 26624735125
1.200000 4.680000 -0.480000 26624760122
1.260000 4.500000 -0.300000 26624797996
1.380000 4.500000 -0.540000 26624812718
1.020000 4.740000 -0.540000 26624835278
0.960000 4.920000 -0.840000 26624860288
1.260000 4.860000 -0.420000 26624885274
1.260000 4.860000 -0.540000 26624910409
1.200000 4.680000 -0.840000 26624935158
1.020000 4.980000 -0.540000 26624960145
0.900000 4.740000 -0.660000 26624985126
0.900000 4.620000 -0.660000 26625010491
1.260000 4.740000 -0.540000 26625035132
0.660000 4.740000 -0.660000 26625060132
0.660000 4.740000 -0.660000 26625085132
0.840000 4.560000 -0.480000 26625110467
0.840000 4.920000 -0.600000 26625135133
1.020000 4.740000 -0.420000 26625160133
1.020000 4.620000 -0.420000 26625185135
0.900000 4.620000 -0.300000 26625213349
0.840000 4.560000 -0.480000 26625235142
0.960000 4.440000 -0.480000 26625260138
0.960000 4.440000 -0.720000 26625285134
1.200000 4.560000 -0.480000 26625310501
1.200000 4.440000 -0.240000 26625335140
0.600000 4.440000 -0.840000 26625360132
0.960000 4.560000 -0.240000 26625385140
1.140000 4.500000 -0.300000 26625410487
0.840000 4.680000 -0.360000 26625435140
1.260000 4.740000 -0.420000 26625460125
1.080000 4.440000 -0.480000 26625485160
1.020000 4.620000 -0.300000 26625510491
1.080000 4.680000 -0.600000 26625535142
1.140000 4.620000 -0.540000 26625560167
0.780000 4.260000 -0.660000 26625585131
1.200000 4.440000 -0.600000 26625610491
0.900000 4.500000 -0.420000 26625635132
1.200000 4.320000 -0.480000 26625660132
1.080000 3.840000 -0.360000 26625685135
1.080000 4.440000 -0.240000 26625710470
1.200000 4.440000 -0.480000 26625735139
1.260000 4.740000 -0.540000 26625760142
0.900000 4.500000 -0.300000 26625785141
0.840000 4.560000 -0.600000 26625810467
1.020000 4.620000 -0.300000 26625835154
