-3.660000 -2.940000 6.180000 28387011096
-3.540000 -2.940000 6.300000 28387036011
-3.540000 -2.820000 6.060000 28387061014
-3.480000 -2.880000 6.120000 28387085965
-3.900000 -2.820000 5.700000 28387111203
-3.300000 -2.940000 6.420000 28387135993
-3.660000 -3.060000 6.180000 28387160978
-3.540000 -3.300000 5.940000 28387185979
-3.420000 -2.940000 5.820000 28387211187
-3.360000 -3.120000 5.880000 28387235988
-3.540000 -2.940000 6.180000 28387260989
-3.300000 -2.940000 5.940000 28387285999
-3.420000 -2.940000 6.420000 28387311203
-3.300000 -3.300000 6.300000 28387335982
-3.360000 -3.000000 6.120000 28387360974
-3.660000 -2.820000 6.300000 28387385978
-3.540000 -2.940000 6.060000 28387411189
-3.600000 -2.760000 5.880000 28387435992
-3.600000 -2.880000 6.120000 28387461143
-3.540000 -3.060000 5.940000 28387485987
-3.600000 -3.120000 6.000000 28387511228
-3.360000 -3.000000 6.120000 28387535982
-3.540000 -2.940000 6.060000 28387560994
-3.600000 -3.000000 6.000000 28387585982
-3.540000 -2.820000 5.820000 28387611187
-3.480000 -2.880000 5.760000 28387635988
-3.480000 -3.000000 5.760000 28387660979
-3.540000 -2.940000 5.820000 28387685985
-3.540000 -2.940000 5.820000 28387711187
-3.420000 -2.940000 5.940000 28387735977
-3.660000 -3.180000 6.060000 28387760987
-3.420000 -2.940000 5.820000 28387785999
-3.420000 -2.700000 5.580000 28387811184
-3.600000 -3.000000 6.120000 28387835984
-3.840000 -2.760000 6.000000 28387861099
-3.540000 -2.940000 6.060000 28387885993
-3.600000 -2.760000 6.120000 28387911208
-3.360000 -2.880000 5.760000 28387935969
-3.600000 -2.760000 6.240000 28387960997
-3.660000 -2.580000 5.940000 28387985979
-3.780000 -3.060000 5.820000 28388011246
-3.540000 -2.820000 5.940000 28388035983
-3.480000 -3.000000 6.360000 28388060980
-3.780000 -3.060000 6.060000 28388085963
-3.480000 -3.120000 6.000000 28388111198
-3.540000 -3.300000 5.820000 28388135955
-3.480000 -2.880000 6.360000 28388160971
-3.180000 -2.820000 6.060000 28388185964
-3.480000 -2.880000 5.880000 28388211171
-3.540000 -2.580000 6.180000 28388236006
-3.600000 -3.000000 6.240000 28388260972
-3.600000 -3.120000 6.120000 28388285961
-3.720000 -2.760000 5.880000 28388311202
-3.600000 -2.880000 6.120000 28388336025
-3.480000 -3.000000 6.120000 28388360993
-3.780000 -2.820000 6.180000 28388386005
-3.660000 -3.180000 6.420000 28388411197
-3.600000 -3.360000 5.880000 28388435969
-3.600000 -3.120000 6.000000 28388461128
-4.020000 -3.180000 5.940000 28388485975
-3.240000 -2.880000 6.360000 28388511191
-3.420000 -2.940000 5.820000 28388535993
-3.240000 -3.360000 6.120000 28388560963
-3.480000 -3.000000 6.480000 28388585978
-3.240000 -3.480000 6.720000 28388611191
-3.000000 -3.360000 6.360000 28388635971
-3.180000 -3.300000 6.300000 28388660961
-3.420000 -3.180000 6.420000 28388685986
-3.240000 -3.120000 6.360000 28388711168
-3.180000 -3.060000 6.060000 28388735969
-3.120000 -3.480000 6.000000 28388760964
-2.940000 -2.940000 6.540000 28388785978
-3.000000 -3.240000 6.000000 28388811166
-3.600000 -3.000000 6.240000 28388835992
-3.360000 -3.480000 6.240000 28388860971
-3.420000 -2.820000 6.420000 28388885962
-2.880000 -3.120000 6.240000 28388911199
-3.600000 -3.120000 6.600000 28388935965
-3.360000 -3.360000 6.120000 28388960973
-3.060000 -3.300000 6.300000 28388985983
-3.480000 -3.120000 6.240000 28389011204
-3.660000 -2.820000 6.180000 28389035984
-3.240000 -3.000000 6.360000 28389060968
-3.240000 -3.000000 6.600000 28389085972
-3.120000 -3.120000 6.240000 28389111179
-3.420000 -2.820000 6.180000 28389135993
-3.540000 -3.180000 6.060000 28389160970
-3.540000 -3.180000 6.060000 28389185975
-3.180000 -3.060000 6.060000 28389211203
-3.600000 -3.240000 6.000000 28389235977
-3.780000 -2.820000 6.300000 28389260972
-3.540000 -2.940000 6.180000 28389285992
-3.480000 -2.760000 6.240000 28389311177
-3.780000 -3.060000 5.820000 28389335975
-3.420000 -2.700000 6.180000 28389360972
-3.540000 -2.820000 5.940000 28389385974
-3.660000 -2.940000 6.180000 28389411174
-3.780000 -3.180000 6.060000 28389435993
-3.720000 -3.000000 6.360000 28389461091
-3.900000 -2.940000 6.180000 28389485971
-4.200000 -2.880000 5.760000 28389511223
-3.780000 -3.060000 6.060000 28389535983
-4.080000 -2.640000 6.360000 28389560978
-3.840000 -2.760000 5.880000 28389585999
-4.080000 -2.880000 6.240000 28389610983
-4.140000 -2.940000 6.180000 28389635984
-4.320000 -3.120000 6.120000 28389660971
-4.560000 -2.760000 5.880000 28389685964
-4.140000 -3.060000 6.180000 28389711192
-4.380000 -2.700000 5.820000 28389735999
-4.440000 -2.640000 5.880000 28389760984
-4.320000 -2.520000 6.000000 28389785980
-4.260000 -2.460000 6.180000 28389811200
-4.320000 -2.760000 5.760000 28389835978
-4.020000 -2.700000 5.820000 28389860967
-4.200000 -2.520000 6.000000 28389885999
-4.380000 -2.460000 5.820000 28389911174
-4.380000 -2.820000 6.060000 28389935972
-4.440000 -2.400000 5.880000 28389960974
-4.860000 -2.580000 5.700000 28389985973
-4.440000 -2.160000 5.880000 28390011207
-4.500000 -2.700000 5.940000 28390035987
-4.320000 -2.640000 6.120000 28390060981
-4.440000 -2.640000 6.240000 28390085971
-4.560000 -2.760000 6.000000 28390111200
-4.080000 -2.520000 5.760000 28390135972
-4.320000 -2.520000 6.240000 28390160978
-4.320000 -2.520000 6.000000 28390185986
-4.560000 -2.520000 6.000000 28390211184
-4.560000 -2.640000 5.880000 28390235978
-4.560000 -2.520000 5.880000 28390260992
-4.500000 -2.700000 5.940000 28390285964
-4.440000 -2.400000 6.120000 28390311192
-4.620000 -2.700000 6.300000 28390335996
-4.200000 -2.760000 6.120000 28390360966
-4.320000 -2.520000 6.240000 28390385967
-4.380000 -2.700000 5.940000 28390411180
-4.380000 -2.580000 6.060000 28390435974
-4.080000 -2.640000 6.120000 28390460989
-4.260000 -2.820000 6.180000 28390485973
-4.500000 -2.820000 6.060000 28390511186
-4.080000 -2.760000 6.120000 28390535970
-4.380000 -2.820000 6.060000 28390560965
-4.260000 -2.820000 6.180000 28390585967
-4.020000 -2.340000 6.300000 28390611197
-4.320000 -2.880000 5.880000 28390635966
-3.960000 -2.640000 6.000000 28390660968
-3.840000 -2.640000 6.000000 28390685962
-3.840000 -2.760000 5.880000 28390711169
-3.840000 -2.760000 5.880000 28390735993
-3.960000 -2.760000 6.240000 28390760966
-4.080000 -2.640000 6.000000 28390785981
-3.780000 -2.820000 6.180000 28390811179
-3.720000 -2.640000 5.880000 28390835968
-3.840000 -2.760000 6.120000 28390860961
-3.840000 -3.120000 5.760000 28390886122
-3.660000 -2.820000 5.820000 28390911194
-3.600000 -2.880000 5.760000 28390935981
-3.720000 -3.000000 5.640000 28390961058
-3.780000 -3.060000 5.820000 28390985992
-3.600000 -2.880000 5.640000 28391011329
-3.540000 -2.940000 5.460000 28391035992
-3.960000 -2.760000 6.120000 28391061090
-3.780000 -2.580000 5.460000 28391085974
-3.720000 -2.760000 5.880000 28391111302
-3.660000 -3.180000 5.820000 28391135970
-3.600000 -3.120000 5.640000 28391161097
-3.660000 -2.580000 5.460000 28391185990
-3.540000 -2.820000 5.580000 28391211282
-3.780000 -3.300000 5.820000 28391235976
-3.240000 -3.120000 5.400000 28391261126
-3.780000 -2.820000 5.460000 28391285963
-3.780000 -2.940000 5.700000 28391311298
-3.480000 -2.880000 5.760000 28391335979
-3.720000 -3.000000 5.760000 28391361101
-3.780000 -2.820000 5.580000 28391385983
-3.540000 -2.700000 5.820000 28391411300
-3.660000 -2.940000 5.700000 28391435974
-3.600000 -3.000000 6.120000 28391461103
-3.900000 -2.820000 5.820000 28391485977
-3.720000 -2.880000 5.760000 28391511334
-3.720000 -3.000000 5.880000 28391535988
-3.600000 -2.760000 5.880000 28391561091
-3.600000 -3.000000 5.760000 28391585997
-3.720000 -3.000000 6.000000 28391611296
-3.840000 -3.120000 5.760000 28391635968
-3.720000 -2.880000 5.880000 28391661098
-3.660000 -3.180000 5.940000 28391685980
-3.660000 -3.060000 5.700000 28391711288
-3.900000 -2.940000 5.820000 28391735964
-3.180000 -3.180000 5.580000 28391761109
-3.540000 -2.940000 6.060000 28391785985
-3.720000 -2.760000 5.760000 28391811308
-3.360000 -2.880000 5.880000 28391835967
-3.780000 -2.820000 5.820000 28391861096
-3.660000 -2.820000 5.940000 28391885981
-3.480000 -2.640000 6.240000 28391911312
-3.600000 -2.760000 5.880000 28391939339
-3.540000 -2.940000 5.820000 28391961114
-3.600000 -3.120000 5.880000 28391986009
-3.240000 -2.880000 5.520000 28392011351
-3.540000 -2.580000 5.700000 28392035978
-3.540000 -2.700000 5.700000 28392061110
-3.540000 -3.180000 5.700000 28392085972
-3.480000 -2.760000 6.000000 28392111296
-3.480000 -2.880000 5.880000 28392135997
-3.660000 -2.700000 5.820000 28392161094
-3.600000 -2.880000 5.760000 28392185963
-3.840000 -2.760000 5.880000 28392211307
-3.300000 -2.820000 5.940000 28392235970
-3.840000 -2.880000 5.520000 28392261089
-3.600000 -2.880000 5.760000 28392285962
-3.360000 -2.880000 6.000000 28392311297
-3.600000 -2.760000 5.760000 28392335973
-3.900000 -3.060000 5.340000 28392361086
-3.540000 -2.820000 5.940000 28392385958
-3.540000 -3.060000 5.700000 28392411290
-3.600000 -3.000000 5.880000 28392435970
-3.480000 -2.880000 5.880000 28392461085
-3.600000 -2.640000 6.000000 28392485987
-3.540000 -2.940000 5.820000 28392511289
-3.660000 -2.820000 6.300000 28392535974
-3.720000 -2.880000 5.880000 28392561096
-3.360000 -3.240000 5.880000 28392585966
-3.480000 -3.120000 5.880000 28392611302
-3.480000 -2.640000 5.880000 28392635965
-3.360000 -3.000000 5.880000 28392661089
-3.840000 -3.120000 5.760000 28392685964
-3.840000 -2.640000 5.640000 28392711284
-3.420000 -3.060000 5.700000 28392735975
-3.840000 -3.000000 5.640000 28392761091
