-0.912019 0.127486 -10.610797 12298887844
-0.921825 0.098067 -10.914803 12298912863
-0.843372 0.127486 -11.120742 12298937855
-0.745305 0.078453 -11.248228 12298962852
-0.578592 0.117680 -11.091323 12298987842
-0.098067 0.353039 -10.669637 12299012860
0.186326 0.362846 -10.777510 12299037860
0.529559 0.362846 -11.091323 12299062851
0.970859 0.480526 -11.248228 12299087840
1.618097 0.666852 -10.414664 12299112865
1.902490 0.764919 -10.296983 12299137852
2.216303 0.745305 -9.943945 12299162857
3.059675 0.764919 -10.140078 12299187842
3.510781 0.706079 -9.865492 12299212891
3.834401 0.745305 -9.581099 12299237865
4.108987 0.637432 -9.738005 12299262855
4.687580 0.715886 -9.228059 12299287839
4.932746 0.588399 -9.110379 12299312853
5.246559 0.755112 -8.590627 12299337856
5.560371 0.696272 -8.620047 12299362846
6.080123 0.480526 -8.678886 12299387836
6.472390 0.509946 -8.365073 12299412860
6.668523 0.421686 -7.992421 12299437848
7.011755 0.549172 -7.708028 12299462838
7.433442 0.284393 -7.404021 12299487839
7.688415 0.313813 -6.972529 12299512865
7.904161 0.313813 -6.923496 12299537867
8.041454 0.294200 -6.884269 12299562850
8.414106 0.382459 -5.697665 12299587838
8.531787 0.225553 -5.423078 12299612856
8.845599 0.205940 -5.432885 12299637846
9.159412 0.196133 -4.844486 12299662852
9.198639 0.137293 -4.275700 12299687832
9.326125 0.186326 -4.138407 12299712856
9.365352 0.176520 -4.010921 12299737853
9.492838 0.029420 -3.128322 12299762855
9.806651 0.117680 -2.373209 12299787831
9.894911 0.156906 -2.304563 12299812859
9.904717 0.205940 -2.098624 12299837851
10.081238 0.166713 -2.147657 12299862849
10.140078 0.186326 -1.588677 12299887833
10.179304 0.254973 -0.794339 12299912861
10.159691 0.402073 -0.068647 12299937841
10.110658 0.490333 -0.509946 12299962858
10.189111 0.500139 -0.647239 12299987843
10.287177 0.411879 -0.715886 12300012865
10.326404 0.382459 -0.715886 12300037871
10.326404 0.441299 -0.009807 12300062859
10.238144 0.421686 -0.196133 12300087841
10.159691 0.353039 -0.235360 12300112861
10.218531 0.284393 -0.411879 12300137869
10.267564 0.294200 -0.470719 12300162850
10.198916 0.313813 -0.382459 12300187835
10.198916 0.313813 -0.421686 12300212862
10.120463 0.254973 -0.402073 12300237858
10.149883 0.254973 -0.647239 12300262869
10.238144 0.274586 -0.480526 12300287836
10.218531 0.313813 -0.411879 12300312862
10.218531 0.284393 -0.402073 12300337859
10.257757 0.294200 -0.617819 12300362852
10.218531 0.304006 -0.755112 12300387831
10.159691 0.254973 -0.941439 12300412850
10.110658 0.343233 -0.872792 12300437856
10.042011 0.274586 -1.186605 12300462889
10.012591 0.147100 -1.824037 12300487825
10.042011 0.127486 -2.628183 12300512872
9.894911 0.117680 -3.049868 12300537872
9.649745 0.117680 -2.971415 12300562857
9.473226 0.088260 -3.206775 12300587833
9.473226 0.058840 -3.412714 12300612843
9.247672 -0.058840 -4.834679 12300637859
9.031926 -0.019613 -5.158298 12300662862
8.875020 -0.009807 -5.442691 12300687841
8.590627 -0.019613 -5.521145 12300712871
7.884548 -0.029420 -5.785924 12300737848
7.433442 -0.068647 -6.315483 12300762860
7.109822 -0.137293 -6.648909 12300787840
7.119628 -0.205940 -7.266728 12300812863
6.727362 -0.402073 -8.384687 12300837853
6.246837 -0.529559 -8.816179 12300862862
5.844764 -0.598206 -8.825986 12300887829
5.599597 -0.558979 -8.914246 12300912853
5.266171 -0.725692 -9.522259 12300937849
4.991585 -0.715886 -9.326125 12300962853
4.648353 -0.676659 -9.375159 12300987832
4.314927 -0.647239 -9.767425 12301012877
4.246280 -0.715886 -10.061625 12301037869
4.108987 -0.657046 -10.149883 12301062873
3.863821 -0.617819 -10.120463 12301087811
3.569621 -0.568786 -9.639938 12301112873
3.059675 -0.382459 -9.796844 12301137848
2.912575 -0.333426 -9.924331 12301162866
2.794895 -0.362846 -10.346016 12301187808
2.039783 -0.343233 -10.493117 12301212879
1.755391 -0.362846 -10.346016 12301237855
1.539644 -0.323619 -10.365630 12301262871
1.343511 -0.313813 -10.395051 12301287815
0.970859 -0.245166 -10.581376 12301312547
0.392266 -0.353039 -10.463697 12301337537
0.009807 -0.245166 -10.404857 12301362532
-0.029420 -0.254973 -10.296983 12301387532
-0.343233 -0.225553 -10.483310 12301412544
-0.755112 -0.235360 -10.777510 12301437636
-1.216025 -0.176520 -10.404857 12301462637
-1.618097 -0.049033 -10.434277 12301487615
-1.902490 -0.304006 -10.561764 12301512645
-2.177077 -0.264780 -10.316597 12301537632
-2.441856 -0.107873 -10.424470 12301562637
-2.657602 -0.068647 -10.051817 12301587615
-3.128322 -0.058840 -9.885104 12301612752
-3.402908 -0.098067 -9.679165 12301637725
-3.589234 -0.235360 -9.787038 12301662734
-3.863821 -0.225553 -9.914525 12301687699
-4.667966 -0.166713 -9.375159 12301712879
-4.873906 -0.225553 -9.365352 12301737852
-5.030812 -0.304006 -9.414385 12301762881
-5.403465 -0.225553 -9.257479 12301787815
-5.815344 -0.284393 -8.767146 12301812874
-6.089930 -0.284393 -8.600433 12301837850
-6.344903 -0.225553 -8.727920 12301862870
-6.521423 -0.264780 -8.267007 12301887952
-6.629296 -0.196133 -7.923775 12301912869
-6.805816 -0.186326 -7.649189 12301937897
-7.286342 -0.127486 -7.796288 12301962870
-7.521701 -0.186326 -6.815622 12301987917
-7.678608 -0.166713 -7.021562 12302012872
-7.786481 -0.127486 -6.805816 12302037875
-8.080681 -0.107873 -6.423357 12302062869
-8.345461 -0.098067 -5.874184 12302087837
-8.512174 -0.127486 -5.491724 12302112872
-8.590627 -0.166713 -5.374044 12302137871
-8.865212 -0.127486 -5.501531 12302162863
-9.198639 -0.107873 -4.971972 12302187839
-9.443805 -0.068647 -4.697386 12302212868
-9.571292 -0.068647 -4.285507 12302237873
-9.659552 -0.029420 -3.912854 12302262868
-9.757618 0.137293 -3.569621 12302287846
-9.659552 0.078453 -3.118515 12302312870
-9.698778 0.049033 -2.745862 12302337865
-9.777231 0.068647 -2.657602 12302362867
-9.992978 0.029420 -2.167270 12302387840
-10.032204 0.029420 -2.079010 12302412867
-10.071430 0.127486 -1.794617 12302437864
-10.071430 0.196133 -1.451384 12302462870
-9.885104 0.362846 -1.000278 12302487839
-9.914525 0.460913 -0.608012 12302512886
-9.943945 0.558979 -0.519753 12302537782
-9.973364 0.460913 -0.323619 12302562877
-10.071430 0.421686 -0.480526 12302587838
-10.100850 0.362846 -0.539366 12302612863
-10.081238 0.333426 -0.235360 12302637870
-10.189111 0.284393 -0.098067 12302662876
-10.159691 0.225553 -0.098067 12302687850
-10.022397 0.196133 0.009807 12302712877
-10.042011 0.156906 0.068647 12302737881
-10.110658 0.088260 -0.039227 12302762894
-10.208724 0.107873 -0.009807 12302787847
-10.159691 0.117680 -0.147100 12302812871
-10.169497 0.088260 -0.137293 12302837863
-10.179304 0.117680 -0.215746 12302862861
