1.575000 22.400000 -1.260000 12298914589
-2.327500 34.982502 -3.237500 12298939607
-7.227500 56.857502 -3.955000 12298964596
-13.072500 84.297501 -7.700000 12298989481
-21.559999 91.105003 -7.542500 12299014583
-23.187500 85.504997 -7.227500 12299039593
-19.985001 104.457497 -6.842500 12299064585
-18.549999 131.285004 -7.332500 12299089472
-20.247499 121.415001 -8.645000 12299114589
-19.495001 112.455002 -7.700000 12299139597
-20.195000 110.705002 -2.537500 12299164592
-8.557500 97.317497 1.207500 12299189667
-5.162500 109.287498 1.697500 12299214464
1.470000 109.602501 -0.122500 12299239573
9.135000 109.217499 0.735000 12299264574
6.580000 108.324997 2.030000 12299289482
4.060000 96.827499 6.457500 12299314598
7.665000 93.957497 7.140000 12299339597
7.945000 93.730003 12.390000 12299364587
14.787500 94.867500 13.072500 12299389471
13.947500 97.807503 10.202500 12299414593
8.190000 87.972504 7.262500 12299439603
2.660000 91.122498 8.592500 12299464592
5.880000 99.820000 7.297500 12299489528
14.612500 101.867500 4.672500 12299514596
5.407500 89.407501 3.832500 12299539605
-5.145000 100.904999 4.917500 12299564598
-9.065000 117.074997 4.900000 12299589474
-0.490000 123.252502 4.182500 12299614594
8.872500 123.375000 1.977500 12299639602
9.047500 110.845001 -1.522500 12299664592
10.570000 96.004997 -3.097500 12299689477
4.900000 105.279999 -1.015000 12299714591
0.437500 107.467499 -0.542500 12299739601
6.195000 87.762497 -2.467500 12299764593
0.717500 70.332497 -3.815000 12299789478
-3.500000 61.320000 -4.077500 12299814588
-1.610000 62.037498 -1.942500 12299839597
-1.172500 68.092499 -1.592500 12299864593
-1.102500 82.547501 -6.352500 12299889476
-7.507500 81.357498 -7.752500 12299914587
-8.855000 52.115002 -8.155000 12299939604
-5.215000 9.135000 -2.047500 12299964591
6.037500 2.870000 2.852500 12299989492
1.435000 9.047500 4.550000 12300014811
-6.545000 17.184999 0.875000 12300039793
-5.145000 13.072500 1.890000 12300064748
-1.015000 -6.090000 3.097500 12300089627
1.557500 -6.895000 4.970000 12300114442
0.717500 -10.902500 3.080000 12300139547
1.697500 4.217500 1.067500 12300164583
-0.192500 2.870000 -0.507500 12300189474
-0.227500 -4.305000 0.700000 12300214582
-0.227500 -4.410000 0.070000 12300239619
-0.455000 -0.420000 -0.927500 12300264588
-2.467500 0.542500 -1.155000 12300289486
-2.800000 -5.757500 0.420000 12300314583
-0.875000 -19.075001 0.455000 12300339601
1.032500 -30.642500 -0.700000 12300364581
0.612500 -40.634998 0.420000 12300389473
-0.402500 -54.197502 2.765000 12300414579
-2.100000 -71.154999 6.615000 12300439648
-0.927500 -104.352501 9.222500 12300464843
4.637500 -115.779999 9.957500 12300489793
8.645000 -102.165001 9.817500 12300514835
7.542500 -91.805000 7.122500 12300539631
2.415000 -89.215004 3.115000 12300564607
3.080000 -97.422501 4.007500 12300589483
4.340000 -113.084999 6.405000 12300614585
10.097500 -112.875000 2.975000 12300639610
10.395000 -98.070000 -0.332500 12300664598
8.662500 -95.864998 2.835000 12300689484
7.665000 -101.727501 3.482500 12300714602
9.712500 -122.605003 5.302500 12300739563
8.557500 -137.899994 8.137500 12300764602
11.077500 -148.225006 14.262500 12300789478
13.247500 -150.324997 16.257500 12300814613
16.555000 -132.072495 12.967500 12300839612
16.957500 -102.305000 8.312500 12300864605
13.282500 -89.250000 7.227500 12300889485
6.090000 -86.309998 6.160000 12300914602
3.797500 -68.477501 4.305000 12300939603
1.977500 -59.849998 0.455000 12300964588
-2.467500 -77.419998 1.942500 12300989485
-7.910000 -77.962502 6.737500 12301014642
-11.042500 -66.605003 7.945000 12301039604
-14.315001 -50.557499 2.502500 12301064569
-8.697500 -43.889999 1.347500 12301089476
-11.882500 -65.449997 -1.137500 12301114735
-17.482500 -79.292503 2.345000 12301139594
-15.855000 -85.995003 4.322500 12301164651
-8.697500 -81.427498 3.097500 12301189480
-7.087500 -72.519997 4.130000 12301214612
-6.842500 -74.217499 5.827500 12301239607
-6.860000 -86.677498 6.387500 12301264626
-3.220000 -87.745003 6.790000 12301289483
-1.522500 -76.422501 9.922500 12301314060
-4.042500 -71.872498 10.027500 12301339052
-3.342500 -68.722504 7.192500 12301364050
-4.515000 -77.245003 6.755000 12301389052
-8.172500 -76.824997 6.457500 12301414060
-4.760000 -73.815002 5.530000 12301439223
3.447500 -64.750000 4.900000 12301464199
3.640000 -74.882500 4.462500 12301489180
0.420000 -77.629997 0.140000 12301514200
-5.075000 -71.574997 -2.345000 12301539221
-9.065000 -69.772499 -3.010000 12301564217
-7.175000 -70.419998 -2.012500 12301589170
-1.522500 -77.245003 -1.662500 12301614373
1.470000 -85.592499 1.487500 12301639368
11.497500 -84.525002 -2.152500 12301664364
10.745000 -73.412498 -2.887500 12301689306
5.075000 -69.790001 -3.325000 12301714599
5.722500 -78.557503 -3.010000 12301739564
5.127500 -80.010002 -3.307500 12301764600
-4.777500 -81.007500 -1.907500 12301789481
-6.895000 -79.292503 -2.765000 12301814597
-6.632500 -80.290001 -1.890000 12301839600
-7.437500 -83.930000 -0.892500 12301864595
-6.895000 -89.565002 -2.992500 12301889478
-5.022500 -84.595001 -6.072500 12301914583
-2.590000 -84.122498 -3.150000 12301939600
-0.175000 -79.747498 -0.472500 12301964594
-3.920000 -79.764999 0.385000 12301989504
-3.955000 -80.797501 -1.697500 12302014595
-4.987500 -68.355003 -3.517500 12302039605
1.417500 -66.955002 -1.802500 12302064598
1.960000 -66.972504 -0.105000 12302089480
3.307500 -73.570000 0.490000 12302114593
-5.302500 -82.267502 -2.292500 12302139597
-12.110000 -89.775002 -3.640000 12302164595
-12.915000 -88.480003 -2.380000 12302189489
-16.957500 -89.775002 -0.910000 12302214597
-19.127501 -87.290001 1.750000 12302239588
-9.992500 -89.617500 6.002500 12302264602
-2.012500 -86.782501 9.170000 12302289531
10.885000 -76.982498 10.377500 12302314594
19.320000 -64.627502 9.362500 12302339677
19.687500 -65.432503 16.082500 12302364596
9.905000 -74.112503 20.037500 12302389542
3.185000 -93.327499 23.730000 12302414596
-3.605000 -82.477501 19.844999 12302439616
-10.430000 -69.457497 13.090000 12302464596
-16.100000 -47.757500 5.827500 12302489492
-16.257500 -28.105000 -0.507500 12302514598
-18.094999 -22.049999 -5.197500 12302539576
-14.770000 -14.297500 -8.977500 12302564590
-9.817500 -17.115000 -10.552500 12302589469
-6.282500 -12.687500 -8.015000 12302614590
-3.290000 -6.650000 -9.800000 12302639589
4.392500 -3.552500 -10.290000 12302664449
5.110000 1.207500 -8.137500 12302689447
6.562500 4.795000 -7.630000 12302714453
5.915000 4.865000 -6.755000 12302739449
5.775000 10.307500 -5.057500 12302764597
2.432500 12.897500 -4.042500 12302789471
2.345000 5.075000 -1.277500 12302814582
-0.280000 3.097500 -0.980000 12302839585
0.122500 4.305000 -2.362500 12302864589
2.257500 2.572500 -0.612500 12302889474
