-1.980000 -0.900000 5.220000 12298901061
-2.340000 -1.140000 5.580000 12298926048
-1.980000 -1.020000 5.460000 12298951053
-2.220000 -0.900000 5.700000 12298976161
-2.280000 -0.840000 5.280000 12299001067
-2.520000 -1.080000 5.280000 12299026052
-2.820000 -1.020000 5.340000 12299051055
-2.940000 -1.020000 5.460000 12299076049
-3.060000 -1.260000 4.980000 12299101057
-3.120000 -1.440000 5.520000 12299126043
-3.480000 -0.960000 5.160000 12299151047
-3.600000 -1.080000 5.040000 12299176047
-3.960000 -1.200000 4.920000 12299201357
-4.020000 -1.380000 4.860000 12299226094
-4.080000 -1.440000 4.800000 12299251509
-4.380000 -1.260000 4.620000 12299276072
-4.260000 -1.140000 4.380000 12299301060
-4.200000 -1.200000 4.320000 12299326030
-4.260000 -1.500000 4.020000 12299351073
-4.560000 -1.200000 4.080000 12299376034
-4.920000 -1.080000 3.720000 12299401058
-4.860000 -1.020000 3.660000 12299426031
-4.860000 -1.380000 3.780000 12299451036
-5.220000 -1.020000 3.300000 12299476027
-5.100000 -1.020000 3.420000 12299501063
-4.920000 -0.960000 2.880000 12299526053
-4.980000 -0.900000 2.820000 12299551036
-5.160000 -0.840000 2.760000 12299576032
-5.160000 -1.200000 2.640000 12299601074
-5.100000 -1.020000 2.340000 12299626029
-4.920000 -0.840000 2.160000 12299651038
-5.100000 -1.140000 1.980000 12299676042
-5.100000 -1.140000 2.100000 12299701065
-5.400000 -0.720000 1.560000 12299726031
-5.100000 -0.900000 1.620000 12299751059
-5.160000 -0.840000 1.680000 12299776047
-5.220000 -0.900000 1.380000 12299801056
-4.980000 -1.020000 1.260000 12299826031
-5.100000 -0.780000 1.260000 12299851034
-4.920000 -1.080000 1.440000 12299876067
-4.980000 -0.780000 0.780000 12299901056
-5.160000 -0.720000 0.840000 12299926031
-5.340000 -1.260000 0.660000 12299951033
-5.280000 -0.840000 0.600000 12299976140
-5.100000 -1.260000 0.900000 12300001061
-4.980000 -0.900000 0.780000 12300026072
-5.040000 -1.080000 0.960000 12300051065
-5.340000 -0.900000 0.900000 12300076065
-5.040000 -1.080000 0.480000 12300101061
-5.160000 -0.960000 0.840000 12300126444
-5.040000 -1.080000 0.960000 12300151116
-4.860000 -1.140000 0.780000 12300176031
-5.220000 -0.540000 0.660000 12300201059
-5.040000 -1.080000 0.600000 12300226028
-5.160000 -1.080000 0.600000 12300251045
-4.800000 -0.960000 0.960000 12300276040
-5.100000 -1.140000 0.660000 12300301060
-4.620000 -1.020000 0.780000 12300326046
-4.800000 -0.720000 0.840000 12300351040
-5.040000 -0.840000 0.960000 12300376029
-5.040000 -1.080000 1.200000 12300401080
-5.100000 -0.780000 1.140000 12300426024
-4.980000 -0.900000 1.380000 12300452616
-5.100000 -0.660000 1.260000 12300476039
-4.980000 -1.020000 1.500000 12300501150
-4.800000 -0.720000 1.680000 12300526145
-5.280000 -0.960000 1.920000 12300551346
-5.220000 -0.660000 1.860000 12300576046
-5.340000 -0.900000 2.100000 12300601048
-5.280000 -0.600000 2.280000 12300626047
-4.860000 -0.780000 2.340000 12300651053
-5.040000 -0.840000 2.280000 12300676028
-4.740000 -1.140000 2.580000 12300701051
-4.740000 -0.780000 2.820000 12300726023
-4.680000 -0.600000 2.520000 12300751046
-5.160000 -0.360000 2.640000 12300776054
-4.500000 -0.780000 3.420000 12300801055
-4.620000 -0.780000 3.420000 12300826032
-4.440000 -0.480000 3.600000 12300851056
-4.380000 -0.660000 3.900000 12300876245
-4.080000 -0.720000 3.720000 12300901231
-3.900000 -0.660000 3.900000 12300926200
-3.960000 -0.600000 3.720000 12300951194
-4.020000 -0.780000 4.260000 12300976318
-3.900000 -0.540000 3.900000 12301001124
-3.720000 -0.720000 4.200000 12301026073
-3.900000 -0.660000 4.020000 12301051040
-3.360000 -0.600000 4.200000 12301076140
-3.600000 -0.840000 4.320000 12301101061
-3.240000 -0.720000 4.680000 12301126073
-3.000000 -0.840000 4.680000 12301151055
-3.180000 -0.780000 4.740000 12301176038
-3.120000 -0.480000 4.800000 12301201055
-3.360000 -0.960000 4.800000 12301226030
-2.820000 -0.540000 4.860000 12301251035
-2.460000 -0.780000 4.860000 12301276052
-2.400000 -0.840000 4.800000 12301301493
-2.280000 -0.720000 5.400000 12301324794
-2.400000 -0.840000 5.160000 12301349777
-2.100000 -0.540000 5.700000 12301374777
-1.800000 -0.720000 5.400000 12301399787
-1.920000 -0.600000 5.520000 12301425867
-1.920000 -0.480000 5.400000 12301450183
-1.860000 -0.660000 5.220000 12301475151
-1.320000 -0.840000 5.280000 12301500186
-1.140000 -0.780000 5.100000 12301525179
-1.200000 -0.840000 4.920000 12301550156
-1.020000 -0.660000 5.340000 12301575153
-1.080000 -0.960000 5.160000 12301600910
-1.080000 -0.600000 5.640000 12301625579
-0.840000 -0.720000 5.400000 12301650570
-0.540000 -0.660000 5.220000 12301675558
-0.720000 -0.840000 5.160000 12301701049
-0.540000 -1.020000 5.100000 12301726056
-0.360000 -0.720000 5.040000 12301751042
-0.180000 -0.900000 5.220000 12301776057
-0.060000 -0.900000 5.100000 12301801057
-0.120000 -0.960000 5.280000 12301826050
0.060000 -0.660000 4.860000 12301851019
0.300000 -0.900000 4.860000 12301876051
0.120000 -1.440000 4.800000 12301901059
0.360000 -0.840000 5.040000 12301926073
0.480000 -0.840000 5.040000 12301951031
0.660000 -0.900000 5.220000 12301976162
0.780000 -0.900000 4.620000 12302001059
1.200000 -0.960000 4.800000 12302026062
0.960000 -1.200000 4.680000 12302051036
0.900000 -1.020000 4.860000 12302076038
1.140000 -1.020000 4.620000 12302101051
1.140000 -0.900000 4.620000 12302126031
1.500000 -1.140000 4.380000 12302151028
1.500000 -1.140000 4.260000 12302176074
1.500000 -1.020000 4.020000 12302201061
1.380000 -1.140000 4.260000 12302226047
1.560000 -0.960000 4.320000 12302251030
1.560000 -0.960000 3.960000 12302276053
1.740000 -0.900000 3.900000 12302301052
1.620000 -0.900000 3.660000 12302326055
1.980000 -0.660000 3.660000 12302351034
2.160000 -1.080000 3.600000 12302376049
2.040000 -1.080000 3.360000 12302401054
2.220000 -1.140000 3.060000 12302426052
2.520000 -0.960000 3.120000 12302451063
2.520000 -1.440000 3.120000 12302476048
2.460000 -1.020000 3.060000 12302501057
2.580000 -1.380000 3.060000 12302526050
2.700000 -1.500000 3.060000 12302551075
2.460000 -1.260000 3.060000 12302576042
2.520000 -1.560000 3.000000 12302601053
2.460000 -1.140000 3.060000 12302626051
2.460000 -1.140000 3.060000 12302651049
2.880000 -1.200000 2.760000 12302676050
2.340000 -1.020000 2.820000 12302701074
2.640000 -1.080000 2.880000 12302726054
2.400000 -1.080000 3.000000 12302751068
2.220000 -1.020000 2.940000 12302776067
2.220000 -1.500000 2.940000 12302801066
2.400000 -0.960000 3.120000 12302826042
2.340000 -1.020000 2.820000 12302851061
2.280000 -1.200000 2.880000 12302876050
