6.433163 -3.932467 -7.737448 23142424457
6.374323 -3.912854 -7.737448 23142449352
6.256643 -3.912854 -7.708028 23142480942
6.286063 -3.785367 -7.629575 23142499342
6.433163 -3.795174 -7.580542 23142524412
6.237030 -3.775561 -7.609962 23142549354
6.119350 -4.030534 -7.845321 23142574339
6.442970 -4.187440 -8.080681 23142599325
6.335097 -3.873627 -7.678608 23142624367
6.266450 -3.824594 -7.619768 23142649337
6.227223 -3.785367 -7.658995 23142674335
6.344903 -3.854014 -7.825707 23142699379
6.354710 -3.834401 -7.796288 23142724431
6.364516 -3.795174 -7.757061 23142749339
6.344903 -3.785367 -7.727641 23142774353
6.286063 -3.746140 -7.658995 23142799346
6.335097 -3.755947 -7.717835 23142824325
6.335097 -3.804981 -7.678608 23142849330
6.325290 -3.883434 -7.786481 23142874344
6.148770 -3.736334 -7.796288 23142899356
6.109544 -3.677494 -7.698222 23142924338
6.138963 -3.736334 -7.629575 23142949364
6.315483 -3.824594 -7.727641 23142974355
6.187996 -3.746140 -7.698222 23142999373
6.590069 -3.648074 -7.649189 23143024349
6.364516 -3.599041 -7.551122 23143049348
6.315483 -3.118515 -8.237587 23143074379
6.786202 -3.726527 -8.492560 23143099354
7.070595 -4.442413 -8.257200 23143124357
7.080402 -4.520866 -7.658995 23143149353
6.276257 -4.050147 -7.639381 23143174396
6.227223 -3.677494 -7.227501 23143199372
6.129157 -3.697107 -7.511894 23143224391
6.217417 -3.844207 -7.502088 23143249342
6.168384 -3.844207 -7.570735 23143274363
6.099737 -3.922661 -7.590348 23143299378
6.158577 -4.059954 -7.531508 23143324355
6.286063 -4.001114 -7.511894 23143349325
6.727362 -3.579428 -7.619768 23143374507
6.393937 -3.618654 -7.560929 23143399363
6.305676 -3.873627 -7.629575 23143424359
7.011755 -3.608848 -8.041454 23143449322
6.952915 -3.569621 -7.894354 23143474381
7.158855 -3.432328 -8.551400 23143499361
6.452776 -3.491168 -7.168662 23143524344
6.550843 -3.550008 -7.345181 23143549330
6.619490 -3.755947 -7.482475 23143574351
6.776396 -3.873627 -7.404021 23143600409
6.511616 -3.893241 -7.482475 23143624351
6.580263 -4.569900 -7.256922 23143649357
6.599876 -3.912854 -6.864655 23143674348
6.550843 -3.579428 -7.217695 23143699368
6.413549 -3.638267 -7.825707 23143724323
6.511616 -3.697107 -8.188554 23143749322
6.501810 -3.961887 -8.335654 23143774331
6.413549 -4.108987 -8.227780 23143799339
6.737169 -4.128600 -8.227780 23143828951
6.609683 -4.501253 -8.090487 23143849350
6.227223 -4.785646 -8.345461 23143874323
6.295870 -4.726806 -7.551122 23143899337
6.197803 -2.971415 -7.364795 23143924333
6.315483 -2.824315 -7.521701 23143949327
6.472390 -3.216582 -7.629575 23143974359
6.688136 -4.256087 -7.698222 23143999332
6.805816 -4.550286 -7.786481 23144024337
6.717556 -4.197247 -7.668801 23144049350
6.403743 -4.167827 -7.688415 23144074337
6.158577 -3.844207 -7.109822 23144099323
6.325290 -3.942274 -7.335375 23144124331
6.668523 -4.363960 -7.423635 23144149323
6.766589 -4.618933 -7.590348 23144174777
6.707749 -4.638546 -7.462861 23144199329
6.521423 -4.766033 -7.364795 23144224380
6.472390 -4.913132 -7.276535 23144249348
6.462583 -5.374044 -7.041175 23144274332
6.364516 -5.491724 -7.001948 23144299325
6.364516 -5.550564 -7.021562 23144324322
6.550843 -5.413271 -6.962722 23144349359
6.550843 -5.256365 -6.923496 23144374322
6.423357 -5.187718 -6.962722 23144399338
6.599876 -4.903326 -7.266728 23144424322
6.521423 -4.864099 -7.266728 23144449347
5.795731 -5.050425 -7.129435 23144474333
6.187996 -4.667966 -7.492281 23144499350
6.344903 -4.726806 -7.757061 23144524345
6.187996 -5.442691 -7.482475 23144549330
6.442970 -5.991864 -7.855128 23144574326
5.982057 -6.325290 -7.149048 23144612244
5.501531 -6.403743 -7.207889 23144624352
5.089652 -6.717556 -6.913689 23144649335
4.452219 -6.894075 -6.168384 23144674333
4.471833 -7.119628 -6.521423 23144699352
4.373766 -7.178468 -6.550843 23144724687
4.481639 -7.315762 -6.580263 23144749339
4.265893 -7.580542 -6.462583 23144774381
4.030534 -8.051261 -6.256643 23144799368
3.942274 -8.482754 -5.560371 23144824341
4.050147 -8.629853 -5.246559 23144849390
4.148213 -8.767146 -6.080123 23144874353
3.863821 -8.914246 -5.550564 23144899345
3.520588 -9.149606 -5.344625 23144924350
3.442135 -9.836071 -2.422243 23144949342
3.912854 -9.698778 -2.353596 23144974348
3.618654 -10.140078 -2.461469 23144999364
3.481361 -10.032204 -2.118237 23145024322
3.589234 -10.316597 -1.098345 23145049339
3.363681 -10.434277 -1.216025 23145074363
3.128322 -10.179304 -3.285228 23145099961
3.344068 -9.806651 -2.177077 23145124313
3.442135 -9.875298 -1.873070 23145149324
3.442135 -9.767425 -1.078732 23145174357
3.402908 -9.355545 0.049033 23145199355
3.726527 -8.825986 1.019892 23145224344
3.942274 -8.649467 1.627904 23145249380
4.158020 -8.423914 2.216303 23145274396
4.334540 -8.227780 2.804702 23145299391
4.795453 -7.864934 3.618654 23145324392
4.785646 -7.776674 4.001114 23145349387
4.854292 -7.472668 4.471833 23145374392
4.834679 -6.639102 5.128879 23145399392
4.638546 -6.452776 5.344625 23145424393
4.609126 -5.776117 5.472112 23145449386
4.579706 -5.354432 5.815344 23145474417
4.628739 -4.040340 6.403743 23145499393
4.599319 -3.540201 6.335097 23145524398
4.422800 -3.500974 6.286063 23145549384
4.177633 -2.902769 6.609683 23145574398
4.481639 -1.372931 7.217695 23145599390
3.873627 -1.892684 7.482475 23145624426
3.657881 -1.284671 7.727641 23145660194
3.697107 -0.558979 7.904161 23145674398
3.265615 -0.019613 8.051261 23145699378
3.236195 0.294200 7.972808 23145724441
3.226388 0.804145 8.070874 23145749394
3.442135 1.147378 7.796288 23145774426
3.049868 1.470998 7.874741 23145799458
3.049868 2.029977 7.668801 23145824370
2.687022 2.137850 7.198082 23145849380
1.980944 2.579149 7.904161 23145874408
1.578871 2.981222 8.188554 23145899368
1.500418 3.295035 8.776953 23145924363
1.392545 3.422521 9.031926 23145949392
1.510224 3.814787 9.179026 23145974419
1.794617 3.697107 8.747533 23145999410
2.363403 3.736334 8.953472 23146024504
2.363403 4.246280 8.982893 23146049485
2.275143 4.520866 8.835793 23146074556
2.137850 4.746419 8.992700 23146099544
1.951524 4.697386 9.120186 23146124342
2.029977 4.971972 8.335654 23146149368
2.226110 4.903326 8.080681 23146174367
2.294756 5.128879 7.943388 23146199363
2.245723 5.236752 7.776674 23146224438
1.843650 5.079845 7.364795 23146249443
1.784810 5.226945 7.247115 23146274391
1.578871 5.383852 7.354988 23146299391
1.412158 5.452498 7.757061 23146324487
1.216025 5.305398 8.080681 23146349461
1.049312 5.383852 8.139521 23146374539
0.745305 5.374044 8.080681 23146399739
0.725692 5.089652 6.982336 23146424517
0.539366 4.687580 7.198082 23146449479
0.254973 4.844486 7.472668 23146474514
0.480526 5.119072 7.492281 23146499512
0.264780 5.550564 7.815901 23146524505
0.137293 5.913410 8.463140 23146549488
0.029420 5.521145 8.198360 23146574564
0.049033 4.687580 7.933581 23146599564
0.304006 4.579706 7.923775 23146624562
0.117680 4.785646 8.443527 23146649544
-0.098067 4.952359 8.747533 23146674580
-0.245166 4.560093 8.031648 23146699562
-0.098067 4.579706 7.639381 23146724563
0.186326 5.021006 7.551122 23146749560
0.676659 5.697665 7.757061 23146774712
0.745305 5.933024 8.139521 23146799699
0.431493 5.550564 7.982615 23146824692
0.480526 5.589791 7.325568 23146849659
0.470719 6.070317 7.737448 23146874699
0.490333 6.501810 8.198360 23146899689
0.686466 6.335097 8.002228 23146924681
0.902212 5.893797 7.708028 23146949663
0.686466 5.589791 7.188275 23146974697
0.568786 5.521145 6.815622 23146999695
0.725692 5.609405 7.864934 23147024681
0.617819 5.638824 8.316040 23147049654
-0.225553 5.462305 7.776674 23147074696
0.186326 5.550564 7.580542 23147099685
1.333705 5.668244 6.943109 23147124687
1.039505 5.952637 6.609683 23147149656
-0.245166 6.256643 8.610240 23147174692
0.421686 5.933024 7.394215 23147199687
0.735499 5.736891 7.276535 23147224684
0.774725 5.599597 7.433442 23147249654
0.941439 5.815344 7.551122 23147274688
0.892405 5.795731 7.482475 23147299784
0.362846 5.864377 7.541315 23147324702
-0.107873 5.913410 7.609962 23147349669
0.019613 5.805537 7.453054 23147374686
-0.254973 5.766311 7.237308 23147399694
-0.235360 5.785924 7.384408 23147424692
0.019613 5.844764 7.335375 23147449665
0.225553 5.952637 7.413828 23147474698
0.304006 5.923217 7.541315 23147499694
0.372653 5.991864 7.639381 23147524690
0.588399 6.060511 7.727641 23147549666
0.666852 6.011477 7.639381 23147574702
0.666852 6.001670 7.678608 23147599696
0.578592 5.982057 7.717835 23147624682
0.637432 5.933024 7.786481 23147649666
0.764919 5.982057 7.708028 23147674682
0.794339 5.933024 7.531508 23147699692
0.755112 5.893797 7.521701 23147724671
0.794339 5.952637 7.560929 23147749668
0.833565 6.021284 7.551122 23147774670
0.833565 6.050704 7.590348 23147799699
0.990472 6.050704 7.541315 23147824671
1.029698 6.080123 7.492281 23147849665
1.039505 6.050704 7.511894 23147874676
1.098345 6.089930 7.443248 23147899690
