2.257500 -3.990000 1.802500 23142431383
4.270000 -4.550000 0.052500 23142452339
4.707500 -4.865000 -0.192500 23142481364
1.802500 -4.742500 -0.332500 23142502354
0.402500 -6.002500 1.225000 23142527354
-2.082500 -6.737500 0.647500 23142552349
-5.057500 -8.365000 -4.095000 23142577347
0.805000 -7.297500 -2.100000 23142602429
20.422501 -5.442500 -0.490000 23142627409
-0.927500 -4.707500 -1.312500 23142652365
1.242500 -8.837500 -1.942500 23142677354
2.257500 -7.157500 -1.347500 23142702359
3.255000 -4.410000 -0.892500 23142727376
2.730000 -4.917500 -1.277500 23142752326
2.590000 -4.882500 -1.435000 23142777367
2.712500 -5.792500 -0.980000 23142802387
1.785000 -8.102500 -1.067500 23142827344
1.697500 -7.490000 0.350000 23142852374
1.960000 -6.545000 -0.105000 23142877347
2.170000 -4.830000 -1.505000 23142902372
2.607500 -4.200000 -2.450000 23142927328
2.397500 -4.865000 -2.240000 23142952341
2.152500 -5.547500 -1.645000 23142977356
2.222500 -6.142500 -1.907500 23143002356
1.662500 -7.945000 -4.637500 23143027377
0.525000 -8.190000 -2.555000 23143052380
1.277500 -20.475000 -6.335000 23143077390
-9.747500 0.157500 5.757500 23143102428
2.625000 17.517500 6.475000 23143127391
12.652500 -2.642500 1.837500 23143152341
3.815000 -0.595000 -2.222500 23143177348
5.180000 1.785000 -1.557500 23143202349
9.187500 -3.850000 0.367500 23143227429
7.175000 -1.995000 -3.115000 23143252343
10.342500 -0.840000 -5.372500 23143277349
9.852500 -8.452500 -6.457500 23143302350
7.070000 -5.862500 -10.920000 23143327343
7.315000 -11.095000 -15.260000 23143352323
3.237500 -7.385000 -12.967500 23143377326
4.655000 -5.145000 -8.662500 23143402328
3.412500 -4.077500 -14.682500 23143427355
4.462500 -0.087500 -6.125000 23143452353
3.395000 0.280000 -6.125000 23143477358
1.557500 11.865000 6.527500 23143502374
7.805000 6.282500 -0.665000 23143527356
5.460000 -11.515000 -0.437500 23143552338
5.005000 -7.000000 1.400000 23143577330
6.212500 -2.747500 1.557500 23143602349
6.142500 -1.382500 -1.015000 23143633324
4.462500 -3.342500 -2.135000 23143652326
0.017500 -3.500000 2.187500 23143677320
-5.722500 -27.195000 0.962500 23143702574
-16.135000 -37.362499 -0.875000 23143727347
-17.745001 -25.987499 -0.682500 23143753394
-9.520000 -17.150000 0.717500 23143777329
-3.850000 -8.627500 0.157500 23143802806
2.362500 -1.435000 4.532500 23143828343
7.210000 4.165000 9.292500 23143852341
7.962500 6.335000 12.792500 23143877352
11.900000 4.865000 8.785000 23143902349
11.760000 6.037500 -0.035000 23143927346
15.680000 -5.355000 -5.582500 23143952342
13.055000 -9.940000 -1.400000 23143977408
9.992500 -3.675000 -0.017500 23144002346
10.500000 0.927500 5.915000 23144027348
6.895000 4.812500 10.010000 23144052335
7.630000 10.657500 14.822500 23144077332
10.815000 5.880000 4.515000 23144102312
8.837500 -0.070000 1.627500 23144127318
3.710000 -3.412500 2.555000 23144152366
4.147500 -3.010000 6.807500 23144177348
4.322500 -1.505000 10.395000 23144202365
3.430000 3.570000 15.697500 23144227357
3.552500 2.345000 21.822500 23144252497
5.040000 3.272500 33.477501 23144280351
4.025000 6.772500 35.875000 23144302322
2.817500 3.587500 27.684999 23144327319
1.925000 -7.735000 23.572500 23144352362
3.342500 -11.130000 30.275000 23144377316
4.182500 -14.087500 32.497501 23144402325
10.272500 -16.415001 37.502499 23144427341
14.472500 -10.325000 37.345001 23144452332
11.882500 -10.885000 33.687500 23144477339
9.887500 -16.957500 39.812500 23144502325
22.662500 -22.504999 55.580002 23144527456
36.994999 -23.870001 60.707500 23144552373
41.509998 -21.735001 58.432499 23144577310
48.965000 -35.209999 59.430000 23144602322
52.150002 -19.197500 55.650002 23144627316
51.292500 -16.695000 45.535000 23144652372
45.290001 -9.887500 43.452499 23144677352
41.492500 15.155000 54.775002 23144702368
46.672501 10.062500 55.230000 23144727341
49.560001 5.092500 63.630001 23144752350
58.064999 -5.407500 66.797501 23144777372
59.307499 -3.342500 67.445000 23144802483
64.190002 -3.692500 72.747498 23144827341
72.677498 -0.385000 70.665001 23144852341
88.182503 2.537500 66.657501 23144877349
79.449997 15.190001 66.044998 23144902834
45.500000 22.277500 79.415001 23144927353
61.547501 19.337500 76.282501 23144952356
90.982498 -7.962500 21.507500 23144977343
183.154999 20.457500 -9.817500 23145002480
152.074997 47.075001 -35.105000 23145027343
120.470001 81.269997 -55.597500 23145052363
137.252502 51.432499 -62.772499 23145077354
151.095001 22.575001 -64.820000 23145102320
28.455000 34.790001 -70.769997 23145127328
17.535000 30.467501 -72.642502 23145153033
45.115002 70.139999 -88.882500 23145177345
82.739998 76.702499 -96.215004 23145202338
102.830002 80.919998 -97.072502 23145227326
110.145004 99.592499 -88.654999 23145252376
119.840004 93.625000 -82.180000 23145277391
125.702499 89.792503 -74.392502 23145302403
127.504997 92.312500 -64.330002 23145327391
130.339996 101.324997 -63.244999 23145352400
137.865005 91.122498 -70.175003 23145377380
149.065002 80.132500 -71.925003 23145402405
153.317505 76.597504 -75.162498 23145427390
150.902496 72.555000 -83.090004 23145452401
157.464996 62.002499 -82.617500 23145477401
156.607498 47.180000 -84.717499 23145502406
142.852493 29.592501 -89.635002 23145527394
119.559998 41.212502 -97.107498 23145552405
108.692497 32.847500 -107.800003 23145577389
99.610001 14.402500 -98.769997 23145602354
85.627502 27.684999 -101.639999 23145627412
73.220001 35.595001 -113.364998 23145660789
84.542503 30.799999 -96.529999 23145677425
88.864998 31.272501 -90.947502 23145702437
82.512497 33.722500 -92.820000 23145727413
82.547501 22.960001 -95.794998 23145752379
76.055000 10.552500 -108.044998 23145777474
71.452499 -9.590000 -119.437500 23145802365
72.205002 -11.252500 -132.842499 23145827383
55.965000 -0.122500 -140.839996 23145852396
37.012501 -18.514999 -145.582504 23145877594
25.340000 -52.307499 -135.047501 23145902402
40.827499 -25.795000 -95.129997 23145927382
46.252499 -14.297500 -79.379997 23145952394
35.017502 -26.460001 -80.482498 23145977410
20.142500 -51.029999 -80.989998 23146002521
5.110000 15.452500 -71.504997 23146027579
7.945000 -5.670000 -61.985001 23146052580
28.262501 -18.427500 -58.555000 23146077578
38.849998 -27.947500 -56.174999 23146102341
43.837502 -46.514999 -54.459999 23146127349
34.160000 -43.767502 -54.127499 23146152340
25.637501 -42.087502 -54.985001 23146177349
20.020000 -34.772499 -63.997501 23146202359
8.855000 -28.297501 -59.885002 23146227439
-7.857500 -0.752500 -52.639999 23146253339
-16.362499 13.545000 -51.275002 23146277425
-0.647500 23.135000 -45.622501 23146302528
18.882500 18.514999 -36.994999 23146327542
19.145000 12.302500 -34.177502 23146352567
8.085000 4.007500 -33.599998 23146377532
-4.410000 -14.157500 -32.689999 23146402861
-19.600000 -11.445000 -30.100000 23146427530
-11.655000 7.875000 -39.392502 23146452501
0.052500 -8.960000 -50.102501 23146477540
7.787500 -22.120001 -52.779999 23146502563
7.297500 -31.727501 -40.162498 23146527560
-14.980000 -9.765000 -23.275000 23146552564
-40.337502 -19.652500 -12.530000 23146577635
-37.520000 -17.535000 -33.075001 23146602680
-6.125000 -15.855000 -43.382500 23146627625
33.792500 -24.219999 -35.455002 23146652660
49.630001 -47.389999 -32.375000 23146677627
41.947498 -61.355000 -32.042500 23146702641
43.994999 -43.994999 -44.064999 23146727626
50.994999 -20.772501 -52.797501 23146752740
52.814999 -3.640000 -43.049999 23146777653
39.497501 -7.315000 -16.170000 23146802685
-10.237500 -29.557501 -7.035000 23146827651
-29.767500 -45.272499 -6.335000 23146852644
-23.992500 -16.205000 3.762500 23146877678
-10.342500 -24.937500 10.587500 23146902643
-1.645000 -37.782501 17.254999 23146927677
-0.035000 -29.102501 18.147501 23146952638
8.172500 -14.385000 12.792500 23146977644
18.182501 53.410000 11.637500 23147002639
34.247501 66.779999 10.097500 23147027643
35.262501 44.555000 9.082500 23147052640
21.017500 19.565001 3.237500 23147077644
1.522500 5.197500 -9.765000 23147102643
3.482500 -11.357500 22.172501 23147127640
27.177500 -0.595000 41.334999 23147152643
37.607502 -6.737500 37.782501 23147177642
24.132500 4.742500 12.302500 23147202640
-31.832500 41.772499 13.475000 23147227642
-30.047501 30.957500 16.957500 23147252642
-18.952499 31.045000 22.995001 23147277640
-9.485000 31.815001 25.305000 23147302733
-6.527500 9.187500 18.865000 23147327728
5.635000 -7.175000 5.285000 23147352723
9.257500 -10.325000 6.562500 23147377723
14.035000 -6.125000 7.997500 23147402719
19.652500 -16.240000 3.447500 23147427720
18.322500 -30.135000 2.327500 23147452718
11.287500 -14.717500 2.520000 23147477723
-3.325000 -13.142500 1.802500 23147502736
-2.572500 -21.385000 -0.052500 23147527726
4.095000 -20.299999 0.087500 23147552723
4.480000 -16.327499 0.945000 23147577724
1.347500 -5.092500 -0.962500 23147602721
-0.350000 -6.107500 1.522500 23147627722
0.175000 -12.005000 3.010000 23147652719
2.205000 -24.237499 -1.242500 23147677722
4.497500 -19.267500 -2.677500 23147702717
2.222500 -7.507500 -0.210000 23147727720
3.395000 -5.845000 4.165000 23147752720
4.392500 -7.017500 5.180000 23147777716
4.340000 -4.567500 4.777500 23147802720
5.897500 -5.320000 6.002500 23147827720
5.775000 -4.410000 2.677500 23147852720
4.865000 -7.577500 -1.312500 23147877718
0.682500 -16.222500 -5.600000 23147902718
