-1.686744 0.176520 -9.983171 26093327302
-1.647517 0.147100 -10.071430 26093348525
-1.608291 0.127486 -10.247950 26093373446
-1.520031 0.058840 -10.346016 26093398532
-1.608291 0.078453 -10.453890 26093423470
-1.647517 0.049033 -10.493117 26093448600
-1.657324 0.019613 -10.610797 26093473558
-1.667131 0.039227 -10.708863 26093498517
-1.657324 -0.019613 -10.708863 26093523546
-1.549451 -0.039227 -10.620603 26093548476
-1.392545 -0.029420 -10.512731 26093573541
-1.392545 -0.049033 -10.444084 26093598519
-1.461191 -0.019613 -10.346016 26093623551
-1.569064 -0.019613 -10.355824 26093648492
-1.598484 -0.058840 -10.336210 26093673551
-1.637711 -0.107873 -10.355824 26093698507
-1.745584 -0.098067 -10.473503 26093723550
-1.745584 -0.147100 -10.551956 26093748495
-1.725971 -0.196133 -10.326404 26093773545
-2.098624 -0.068647 -10.208724 26093798518
-1.971137 -0.176520 -10.208724 26093823550
-1.922104 -0.225553 -10.453890 26093848660
-1.873070 -0.235360 -10.591184 26093873550
-1.931910 -0.382459 -10.600989 26093898529
-2.010364 -0.372653 -10.463697 26093923535
-2.029977 -0.343233 -10.346016 26093948484
-1.824037 -0.402073 -10.306790 26093973531
-1.706357 -0.480526 -10.561764 26093998493
-1.814230 -0.500139 -10.600989 26094023530
-1.961330 -0.509946 -10.522536 26094048492
-1.853457 -0.549172 -10.375437 26094073535
-1.578871 -0.490333 -10.395051 26094098528
-1.529838 -0.411879 -10.463697 26094123524
-1.461191 -0.421686 -10.542150 26094148498
-1.372931 -0.392266 -10.198916 26094173528
-1.402351 -0.480526 -10.218531 26094198448
-1.343511 -0.539366 -10.355824 26094223532
-1.431771 -0.568786 -10.620603 26094248520
-1.019892 -0.686466 -10.806930 26094273518
-0.823759 -0.657046 -11.003062 26094298532
-0.637432 -0.539366 -11.061903 26094323538
-0.706079 -0.500139 -11.081515 26094348478
-0.833565 -0.205940 -10.728477 26094373524
-0.245166 -0.215746 -10.679443 26094398520
-0.127486 -0.137293 -10.816736 26094423534
-0.264780 -0.009807 -10.924609 26094448494
0.009807 -0.009807 -10.277370 26094473524
0.441299 0.009807 -10.424470 26094498516
0.921825 -0.225553 -10.522536 26094523530
1.363124 -0.205940 -10.679443 26094548502
1.804424 -0.166713 -10.826543 26094573528
1.951524 -0.196133 -10.689250 26094598524
2.275143 -0.392266 -10.669637 26094623525
2.549729 -0.402073 -10.757896 26094648500
2.539923 -0.274586 -10.022397 26094673539
2.687022 0.019613 -10.032204 26094698520
3.295035 0.029420 -9.894911 26094723532
4.020727 0.137293 -9.424192 26094748500
4.383573 0.078453 -9.179026 26094773524
4.412993 -0.058840 -9.551678 26094798525
4.560093 0.127486 -9.590905 26094823527
5.560371 0.127486 -8.963279 26094848502
5.785924 -0.078453 -8.875020 26094873520
5.844764 -0.049033 -8.727920 26094898518
5.913410 0.088260 -8.786759 26094923538
6.452776 0.127486 -8.355267 26094948502
6.894075 0.039227 -8.139521 26094973518
7.050982 -0.049033 -7.923775 26094998538
7.090209 0.137293 -7.541315 26095023518
7.325568 0.598206 -7.178468 26095048504
7.668801 0.617819 -6.982336 26095073518
7.953194 0.539366 -6.884269 26095098527
8.021841 0.470719 -6.639102 26095123523
8.335654 0.519753 -6.070317 26095148506
8.404300 0.657046 -6.001670 26095173523
8.531787 0.706079 -5.756504 26095198529
8.708306 0.706079 -5.462305 26095223548
8.904439 0.637432 -4.952359 26095248502
9.139799 0.735499 -4.824872 26095273523
9.355545 0.745305 -4.422800 26095298519
9.286899 0.921825 -4.069760 26095323533
9.453611 0.843372 -3.746140 26095348500
9.679165 0.764919 -3.697107 26095373520
9.698778 0.872792 -3.324455 26095398529
9.757618 0.843372 -2.726249 26095423535
10.042011 0.872792 -2.333983 26095448492
10.375437 0.823759 -2.314370 26095473521
10.218531 0.823759 -2.196690 26095498528
10.012591 1.098345 -1.274865 26095523531
9.983171 1.333705 -0.500139 26095548492
9.836071 1.372931 -0.304006 26095573533
9.855684 1.274865 -0.245166 26095598534
10.061625 1.274865 0.068647 26095623530
10.140078 1.186605 0.147100 26095648499
10.110658 1.137571 0.304006 26095673523
9.983171 1.196411 0.774725 26095698520
10.012591 1.235638 0.951245 26095723530
10.032204 1.255251 1.098345 26095748505
9.953751 1.343511 1.225831 26095773521
10.081238 1.372931 1.559257 26095798518
9.738005 1.392545 2.088817 26095823539
9.688972 1.451384 2.363403 26095848502
9.708585 1.343511 2.383016 26095873505
9.600712 1.274865 2.422243 26095898515
9.375159 1.225831 2.834122 26095923526
9.414385 1.196411 2.775282 26095948500
9.355545 1.196411 2.961608 26095973523
9.237865 1.245445 3.275421 26095998516
9.590905 1.078732 3.393101 26096023534
9.512452 1.137571 3.530394 26096048490
9.277092 1.206218 3.687301 26096073526
9.198639 1.225831 4.001114 26096098539
9.316319 1.108152 3.844207 26096123533
9.375159 1.000278 3.903047 26096148490
9.257479 1.039505 3.893241 26096173533
9.296705 0.961052 4.285507 26096198518
9.208446 0.961052 4.383573 26096223525
9.159412 1.039505 4.354153 26096248498
9.002505 1.137571 4.569900 26096273527
8.806373 1.186605 4.785646 26096298514
8.973086 1.127765 4.766033 26096323535
8.924053 1.147378 4.971972 26096348499
8.659273 1.186605 5.001392 26096373525
8.541594 1.166991 5.040619 26096398513
8.737726 1.117958 5.060232 26096423522
8.649467 1.137571 4.942552 26096448496
8.472947 1.225831 5.050425 26096473532
8.884827 1.078732 4.962165 26096498535
8.718113 1.098345 4.991585 26096523523
8.374881 1.245445 5.168105 26096548496
8.394494 1.166991 5.040619 26096573511
8.688693 1.088538 5.079845 26096598537
8.580820 1.068925 5.060232 26096623533
8.639660 1.039505 4.932746 26096648499
8.767146 1.039505 4.962165 26096673539
8.649467 1.117958 5.050425 26096698536
8.806373 1.147378 4.844486 26096723528
8.953472 1.010085 4.717000 26096748502
9.012313 1.010085 4.805259 26096773526
8.835793 1.068925 4.687580 26096798530
8.973086 1.010085 4.579706 26096823539
8.982893 1.029698 4.618933 26096848502
8.786759 1.019892 4.491446 26096873521
8.894632 1.019892 4.491446 26096898535
8.992700 1.019892 4.393380 26096923539
9.090766 0.990472 4.412993 26096948501
9.051538 1.059118 4.344347 26096973517
9.100572 0.912019 4.089374 26096998498
9.169219 0.990472 4.010921 26097023560
9.365352 1.010085 4.099180 26097048504
9.424192 0.892405 3.638267 26097073525
9.316319 1.029698 3.687301 26097098522
9.296705 1.019892 3.667687 26097123531
9.394772 1.010085 3.589234 26097148499
9.355545 0.823759 3.040062 26097173538
9.532065 0.843372 2.981222 26097198460
9.708585 0.794339 2.745862 26097223456
9.571292 0.813952 2.687022 26097248453
9.865492 0.853179 2.539923 26097273519
10.081238 0.764919 2.353596 26097298522
9.836071 0.735499 2.186883 26097323531
9.698778 0.882599 1.833844 26097348495
9.992978 0.872792 1.696550 26097373527
9.796844 0.833565 1.520031 26097398528
9.934137 0.813952 1.284671 26097423534
10.130271 0.764919 1.049312 26097448491
10.032204 0.647239 0.990472 26097473530
10.012591 0.686466 0.833565 26097498548
10.159691 0.696272 0.735499 26097523533
10.130271 0.598206 0.304006 26097548512
10.169497 0.588399 0.254973 26097573535
10.346016 0.676659 0.049033 26097598537
10.277370 0.558979 -0.088260 26097623538
10.169497 0.715886 -0.196133 26097648502
10.061625 0.647239 -0.254973 26097673530
10.061625 0.637432 -0.441299 26097698529
10.110658 0.637432 -0.657046 26097723520
10.228337 0.411879 -1.363124 26097748498
10.414664 0.421686 -1.431771 26097773533
10.385243 0.539366 -1.372931 26097798533
10.169497 0.608012 -1.206218 26097823554
10.032204 0.509946 -1.725971 26097848506
9.973364 0.578592 -1.755391 26097873535
9.777231 0.657046 -1.804424 26097898531
9.757618 0.617819 -2.020170 26097923549
10.120463 0.549172 -2.461469 26097948462
9.904717 0.431493 -2.687022 26097973534
9.767425 0.539366 -2.794895 26097998525
9.934137 0.725692 -2.853735 26098023517
9.698778 0.480526 -3.196968 26098048493
9.639938 0.470719 -3.344068 26098073537
9.767425 0.402073 -3.638267 26098098533
9.688972 0.294200 -3.746140 26098123515
9.708585 0.549172 -3.873627 26098148463
9.973364 0.460913 -4.069760 26098173518
9.816459 0.421686 -4.207053 26098198527
9.120186 0.598206 -4.079567 26098223544
9.061346 0.578592 -4.530673 26098248506
9.218252 0.421686 -4.883712 26098273508
9.277092 0.392266 -4.952359 26098298533
9.090766 0.353039 -5.393658 26098323537
8.953472 0.372653 -5.481918 26098348854
8.708306 0.392266 -5.511338 26098373580
8.521980 0.460913 -5.511338 26098398544
8.521980 0.529559 -5.668244 26098423538
8.453333 0.460913 -5.913410 26098448514
8.237587 0.382459 -6.080123 26098473530
7.992421 0.519753 -6.178190 26098498534
8.188554 0.500139 -6.658716 26098523529
8.041454 0.372653 -6.756783 26098548486
8.012034 0.441299 -6.874462 26098573535
8.021841 0.519753 -6.992142 26098598536
7.845321 0.304006 -7.335375 26098623531
7.825707 0.343233 -7.423635 26098648500
7.560929 0.402073 -7.462861 26098673538
7.305955 0.411879 -7.315762 26098698529
7.100015 0.460913 -7.502088 26098723531
6.992142 0.500139 -7.629575 26098748499
6.923496 0.509946 -7.815901 26098773529
7.060789 0.392266 -8.168941 26098798525
6.531229 0.323619 -8.325847 26098823534
6.040897 0.431493 -8.119907 26098848495
5.844764 0.431493 -8.159134 26098873520
5.893797 0.254973 -8.855406 26098898525
5.736891 0.147100 -9.129992 26098923525
5.668244 0.147100 -9.208446 26098948495
5.442691 0.254973 -9.139799 26098973516
5.295592 0.215746 -9.473226 26098998545
5.030812 0.284393 -9.522259 26099023527
4.805259 0.284393 -9.463418 26099048499
4.599319 0.313813 -9.335932 26099073529
4.599319 0.333426 -9.443805 26099098525
4.579706 0.264780 -9.522259 26099123520
4.354153 0.196133 -9.620325 26099148503
4.197247 0.245166 -9.728198 26099173516
4.059954 0.235360 -10.149883 26099198537
3.903047 0.215746 -10.012591 26099223558
3.618654 0.304006 -9.826264 26099248501
3.393101 0.333426 -9.934137 26099273522
3.147935 0.333426 -9.894911 26099298524
3.089095 0.392266 -10.022397 26099323523
2.991029 0.362846 -10.022397 26099348499
2.853735 0.392266 -10.110658 26099373526
2.422243 0.460913 -10.120463 26099398536
2.167270 0.490333 -10.169497 26099423502
1.951524 0.421686 -10.326404 26099448501
1.853457 0.353039 -10.551956 26099473527
1.588677 0.353039 -10.620603 26099498528
1.372931 0.382459 -10.757896 26099523524
1.284671 0.215746 -10.718670 26099548497
1.176798 0.156906 -10.689250 26099573611
0.931632 0.107873 -10.620603 26099598519
0.745305 0.107873 -10.493117 26099623509
0.568786 0.176520 -10.336210 26099648504
0.451106 0.186326 -10.708863 26099673512
0.382459 0.186326 -10.797122 26099698531
0.186326 0.235360 -10.816736 26099723514
0.147100 0.254973 -10.679443 26099748501
0.117680 0.245166 -11.101129 26099773517
0.009807 0.196133 -11.042290 26099798540
-0.245166 0.225553 -10.855963 26099823507
-0.402073 0.304006 -10.581376 26099848503
-0.470719 0.323619 -10.650023 26099873516
-0.411879 0.333426 -10.689250 26099898528
-0.402073 0.304006 -10.699056 26099923522
-0.588399 0.274586 -10.532343 26099948494
-0.715886 0.470719 -10.532343 26099973510
-0.774725 0.441299 -10.581376 26099998534
-0.882599 0.431493 -10.551956 26100023516
-1.068925 0.470719 -10.542150 26100048498
-1.245445 0.539366 -10.326404 26100073520
-1.372931 0.490333 -10.463697 26100098511
-1.549451 0.490333 -10.385243 26100123542
-1.765197 0.500139 -10.267564 26100148503
-2.000557 0.441299 -10.424470 26100173490
-2.108430 0.470719 -10.404857 26100198447
-2.275143 0.460913 -10.316597 26100223456
-2.383016 0.451106 -10.267564 26100248504
-2.608569 0.558979 -10.100850 26100273484
-2.824315 0.549172 -10.061625 26100299012
-3.030255 0.509946 -9.983171 26100323509
-3.451941 0.451106 -9.914525 26100348509
-3.530394 0.392266 -10.002784 26100373516
-3.618654 0.460913 -9.855684 26100398532
-3.981500 0.568786 -9.865492 26100423510
-4.324733 0.304006 -9.669358 26100448493
-4.471833 0.411879 -9.522259 26100473508
-4.520866 0.431493 -9.365352 26100498529
-4.658159 0.470719 -9.433999 26100523529
-4.981779 0.411879 -9.532065 26100548494
-5.197526 0.343233 -9.296705 26100573515
-5.452498 0.254973 -9.002505 26100598520
-5.570178 0.304006 -8.924053 26100623608
-5.776117 0.402073 -8.718113 26100648503
-5.834958 0.313813 -8.718113 26100673472
-5.962444 0.313813 -8.806373 26100698529
-6.246837 0.372653 -8.453333 26100723500
-6.609683 0.353039 -7.874741 26100748501
-6.619490 0.372653 -7.953194 26100773483
-6.815622 0.509946 -7.943388 26100798526
-7.100015 0.657046 -7.354988 26100823492
-7.325568 0.774725 -7.423635 26100848491
-7.619768 0.921825 -7.708028 26100873474
-7.864934 0.872792 -7.364795 26100898561
-7.972808 0.755112 -7.090209 26100923503
-7.757061 0.872792 -6.854849 26100948500
-7.698222 0.921825 -6.707749 26100973494
-7.904161 1.029698 -6.639102 26100998516
-8.159134 0.902212 -6.325290 26101023478
-8.247394 0.961052 -6.138963 26101048502
-8.208167 0.941439 -6.089930 26101073533
-8.414106 0.862985 -5.952637 26101098536
-8.776953 0.755112 -5.432885 26101123516
-8.953472 0.647239 -5.197526 26101148502
-9.218252 0.843372 -4.903326 26101173957
-9.237865 0.666852 -4.873906 26101198514
-9.208446 0.804145 -4.491446 26101223485
-8.973086 0.755112 -4.167827 26101248506
-9.061346 0.755112 -4.030534 26101273611
-9.296705 0.902212 -3.873627 26101298537
-9.639938 1.186605 -3.402908 26101323544
-9.679165 1.196411 -3.373488 26101348513
-9.571292 1.127765 -3.206775 26101373553
-9.963558 1.127765 -2.667409 26101398537
-10.012591 1.265058 -2.383016 26101423510
-9.669358 1.353318 -2.137850 26101448502
-9.600712 1.421964 -2.039783 26101473534
-9.483032 1.490611 -1.676937 26101498529
-9.590905 1.166991 -1.549451 26101523523
-9.590905 1.147378 -1.274865 26101548502
-9.620325 1.451384 -1.539644 26101573535
-9.757618 1.441578 -1.127765 26101598534
-9.855684 1.294478 -1.078732 26101623522
-9.894911 1.216025 -1.049312 26101648497
-9.953751 1.157185 -1.000278 26101673527
-10.277370 1.078732 -0.745305 26101698524
-10.404857 1.108152 -0.480526 26101723525
-10.453890 1.019892 -0.519753 26101748498
-10.247950 1.010085 -0.421686 26101773525
-10.473503 0.843372 0.058840 26101798528
-10.581376 0.912019 0.117680 26101823529
-9.953751 0.951245 0.225553 26101848459
-9.473226 1.068925 0.470719 26101873548
-10.287177 1.010085 0.862985 26101898533
-10.375437 1.127765 0.794339 26101923526
-10.110658 1.186605 0.970859 26101948493
-9.747811 1.216025 1.137571 26101973522
-9.483032 1.265058 1.333705 26101998531
-9.767425 1.255251 0.872792 26102023531
-9.649745 1.353318 1.049312 26102048460
-9.502645 1.323898 1.196411 26102073535
-10.346016 1.206218 0.362846 26102098517
-10.355824 1.039505 0.441299 26102123524
-10.140078 1.078732 0.264780 26102148500
-10.149883 1.117958 0.333426 26102173527
-9.904717 1.059118 0.323619 26102198535
-9.806651 1.088538 0.539366 26102223534
-9.924331 1.108152 0.313813 26102248483
-9.855684 0.872792 -0.068647 26102273537
-10.208724 0.813952 0.343233 26102298523
-10.257757 0.735499 -0.284393 26102323523
-10.071430 0.696272 -0.509946 26102348492
-10.198916 0.735499 -1.010085 26102373531
-10.081238 0.745305 -1.206218 26102398522
-9.963558 0.696272 -1.078732 26102423522
-10.120463 0.794339 -1.147378 26102448489
-9.610518 0.794339 -1.196411 26102473536
-9.453611 0.794339 -1.019892 26102498534
-9.620325 0.725692 -1.421964 26102523522
-9.610518 0.627626 -1.470998 26102548504
-9.983171 0.686466 -1.392545 26102573540
-10.149883 0.764919 -1.490611 26102598523
-10.306790 0.774725 -1.804424 26102623537
-10.404857 0.823759 -2.196690 26102648493
-10.042011 0.813952 -2.265337 26102673537
-9.806651 0.882599 -2.265337 26102698520
-9.875298 0.715886 -2.559536 26102723521
-9.885104 0.696272 -2.618376 26102748495
-9.600712 0.882599 -2.226110 26102773513
-9.718391 0.931632 -1.980944 26102798513
-9.796844 0.843372 -2.186883 26102823536
-9.777231 0.794339 -2.402630 26102848500
-9.963558 1.343511 -2.029977 26102873528
-10.100850 1.402351 -1.951524 26102898537
-10.100850 1.588677 -1.667131 26102923526
-10.120463 1.392545 -1.784810 26102948494
-10.022397 1.265058 -1.961330 26102973526
-9.816459 1.274865 -2.069203 26102998543
-9.826264 1.196411 -2.216303 26103023524
-9.767425 1.137571 -2.265337 26103048502
-9.777231 1.049312 -2.284950 26103073538
-9.934137 1.117958 -2.226110 26103098536
-10.140078 1.117958 -2.432050 26103123448
-10.620603 1.402351 -2.402630 26103148503
-10.502923 1.392545 -2.216303 26103173539
-10.296983 1.304285 -2.245723 26103198464
-10.100850 1.098345 -2.422243 26103223461
-9.041733 1.157185 -2.226110 26103248455
-8.737726 0.921825 -2.451663 26103274207
-8.727920 0.882599 -2.608569 26103298541
-9.022120 0.921825 -2.608569 26103323510
-9.934137 0.853179 -2.873349 26103348496
-10.296983 0.872792 -2.804702 26103373528
-10.355824 1.029698 -2.608569 26103398535
-10.198916 1.147378 -2.579149 26103423511
-10.130271 1.068925 -2.863542 26103448502
-9.855684 1.059118 -2.932189 26103473520
-9.679165 1.098345 -2.981222 26103498524
-9.541871 1.225831 -2.745862 26103523512
-9.335932 0.862985 -2.824315 26103548502
-9.463418 0.833565 -2.922382 26103573529
-9.630132 0.735499 -3.079288 26103598519
-9.777231 0.843372 -2.991029 26103623522
-9.836071 0.764919 -2.981222 26103648497
-9.826264 0.774725 -3.108708 26103673541
-9.777231 0.872792 -2.873349 26103698523
-9.698778 0.872792 -2.628183 26103723530
-9.679165 1.088538 -2.520309 26103748503
-9.698778 1.225831 -2.402630 26103773528
-9.669358 1.049312 -2.451663 26103798502
-9.669358 1.068925 -2.726249 26103823526
-9.787038 1.078732 -2.883155 26103848493
-9.973364 1.039505 -3.206775 26103873539
-10.081238 1.029698 -3.226388 26103898539
-9.816459 0.990472 -3.118515 26103923529
-9.649745 0.970859 -3.030255 26103948487
-9.502645 1.010085 -2.892962 26103973532
-9.443805 1.108152 -2.775282 26103998510
-9.541871 0.980665 -2.971415 26104023517
-9.571292 1.010085 -3.000835 26104048492
-9.492838 1.019892 -3.020448 26104073535
-9.688972 1.039505 -3.049868 26104098516
-9.885104 1.039505 -3.334261 26104123529
-9.806651 1.117958 -3.196968 26104148500
-9.679165 1.186605 -3.108708 26104173534
-9.649745 1.176798 -3.118515 26104198496
-9.620325 1.127765 -3.108708 26104223529
-9.600712 1.098345 -3.010642 26104248504
-9.659552 0.990472 -3.187161 26104273535
