0.578592 3.550008 9.188832 10581906200
0.657046 3.520588 9.080959 10581931193
0.637432 3.461748 9.110379 10581956174
0.637432 3.373488 9.120186 10581981196
0.735499 3.295035 8.825986 10582006208
0.647239 3.540201 8.796566 10582031181
0.608012 3.697107 9.002505 10582056176
0.637432 3.697107 9.247672 10582081187
0.666852 3.726527 9.453611 10582106196
0.647239 3.736334 9.571292 10582131177
0.617819 3.638267 9.757618 10582156180
0.617819 3.510781 10.208724 10582181208
-0.039227 3.569621 8.776953 10582206205
0.519753 3.726527 9.453611 10582231196
0.500139 3.383295 9.443805 10582256175
0.588399 3.118515 9.610518 10582281184
0.519753 3.344068 9.463418 10582306204
0.686466 3.638267 9.483032 10582331192
0.804145 3.677494 9.502645 10582356169
0.912019 3.608848 9.041733 10582381201
0.823759 3.500974 9.012313 10582406195
0.735499 3.334261 9.335932 10582431201
0.676659 3.265615 9.581099 10582456175
0.637432 3.383295 9.414385 10582481200
0.637432 3.461748 9.316319 10582506200
0.647239 3.491168 9.277092 10582531197
0.617819 3.540201 9.218252 10582556177
0.588399 3.579428 9.061346 10582581202
0.578592 3.657881 9.080959 10582606206
0.627626 3.638267 9.080959 10582631201
