2.047500 0.735000 -2.380000 10581933164
5.110000 1.277500 -2.800000 10581958154
5.582500 -1.190000 -4.707500 10581983153
4.847500 -0.315000 -8.435000 10582008156
5.022500 3.465000 -7.997500 10582033180
5.180000 6.685000 -1.487500 10582058153
3.447500 3.097500 -1.505000 10582083156
-0.437500 -0.157500 -1.872500 10582108157
-4.690000 -1.732500 0.105000 10582133187
-8.435000 -2.992500 0.437500 10582158154
-6.212500 -4.900000 -0.227500 10582183154
-0.892500 -9.782500 3.430000 10582208154
12.845000 22.820000 4.865000 10582233180
-20.545000 -2.572500 2.117500 10582258153
-19.879999 -6.020000 -7.017500 10582283153
5.845000 0.752500 -4.392500 10582308153
25.287500 9.765000 3.657500 10582333182
24.639999 -1.575000 3.710000 10582358153
7.227500 -8.767500 -0.157500 10582382965
-9.065000 -0.805000 1.995000 10582408157
-15.627501 4.637500 1.785000 10582433181
-8.540000 -0.332500 -1.085000 10582458146
-3.622500 -3.482500 -1.715000 10582483146
-1.470000 -0.910000 -1.942500 10582508151
1.907500 0.612500 -0.892500 10582533544
2.310000 1.190000 -1.085000 10582558162
2.677500 1.487500 -0.245000 10582583153
2.362500 3.185000 0.315000 10582608150
3.132500 1.190000 2.170000 10582633035
0.542500 2.415000 1.295000 10582658155
