-4.740000 -3.180000 -1.980000 10581921512
-4.920000 -3.240000 -2.160000 10581946319
-4.620000 -3.660000 -2.220000 10581971318
-4.620000 -3.180000 -2.340000 10581996311
-4.680000 -3.480000 -2.160000 10582021548
-4.560000 -3.600000 -2.160000 10582046322
-4.500000 -3.300000 -2.100000 10582071320
-4.920000 -3.240000 -2.160000 10582096319
-4.680000 -3.600000 -2.160000 10582121517
-4.980000 -3.420000 -1.980000 10582146337
-4.800000 -3.480000 -1.920000 10582171316
-5.040000 -3.600000 -2.400000 10582196317
-4.320000 -3.240000 -2.280000 10582221526
-4.500000 -3.420000 -1.980000 10582246339
-4.500000 -3.420000 -2.340000 10582271316
-4.680000 -3.360000 -1.920000 10582296318
-4.680000 -3.480000 -1.920000 10582321515
-4.800000 -3.120000 -2.280000 10582346320
-4.680000 -3.240000 -1.920000 10582371321
-5.100000 -3.300000 -1.980000 10582397321
-4.860000 -3.300000 -2.220000 10582421523
-4.740000 -3.300000 -2.220000 10582446323
-4.860000 -3.540000 -2.100000 10582471311
-4.560000 -3.480000 -2.040000 10582496331
-4.920000 -3.600000 -2.040000 10582521521
-4.920000 -3.720000 -1.920000 10582546332
-4.620000 -3.540000 -1.980000 10582571321
-4.920000 -3.360000 -2.280000 10582596324
-4.860000 -3.420000 -2.100000 10582621538
-4.500000 -3.300000 -1.860000 10582646453
