0.000000 10581906200
0.000000 10581931193
0.000000 10581956174
0.000000 10581981196
0.000000 10582006208
0.000000 10582031181
0.000000 10582056176
0.000000 10582081187
0.000000 10582106196
0.000000 10582131177
0.000000 10582156180
0.000000 10582181208
0.000000 10582206205
0.000000 10582231196
0.000000 10582256175
0.000000 10582281184
0.000000 10582306204
0.000000 10582331192
0.000000 10582356169
0.000000 10582381201
0.000000 10582406195
0.000000 10582431201
0.000000 10582456175
0.000000 10582481200
0.000000 10582506200
0.000000 10582531197
0.000000 10582556177
0.000000 10582581202
0.000000 10582606206
0.000000 10582631201
