-0.120000 -1.320000 0.240000 29500672521
-0.060000 -1.260000 0.300000 29500697247
0.120000 -1.320000 0.300000 29500722322
0.120000 -1.560000 0.360000 29500747280
0.240000 -1.320000 0.240000 29500772341
0.060000 -1.380000 0.420000 29500797281
0.180000 -1.620000 0.180000 29500822418
0.060000 -1.260000 0.180000 29500847517
0.360000 -1.680000 0.240000 29500872565
0.060000 -1.140000 0.300000 29500897528
0.060000 -1.740000 0.300000 29500922706
0.120000 -1.320000 0.600000 29500947897
-0.240000 -1.320000 0.600000 29500972948
-0.120000 -1.800000 0.240000 29500997874
0.180000 -1.380000 0.300000 29501023095
0.180000 -1.380000 0.180000 29501046569
0.240000 -1.200000 0.240000 29501071811
0.240000 -1.560000 0.120000 29501096677
0.060000 -1.260000 0.180000 29501121707
-0.300000 -1.380000 0.300000 29501146545
0.420000 -1.860000 0.420000 29501171651
-0.120000 -1.440000 0.240000 29501196578
0.120000 -1.680000 0.360000 29501223727
0.060000 -1.740000 0.180000 29501247226
0.060000 -0.960000 0.240000 29501272441
-0.120000 -1.200000 0.240000 29501297199
0.060000 -1.380000 0.300000 29501322415
0.420000 -1.140000 0.540000 29501347216
0.420000 -1.560000 0.480000 29501372321
0.240000 -1.560000 0.480000 29501397226
0.180000 -1.500000 0.180000 29501422388
0.180000 -1.380000 0.300000 29501447192
0.240000 -1.440000 0.240000 29501472337
-0.120000 -1.440000 0.480000 29501497194
0.240000 -1.080000 0.600000 29501522379
0.180000 -1.620000 0.660000 29501547205
0.180000 -1.320000 0.240000 29501572318
0.420000 -1.500000 0.300000 29501597239
0.120000 -1.440000 0.480000 29501622387
0.300000 -1.860000 0.420000 29501647236
-0.120000 -1.560000 0.120000 29501672407
-0.240000 -1.680000 0.600000 29501697237
0.180000 -1.620000 0.180000 29501722580
0.420000 -1.140000 0.540000 29501747216
0.420000 -1.440000 0.360000 29501772325
0.300000 -1.620000 0.300000 29501797192
-0.120000 -1.680000 0.360000 29501822388
0.120000 -1.440000 0.480000 29501847217
0.240000 -1.200000 0.120000 29501872353
0.060000 -1.380000 0.420000 29501897206
0.060000 -1.500000 0.300000 29501922381
0.360000 -1.200000 0.480000 29501947207
0.180000 -1.380000 -0.060000 29501972344
0.180000 -1.500000 0.180000 29501997229
0.120000 -1.680000 0.360000 29502022449
0.060000 -1.260000 0.420000 29502047207
0.120000 -1.440000 0.120000 29502072347
0.120000 -1.680000 0.600000 29502097195
0.120000 -1.320000 0.240000 29502123006
0.120000 -1.560000 0.720000 29502147331
0.180000 -1.140000 0.300000 29502172385
0.180000 -1.680000 0.480000 29502197203
-0.060000 -1.140000 0.420000 29502222415
-0.180000 -1.500000 0.540000 29502247237
-0.120000 -1.320000 0.240000 29502272368
0.360000 -1.560000 0.480000 29502297221
0.060000 -1.740000 0.300000 29502322409
0.060000 -1.620000 0.300000 29502347210
0.360000 -1.200000 0.360000 29502372349
0.180000 -1.620000 0.180000 29502397201
0.180000 -1.500000 0.060000 29502422421
0.120000 -1.680000 0.240000 29502447199
0.120000 -1.680000 0.480000 29502472345
0.300000 -1.380000 0.300000 29502497204
0.300000 -1.320000 0.240000 29502522365
0.300000 -1.560000 0.360000 29502547701
-0.060000 -1.500000 0.420000 29502572354
0.360000 -1.560000 0.420000 29502597197
0.360000 -1.440000 0.480000 29502622386
0.060000 -1.740000 0.060000 29502647225
-0.420000 -1.260000 0.420000 29502672335
-0.240000 -1.440000 0.240000 29502697219
0.060000 -1.620000 0.180000 29502722745
0.240000 -1.320000 0.360000 29502747206
0.120000 -1.440000 0.360000 29502772441
0.180000 -1.620000 0.420000 29502797210
-0.060000 -1.260000 0.060000 29502822496
-0.120000 -1.440000 0.600000 29502847213
-0.120000 -1.680000 0.360000 29502872544
-0.120000 -1.560000 0.360000 29502897200
-0.060000 -1.500000 0.300000 29502922493
0.060000 -1.500000 0.420000 29502947202
0.120000 -1.440000 0.240000 29502972449
0.240000 -1.200000 0.480000 29502997171
0.300000 -1.500000 0.420000 29503022614
0.360000 -1.440000 0.240000 29503047167
0.360000 -1.440000 0.360000 29503072405
0.120000 -1.440000 0.480000 29503097191
0.120000 -1.440000 0.240000 29503122469
0.240000 -1.320000 0.360000 29503147204
0.420000 -1.020000 0.420000 29503172441
-0.060000 -1.260000 0.180000 29503197172
-0.060000 -1.320000 0.360000 29503222498
-0.240000 -1.680000 0.480000 29503247168
0.180000 -1.380000 0.180000 29503272831
0.180000 -1.380000 0.660000 29503297581
0.120000 -1.680000 0.120000 29503322726
0.180000 -1.260000 0.420000 29503347441
-0.180000 -1.380000 0.300000 29503372672
0.360000 -1.440000 0.480000 29503397439
0.180000 -1.620000 0.420000 29503422193
0.180000 -1.440000 0.360000 29503446865
0.060000 -1.380000 0.660000 29503472003
0.060000 -1.740000 0.060000 29503496876
0.060000 -1.440000 0.240000 29503522076
0.180000 -1.620000 0.300000 29503546854
0.060000 -1.260000 0.300000 29503571988
0.060000 -1.620000 0.420000 29503596866
-0.120000 -1.320000 0.240000 29503622078
-0.120000 -1.560000 0.240000 29503646867
0.300000 -1.500000 0.180000 29503671995
0.120000 -1.200000 0.480000 29503697092
-0.180000 -1.260000 0.300000 29503722196
-0.060000 -1.140000 0.420000 29503746865
-0.180000 -1.380000 0.540000 29503772021
0.360000 -1.320000 0.120000 29503796861
-0.060000 -1.380000 0.420000 29503822093
0.060000 -1.500000 0.180000 29503846861
-0.060000 -1.380000 0.420000 29503871976
0.360000 -1.560000 0.240000 29503896887
0.180000 -1.140000 0.180000 29503922119
0.180000 -0.900000 0.180000 29503946867
-0.060000 -1.500000 0.420000 29503971991
0.060000 -1.380000 0.540000 29503996856
0.120000 -1.200000 0.360000 29504022120
0.120000 -1.560000 0.240000 29504046875
0.240000 -1.440000 0.480000 29504072070
0.240000 -1.440000 0.240000 29504096882
0.060000 -1.260000 0.540000 29504122093
0.060000 -1.560000 0.240000 29504146867
0.060000 -1.620000 0.180000 29504172042
0.420000 -1.140000 0.180000 29504196873
0.300000 -1.500000 0.300000 29504222100
0.420000 -1.500000 0.540000 29504246870
0.060000 -1.500000 0.300000 29504271989
-0.060000 -1.500000 0.540000 29504296882
-0.120000 -1.320000 0.360000 29504322086
-0.060000 -1.380000 0.300000 29504346865
0.060000 -1.500000 0.060000 29504371985
0.300000 -1.380000 0.420000 29504396882
0.180000 -1.260000 0.180000 29504422093
0.300000 -1.380000 0.180000 29504446905
0.300000 -1.440000 0.480000 29504471992
0.180000 -1.620000 0.060000 29504496876
