0.382459 -0.392266 -10.002784 28922958551
0.343233 -0.323619 -10.296983 28922980314
0.353039 -0.284393 -10.581376 28923005373
0.451106 -0.274586 -10.542150 28923030291
0.431493 -0.431493 -10.728477 28923055285
0.480526 -0.470719 -10.865769 28923080344
0.637432 -0.549172 -10.797122 28923105324
0.902212 -0.392266 -10.973642 28923130328
1.216025 -0.392266 -10.895190 28923155315
1.529838 -0.421686 -11.091323 28923180314
1.765197 -0.372653 -10.934416 28923205330
2.696829 -0.519753 -10.022397 28923230329
2.902769 -0.235360 -10.404857 28923255324
2.785089 -0.137293 -10.738283 28923280328
2.853735 -0.107873 -10.473503 28923305327
3.736334 -0.176520 -10.071430 28923330328
3.922661 -0.313813 -9.983171 28923355353
4.010921 -0.068647 -9.777231 28923380336
4.265893 -0.029420 -10.532343 28923405328
5.226945 0.215746 -8.433721 28923430324
6.129157 0.039227 -8.061068 28923455316
6.717556 -0.156906 -7.825707 28923480322
6.707749 0.029420 -7.884548 28923505325
7.384408 0.421686 -6.570456 28923530324
8.296427 0.156906 -5.511338 28923555314
8.757339 0.235360 -5.285785 28923580326
8.688693 0.353039 -4.824872 28923605326
9.012313 0.637432 -2.853735 28923630327
9.541871 0.696272 -2.539923 28923655315
10.071430 0.470719 -2.275143 28923680326
9.914525 0.735499 -1.725971 28923705328
10.208724 1.000278 -0.009807 28923730319
10.434277 0.882599 -0.147100 28923755314
10.453890 1.000278 0.127486 28923780337
10.257757 1.039505 1.157185 28923805324
9.924331 0.990472 2.059397 28923830322
9.532065 1.255251 3.049868 28923855315
9.051538 1.569064 3.559814 28923880323
8.208167 1.922104 3.716721 28923905332
7.835515 2.079010 4.334540 28923930330
7.551122 2.157463 5.942831 28923955323
6.766589 2.324176 6.796009 28923980319
5.021006 2.814509 6.237030 28924005334
4.667966 3.010642 7.806095 28924030333
4.148213 2.794895 8.884827 28924055329
3.903047 2.667409 9.237865 28924080333
3.687301 2.716442 7.982615 28924105325
3.393101 2.853735 8.227780 28924130329
3.040062 2.834122 8.208167 28924155317
2.559536 2.696829 8.571013 28924180370
1.971137 2.412436 9.316319 28924205336
1.627904 2.422243 9.483032 28924230333
1.314091 2.275143 9.286899 28924255316
1.265058 2.157463 9.002505 28924280328
1.088538 2.304563 11.061903 28924305321
0.598206 2.226110 11.748367 28924330371
0.147100 1.588677 9.659552 28924355320
-0.529559 1.461191 7.717835 28924380331
-1.059118 1.647517 8.521980 28924405328
-1.353318 1.608291 9.885104 28924430327
-1.814230 1.147378 10.169497 28924455317
-1.637711 0.588399 10.875576 28924480331
-1.559257 0.147100 11.454168 28924505327
-1.431771 0.156906 11.856241 28924530323
-1.176798 0.029420 11.365909 28924555319
-1.333705 0.029420 10.336210 28924580326
-1.706357 0.098067 9.983171 28924605329
-1.775004 0.117680 9.747811 28924630327
-1.794617 0.068647 9.433999 28924655313
-1.824037 0.215746 9.787038 28924680332
-1.637711 0.156906 10.061625 28924705321
-1.392545 0.068647 10.032204 28924730330
-1.441578 0.029420 9.963558 28924755313
-1.461191 0.274586 9.522259 28924780333
-1.412158 0.362846 9.679165 28924805327
-1.431771 0.382459 9.787038 28924830330
-1.490611 0.284393 9.738005 28924855315
-1.284671 0.323619 9.855684 28924880324
-1.235638 0.245166 9.826264 28924905329
-1.304285 0.304006 9.708585 28924930334
-1.304285 0.372653 9.551678 28924955320
-1.353318 0.392266 9.532065 28924980318
-1.441578 0.441299 9.679165 28925005316
-1.402351 0.549172 9.816459 28925030323
-1.343511 0.539366 9.767425 28925055319
-1.314091 0.568786 9.688972 28925080330
-1.323898 0.490333 9.571292 28925105331
-1.392545 0.509946 9.541871 28925130325
-1.451384 0.608012 9.669358 28925155318
-1.363124 0.558979 9.777231 28925180322
-1.343511 0.460913 9.865492 28925205323
-1.274865 0.313813 9.865492 28925230327
-0.902212 0.186326 9.943945 28925255325
-0.755112 0.117680 9.963558 28925280319
-0.794339 0.127486 9.943945 28925305325
-0.931632 0.215746 9.836071 28925330317
-1.166991 0.441299 9.796844 28925355321
-1.235638 0.441299 9.924331 28925380313
-1.176798 0.421686 9.943945 28925405306
-1.108152 0.421686 9.953751 28925430313
-0.921825 0.304006 9.424192 28925455326
-0.931632 0.353039 9.659552 28925480319
-0.843372 0.264780 9.688972 28925505316
-0.735499 0.166713 9.875298 28925530318
-0.647239 0.186326 9.983171 28925555314
-0.588399 0.215746 9.845878 28925580312
-0.568786 0.274586 9.855684 28925605327
-0.588399 0.294200 9.816459 28925630313
-0.833565 0.264780 9.806651 28925655321
-0.970859 0.304006 9.855684 28925680306
-0.980665 0.372653 9.718391 28925705322
-0.882599 0.372653 9.787038 28925730323
-0.676659 0.333426 9.728198 28925755315
-0.608012 0.343233 9.855684 28925780320
-0.588399 0.362846 9.914525 28925805324
-0.509946 0.215746 9.816459 28925830318
-0.578592 0.166713 9.894911 28925855323
-0.627626 0.176520 9.894911 28925880312
-0.598206 0.147100 9.836071 28925905323
