-5.460000 -7.020000 4.140000 28922973607
-5.700000 -7.140000 4.260000 28922998404
-5.520000 -6.840000 4.200000 28923023451
-5.640000 -7.200000 3.960000 28923048433
-5.580000 -7.260000 4.140000 28923073460
-5.760000 -7.320000 3.600000 28923098459
-5.880000 -6.840000 3.840000 28923123456
-6.120000 -7.320000 3.720000 28923148457
-5.880000 -7.200000 3.720000 28923173425
-6.120000 -7.440000 3.360000 28923198459
-6.240000 -6.960000 3.360000 28923223571
-6.060000 -7.620000 3.060000 28923248461
-6.300000 -7.140000 3.060000 28923273587
-6.300000 -7.500000 2.580000 28923298458
-5.940000 -7.740000 2.580000 28923323568
-5.940000 -7.260000 2.340000 28923348455
-6.180000 -7.500000 2.100000 28923373568
-5.820000 -7.860000 1.740000 28923398454
-6.060000 -7.860000 1.020000 28923423584
-6.180000 -8.220000 0.900000 28923448501
-5.940000 -7.980000 0.420000 28923473561
-5.760000 -7.920000 0.240000 28923498475
-5.520000 -8.040000 0.120000 28923523565
-5.340000 -7.980000 -0.540000 28923548454
-5.100000 -8.099999 -0.780000 28923573556
-4.620000 -8.220000 -1.140000 28923598456
-4.500000 -8.340000 -1.260000 28923623567
-4.200000 -8.160000 -1.680000 28923648455
-3.660000 -8.460000 -1.380000 28923673568
-3.600000 -8.400000 -2.040000 28923698497
-3.000000 -8.760000 -2.160000 28923723566
-2.700000 -8.460000 -1.980000 28923748453
-2.100000 -8.580000 -2.220000 28923773592
-2.040000 -8.639999 -2.160000 28923798453
-1.560000 -8.880000 -2.160000 28923823562
-0.780000 -8.940000 -2.100000 28923848454
-0.540000 -8.940000 -2.100000 28923873559
-0.120000 -8.880000 -2.160000 28923898459
0.120000 -8.760000 -1.800000 28923923593
0.480000 -8.639999 -2.040000 28923948456
0.840000 -8.280000 -2.040000 28923973573
1.440000 -8.400000 -1.560000 28923998596
1.620000 -8.340000 -1.620000 28924023584
2.100000 -8.460000 -1.260000 28924048483
2.460000 -8.460000 -1.140000 28924073562
2.580000 -8.340000 -0.900000 28924098459
2.700000 -8.099999 -0.900000 28924123568
2.820000 -8.099999 -0.420000 28924148451
2.880000 -8.280000 -0.480000 28924173561
2.940000 -8.340000 0.060000 28924198547
3.240000 -8.160000 -0.240000 28924223611
3.180000 -8.220000 -0.060000 28924248503
2.820000 -8.220000 0.300000 28924273573
3.300000 -8.220000 0.060000 28924298459
3.360000 -8.160000 0.600000 28924326010
3.300000 -8.099999 0.780000 28924348539
3.420000 -7.860000 0.540000 28924373523
3.540000 -7.620000 0.660000 28924398460
3.720000 -8.040000 0.840000 28924423458
3.480000 -7.800000 0.840000 28924448509
3.600000 -7.560000 0.600000 28924473483
3.600000 -7.560000 0.600000 28924498454
3.720000 -7.680000 0.840000 28924523453
3.540000 -7.500000 0.660000 28924548449
3.300000 -7.740000 0.780000 28924573453
3.600000 -7.440000 0.720000 28924598468
3.720000 -7.800000 0.840000 28924623453
3.720000 -7.560000 0.840000 28924648451
3.600000 -7.680000 0.720000 28924673448
3.660000 -7.740000 0.900000 28924698460
3.420000 -7.620000 0.540000 28924723493
3.720000 -7.440000 0.960000 28924748451
3.600000 -7.680000 0.720000 28924773440
3.420000 -7.980000 0.900000 28924798455
3.720000 -7.680000 0.720000 28924823492
3.660000 -7.380000 0.780000 28924848450
3.420000 -7.740000 0.780000 28924873462
3.480000 -7.320000 0.720000 28924898495
3.540000 -7.620000 0.900000 28924923452
3.300000 -7.500000 0.660000 28924948449
3.660000 -7.500000 0.900000 28924973481
3.660000 -7.620000 0.540000 28924998605
3.660000 -7.380000 0.540000 28925023453
3.420000 -7.740000 0.540000 28925048607
3.480000 -7.800000 0.840000 28925073467
3.600000 -7.680000 0.600000 28925098460
3.600000 -7.680000 0.720000 28925123498
3.600000 -7.800000 0.480000 28925148480
3.720000 -7.560000 0.720000 28925173447
3.780000 -7.380000 0.660000 28925198461
3.660000 -7.620000 0.660000 28925223465
3.600000 -7.560000 0.480000 28925248461
3.780000 -7.380000 0.660000 28925273452
3.420000 -7.620000 0.540000 28925298462
3.900000 -7.500000 1.020000 28925323464
3.540000 -7.380000 0.540000 28925348460
3.600000 -7.680000 0.600000 28925373454
3.720000 -7.680000 0.720000 28925398470
3.600000 -7.560000 0.600000 28925423480
3.720000 -7.440000 0.240000 28925448468
3.660000 -7.620000 0.660000 28925473455
3.780000 -7.500000 0.180000 28925498466
3.600000 -7.680000 0.480000 28925523460
3.720000 -7.560000 0.480000 28925548460
3.600000 -7.440000 0.480000 28925573449
3.540000 -7.860000 0.540000 28925598459
3.420000 -7.140000 0.420000 28925623462
3.540000 -7.500000 0.300000 28925648455
3.420000 -7.380000 0.540000 28925673431
3.840000 -7.320000 0.480000 28925698477
3.540000 -7.380000 0.180000 28925723515
3.480000 -7.680000 0.360000 28925748460
3.540000 -7.740000 0.780000 28925773451
3.480000 -7.560000 0.600000 28925798452
3.600000 -7.560000 0.360000 28925823504
3.600000 -7.560000 0.240000 28925848457
3.480000 -7.680000 0.600000 28925873450
3.660000 -7.380000 0.540000 28925898461
