0.000000 28922958551
0.000000 28922980314
0.000000 28923005373
0.000000 28923030291
0.000000 28923055285
0.000000 28923080344
0.000000 28923105324
0.000000 28923130328
0.000000 28923155315
0.000000 28923180314
0.000000 28923205330
0.000000 28923230329
0.000000 28923255324
0.000000 28923280328
0.000000 28923305327
0.000000 28923330328
0.000000 28923355353
0.000000 28923380336
0.000000 28923405328
0.000000 28923430324
0.000000 28923455316
0.000000 28923480322
0.000000 28923505325
0.000000 28923530324
0.000000 28923555314
0.000000 28923580326
0.000000 28923605326
0.000000 28923630327
0.000000 28923655315
0.000000 28923680326
0.000000 28923705328
0.000000 28923730319
0.000000 28923755314
0.000000 28923780337
0.000000 28923805324
0.000000 28923830322
0.000000 28923855315
0.000000 28923880323
0.000000 28923905332
0.000000 28923930330
0.000000 28923955323
0.000000 28923980319
0.000000 28924005334
0.000000 28924030333
0.000000 28924055329
0.000000 28924080333
0.000000 28924105325
0.000000 28924130329
0.000000 28924155317
0.000000 28924180370
0.000000 28924205336
0.000000 28924230333
0.000000 28924255316
0.000000 28924280328
0.000000 28924305321
0.000000 28924330371
0.000000 28924355320
0.000000 28924380331
0.000000 28924405328
0.000000 28924430327
0.000000 28924455317
0.000000 28924480331
0.000000 28924505327
0.000000 28924530323
0.000000 28924555319
0.000000 28924580326
0.000000 28924605329
0.000000 28924630327
0.000000 28924655313
0.000000 28924680332
0.000000 28924705321
0.000000 28924730330
0.000000 28924755313
0.000000 28924780333
0.000000 28924805327
0.000000 28924830330
0.000000 28924855315
0.000000 28924880324
0.000000 28924905329
0.000000 28924930334
0.000000 28924955320
0.000000 28924980318
0.000000 28925005316
0.000000 28925030323
0.000000 28925055319
0.000000 28925080330
0.000000 28925105331
0.000000 28925130325
0.000000 28925155318
0.000000 28925180322
0.000000 28925205323
0.000000 28925230327
0.000000 28925255325
0.000000 28925280319
0.000000 28925305325
0.000000 28925330317
0.000000 28925355321
0.000000 28925380313
0.000000 28925405306
0.000000 28925430313
0.000000 28925455326
0.000000 28925480319
0.000000 28925505316
0.000000 28925530318
0.000000 28925555314
0.000000 28925580312
0.000000 28925605327
0.000000 28925630313
0.000000 28925655321
0.000000 28925680306
0.000000 28925705322
0.000000 28925730323
0.000000 28925755315
0.000000 28925780320
0.000000 28925805324
0.000000 28925830318
0.000000 28925855323
0.000000 28925880312
0.000000 28925905323
