4.987500 -7.087500 0.332500 23053034101
4.392500 -5.775000 -3.430000 23053059095
3.447500 -1.767500 -7.525000 23053084225
5.232500 -3.657500 -9.205000 23053109155
10.465000 -4.742500 -9.222500 23053134186
11.480000 -4.795000 -9.082500 23053159133
10.325000 -10.622500 -8.417500 23053184129
8.837500 -9.712500 -7.472500 23053209126
7.752500 -10.552500 -4.060000 23053234168
6.230000 -11.952500 -2.152500 23053259191
5.792500 -10.692500 -2.450000 23053284105
6.755000 -7.875000 -0.385000 23053309086
3.115000 -8.207500 3.080000 23053334016
-3.482500 -8.907500 6.352500 23053359216
-9.065000 -13.702500 10.290000 23053384146
-19.897501 -17.045000 12.932500 23053409126
-25.812500 -17.027500 12.092500 23053434188
-29.102501 -11.655000 8.435000 23053459099
-28.017500 -9.450000 4.725000 23053484207
-28.157499 -9.275000 1.505000 23053509235
-29.225000 -5.915000 0.262500 23053534192
-29.102501 -0.070000 -2.152500 23053559135
-26.792500 -1.697500 -0.017500 23053584105
-25.830000 -2.520000 0.787500 23053609345
-29.330000 -13.912500 -7.980000 23053634189
-30.012501 -13.510000 -7.140000 23053659098
-24.622499 -16.397501 -4.165000 23053684100
-22.942499 -14.245000 -0.962500 23053709098
-28.227501 -11.672500 1.207500 23053734106
-29.924999 -14.717500 2.817500 23053759107
-33.652500 -15.995000 4.182500 23053784106
-36.889999 -14.122500 4.620000 23053809109
-39.497501 -16.799999 6.720000 23053834099
-43.802502 -20.754999 7.857500 23053859096
-46.759998 -13.790000 6.947500 23053884112
-50.224998 -15.767500 7.315000 23053909101
-57.014999 -22.627501 6.037500 23053934113
-58.974998 -24.674999 3.290000 23053959096
-59.885002 -16.940001 3.325000 23053984609
-58.152500 -13.982500 2.625000 23054009114
-52.535000 -13.405000 -0.245000 23054034100
-47.722500 -11.900000 -0.210000 23054059096
-46.549999 -10.762500 0.262500 23054084106
-42.910000 -3.692500 -2.555000 23054109096
-36.487499 -1.820000 -3.955000 23054134125
-35.647499 -2.485000 -3.587500 23054159123
-34.895000 -9.887500 -2.327500 23054184110
-31.132500 -9.677500 -2.485000 23054209108
-29.960001 -5.197500 -2.712500 23054234098
-28.139999 -8.855000 -1.890000 23054259100
-29.049999 -13.387500 -0.612500 23054284117
-32.147499 -22.347500 0.420000 23054309100
-37.677502 -35.000000 1.277500 23054334089
-52.167500 -43.557499 28.910000 23054359100
-62.720001 -18.042500 25.129999 23054384109
-32.987499 7.367500 9.765000 23054409099
-5.302500 3.360000 -1.032500 23054434019
4.340000 -12.215000 -0.822500 23054459113
-8.470000 -10.360000 5.267500 23054484136
-22.575001 -5.950000 3.517500 23054508963
-30.170000 -3.115000 -0.752500 23054534108
-25.620001 -1.085000 -5.477500 23054559111
-24.132500 -0.385000 -8.015000 23054584122
-25.620001 -1.487500 -7.647500 23054609106
-26.040001 -0.875000 -6.947500 23054634099
-24.639999 -1.085000 -8.155000 23054659111
-20.667500 -10.552500 -8.715000 23054684113
-18.812500 -15.400000 -7.962500 23054709103
-17.972500 -12.180000 -7.105000 23054734096
-21.542500 -13.265000 -7.612500 23054759112
-22.924999 -11.970000 -11.427500 23054784124
-22.820000 -0.140000 -13.177500 23054809111
-19.967501 5.985000 -11.707500 23054834100
-18.882500 -1.085000 -5.530000 23054859110
-19.495001 -26.809999 -7.612500 23054884133
-29.522501 -33.967499 -7.945000 23054908998
-42.244999 -10.377500 -2.030000 23054933969
-41.334999 17.167500 2.292500 23054959175
-40.127499 -0.245000 -3.360000 23054984127
-39.497501 -2.520000 -3.482500 23055009222
-39.235001 -6.055000 -3.132500 23055034159
-43.277500 -6.615000 -4.445000 23055059127
-40.862499 -1.802500 -6.895000 23055084172
-36.557499 0.630000 -8.015000 23055109133
-36.522499 2.047500 -2.205000 23055134102
-41.282501 6.335000 -1.750000 23055159108
-45.832500 4.375000 -1.312500 23055184118
-50.242500 -8.557500 9.012500 23055209099
-55.037498 -14.140000 14.857500 23055234133
-52.482502 -16.870001 9.240000 23055259175
-49.035000 -8.382500 4.917500 23055284138
-45.290001 -8.452500 0.945000 23055309135
-45.097500 -13.720000 0.035000 23055333977
-48.387501 -19.285000 2.292500 23055359161
-54.950001 -19.424999 0.595000 23055384134
-61.862499 -23.240000 -4.812500 23055409137
-66.010002 -25.077499 -7.717500 23055434120
-65.992500 -22.312500 -19.092501 23055459090
-59.744999 -25.235001 -26.512501 23055484147
-56.612499 -16.240000 -26.705000 23055509346
-40.424999 -12.932500 -25.270000 23055534135
-29.312500 -10.867500 -16.520000 23055559281
-29.767500 -10.482500 -11.077500 23055584242
-33.075001 -17.780001 -6.440000 23055609163
-35.997501 -18.742500 -12.145000 23055634328
-36.330002 -18.340000 -27.895000 23055659291
-31.552500 -18.760000 -32.532501 23055684232
-32.112499 -16.117500 -23.555000 23055709223
-34.842499 -8.907500 -9.205000 23055734080
-37.572498 -7.490000 -10.710000 23055759295
-40.582500 -12.495000 -17.430000 23055784193
-43.802502 -16.327499 -22.942499 23055809227
-35.367500 -12.407500 -24.377501 23055834145
-31.517500 -11.567500 -23.520000 23055859298
-34.439999 -9.502500 -21.945000 23055884161
-36.137501 -7.507500 -23.432501 23055909269
-42.227501 -21.542500 -29.662500 23055934071
-65.345001 -35.384998 -22.365000 23055959157
-73.150002 -22.942499 -9.397500 23055984049
-64.785004 -16.117500 0.822500 23056009296
-59.990002 -22.540001 0.910000 23056034084
-62.615002 -23.432501 0.892500 23056059091
-66.307503 -12.547500 14.892500 23056084106
-70.437500 -7.000000 37.939999 23056109306
-75.302498 -0.682500 73.605003 23056134041
-103.144997 2.905000 81.567497 23056159145
-119.577499 8.820000 65.677498 23056184235
-121.345001 0.070000 0.140000 23056209124
-92.697502 -2.730000 -24.010000 23056234229
-58.799999 -8.400000 -35.087502 23056259201
-49.279999 -7.665000 -19.862499 23056284089
-25.760000 -4.585000 -5.985000 23056309146
-20.650000 -3.237500 -7.000000 23056334192
-32.095001 -3.570000 -6.195000 23056359130
-33.424999 -2.607500 -2.117500 23056384172
-28.245001 -6.317500 3.622500 23056409177
-30.135000 -8.470000 4.760000 23056434146
-37.064999 -6.072500 7.665000 23056459132
-43.715000 -6.702500 16.887501 23056484106
-44.817501 -9.730000 17.132500 23056509223
-44.134998 -6.737500 14.857500 23056534139
-46.847500 -0.035000 17.447500 23056559086
-46.182499 0.910000 17.535000 23056584298
-46.270000 -5.775000 16.642500 23056609170
-51.397499 -7.087500 16.275000 23056634218
-55.352501 -8.855000 18.567499 23056659136
-54.985001 -5.547500 22.102501 23056684109
-49.174999 -6.387500 17.587500 23056709167
-45.744999 -10.062500 15.435000 23056734138
-38.237499 -10.220000 18.165001 23056759187
-33.285000 -6.457500 15.977500 23056784130
-29.767500 -1.820000 15.400000 23056815545
-32.497501 -0.892500 21.822500 23056835843
-31.272501 -1.330000 26.950001 23056858919
-26.705000 -2.030000 23.152500 23056885004
-31.500000 5.862500 35.980000 23056908996
-40.110001 15.750000 59.692501 23056933989
-44.327499 14.595000 59.377499 23056958985
-37.170002 10.622500 36.767502 23056983971
-28.052500 2.485000 24.342501 23057008976
-37.712502 -3.447500 27.177500 23057034101
-38.990002 -7.560000 27.895000 23057059077
-27.387501 -5.512500 22.924999 23057084076
-11.007500 -2.957500 21.717501 23057109082
-16.852501 -3.675000 21.717501 23057134077
-20.510000 -5.250000 17.587500 23057159084
-24.920000 -7.017500 10.290000 23057184088
-29.400000 -7.280000 -2.345000 23057209083
-34.369999 -8.190000 -4.252500 23057234082
-36.049999 -11.095000 -3.482500 23057259067
-31.587500 -16.485001 -4.340000 23057284077
-30.992500 -19.180000 -6.160000 23057309106
-31.360001 -18.200001 -10.132500 23057334087
-23.485001 -18.567499 -10.745000 23057359084
-26.355000 -20.370001 -11.707500 23057384082
-30.677500 -23.012501 -6.405000 23057409083
-41.895000 -25.322500 -2.782500 23057434072
-41.160000 -11.795000 -3.587500 23057459081
-36.049999 9.730000 -7.157500 23057484083
-33.092499 24.272501 -3.587500 23057509093
-26.057501 3.342500 -3.010000 23057534090
-29.767500 -6.562500 -2.292500 23057559076
-34.685001 -6.212500 -2.747500 23057584084
-31.639999 -4.427500 1.942500 23057609084
-31.255001 28.700001 4.025000 23057634080
-18.969999 25.497499 -4.007500 23057659080
-27.160000 16.502501 -17.290001 23057684085
-41.177502 5.267500 -22.995001 23057709093
-49.612499 -47.897499 -24.272501 23057734086
-55.422501 -7.490000 -8.207500 23057759079
-40.442501 -22.977501 0.980000 23057784083
-25.410000 -29.312500 9.205000 23057809081
-16.957500 -26.740000 14.892500 23057834076
-18.094999 -20.877501 13.737500 23057859083
-20.475000 -23.660000 13.055000 23057884080
-28.665001 -19.337500 10.780000 23057909093
-33.494999 -15.120000 6.597500 23057934082
-31.080000 -14.455000 5.827500 23057959078
-25.532499 -8.487500 3.972500 23057984082
-29.837500 -0.875000 -1.802500 23058009114
-30.660000 -1.260000 -9.065000 23058034082
-21.297501 0.945000 -9.012500 23058059091
-22.382500 -2.450000 -6.772500 23058084054
-26.495001 -9.730000 -1.400000 23058109078
-23.327499 -14.770000 -1.627500 23058134096
-25.725000 1.120000 -9.905000 23058159072
-39.235001 4.935000 -5.285000 23058184079
-43.680000 -0.717500 2.222500 23058209082
-49.735001 -5.110000 1.627500 23058234077
-42.472500 2.957500 -6.650000 23058259078
-38.202499 4.340000 -10.762500 23058284076
-42.752499 -2.992500 0.035000 23058309076
-50.872501 -3.360000 6.772500 23058334081
-48.055000 3.587500 -3.920000 23058359083
-49.927502 6.387500 -9.152500 23058384082
-47.022499 -5.827500 -10.465000 23058409086
-42.857502 8.820000 -4.585000 23058434068
-41.457500 8.855000 -5.285000 23058459080
-39.707500 2.187500 -7.595000 23058484076
-32.410000 8.487500 -4.760000 23058509078
-27.264999 15.872500 -4.532500 23058534122
-31.990000 12.827500 -2.117500 23058559131
-32.935001 4.427500 -1.557500 23058584088
-30.695000 5.372500 -1.120000 23058609106
-31.219999 6.650000 7.245000 23058634094
-36.802502 9.870000 10.692500 23058659099
-41.895000 15.592500 9.765000 23058684096
-45.325001 11.252500 11.025000 23058709098
-43.540001 -4.147500 11.147500 23058734095
-44.064999 -11.287500 5.792500 23058759103
-38.185001 -18.742500 4.550000 23058784239
-35.875000 -14.402500 6.335000 23058809118
-39.060001 2.625000 9.292500 23058834104
-46.567501 -33.792500 7.612500 23058859093
-45.674999 -32.882500 7.122500 23058884219
-35.735001 -12.722500 6.527500 23058909112
-30.397501 -0.315000 8.907500 23058934106
-34.282501 -3.587500 10.500000 23058959157
-35.227501 -6.860000 8.085000 23058984113
-24.587500 20.615000 10.167500 23059009121
-28.770000 -5.670000 18.165001 23059034104
-44.939999 -26.460001 17.710001 23059059111
-35.700001 -27.580000 11.462500 23059084100
-24.377501 -16.747499 5.792500 23059109107
-25.217501 -7.647500 2.922500 23059134110
-27.982500 -7.315000 1.837500 23059159128
-28.367500 -18.147501 1.732500 23059184109
-26.092501 -28.052500 -1.190000 23059209117
-22.172501 -16.887501 -9.730000 23059234101
-26.600000 -8.575000 -6.912500 23059259118
-32.497501 -4.357500 -1.102500 23059284102
-33.442501 13.860000 5.775000 23059308959
-31.674999 9.397500 10.185000 23059333961
-33.389999 2.187500 10.885000 23059359250
-38.412498 -2.537500 4.567500 23059384112
-39.742500 -4.812500 5.862500 23059409297
-32.410000 -6.825000 7.367500 23059434224
-29.085001 -11.865000 5.547500 23059459264
-34.195000 -9.257500 0.805000 23059484184
-37.222500 -3.622500 -9.275000 23059509267
-41.107502 4.165000 -14.122500 23059534110
-33.092499 10.167500 -14.280000 23059559108
-17.535000 -3.587500 -6.772500 23059584133
-0.017500 4.445000 -7.192500 23059609117
-4.235000 8.365000 -5.530000 23059634107
-9.240000 -0.017500 -8.400000 23059659114
-18.497499 -6.912500 -9.800000 23059684135
-27.160000 -4.427500 -12.022500 23059709114
-37.310001 0.857500 -12.827500 23059734105
-39.532501 4.007500 -12.215000 23059759155
-43.540001 19.092501 -6.002500 23059784186
-43.610001 18.445000 -12.407500 23059809120
-27.020000 21.332500 -17.692499 23059834098
-13.055000 18.707500 -20.475000 23059859127
-15.837500 22.417500 -27.562500 23059884107
-31.622499 22.855000 -21.647501 23059909135
-47.670002 16.555000 -5.845000 23059934050
-45.674999 13.912500 1.085000 23059958996
-41.387501 24.412500 -2.555000 23059983997
-37.082500 23.275000 -9.782500 23060009007
-34.090000 15.102500 -7.892500 23060033997
-28.174999 12.092500 -3.797500 23060059106
-22.014999 13.790000 -11.445000 23060084135
-24.482500 11.462500 -17.710001 23060109119
-31.045000 12.057500 -8.540000 23060134117
-29.137501 18.952499 -5.075000 23060159128
-26.792500 15.960000 -5.670000 23060184140
-23.205000 8.470000 2.555000 23060209116
-21.070000 10.500000 5.530000 23060234110
-20.475000 12.915000 -2.292500 23060259111
-15.610000 5.530000 -6.230000 23060284133
-13.580000 -3.290000 -5.320000 23060309110
-11.410000 -6.597500 -7.647500 23060334118
-7.927500 -8.050000 -11.847500 23060359112
-2.730000 -8.347500 -18.462500 23060384111
3.657500 -6.300000 -14.595000 23060408951
4.987500 -7.367500 -5.547500 23060434266
11.077500 -11.095000 -6.720000 23060459269
5.687500 -8.295000 -13.142500 23060484291
5.495000 -2.152500 -18.235001 23060509352
5.775000 1.680000 -10.867500 23060534316
-4.812500 0.122500 14.140000 23060559302
-35.157501 4.217500 15.347500 23060584330
-63.087502 12.862500 2.117500 23060609370
-63.209999 14.227500 -9.730000 23060634290
-54.389999 15.295000 -14.892500 23060659269
-28.350000 13.457500 -12.092500 23060684292
-43.994999 9.800000 -10.482500 23060709110
-56.349998 16.012501 -15.872500 23060734135
-65.992500 14.542500 -15.592500 23060759113
-75.722504 3.727500 -14.822500 23060784126
-87.849998 9.677500 -14.437500 23060809112
-94.150002 6.195000 -11.707500 23060834107
-100.677498 -3.815000 -11.305000 23060859104
-100.660004 5.862500 -12.897500 23060884131
-94.762497 -2.747500 -13.037500 23060909107
-98.105003 7.752500 -15.102500 23060934100
-89.547501 21.350000 -20.299999 23060959123
-78.084999 11.147500 -17.780001 23060984110
-67.025002 -8.120000 -13.370000 23061009144
-63.227501 -24.832500 -11.900000 23061034215
-57.189999 -32.375000 -9.187500 23061059101
-56.805000 -42.700001 -7.140000 23061084104
-64.977501 -60.654999 -6.230000 23061109535
-73.832497 -111.107498 -22.172501 23061134308
-88.129997 -127.417503 -37.660000 23061159315
-100.974998 -119.279999 -36.645000 23061184254
-93.257500 -76.544998 -19.040001 23061209278
-58.485001 -36.557499 -6.142500 23061234236
-29.172501 -6.440000 -1.767500 23061259256
-5.285000 4.497500 -1.732500 23061284140
-4.812500 9.502500 -0.735000 23061309110
-12.932500 11.182500 -0.630000 23061334130
-27.965000 3.972500 -2.380000 23061359104
-41.545002 -5.372500 -2.520000 23061384174
-56.122501 -5.897500 0.805000 23061409121
-72.852501 -6.282500 4.322500 23061434130
-77.105003 -11.760000 2.520000 23061459084
-76.842499 -10.587500 2.555000 23061484149
-74.427498 -5.040000 3.080000 23061509093
-72.852501 8.207500 -2.275000 23061534102
-63.560001 8.680000 -6.002500 23061559109
-53.287498 7.087500 -7.087500 23061584113
-46.812500 4.637500 -6.895000 23061609100
-47.792500 7.770000 -5.950000 23061634205
-49.262501 19.477501 -5.670000 23061659132
-47.320000 16.817499 -6.615000 23061684194
-42.157501 15.102500 -7.910000 23061709227
-29.767500 7.000000 -11.497500 23061734160
-18.707500 0.840000 -11.375000 23061759192
-17.762501 3.622500 -8.907500 23061784102
-12.635000 9.240000 -4.567500 23061809101
-13.982500 13.160000 -3.430000 23061834049
-18.620001 16.887501 -3.342500 23061859098
-21.525000 12.600000 -5.057500 23061884103
-22.312500 8.907500 -8.575000 23061909085
-19.932501 6.930000 -8.995000 23061934082
-16.712500 -4.900000 -10.675000 23061959094
-20.807501 -15.120000 -10.605000 23061984084
-22.715000 -14.892500 -9.222500 23062009100
-19.897501 -16.100000 -10.430000 23062034087
-22.732500 -13.860000 -7.280000 23062059096
-23.537500 -4.042500 -5.162500 23062084077
-20.684999 -1.190000 -3.290000 23062109077
-20.545000 -1.487500 -2.362500 23062134084
-22.732500 4.375000 -1.207500 23062159097
-20.737499 14.070000 2.467500 23062184091
-18.480000 15.277500 3.482500 23062209081
-18.514999 14.647500 0.647500 23062234085
-18.357500 15.575000 -3.430000 23062259068
-19.460001 -12.040000 -10.867500 23062284091
-27.037500 -25.987499 -7.472500 23062309156
-45.150002 -34.457500 -5.950000 23062334086
-50.242500 -44.415001 -5.757500 23062359105
-32.182499 -43.154999 -7.770000 23062384087
-19.897501 -28.437500 -4.760000 23062409174
-4.427500 -24.955000 -3.045000 23062434144
-1.312500 -18.637501 -4.882500 23062459039
-3.517500 4.375000 -0.700000 23062484163
-0.420000 18.549999 0.840000 23062509196
-2.957500 19.127501 2.170000 23062534079
-8.172500 9.590000 5.162500 23062559282
-14.962500 7.875000 7.490000 23062583987
-13.177500 4.427500 10.202500 23062608961
-9.572500 -2.905000 11.532500 23062634150
-3.745000 -7.000000 9.695000 23062659047
0.822500 -4.777500 3.850000 23062684093
3.815000 0.700000 -0.700000 23062709161
5.057500 -2.502500 -4.375000 23062734049
7.752500 -13.300000 -3.867500 23062759205
5.687500 -10.027500 -1.312500 23062784093
5.215000 -5.897500 -2.905000 23062809122
3.657500 -10.832500 -4.672500 23062834021
2.275000 -11.130000 -3.937500 23062859092
4.200000 -17.780001 -1.977500 23062884126
4.112500 -27.719999 0.962500 23062909123
2.485000 -26.617500 -3.482500 23062934093
6.982500 3.937500 -18.462500 23062963356
10.482500 14.210000 -24.482500 23062984099
6.527500 18.567499 -30.047501 23063009100
5.530000 23.362499 -29.014999 23063034090
6.772500 19.022501 -24.727501 23063059095
5.180000 2.292500 -14.402500 23063084087
-0.945000 -7.017500 -7.472500 23063109095
-8.382500 -7.507500 -0.437500 23063134088
-15.977500 -9.345000 1.802500 23063159094
-24.465000 -32.742500 4.287500 23063184082
-63.770000 30.537500 0.787500 23063209089
-10.990000 -7.787500 -6.352500 23063234093
-1.522500 -6.772500 -5.897500 23063259091
8.505000 0.472500 -0.140000 23063284086
2.397500 0.052500 6.247500 23063309099
-9.397500 -2.117500 10.465000 23063334088
-15.785000 -8.277500 11.322500 23063359104
-14.472500 -11.410000 7.892500 23063384097
-11.515000 -11.707500 4.200000 23063409094
-4.795000 -12.232500 -0.157500 23063434191
2.642500 -12.145000 0.402500 23063459133
1.645000 -9.222500 1.732500 23063484121
1.277500 -11.375000 1.680000 23063509204
0.840000 -10.290000 2.485000 23063534110
1.015000 -11.585000 1.785000 23063559092
1.120000 -14.245000 1.312500 23063584116
3.220000 -14.507500 1.872500 23063609105
5.985000 -16.240000 3.675000 23063634137
5.407500 -16.065001 5.512500 23063659109
4.165000 -12.915000 6.685000 23063684097
4.165000 -8.767500 5.880000 23063709133
6.440000 -5.600000 4.357500 23063734110
7.927500 -9.677500 -0.770000 23063759162
8.487500 -11.567500 -2.467500 23063784154
8.767500 -10.780000 -1.610000 23063809141
7.350000 -8.470000 0.647500 23063834181
4.340000 -8.942500 0.350000 23063859120
2.537500 -9.730000 -2.415000 23063884223
2.835000 -8.522500 -2.555000 23063909128
4.620000 -7.682500 -1.872500 23063934095
4.112500 -7.297500 -2.817500 23063959087
2.590000 -4.532500 -2.677500 23063984108
1.522500 -5.530000 -1.697500 23064009173
