-0.900000 3.780000 0.420000 23053022604
-0.900000 3.420000 0.540000 23053047584
-0.840000 3.840000 0.240000 23053072585
-0.600000 3.720000 0.360000 23053097583
-0.660000 4.020000 0.540000 23053122583
-0.540000 3.780000 0.540000 23053147560
-0.780000 3.540000 0.420000 23053172572
-0.600000 3.720000 0.720000 23053197569
-0.900000 3.780000 0.420000 23053222598
-1.020000 3.660000 0.780000 23053247565
-0.780000 3.420000 0.300000 23053272624
-0.780000 3.180000 0.540000 23053297574
-0.840000 3.600000 0.360000 23053322435
-0.720000 3.840000 0.480000 23053347440
-0.780000 3.780000 0.420000 23053372611
-0.720000 3.360000 0.600000 23053397600
-0.780000 3.660000 0.540000 23053422596
-0.720000 3.960000 0.360000 23053447580
-0.840000 4.200000 0.720000 23053472582
-0.600000 3.960000 0.480000 23053497587
-0.840000 4.200000 0.480000 23053522589
-0.960000 3.960000 0.720000 23053547585
-0.720000 4.440000 0.600000 23053572617
-0.720000 4.440000 0.480000 23053597583
-0.660000 4.140000 0.540000 23053622603
-0.840000 4.560000 0.600000 23053647573
-1.080000 4.200000 0.360000 23053672604
-0.900000 4.620000 0.420000 23053697575
-0.900000 4.380000 0.300000 23053722459
-0.780000 4.620000 0.180000 23053747599
-0.540000 4.740000 0.660000 23053772465
-0.720000 4.800000 0.240000 23053797582
-0.300000 4.740000 0.300000 23053822470
-1.080000 5.040000 0.360000 23053847563
-1.320000 5.040000 0.600000 23053872457
-0.960000 5.160000 0.600000 23053897584
-0.900000 5.340000 0.420000 23053922463
-1.080000 5.760000 -0.120000 23053947582
-1.080000 5.880000 0.600000 23053972485
-1.080000 5.760000 0.120000 23053997604
-0.960000 6.120000 0.360000 23054022479
-0.900000 5.940000 0.300000 23054047590
-1.320000 6.000000 0.240000 23054072477
-1.080000 6.120000 0.120000 23054097584
-1.020000 6.420000 0.180000 23054122472
-1.260000 6.540000 0.060000 23054150524
-1.320000 6.240000 0.360000 23054172469
-1.020000 6.540000 0.180000 23054197591
-1.020000 6.540000 0.660000 23054222465
-1.080000 6.720000 0.480000 23054247619
-0.660000 6.780000 0.180000 23054272477
-0.840000 6.600000 0.360000 23054297594
-0.960000 6.840000 0.840000 23054322463
-0.960000 6.960000 0.600000 23054347596
-1.080000 7.200000 0.600000 23054372459
-1.080000 7.320000 0.120000 23054404755
-1.140000 7.500000 0.300000 23054422456
-0.960000 7.320000 0.240000 23054454335
-1.260000 7.620000 0.540000 23054472466
-1.140000 7.500000 0.660000 23054497469
-1.140000 7.620000 0.900000 23054522437
-1.200000 7.920000 0.480000 23054547481
-1.260000 7.980000 0.420000 23054572470
-0.780000 7.740000 0.780000 23054597474
-0.720000 7.320000 0.840000 23054622472
-1.140000 7.740000 0.660000 23054647469
-1.140000 7.860000 0.780000 23054672454
-1.260000 7.860000 0.660000 23054697456
-1.200000 8.040000 0.600000 23054722452
-0.780000 7.980000 0.780000 23054747461
-1.020000 7.980000 0.900000 23054772474
-1.440000 7.800000 0.960000 23054797467
-1.080000 8.040000 0.720000 23054822478
-1.440000 8.400000 0.720000 23054847471
-0.900000 8.220000 0.780000 23054872453
-0.960000 8.160000 0.960000 23054897477
-1.380000 8.220000 0.900000 23054922432
-1.260000 8.340000 1.140000 23054947444
-1.020000 8.700000 1.260000 23054972480
-0.900000 8.340000 1.140000 23054997468
-1.200000 8.520000 1.200000 23055022477
-0.900000 8.820000 1.020000 23055047461
-1.200000 9.000000 1.200000 23055072456
-1.020000 8.460000 1.260000 23055097463
-1.080000 9.120000 1.440000 23055122473
-1.260000 8.940000 1.140000 23055147462
-1.260000 8.820000 1.500000 23055172457
-1.320000 9.240000 1.560000 23055197455
-0.960000 9.360000 1.560000 23055222470
-0.720000 9.599999 1.920000 23055247458
-0.960000 9.480000 1.800000 23055272457
-1.080000 9.360000 1.680000 23055297453
-1.140000 9.660000 1.740000 23055322440
-1.080000 9.599999 2.160000 23055347444
-1.140000 9.540000 2.100000 23055372475
-0.960000 10.080000 2.160000 23055397468
-0.960000 9.960000 2.280000 23055422453
-1.200000 10.200000 2.400000 23055447455
-1.080000 9.719999 2.400000 23055472463
-1.140000 10.139999 2.940000 23055497519
-1.260000 9.780000 2.700000 23055522525
-1.320000 10.200000 3.000000 23055547460
-1.560000 10.080000 3.000000 23055572457
-1.500000 10.139999 2.820000 23055597460
-1.500000 10.260000 3.300000 23055622452
-1.620000 10.139999 3.060000 23055647454
-1.740000 10.139999 3.180000 23055672457
-1.620000 10.139999 3.300000 23055697480
-1.860000 9.900000 3.300000 23055722462
-1.680000 10.200000 3.480000 23055747440
-1.380000 10.139999 3.300000 23055772452
-1.620000 10.139999 3.420000 23055797557
-1.800000 9.840000 3.720000 23055822466
-1.620000 9.900000 3.780000 23055847455
-1.740000 10.020000 3.900000 23055872462
-1.860000 10.380000 4.260000 23055897451
-1.740000 10.020000 4.260000 23055922478
-2.280000 10.080000 3.840000 23055947456
-1.860000 9.780000 4.260000 23055972453
-1.980000 10.260000 4.620000 23055997456
-2.100000 10.020000 4.740000 23056022465
-1.740000 9.900000 4.740000 23056047465
-1.860000 10.260000 4.860000 23056072550
-1.980000 9.900000 4.980000 23056097469
-1.620000 10.139999 4.980000 23056122469
-1.620000 10.380000 5.340000 23056147436
-1.680000 10.440000 5.640000 23056172434
-1.680000 10.440000 5.880000 23056197469
-1.620000 10.620000 5.700000 23056222479
-1.860000 10.260000 5.700000 23056247456
-1.920000 10.320000 6.000000 23056272454
-1.560000 10.440000 6.000000 23056297465
-1.920000 10.320000 6.000000 23056322480
-1.500000 10.260000 5.940000 23056347449
-1.740000 10.020000 6.180000 23056372462
-1.920000 10.200000 6.000000 23056397464
-1.800000 10.320000 6.120000 23056422461
-1.320000 10.200000 6.120000 23056447449
-1.680000 10.200000 6.360000 23056472447
-1.560000 10.200000 6.480000 23056497455
-1.740000 10.380000 6.660000 23056522447
-1.740000 10.139999 6.660000 23056547465
-1.440000 10.559999 6.480000 23056572466
-1.680000 10.200000 6.720000 23056597478
-1.560000 10.200000 6.840000 23056622458
-1.560000 10.080000 6.960000 23056647495
-1.740000 10.139999 7.380000 23056672454
-1.380000 10.260000 7.380000 23056697572
-1.200000 10.320000 7.200000 23056722459
-1.200000 9.599999 7.200000 23056747575
-1.440000 10.200000 7.080000 23056772471
-1.440000 10.440000 7.320000 23056797582
-1.380000 10.380000 7.380000 23056822663
-1.260000 10.380000 7.380000 23056849210
-1.200000 10.200000 7.440000 23056875722
-0.900000 10.139999 7.620000 23056898046
-1.200000 9.960000 7.560000 23056922482
-0.900000 10.500000 7.380000 23056947573
-1.020000 10.380000 7.620000 23056972430
-0.900000 10.020000 7.380000 23056997554
-1.020000 10.380000 7.740000 23057022422
-0.960000 10.679999 7.440000 23057047573
-1.020000 10.380000 7.740000 23057072452
-0.600000 10.440000 8.040000 23057097553
-0.720000 10.440000 7.800000 23057122462
-0.480000 10.440000 7.680000 23057147565
-0.600000 10.559999 7.920000 23057172458
-0.600000 10.440000 7.680000 23057197577
-0.720000 10.440000 7.680000 23057222458
-0.720000 10.200000 7.920000 23057247569
-0.540000 10.139999 8.099999 23057272455
-0.540000 9.900000 8.220000 23057297555
-0.720000 10.080000 8.520000 23057322454
-0.540000 10.020000 8.340000 23057347582
-0.780000 10.260000 8.460000 23057372466
-0.600000 10.080000 8.280000 23057397581
-0.720000 9.719999 8.760000 23057422453
-0.600000 9.599999 8.880000 23057447566
-0.540000 9.540000 8.580000 23057472474
-0.780000 9.660000 8.580000 23057497575
-0.720000 9.240000 8.639999 23057522468
-0.600000 9.120000 8.400000 23057547559
-0.900000 9.420000 8.820000 23057572465
-0.420000 9.300000 9.300000 23057597562
-0.660000 9.540000 8.700000 23057622443
-0.960000 9.000000 9.000000 23057647571
-0.960000 9.360000 9.000000 23057672453
-0.600000 9.360000 8.880000 23057697559
-1.140000 8.940000 9.059999 23057722456
-0.960000 8.760000 9.120000 23057747601
-0.780000 9.179999 9.059999 23057772450
-0.780000 8.700000 9.059999 23057797553
-0.960000 8.639999 9.240000 23057822450
-0.600000 8.760000 8.760000 23057847553
-0.780000 8.580000 9.179999 23057872449
-0.600000 8.639999 9.360000 23057897561
-0.480000 8.520000 9.360000 23057922475
-0.780000 8.340000 9.420000 23057947565
-0.660000 8.580000 9.660000 23057972456
-0.480000 8.280000 9.360000 23057997564
-0.540000 8.340000 9.420000 23058022585
-0.600000 8.520000 9.480000 23058047572
-0.600000 8.160000 9.599999 23058072469
-0.660000 7.980000 9.540000 23058097570
-1.020000 7.980000 9.300000 23058122470
-0.720000 7.800000 9.360000 23058147621
-0.900000 7.860000 9.660000 23058172577
-0.660000 7.620000 9.540000 23058197575
-0.600000 7.800000 9.719999 23058222463
-0.600000 8.040000 9.719999 23058247570
-0.660000 7.740000 9.660000 23058272443
-0.780000 7.260000 9.660000 23058297584
-0.480000 7.200000 9.480000 23058322450
-1.140000 7.020000 9.540000 23058347570
-1.020000 7.140000 9.660000 23058372452
-0.720000 7.080000 9.960000 23058397567
-0.780000 7.140000 9.780000 23058422453
-0.660000 6.540000 9.900000 23058447573
-0.960000 6.840000 9.719999 23058472460
-1.080000 6.240000 9.480000 23058497567
-0.840000 6.360000 9.480000 23058522457
-0.900000 6.420000 9.660000 23058547622
-0.960000 6.600000 9.599999 23058572505
-1.020000 6.180000 9.540000 23058597583
-0.960000 6.000000 9.599999 23058622471
-1.080000 6.240000 9.840000 23058647598
-1.020000 6.060000 9.780000 23058672467
-1.320000 6.000000 9.480000 23058697597
-1.260000 6.180000 9.420000 23058722467
-0.960000 5.880000 9.120000 23058747597
-1.140000 5.940000 9.300000 23058772463
-1.320000 5.640000 9.599999 23058797604
-1.080000 5.760000 9.599999 23058822474
-1.200000 5.400000 9.360000 23058847609
-1.200000 5.280000 9.360000 23058872731
-0.900000 5.340000 9.300000 23058897599
-0.960000 5.520000 9.360000 23058922738
-1.320000 5.280000 9.360000 23058947499
-1.260000 5.220000 9.179999 23058972500
-0.900000 5.340000 9.540000 23058997495
-1.080000 5.160000 9.360000 23059022486
-1.200000 5.520000 9.120000 23059047474
-1.260000 5.340000 9.179999 23059072469
-1.260000 5.220000 9.179999 23059097485
-1.200000 5.400000 9.360000 23059122482
-1.080000 5.280000 9.599999 23059147482
-1.080000 5.040000 9.360000 23059172510
-0.900000 4.980000 9.420000 23059197482
-1.260000 4.980000 9.420000 23059222472
-0.900000 5.100000 9.300000 23059247472
-1.020000 4.620000 9.540000 23059272476
-1.200000 4.800000 9.599999 23059297486
-1.080000 4.680000 9.240000 23059322515
-1.020000 4.380000 9.179999 23059347484
-1.140000 4.620000 9.300000 23059372516
-1.080000 4.320000 9.240000 23059397479
-1.020000 4.260000 9.300000 23059422487
-1.140000 4.260000 9.179999 23059447467
-1.140000 4.500000 8.940000 23059472479
-0.840000 4.200000 8.760000 23059497464
-1.140000 4.260000 8.820000 23059522474
-1.080000 4.080000 9.240000 23059547478
-1.260000 3.900000 8.940000 23059572499
-1.380000 4.140000 9.179999 23059597484
-1.320000 3.960000 9.240000 23059622489
-1.020000 4.260000 8.820000 23059647485
-1.560000 3.960000 8.760000 23059672484
-1.260000 3.660000 8.820000 23059697494
-1.320000 3.840000 8.880000 23059722480
-1.200000 3.480000 8.639999 23059747473
-1.500000 3.660000 8.700000 23059772505
-1.320000 3.360000 8.520000 23059797494
-1.200000 3.360000 8.520000 23059822479
-1.440000 3.000000 8.520000 23059847467
-1.500000 3.540000 8.580000 23059872474
-1.320000 3.240000 8.160000 23059904139
-1.320000 3.000000 8.280000 23059922750
-1.500000 2.820000 8.099999 23059947472
-1.440000 2.760000 7.920000 23059972443
-1.740000 2.820000 7.860000 23059997428
-1.620000 2.700000 7.620000 23060022439
-1.860000 2.820000 7.860000 23060047463
-1.620000 2.940000 7.500000 23060072574
-1.260000 2.700000 7.740000 23060097486
-1.380000 2.340000 7.740000 23060122483
-1.620000 2.700000 7.380000 23060147490
-1.560000 2.520000 7.080000 23060172476
-1.380000 2.580000 6.900000 23060197484
-1.740000 2.820000 7.020000 23060222477
-1.680000 2.520000 7.080000 23060247473
-1.620000 2.340000 7.020000 23060272469
-1.620000 2.220000 6.780000 23060297483
-1.740000 2.460000 7.020000 23060322475
-1.500000 2.700000 7.140000 23060347475
-1.680000 2.520000 6.720000 23060372476
-1.620000 1.980000 6.900000 23060397480
-1.380000 2.340000 7.020000 23060422470
-1.440000 2.400000 7.080000 23060447464
-1.500000 2.340000 7.020000 23060472467
-1.380000 2.340000 7.020000 23060497474
-1.260000 2.460000 6.780000 23060522469
-1.500000 2.340000 6.900000 23060547469
-1.680000 2.280000 6.840000 23060572468
-1.560000 2.160000 6.840000 23060597469
-1.680000 1.920000 6.600000 23060622485
-1.500000 2.220000 6.660000 23060647465
-1.260000 2.220000 6.300000 23060672497
-1.560000 1.920000 6.480000 23060697481
-1.800000 2.040000 6.120000 23060722482
-1.560000 1.920000 5.880000 23060747477
-1.440000 1.800000 6.000000 23060772470
-1.500000 1.740000 5.580000 23060797475
-1.380000 1.620000 5.580000 23060822479
-1.560000 1.560000 5.040000 23060847474
-1.500000 1.740000 4.980000 23060872474
-1.500000 1.860000 5.220000 23060897476
-1.320000 1.680000 4.680000 23060922466
-1.380000 1.740000 4.380000 23060947491
-1.380000 1.980000 4.380000 23060972462
-1.320000 1.680000 3.960000 23060997475
-1.320000 1.920000 3.840000 23061022486
-1.380000 1.740000 4.140000 23061047575
-1.260000 1.860000 3.780000 23061072478
-1.320000 1.800000 3.600000 23061097484
-1.200000 1.680000 4.200000 23061122462
-1.620000 1.980000 3.540000 23061147484
-1.620000 1.860000 3.900000 23061172471
-1.500000 1.740000 4.020000 23061197471
-1.320000 1.560000 4.080000 23061222470
-1.560000 1.680000 3.960000 23061247468
-1.380000 1.380000 3.900000 23061272468
-1.620000 1.740000 4.020000 23061297484
-1.320000 1.920000 3.720000 23061322462
-1.560000 1.680000 3.720000 23061347465
-1.440000 1.800000 3.480000 23061372471
-1.260000 1.740000 3.420000 23061397504
-1.260000 1.740000 3.660000 23061422478
-1.380000 1.860000 3.060000 23061447464
-1.500000 1.980000 3.300000 23061472472
-1.740000 1.860000 3.180000 23061497464
-1.320000 2.160000 2.880000 23061522461
-1.500000 2.460000 2.940000 23061547454
-1.140000 2.340000 2.820000 23061572460
-1.560000 2.400000 2.640000 23061597460
-1.080000 2.400000 2.280000 23061622459
-1.440000 2.280000 2.280000 23061647450
-1.380000 2.460000 2.100000 23061672459
-1.020000 2.340000 1.980000 23061697472
-0.960000 2.640000 2.160000 23061722465
-1.200000 2.760000 1.920000 23061747456
-1.140000 2.460000 1.740000 23061772472
-1.260000 2.700000 2.100000 23061797453
-1.260000 2.460000 1.980000 23061822457
-0.840000 2.640000 2.040000 23061847459
-0.960000 3.000000 1.680000 23061872456
-0.660000 2.700000 1.620000 23061897453
-1.080000 2.880000 1.440000 23061922458
-0.900000 2.940000 1.380000 23061947455
-1.140000 2.940000 1.260000 23061972452
-0.780000 2.580000 1.140000 23061997438
-0.540000 2.940000 1.500000 23062022450
-1.020000 2.820000 1.260000 23062047442
-0.780000 2.940000 1.500000 23062072461
-0.780000 2.820000 1.500000 23062097445
-0.780000 2.940000 1.380000 23062122449
-0.900000 3.060000 1.260000 23062147443
-1.140000 3.180000 0.900000 23062172443
-0.660000 2.940000 0.780000 23062197458
-0.720000 2.880000 1.080000 23062222475
-0.660000 3.180000 1.020000 23062247455
-0.660000 3.180000 0.900000 23062272464
-1.140000 3.180000 1.020000 23062297441
-0.600000 3.360000 0.840000 23062322439
-0.540000 3.540000 0.900000 23062347443
-1.020000 3.540000 0.900000 23062372431
-0.780000 3.420000 0.900000 23062397453
-1.140000 3.540000 0.900000 23062422439
-0.960000 3.480000 0.480000 23062447430
-0.960000 3.720000 0.840000 23062472430
-1.080000 3.840000 0.960000 23062497455
-0.720000 3.480000 0.960000 23062522438
-0.900000 3.660000 0.780000 23062547430
-0.900000 3.660000 0.780000 23062572404
-0.720000 3.720000 0.720000 23062597425
-1.020000 3.660000 0.660000 23062622458
-0.840000 3.720000 0.840000 23062647465
-0.840000 3.600000 0.720000 23062672429
-0.720000 3.720000 0.720000 23062697446
-0.780000 3.780000 0.900000 23062722439
-0.720000 3.840000 0.960000 23062747440
-0.960000 3.720000 0.480000 23062772436
-0.840000 3.480000 0.960000 23062797447
-0.360000 3.840000 0.720000 23062822426
-0.960000 3.720000 0.840000 23062847415
-1.020000 3.660000 0.420000 23062872430
-0.480000 3.720000 0.960000 23062897440
-1.080000 3.720000 0.840000 23062922443
-0.900000 3.660000 0.780000 23062947444
-0.840000 3.480000 0.600000 23062972438
-0.780000 3.420000 1.020000 23062997458
-0.780000 3.540000 0.660000 23063022458
-1.020000 3.540000 0.420000 23063047443
-0.780000 3.540000 0.660000 23063072454
-0.660000 3.420000 0.900000 23063097460
-0.840000 3.840000 0.480000 23063122448
-0.300000 3.300000 0.540000 23063147442
-0.540000 3.420000 0.540000 23063172471
-0.720000 3.600000 0.600000 23063197454
-0.960000 4.080000 0.360000 23063222441
-0.360000 3.600000 0.240000 23063247443
-0.780000 3.660000 0.780000 23063272450
-0.540000 3.660000 0.300000 23063297445
-0.720000 3.960000 0.360000 23063322443
-0.600000 3.720000 0.240000 23063347430
-0.600000 3.720000 0.360000 23063372445
-0.660000 4.140000 0.540000 23063397449
-0.720000 3.960000 0.360000 23063422443
-0.660000 4.020000 0.420000 23063447445
-0.540000 3.660000 0.300000 23063472437
-0.660000 3.780000 0.180000 23063497435
-0.540000 3.780000 0.300000 23063522443
-0.540000 3.900000 0.660000 23063547449
-0.600000 3.960000 0.120000 23063572428
-0.720000 3.840000 0.600000 23063597753
-0.600000 4.080000 0.720000 23063622428
-0.540000 3.780000 0.780000 23063647547
-0.720000 4.080000 0.480000 23063672436
-0.660000 4.020000 0.540000 23063697724
-1.020000 4.260000 0.540000 23063722430
-0.780000 4.140000 0.780000 23063747756
-0.600000 3.840000 0.360000 23063772413
-1.020000 3.900000 0.540000 23063797564
-0.840000 3.720000 0.600000 23063822416
-0.840000 3.960000 0.480000 23063847819
-1.020000 4.020000 0.780000 23063872609
-0.900000 3.780000 0.540000 23063897823
-0.720000 3.600000 0.600000 23063922621
-0.600000 3.840000 0.600000 23063947544
-1.140000 4.140000 0.540000 23063972611
-0.600000 4.200000 0.600000 23063997753
